Source,Location ID,City,Region,Country,Latitude,Longitude,Time Zone,Elevation
PVGIS,3279,Mascara,DZA,Algeria,35.4004089549,0.14003250998,1,605.0
Year,Month,Day,Hour,Tdry,RH,GHI,DNI,DHI,IR,Wspd,Wdir,Pres,
2012,1,1,0,6.83,95.36,0.0,0.0,0.0,287.82,3.21,286.0,952.74,
2012,1,1,1,6.42,94.27,0.0,0.0,0.0,280.32,3.09,197.0,957.67,
2012,1,1,2,6.02,93.17,0.0,0.0,0.0,272.83,2.96,193.0,957.49,
2012,1,1,3,5.62,92.07,0.0,0.0,0.0,265.33,2.84,188.0,957.3,
2012,1,1,4,5.21,90.98,0.0,0.0,0.0,257.84,2.71,185.0,957.3,
2012,1,1,5,4.81,89.88,0.0,0.0,0.0,250.35,2.59,182.0,957.3,
2012,1,1,6,4.4,88.78,0.0,0.0,0.0,242.85,2.47,179.0,957.3,
2012,1,1,7,4.0,87.69,0.0,0.0,0.0,235.36,2.34,179.0,957.64,
2012,1,1,8,3.59,86.59,0.0,0.0,0.0,227.87,2.22,178.0,957.98,
2012,1,1,9,7.84,77.13,143.0,582.33,45.0,244.45,2.3,178.0,958.33,
2012,1,1,10,10.22,68.73,314.0,768.8,68.0,250.37,2.21,198.0,957.89,
2012,1,1,11,12.6,60.34,454.0,881.61,71.0,256.28,2.11,218.0,957.46,
2012,1,1,12,14.99,51.94,545.0,954.65,64.0,262.2,2.01,239.0,957.02,
2012,1,1,13,15.31,51.1,567.0,947.47,71.0,264.48,1.86,246.0,956.5,
2012,1,1,14,15.64,50.25,525.0,914.55,75.0,266.77,1.7,253.0,955.97,
2012,1,1,15,15.97,49.41,425.0,862.44,70.0,269.05,1.54,259.0,955.44,
2012,1,1,16,14.12,59.02,277.0,757.67,59.0,266.45,1.49,261.0,955.66,
2012,1,1,17,12.26,68.64,97.0,458.14,38.0,263.85,1.43,262.0,955.88,
2012,1,1,18,10.41,78.25,0.0,0.0,0.0,261.25,1.37,263.0,956.09,
2012,1,1,19,9.32,83.14,0.0,0.0,0.0,259.8,1.66,242.0,956.37,
2012,1,1,20,8.23,88.02,0.0,0.0,0.0,258.35,1.96,220.0,956.65,
2012,1,1,21,7.15,92.91,0.0,0.0,0.0,256.9,2.26,198.0,956.93,
2012,1,1,22,7.14,92.66,0.0,0.0,0.0,254.85,2.41,196.0,956.84,
2012,1,1,23,7.14,92.4,0.0,0.0,0.0,252.8,2.56,193.0,956.74,
2012,1,2,0,7.13,92.15,0.0,0.0,0.0,250.75,2.7,191.0,956.65,
2012,1,2,1,6.88,93.27,0.0,0.0,0.0,248.23,2.77,196.0,956.87,
2012,1,2,2,6.62,94.38,0.0,0.0,0.0,245.72,2.83,202.0,957.09,
2012,1,2,3,6.36,95.5,0.0,0.0,0.0,243.2,2.9,208.0,957.3,
2012,1,2,4,6.39,96.72,0.0,0.0,0.0,242.33,2.9,213.0,957.27,
2012,1,2,5,6.43,97.93,0.0,0.0,0.0,241.47,2.91,218.0,957.24,
2012,1,2,6,6.46,99.15,0.0,0.0,0.0,240.6,2.91,223.0,957.21,
2012,1,2,7,7.76,94.97,0.0,0.0,0.0,241.58,3.2,229.0,957.64,
2012,1,2,8,9.07,90.79,0.0,0.0,0.0,242.57,3.5,236.0,958.08,
2012,1,2,9,10.38,86.61,141.0,559.21,47.0,243.55,3.79,242.0,958.51,
2012,1,2,10,11.45,80.99,309.0,727.85,76.0,250.37,4.73,255.0,958.48,
2012,1,2,11,12.53,75.38,416.0,646.04,135.0,257.18,5.67,267.0,958.45,
2012,1,2,12,13.61,69.76,450.0,483.38,206.0,264.0,6.61,279.0,958.42,
2012,1,2,13,13.67,69.97,406.0,280.1,259.0,267.18,5.8,285.0,958.2,
2012,1,2,14,13.73,70.18,81.0,0.0,81.0,270.37,5.0,290.0,957.98,
2012,1,2,15,13.8,70.39,142.0,2.42,141.0,273.55,4.19,295.0,957.77,
2012,1,2,16,12.63,77.73,194.0,203.51,135.0,278.55,3.7,297.0,958.57,
2012,1,2,17,11.46,85.06,60.0,68.65,51.0,283.55,3.21,298.0,959.38,
2012,1,2,18,10.3,92.4,0.0,0.0,0.0,288.55,2.72,300.0,960.19,
2012,1,2,19,9.89,94.9,0.0,0.0,0.0,297.8,2.72,299.0,960.84,
2012,1,2,20,9.49,97.39,0.0,0.0,0.0,307.05,2.73,298.0,961.49,
2012,1,2,21,9.09,99.89,0.0,0.0,0.0,316.3,2.73,297.0,962.14,
2012,1,2,22,9.18,99.93,0.0,0.0,0.0,323.85,2.6,295.0,962.2,
2012,1,2,23,9.28,99.96,0.0,0.0,0.0,331.4,2.46,293.0,962.26,
2012,1,3,0,9.37,100.0,0.0,0.0,0.0,338.95,2.33,291.0,962.33,
2012,1,3,1,9.36,99.51,0.0,0.0,0.0,338.87,2.16,294.0,961.83,
2012,1,3,2,9.35,99.01,0.0,0.0,0.0,338.78,1.99,297.0,961.33,
2012,1,3,3,9.33,98.52,0.0,0.0,0.0,338.7,1.82,300.0,960.84,
2012,1,3,4,8.93,99.01,0.0,0.0,0.0,337.72,1.71,302.0,960.96,
2012,1,3,5,8.52,99.51,0.0,0.0,0.0,336.73,1.61,304.0,961.09,
2012,1,3,6,8.12,100.0,0.0,0.0,0.0,335.75,1.5,306.0,961.21,
2012,1,3,7,8.96,98.63,0.0,0.0,0.0,335.43,1.85,303.0,961.64,
2012,1,3,8,9.8,97.27,0.0,0.0,0.0,335.12,2.19,300.0,962.08,
2012,1,3,9,10.65,95.9,135.0,494.04,52.0,334.8,2.54,296.0,962.51,
2012,1,3,10,11.53,87.0,281.0,527.51,112.0,321.9,2.56,303.0,962.14,
2012,1,3,11,12.41,78.09,407.0,596.89,147.0,309.0,2.58,310.0,961.77,
2012,1,3,12,13.29,69.19,420.0,371.68,232.0,296.1,2.61,317.0,961.4,
2012,1,3,13,13.58,67.98,445.0,395.25,237.0,287.62,2.51,324.0,960.62,
2012,1,3,14,13.87,66.78,480.0,657.93,154.0,279.13,2.4,331.0,959.85,
2012,1,3,15,14.17,65.57,406.0,709.71,111.0,270.65,2.3,338.0,959.07,
2012,1,3,16,12.7,73.72,271.0,660.53,78.0,265.82,2.28,343.0,959.44,
2012,1,3,17,11.23,81.86,100.0,442.0,41.0,260.98,2.26,348.0,959.81,
2012,1,3,18,9.76,90.01,0.0,0.0,0.0,256.15,2.23,354.0,960.19,
2012,1,3,19,9.6,88.06,0.0,0.0,0.0,253.97,1.95,14.0,960.53,
2012,1,3,20,9.44,86.11,0.0,0.0,0.0,251.78,1.66,33.0,960.87,
2012,1,3,21,9.28,84.16,0.0,0.0,0.0,249.6,1.38,53.0,961.21,
2012,1,3,22,7.85,87.74,0.0,0.0,0.0,247.08,1.52,95.0,961.02,
2012,1,3,23,6.42,91.32,0.0,0.0,0.0,244.57,1.66,137.0,960.84,
2012,1,4,0,4.99,94.9,0.0,0.0,0.0,242.05,1.79,178.0,960.65,
2012,1,4,1,4.31,96.13,0.0,0.0,0.0,240.65,1.88,178.0,960.62,
2012,1,4,2,3.62,97.35,0.0,0.0,0.0,239.25,1.97,178.0,960.59,
2012,1,4,3,2.93,98.58,0.0,0.0,0.0,237.85,2.06,178.0,960.56,
2012,1,4,4,2.49,99.05,0.0,0.0,0.0,239.93,2.12,177.0,960.53,
2012,1,4,5,2.06,99.53,0.0,0.0,0.0,242.02,2.18,176.0,960.5,
2012,1,4,6,1.62,100.0,0.0,0.0,0.0,244.1,2.25,175.0,960.47,
2012,1,4,7,3.26,96.93,0.0,0.0,0.0,249.82,2.07,176.0,960.87,
2012,1,4,8,4.91,93.85,0.0,0.0,0.0,255.53,1.89,178.0,961.27,
2012,1,4,9,6.56,90.78,142.0,583.29,44.0,261.25,1.71,179.0,961.68,
2012,1,4,10,9.02,81.2,313.0,754.53,71.0,261.92,1.68,215.0,961.37,
2012,1,4,11,11.48,71.62,450.0,836.5,85.0,262.58,1.65,251.0,961.06,
2012,1,4,12,13.95,62.04,536.0,875.81,92.0,263.25,1.61,287.0,960.74,
2012,1,4,13,14.44,57.33,566.0,917.05,82.0,260.32,1.83,299.0,960.09,
2012,1,4,14,14.94,52.61,520.0,854.48,95.0,257.38,2.06,311.0,959.44,
2012,1,4,15,15.44,47.9,426.0,823.31,82.0,254.45,2.28,323.0,958.79,
2012,1,4,16,13.78,57.3,282.0,740.11,64.0,250.58,1.98,322.0,959.23,
2012,1,4,17,12.12,66.69,105.0,485.48,39.0,246.72,1.69,320.0,959.66,
2012,1,4,18,10.47,76.09,0.0,0.0,0.0,242.85,1.39,319.0,960.09,
2012,1,4,19,10.01,77.26,0.0,0.0,0.0,240.33,1.28,323.0,960.65,
2012,1,4,20,9.56,78.44,0.0,0.0,0.0,237.82,1.16,326.0,961.21,
2012,1,4,21,9.11,79.61,0.0,0.0,0.0,235.3,1.05,329.0,961.77,
2012,1,4,22,8.2,80.45,0.0,0.0,0.0,234.55,1.53,308.0,961.74,
2012,1,4,23,7.3,81.28,0.0,0.0,0.0,233.8,2.0,287.0,961.71,
2012,1,5,0,6.39,82.12,0.0,0.0,0.0,233.05,2.48,265.0,961.68,
2012,1,5,1,5.13,82.0,0.0,0.0,0.0,232.1,2.59,254.0,961.15,
2012,1,5,2,3.87,81.87,0.0,0.0,0.0,231.15,2.69,243.0,960.62,
2012,1,5,3,2.61,81.75,0.0,0.0,0.0,230.2,2.8,232.0,960.09,
2012,1,5,4,2.25,80.89,0.0,0.0,0.0,230.07,2.76,223.0,959.81,
2012,1,5,5,1.89,80.02,0.0,0.0,0.0,229.93,2.73,214.0,959.54,
2012,1,5,6,1.53,79.16,0.0,0.0,0.0,229.8,2.69,205.0,959.26,
2012,1,5,7,3.32,74.69,0.0,0.0,0.0,231.53,2.56,207.0,959.54,
2012,1,5,8,5.11,70.21,0.0,0.0,0.0,233.27,2.43,210.0,959.81,
2012,1,5,9,6.91,65.74,141.0,559.1,47.0,235.0,2.3,212.0,960.09,
2012,1,5,10,9.6,59.07,310.0,728.52,76.0,241.25,2.42,236.0,959.66,
2012,1,5,11,12.29,52.4,448.0,823.43,88.0,247.5,2.54,260.0,959.23,
2012,1,5,12,14.98,45.73,537.0,875.61,92.0,253.75,2.66,284.0,958.79,
2012,1,5,13,15.43,42.94,563.0,885.88,94.0,254.97,2.71,289.0,957.98,
2012,1,5,14,15.88,40.14,523.0,855.1,96.0,256.18,2.75,295.0,957.18,
2012,1,5,15,16.33,37.35,429.0,823.64,83.0,257.4,2.8,301.0,956.37,
2012,1,5,16,14.25,44.72,260.0,538.72,100.0,254.48,2.72,288.0,956.47,
2012,1,5,17,12.17,52.1,79.0,158.86,57.0,251.57,2.63,275.0,956.56,
2012,1,5,18,10.1,59.47,0.0,0.0,0.0,248.65,2.55,262.0,956.65,
2012,1,5,19,9.23,61.01,0.0,0.0,0.0,245.27,2.77,257.0,956.74,
2012,1,5,20,8.37,62.55,0.0,0.0,0.0,241.88,2.99,252.0,956.84,
2012,1,5,21,7.51,64.09,0.0,0.0,0.0,238.5,3.21,247.0,956.93,
2012,1,5,22,7.4,64.35,0.0,0.0,0.0,236.32,3.11,248.0,956.68,
2012,1,5,23,7.29,64.62,0.0,0.0,0.0,234.13,3.0,248.0,956.43,
2012,1,6,0,7.18,64.88,0.0,0.0,0.0,231.95,2.9,248.0,956.19,
2012,1,6,1,7.25,62.7,0.0,0.0,0.0,232.3,2.96,253.0,955.54,
2012,1,6,2,7.31,60.53,0.0,0.0,0.0,232.65,3.02,258.0,954.88,
2012,1,6,3,7.37,58.35,0.0,0.0,0.0,233.0,3.08,262.0,954.23,
2012,1,6,4,6.92,62.21,0.0,0.0,0.0,233.0,2.97,269.0,954.6,
2012,1,6,5,6.48,66.08,0.0,0.0,0.0,233.0,2.87,276.0,954.98,
2012,1,6,6,6.03,69.94,0.0,0.0,0.0,233.0,2.77,283.0,955.35,
2012,1,6,7,7.32,71.24,0.0,0.0,0.0,237.15,2.57,290.0,955.88,
2012,1,6,8,8.62,72.55,0.0,0.0,0.0,241.3,2.36,298.0,956.4,
2012,1,6,9,9.92,73.85,135.0,493.04,52.0,245.45,2.15,305.0,956.93,
2012,1,6,10,11.98,68.32,307.0,702.36,81.0,252.65,2.87,316.0,956.9,
2012,1,6,11,14.05,62.78,438.0,753.15,108.0,259.85,3.6,328.0,956.87,
2012,1,6,12,16.12,57.25,533.0,845.79,102.0,267.05,4.32,339.0,956.84,
2012,1,6,13,16.25,59.77,556.0,841.54,109.0,271.88,4.4,342.0,955.75,
2012,1,6,14,16.39,62.29,500.0,725.91,136.0,276.72,4.49,346.0,954.67,
2012,1,6,15,16.53,64.81,418.0,740.94,105.0,281.55,4.58,349.0,953.58,
2012,1,6,16,15.0,71.57,279.0,667.72,79.0,282.2,3.97,350.0,954.42,
2012,1,6,17,13.47,78.32,98.0,326.01,52.0,282.85,3.36,350.0,955.26,
2012,1,6,18,11.94,85.08,0.0,0.0,0.0,283.5,2.74,350.0,956.09,
2012,1,6,19,11.09,88.22,0.0,0.0,0.0,288.92,2.53,348.0,956.65,
2012,1,6,20,10.24,91.37,0.0,0.0,0.0,294.33,2.32,346.0,957.21,
2012,1,6,21,9.4,94.51,0.0,0.0,0.0,299.75,2.11,344.0,957.77,
2012,1,6,22,8.74,96.34,0.0,0.0,0.0,298.62,2.03,344.0,957.67,
2012,1,6,23,8.08,98.17,0.0,0.0,0.0,297.48,1.94,344.0,957.58,
2012,1,7,0,7.41,100.0,0.0,0.0,0.0,296.35,1.86,344.0,957.49,
2012,1,7,1,7.55,94.17,0.0,0.0,0.0,289.55,1.88,4.0,956.9,
2012,1,7,2,7.68,88.33,0.0,0.0,0.0,282.75,1.89,23.0,956.31,
2012,1,7,3,7.81,82.5,0.0,0.0,0.0,275.95,1.9,43.0,955.72,
2012,1,7,4,7.74,81.95,0.0,0.0,0.0,268.95,1.59,69.0,956.4,
2012,1,7,5,7.67,81.4,0.0,0.0,0.0,261.95,1.27,96.0,957.09,
2012,1,7,6,7.6,80.85,0.0,0.0,0.0,254.95,0.95,123.0,957.77,
2012,1,7,7,7.78,84.48,0.0,0.0,0.0,252.12,0.94,137.0,958.39,
2012,1,7,8,7.96,88.1,0.0,0.0,0.0,249.28,0.92,150.0,959.01,
2012,1,7,9,8.15,91.73,135.0,486.17,53.0,246.45,0.91,163.0,959.63,
2012,1,7,10,9.75,80.71,308.0,703.98,81.0,249.43,0.95,143.0,959.19,
2012,1,7,11,11.35,69.7,448.0,808.22,93.0,252.42,0.98,122.0,958.76,
2012,1,7,12,12.96,58.68,529.0,817.91,111.0,255.4,1.02,101.0,958.33,
2012,1,7,13,13.26,56.98,558.0,842.37,109.0,255.08,1.01,89.0,957.43,
2012,1,7,14,13.56,55.28,530.0,871.69,91.0,254.77,0.99,77.0,956.53,
2012,1,7,15,13.86,53.58,432.0,812.01,87.0,254.45,0.98,65.0,955.63,
2012,1,7,16,11.98,62.51,287.0,718.21,70.0,250.25,1.53,67.0,955.88,
2012,1,7,17,10.09,71.45,113.0,507.71,40.0,246.05,2.08,68.0,956.12,
2012,1,7,18,8.21,80.38,0.0,0.0,0.0,241.85,2.63,69.0,956.37,
2012,1,7,19,6.9,86.09,0.0,0.0,0.0,239.52,2.6,86.0,956.68,
2012,1,7,20,5.59,91.81,0.0,0.0,0.0,237.18,2.57,103.0,956.99,
2012,1,7,21,4.28,97.52,0.0,0.0,0.0,234.85,2.54,120.0,957.3,
2012,1,7,22,3.68,98.35,0.0,0.0,0.0,232.85,2.41,130.0,957.24,
2012,1,7,23,3.08,99.17,0.0,0.0,0.0,230.85,2.28,139.0,957.18,
2012,1,8,0,2.48,100.0,0.0,0.0,0.0,228.85,2.15,148.0,957.12,
2012,1,8,1,2.02,98.9,0.0,0.0,0.0,226.98,2.2,151.0,956.87,
2012,1,8,2,1.56,97.79,0.0,0.0,0.0,225.12,2.24,153.0,956.62,
2012,1,8,3,1.1,96.69,0.0,0.0,0.0,223.25,2.29,155.0,956.37,
2012,1,8,4,0.66,96.42,0.0,0.0,0.0,222.28,2.18,156.0,956.31,
2012,1,8,5,0.21,96.16,0.0,0.0,0.0,221.32,2.08,156.0,956.25,
2012,1,8,6,-0.23,95.89,0.0,0.0,0.0,220.35,1.97,157.0,956.19,
2012,1,8,7,1.07,92.34,0.0,0.0,0.0,220.87,1.8,157.0,956.31,
2012,1,8,8,2.37,88.78,0.0,0.0,0.0,221.38,1.63,158.0,956.43,
2012,1,8,9,3.68,85.23,140.0,538.18,49.0,221.9,1.46,159.0,956.56,
2012,1,8,10,6.8,75.23,310.0,717.72,78.0,226.97,1.26,162.0,956.16,
2012,1,8,11,9.93,65.23,447.0,794.69,97.0,232.03,1.07,165.0,955.75,
2012,1,8,12,13.06,55.23,539.0,862.21,97.0,237.1,0.87,169.0,955.35,
2012,1,8,13,13.67,52.74,566.0,872.94,99.0,238.77,0.79,173.0,954.57,
2012,1,8,14,14.28,50.25,528.0,842.07,102.0,240.43,0.71,177.0,953.8,
2012,1,8,15,14.89,47.76,435.0,814.22,87.0,242.1,0.63,181.0,953.02,
2012,1,8,16,13.02,57.14,290.0,721.71,70.0,239.32,1.21,142.0,953.18,
2012,1,8,17,11.15,66.53,114.0,484.52,43.0,236.53,1.78,104.0,953.33,
2012,1,8,18,9.29,75.91,0.0,0.0,0.0,233.75,2.36,65.0,953.49,
2012,1,8,19,8.13,78.07,0.0,0.0,0.0,232.83,2.03,87.0,953.8,
2012,1,8,20,6.97,80.24,0.0,0.0,0.0,231.92,1.71,109.0,954.11,
2012,1,8,21,5.82,82.4,0.0,0.0,0.0,231.0,1.38,131.0,954.42,
2012,1,8,22,4.85,86.05,0.0,0.0,0.0,229.62,1.6,140.0,954.33,
2012,1,8,23,3.88,89.71,0.0,0.0,0.0,228.23,1.82,150.0,954.23,
2012,1,9,0,2.9,93.36,0.0,0.0,0.0,226.85,2.04,159.0,954.14,
2012,1,9,1,1.9,95.57,0.0,0.0,0.0,224.48,1.93,165.0,954.11,
2012,1,9,2,0.89,97.79,0.0,0.0,0.0,222.12,1.81,170.0,954.08,
2012,1,9,3,-0.12,100.0,0.0,0.0,0.0,219.75,1.7,175.0,954.05,
2012,1,9,4,-0.15,97.17,0.0,0.0,0.0,219.3,1.54,176.0,954.36,
2012,1,9,5,-0.19,94.33,0.0,0.0,0.0,218.85,1.39,177.0,954.67,
2012,1,9,6,-0.22,91.5,0.0,0.0,0.0,218.4,1.24,178.0,954.98,
2012,1,9,7,1.41,89.57,0.0,0.0,0.0,219.52,1.1,173.0,955.44,
2012,1,9,8,3.04,87.64,0.0,0.0,0.0,220.63,0.97,168.0,955.91,
2012,1,9,9,4.68,85.71,140.0,542.39,48.0,221.75,0.83,163.0,956.37,
2012,1,9,10,7.16,77.59,311.0,715.74,79.0,225.92,0.83,114.0,956.31,
2012,1,9,11,9.64,69.46,449.0,794.63,98.0,230.08,0.83,66.0,956.25,
2012,1,9,12,12.13,61.34,538.0,847.71,102.0,234.25,0.83,17.0,956.19,
2012,1,9,13,12.4,59.43,563.0,843.53,110.0,236.22,1.2,19.0,955.72,
2012,1,9,14,12.67,57.53,530.0,844.04,101.0,238.18,1.56,22.0,955.26,
2012,1,9,15,12.95,55.62,440.0,827.87,84.0,240.15,1.93,25.0,954.79,
2012,1,9,16,10.92,65.71,296.0,750.98,65.0,237.5,2.19,31.0,955.29,
2012,1,9,17,8.89,75.8,116.0,482.07,44.0,234.85,2.45,38.0,955.78,
2012,1,9,18,6.86,85.89,0.0,0.0,0.0,232.2,2.7,45.0,956.28,
2012,1,9,19,5.59,90.29,0.0,0.0,0.0,229.93,2.65,66.0,956.87,
2012,1,9,20,4.32,94.7,0.0,0.0,0.0,227.67,2.59,86.0,957.46,
2012,1,9,21,3.06,99.1,0.0,0.0,0.0,225.4,2.54,107.0,958.05,
2012,1,9,22,2.46,99.4,0.0,0.0,0.0,224.18,2.09,115.0,958.05,
2012,1,9,23,1.86,99.7,0.0,0.0,0.0,222.97,1.65,123.0,958.05,
2012,1,10,0,1.25,100.0,0.0,0.0,0.0,221.75,1.2,131.0,958.05,
2012,1,10,1,0.85,99.04,0.0,0.0,0.0,221.75,1.28,133.0,957.95,
2012,1,10,2,0.45,98.07,0.0,0.0,0.0,221.75,1.37,136.0,957.86,
2012,1,10,3,0.04,97.11,0.0,0.0,0.0,221.75,1.45,139.0,957.77,
2012,1,10,4,-0.41,96.27,0.0,0.0,0.0,221.22,1.58,142.0,957.89,
2012,1,10,5,-0.87,95.42,0.0,0.0,0.0,220.68,1.71,145.0,958.02,
2012,1,10,6,-1.32,94.58,0.0,0.0,0.0,220.15,1.83,149.0,958.14,
2012,1,10,7,0.25,90.38,0.0,0.0,0.0,221.95,1.77,148.0,958.45,
2012,1,10,8,1.82,86.17,0.0,0.0,0.0,223.75,1.7,148.0,958.76,
2012,1,10,9,3.4,81.97,142.0,552.13,48.0,225.55,1.63,148.0,959.07,
2012,1,10,10,6.33,71.31,310.0,704.3,81.0,230.9,1.31,148.0,958.67,
2012,1,10,11,9.26,60.64,450.0,796.63,97.0,236.25,1.0,149.0,958.26,
2012,1,10,12,12.2,49.98,540.0,848.64,102.0,241.6,0.69,149.0,957.86,
2012,1,10,13,12.91,46.64,565.0,843.87,110.0,243.05,0.73,154.0,957.05,
2012,1,10,14,13.63,43.31,528.0,814.51,112.0,244.5,0.77,160.0,956.25,
2012,1,10,15,14.35,39.97,450.0,875.86,71.0,245.95,0.81,165.0,955.44,
2012,1,10,16,12.06,50.7,290.0,676.46,80.0,244.12,1.43,152.0,955.63,
2012,1,10,17,9.76,61.43,77.0,91.96,63.0,242.28,2.04,140.0,955.81,
2012,1,10,18,7.47,72.16,0.0,0.0,0.0,240.45,2.65,127.0,956.0,
2012,1,10,19,6.04,77.2,0.0,0.0,0.0,238.95,2.38,135.0,956.28,
2012,1,10,20,4.61,82.25,0.0,0.0,0.0,237.45,2.11,143.0,956.56,
2012,1,10,21,3.18,87.29,0.0,0.0,0.0,235.95,1.83,151.0,956.84,
2012,1,10,22,2.81,85.53,0.0,0.0,0.0,234.3,2.03,155.0,956.81,
2012,1,10,23,2.44,83.76,0.0,0.0,0.0,232.65,2.23,159.0,956.78,
2012,1,11,0,2.07,82.0,0.0,0.0,0.0,231.0,2.43,162.0,956.74,
2012,1,11,1,1.81,79.78,0.0,0.0,0.0,229.48,2.54,164.0,956.84,
2012,1,11,2,1.54,77.57,0.0,0.0,0.0,227.97,2.66,166.0,956.93,
2012,1,11,3,1.27,75.35,0.0,0.0,0.0,226.45,2.77,168.0,957.02,
2012,1,11,4,0.92,73.23,0.0,0.0,0.0,225.65,2.57,168.0,957.18,
2012,1,11,5,0.56,71.12,0.0,0.0,0.0,224.85,2.37,167.0,957.33,
2012,1,11,6,0.21,69.0,0.0,0.0,0.0,224.05,2.17,167.0,957.49,
2012,1,11,7,1.43,69.45,0.0,0.0,0.0,224.4,1.87,168.0,957.83,
2012,1,11,8,2.65,69.89,0.0,0.0,0.0,224.75,1.58,169.0,958.17,
2012,1,11,9,3.87,70.34,139.0,514.66,51.0,225.1,1.28,170.0,958.51,
2012,1,11,10,6.91,62.64,312.0,704.97,82.0,230.02,1.16,175.0,958.33,
2012,1,11,11,9.96,54.93,449.0,782.69,101.0,234.93,1.04,181.0,958.14,
2012,1,11,12,13.01,47.23,543.0,849.39,103.0,239.85,0.92,186.0,957.95,
2012,1,11,13,13.39,45.84,568.0,844.04,111.0,241.65,1.17,237.0,957.36,
2012,1,11,14,13.77,44.44,539.0,861.1,97.0,243.45,1.41,287.0,956.78,
2012,1,11,15,14.15,43.05,444.0,817.45,88.0,245.25,1.66,338.0,956.19,
2012,1,11,16,12.25,52.65,303.0,753.13,67.0,242.58,2.0,6.0,956.47,
2012,1,11,17,10.34,62.26,124.0,521.93,43.0,239.92,2.34,34.0,956.74,
2012,1,11,18,8.44,71.86,0.0,0.0,0.0,237.25,2.68,62.0,957.02,
2012,1,11,19,6.73,79.26,0.0,0.0,0.0,236.07,2.48,85.0,957.36,
2012,1,11,20,5.02,86.67,0.0,0.0,0.0,234.88,2.28,109.0,957.71,
2012,1,11,21,3.31,94.07,0.0,0.0,0.0,233.7,2.08,132.0,958.05,
2012,1,11,22,2.79,93.94,0.0,0.0,0.0,232.52,1.89,139.0,957.95,
2012,1,11,23,2.28,93.8,0.0,0.0,0.0,231.33,1.69,146.0,957.86,
2012,1,12,0,1.76,93.67,0.0,0.0,0.0,230.15,1.49,153.0,957.77,
2012,1,12,1,1.46,89.83,0.0,0.0,0.0,228.6,1.75,157.0,957.8,
2012,1,12,2,1.15,85.98,0.0,0.0,0.0,227.05,2.01,161.0,957.83,
2012,1,12,3,0.84,82.14,0.0,0.0,0.0,225.5,2.28,165.0,957.86,
2012,1,12,4,0.69,78.95,0.0,0.0,0.0,225.52,2.41,165.0,957.98,
2012,1,12,5,0.54,75.77,0.0,0.0,0.0,225.53,2.55,166.0,958.11,
2012,1,12,6,0.39,72.58,0.0,0.0,0.0,225.55,2.69,166.0,958.23,
2012,1,12,7,1.87,71.36,0.0,0.0,0.0,226.08,2.63,167.0,958.67,
2012,1,12,8,3.35,70.13,0.0,0.0,0.0,226.62,2.58,168.0,959.1,
2012,1,12,9,4.83,68.91,145.0,570.34,47.0,227.15,2.52,169.0,959.54,
2012,1,12,10,7.45,62.16,313.0,705.4,82.0,231.73,2.68,172.0,958.98,
2012,1,12,11,10.07,55.4,451.0,782.1,102.0,236.32,2.84,175.0,958.42,
2012,1,12,12,12.7,48.65,542.0,834.59,108.0,240.9,2.99,178.0,957.86,
2012,1,12,13,13.39,46.84,607.0,1046.35,38.0,243.38,2.71,183.0,957.18,
2012,1,12,14,14.09,45.03,534.0,817.92,112.0,245.87,2.43,189.0,956.5,
2012,1,12,15,14.79,43.22,445.0,805.26,92.0,248.35,2.15,194.0,955.81,
2012,1,12,16,13.3,49.98,297.0,679.63,82.0,246.77,2.11,184.0,955.88,
2012,1,12,17,11.8,56.74,122.0,448.79,51.0,245.18,2.08,174.0,955.94,
2012,1,12,18,10.31,63.5,0.0,0.0,0.0,243.6,2.04,164.0,956.0,
2012,1,12,19,8.54,67.8,0.0,0.0,0.0,243.5,2.31,165.0,956.28,
2012,1,12,20,6.78,72.1,0.0,0.0,0.0,243.4,2.57,167.0,956.56,
2012,1,12,21,5.02,76.4,0.0,0.0,0.0,243.3,2.84,169.0,956.84,
2012,1,12,22,5.01,72.58,0.0,0.0,0.0,242.52,2.72,171.0,956.87,
2012,1,12,23,5.0,68.76,0.0,0.0,0.0,241.73,2.6,173.0,956.9,
2012,1,13,0,4.98,64.94,0.0,0.0,0.0,240.95,2.48,175.0,956.93,
2012,1,13,1,4.95,61.57,0.0,0.0,0.0,237.4,2.57,177.0,956.9,
2012,1,13,2,4.91,58.21,0.0,0.0,0.0,233.85,2.66,179.0,956.87,
2012,1,13,3,4.87,54.84,0.0,0.0,0.0,230.3,2.74,180.0,956.84,
2012,1,13,4,4.55,54.02,0.0,0.0,0.0,228.35,2.73,180.0,956.81,
2012,1,13,5,4.24,53.2,0.0,0.0,0.0,226.4,2.71,179.0,956.78,
2012,1,13,6,3.92,52.38,0.0,0.0,0.0,224.45,2.69,179.0,956.74,
2012,1,13,7,4.89,54.91,0.0,0.0,0.0,226.9,2.86,180.0,956.84,
2012,1,13,8,5.87,57.43,0.0,0.0,0.0,229.35,3.03,181.0,956.93,
2012,1,13,9,6.85,59.96,107.0,191.0,74.0,231.8,3.2,183.0,957.02,
2012,1,13,10,8.82,58.0,313.0,693.44,85.0,237.73,2.92,194.0,956.43,
2012,1,13,11,10.8,56.05,443.0,727.76,117.0,243.67,2.64,204.0,955.85,
2012,1,13,12,12.78,54.09,547.0,850.38,103.0,249.6,2.36,215.0,955.26,
2012,1,13,13,12.91,56.72,576.0,862.25,105.0,253.42,2.22,234.0,954.7,
2012,1,13,14,13.05,59.35,548.0,879.15,92.0,257.23,2.07,252.0,954.14,
2012,1,13,15,13.19,61.98,308.0,201.67,219.0,261.05,1.93,271.0,953.58,
2012,1,13,16,12.07,68.76,55.0,0.0,55.0,259.87,1.84,283.0,953.77,
2012,1,13,17,10.94,75.55,12.0,0.0,12.0,258.68,1.75,295.0,953.95,
2012,1,13,18,9.82,82.33,0.0,0.0,0.0,257.5,1.66,307.0,954.14,
2012,1,13,19,9.57,82.18,0.0,0.0,0.0,255.72,1.58,283.0,954.2,
2012,1,13,20,9.32,82.03,0.0,0.0,0.0,253.93,1.51,260.0,954.26,
2012,1,13,21,9.07,81.88,0.0,0.0,0.0,252.15,1.43,237.0,954.33,
2012,1,13,22,7.47,85.76,0.0,0.0,0.0,249.52,1.75,230.0,954.08,
2012,1,13,23,5.88,89.64,0.0,0.0,0.0,246.88,2.07,222.0,953.83,
2012,1,14,0,4.28,93.52,0.0,0.0,0.0,244.25,2.39,215.0,953.58,
2012,1,14,1,3.96,95.58,0.0,0.0,0.0,242.95,2.46,215.0,953.4,
2012,1,14,2,3.64,97.64,0.0,0.0,0.0,241.65,2.54,214.0,953.21,
2012,1,14,3,3.32,99.7,0.0,0.0,0.0,240.35,2.62,214.0,953.02,
2012,1,14,4,3.05,99.49,0.0,0.0,0.0,238.13,2.68,212.0,952.84,
2012,1,14,5,2.79,99.29,0.0,0.0,0.0,235.92,2.73,209.0,952.65,
2012,1,14,6,2.52,99.08,0.0,0.0,0.0,233.7,2.79,207.0,952.47,
2012,1,14,7,4.23,93.86,0.0,0.0,0.0,233.72,2.78,208.0,952.59,
2012,1,14,8,5.94,88.65,0.0,0.0,0.0,233.73,2.78,208.0,952.71,
2012,1,14,9,7.66,83.43,146.0,563.8,48.0,233.75,2.77,209.0,952.84,
2012,1,14,10,10.08,73.6,319.0,732.84,77.0,239.95,3.01,229.0,952.47,
2012,1,14,11,12.51,63.78,460.0,813.75,94.0,246.15,3.25,249.0,952.09,
2012,1,14,12,14.94,53.95,555.0,883.05,92.0,252.35,3.49,269.0,951.72,
2012,1,14,13,14.9,54.46,579.0,861.9,106.0,255.33,3.79,276.0,951.1,
2012,1,14,14,14.86,54.97,551.0,880.14,92.0,258.32,4.1,282.0,950.48,
2012,1,14,15,14.82,55.48,457.0,837.2,85.0,261.3,4.4,289.0,949.86,
2012,1,14,16,13.25,65.71,312.0,747.21,71.0,260.38,3.77,286.0,950.23,
2012,1,14,17,11.68,75.93,133.0,535.26,45.0,259.47,3.13,283.0,950.6,
2012,1,14,18,10.12,86.16,0.0,0.0,0.0,258.55,2.5,280.0,950.98,
2012,1,14,19,9.29,90.72,0.0,0.0,0.0,254.95,2.6,272.0,951.32,
2012,1,14,20,8.46,95.29,0.0,0.0,0.0,251.35,2.71,263.0,951.66,
2012,1,14,21,7.64,99.85,0.0,0.0,0.0,247.75,2.81,255.0,952.0,
2012,1,14,22,7.63,99.9,0.0,0.0,0.0,246.17,2.71,254.0,952.0,
2012,1,14,23,7.63,99.95,0.0,0.0,0.0,244.58,2.61,253.0,952.0,
2012,1,15,0,7.62,100.0,0.0,0.0,0.0,243.0,2.51,252.0,952.0,
2012,1,15,1,7.45,100.0,0.0,0.0,0.0,243.57,2.48,251.0,951.66,
2012,1,15,2,7.27,100.0,0.0,0.0,0.0,244.13,2.45,250.0,951.32,
2012,1,15,3,7.09,100.0,0.0,0.0,0.0,244.7,2.41,249.0,950.98,
2012,1,15,4,6.94,100.0,0.0,0.0,0.0,247.97,2.43,249.0,950.98,
2012,1,15,5,6.79,100.0,0.0,0.0,0.0,251.23,2.44,250.0,950.98,
2012,1,15,6,6.64,100.0,0.0,0.0,0.0,254.5,2.46,250.0,950.98,
2012,1,15,7,7.57,98.47,0.0,0.0,0.0,254.87,2.94,251.0,951.16,
2012,1,15,8,8.5,96.95,0.0,0.0,0.0,255.23,3.42,253.0,951.35,
2012,1,15,9,9.43,95.42,112.0,211.46,75.0,255.6,3.9,254.0,951.53,
2012,1,15,10,10.45,84.69,295.0,551.61,112.0,259.27,4.08,260.0,951.07,
2012,1,15,11,11.47,73.96,455.0,770.43,107.0,262.93,4.26,267.0,950.6,
2012,1,15,12,12.49,63.23,526.0,721.58,146.0,266.6,4.44,273.0,950.14,
2012,1,15,13,12.8,60.78,307.0,63.47,272.0,264.0,4.01,275.0,949.15,
2012,1,15,14,13.11,58.32,138.0,0.0,138.0,261.4,3.59,276.0,948.15,
2012,1,15,15,13.42,55.87,138.0,0.0,138.0,258.8,3.16,278.0,947.16,
2012,1,15,16,11.91,65.15,201.0,138.15,156.0,255.57,2.79,280.0,947.29,
2012,1,15,17,10.4,74.44,65.0,23.87,61.0,252.33,2.41,282.0,947.41,
2012,1,15,18,8.9,83.72,0.0,0.0,0.0,249.1,2.04,284.0,947.53,
2012,1,15,19,8.15,88.43,0.0,0.0,0.0,247.3,2.14,272.0,947.69,
2012,1,15,20,7.4,93.13,0.0,0.0,0.0,245.5,2.24,259.0,947.84,
2012,1,15,21,6.65,97.84,0.0,0.0,0.0,243.7,2.34,247.0,948.0,
2012,1,15,22,6.69,98.56,0.0,0.0,0.0,244.28,2.37,242.0,947.72,
2012,1,15,23,6.74,99.28,0.0,0.0,0.0,244.87,2.4,238.0,947.44,
2012,1,16,0,6.78,100.0,0.0,0.0,0.0,245.45,2.43,233.0,947.16,
2012,1,16,1,6.62,96.76,0.0,0.0,0.0,242.87,2.29,231.0,946.6,
2012,1,16,2,6.46,93.52,0.0,0.0,0.0,240.28,2.15,230.0,946.05,
2012,1,16,3,6.29,90.28,0.0,0.0,0.0,237.7,2.01,228.0,945.49,
2012,1,16,4,6.09,91.58,0.0,0.0,0.0,238.1,1.98,228.0,945.27,
2012,1,16,5,5.9,92.89,0.0,0.0,0.0,238.5,1.94,228.0,945.05,
2012,1,16,6,5.7,94.19,0.0,0.0,0.0,238.9,1.9,228.0,944.84,
2012,1,16,7,6.49,94.26,0.0,0.0,0.0,247.63,2.6,232.0,945.05,
2012,1,16,8,7.28,94.32,0.0,0.0,0.0,256.37,3.3,236.0,945.27,
2012,1,16,9,8.07,94.39,94.0,102.14,76.0,265.1,4.0,240.0,945.49,
2012,1,16,10,8.51,94.56,253.0,305.95,151.0,271.68,4.04,247.0,945.12,
2012,1,16,11,8.95,94.73,491.0,989.6,42.0,278.27,4.07,254.0,944.74,
2012,1,16,12,9.39,94.9,575.0,964.05,65.0,284.85,4.11,261.0,944.37,
2012,1,16,13,9.7,91.94,477.0,418.66,245.0,283.9,2.95,258.0,942.73,
2012,1,16,14,10.02,88.98,297.0,70.15,260.0,282.95,1.79,254.0,941.08,
2012,1,16,15,10.34,86.02,189.0,13.32,183.0,282.0,0.63,251.0,939.44,
2012,1,16,16,9.37,90.68,53.0,0.0,53.0,283.55,0.78,212.0,939.13,
2012,1,16,17,8.4,95.34,45.0,0.0,45.0,285.1,0.93,173.0,938.82,
2012,1,16,18,7.43,100.0,0.0,0.0,0.0,286.65,1.08,134.0,938.51,
2012,1,16,19,7.24,100.0,0.0,0.0,0.0,293.53,1.36,138.0,938.36,
2012,1,16,20,7.05,100.0,0.0,0.0,0.0,300.42,1.64,143.0,938.2,
2012,1,16,21,6.86,100.0,0.0,0.0,0.0,307.3,1.92,148.0,938.05,
2012,1,16,22,6.99,100.0,0.0,0.0,0.0,310.27,2.46,150.0,937.83,
2012,1,16,23,7.13,100.0,0.0,0.0,0.0,313.23,3.0,152.0,937.61,
2012,1,17,0,7.26,100.0,0.0,0.0,0.0,316.2,3.54,154.0,937.39,
2012,1,17,1,6.82,100.0,0.0,0.0,0.0,317.25,2.86,165.0,938.54,
2012,1,17,2,6.37,100.0,0.0,0.0,0.0,318.3,2.18,176.0,939.69,
2012,1,17,3,5.92,100.0,0.0,0.0,0.0,319.35,1.5,186.0,940.84,
2012,1,17,4,5.63,100.0,0.0,0.0,0.0,319.35,1.56,157.0,941.43,
2012,1,17,5,5.35,100.0,0.0,0.0,0.0,319.35,1.62,128.0,942.01,
2012,1,17,6,5.06,100.0,0.0,0.0,0.0,319.35,1.68,99.0,942.6,
2012,1,17,7,5.87,99.79,0.0,0.0,0.0,316.18,2.4,89.0,943.66,
2012,1,17,8,6.68,99.57,0.0,0.0,0.0,313.02,3.11,78.0,944.71,
2012,1,17,9,7.49,99.36,46.0,0.0,46.0,309.85,3.82,68.0,945.77,
2012,1,17,10,8.36,91.76,139.0,14.92,134.0,305.0,4.23,68.0,946.36,
2012,1,17,11,9.23,84.16,198.0,15.36,191.0,300.15,4.65,68.0,946.95,
2012,1,17,12,10.11,76.56,375.0,193.79,272.0,295.3,5.06,68.0,947.53,
2012,1,17,13,10.18,73.8,514.0,540.43,213.0,303.63,4.97,60.0,947.91,
2012,1,17,14,10.25,71.04,509.0,629.62,175.0,311.97,4.88,53.0,948.28,
2012,1,17,15,10.32,68.28,480.0,916.61,64.0,320.3,4.79,46.0,948.65,
2012,1,17,16,9.94,72.35,338.0,884.74,44.0,318.58,4.07,40.0,949.46,
2012,1,17,17,9.56,76.41,149.0,626.0,40.0,316.87,3.35,34.0,950.26,
2012,1,17,18,9.19,80.48,0.0,0.0,0.0,315.15,2.63,29.0,951.07,
2012,1,17,19,8.57,85.96,0.0,0.0,0.0,299.25,2.6,30.0,951.91,
2012,1,17,20,7.95,91.43,0.0,0.0,0.0,283.35,2.57,31.0,952.74,
2012,1,17,21,7.33,96.91,0.0,0.0,0.0,267.45,2.54,32.0,953.58,
2012,1,17,22,7.18,97.94,0.0,0.0,0.0,262.68,2.41,34.0,954.05,
2012,1,17,23,7.03,98.97,0.0,0.0,0.0,257.92,2.29,37.0,954.51,
2012,1,18,0,6.87,100.0,0.0,0.0,0.0,253.15,2.17,39.0,954.98,
2012,1,18,1,6.74,100.0,0.0,0.0,0.0,266.08,2.11,39.0,955.1,
2012,1,18,2,6.61,100.0,0.0,0.0,0.0,279.02,2.06,40.0,955.22,
2012,1,18,3,6.48,100.0,0.0,0.0,0.0,291.95,2.0,40.0,955.35,
2012,1,18,4,6.35,100.0,0.0,0.0,0.0,300.37,2.21,39.0,955.81,
2012,1,18,5,6.21,100.0,0.0,0.0,0.0,308.78,2.41,38.0,956.28,
2012,1,18,6,6.08,100.0,0.0,0.0,0.0,317.2,2.62,37.0,956.74,
2012,1,18,7,6.73,98.99,0.0,0.0,0.0,319.57,3.35,40.0,957.43,
2012,1,18,8,7.38,97.99,0.0,0.0,0.0,321.93,4.07,43.0,958.11,
2012,1,18,9,8.04,96.98,158.0,675.83,37.0,324.3,4.8,47.0,958.79,
2012,1,18,10,8.71,89.62,338.0,830.94,58.0,316.67,4.87,50.0,958.92,
2012,1,18,11,9.39,82.27,496.0,991.11,42.0,309.03,4.95,52.0,959.04,
2012,1,18,12,10.07,74.91,581.0,966.11,65.0,301.4,5.02,55.0,959.16,
2012,1,18,13,10.36,69.76,555.0,693.02,167.0,295.93,4.75,50.0,958.85,
2012,1,18,14,10.66,64.6,474.0,475.99,220.0,290.47,4.48,45.0,958.54,
2012,1,18,15,10.96,59.45,410.0,518.42,173.0,285.0,4.21,40.0,958.23,
2012,1,18,16,10.03,63.88,313.0,655.39,93.0,281.25,3.6,37.0,958.85,
2012,1,18,17,9.09,68.32,150.0,602.95,43.0,277.5,2.98,34.0,959.47,
2012,1,18,18,8.16,72.75,0.0,0.0,0.0,273.75,2.37,31.0,960.09,
2012,1,18,19,7.39,77.59,0.0,0.0,0.0,273.85,2.39,36.0,960.74,
2012,1,18,20,6.63,82.43,0.0,0.0,0.0,273.95,2.4,41.0,961.4,
2012,1,18,21,5.87,87.27,0.0,0.0,0.0,274.05,2.41,46.0,962.05,
2012,1,18,22,5.7,89.96,0.0,0.0,0.0,279.92,2.34,51.0,962.33,
2012,1,18,23,5.53,92.66,0.0,0.0,0.0,285.78,2.28,57.0,962.61,
2012,1,19,0,5.36,95.35,0.0,0.0,0.0,291.65,2.21,63.0,962.88,
2012,1,19,1,4.98,95.67,0.0,0.0,0.0,297.52,2.12,66.0,962.92,
2012,1,19,2,4.6,95.98,0.0,0.0,0.0,303.38,2.03,68.0,962.95,
2012,1,19,3,4.21,96.3,0.0,0.0,0.0,309.25,1.94,70.0,962.98,
2012,1,19,4,3.98,95.79,0.0,0.0,0.0,311.27,1.9,71.0,963.19,
2012,1,19,5,3.75,95.27,0.0,0.0,0.0,313.28,1.86,72.0,963.41,
2012,1,19,6,3.52,94.76,0.0,0.0,0.0,315.3,1.82,73.0,963.63,
2012,1,19,7,4.68,90.25,0.0,0.0,0.0,315.5,1.59,78.0,964.22,
2012,1,19,8,5.84,85.73,0.0,0.0,0.0,315.7,1.35,83.0,964.81,
2012,1,19,9,7.01,81.22,156.0,625.69,43.0,315.9,1.12,88.0,965.4,
2012,1,19,10,7.99,73.49,337.0,805.53,64.0,308.2,1.26,88.0,965.18,
2012,1,19,11,8.97,65.76,484.0,892.71,73.0,300.5,1.39,89.0,964.96,
2012,1,19,12,9.95,58.03,587.0,983.64,59.0,292.8,1.53,89.0,964.75,
2012,1,19,13,10.28,55.06,611.0,946.95,78.0,278.58,1.84,83.0,964.09,
2012,1,19,14,10.61,52.08,575.0,918.31,82.0,264.37,2.15,78.0,963.44,
2012,1,19,15,10.94,49.11,394.0,434.27,194.0,250.15,2.46,72.0,962.79,
2012,1,19,16,9.48,55.88,301.0,554.39,113.0,243.62,2.48,63.0,963.01,
2012,1,19,17,8.02,62.65,152.0,586.12,46.0,237.08,2.51,53.0,963.23,
2012,1,19,18,6.57,69.42,0.0,0.0,0.0,230.55,2.54,43.0,963.44,
2012,1,19,19,5.29,75.81,0.0,0.0,0.0,228.43,2.4,55.0,963.66,
2012,1,19,20,4.02,82.2,0.0,0.0,0.0,226.32,2.25,68.0,963.88,
2012,1,19,21,2.75,88.59,0.0,0.0,0.0,224.2,2.11,80.0,964.09,
2012,1,19,22,2.71,87.35,0.0,0.0,0.0,221.95,1.94,100.0,964.03,
2012,1,19,23,2.67,86.12,0.0,0.0,0.0,219.7,1.78,120.0,963.97,
2012,1,20,0,2.63,84.88,0.0,0.0,0.0,217.45,1.61,140.0,963.91,
2012,1,20,1,1.39,87.68,0.0,0.0,0.0,215.72,1.82,147.0,963.72,
2012,1,20,2,0.15,90.47,0.0,0.0,0.0,213.98,2.03,154.0,963.54,
2012,1,20,3,-1.09,93.27,0.0,0.0,0.0,212.25,2.23,161.0,963.35,
2012,1,20,4,-1.43,93.65,0.0,0.0,0.0,211.1,2.31,163.0,963.1,
2012,1,20,5,-1.76,94.03,0.0,0.0,0.0,209.95,2.38,165.0,962.85,
2012,1,20,6,-2.1,94.41,0.0,0.0,0.0,208.8,2.46,166.0,962.61,
2012,1,20,7,-0.6,91.61,0.0,0.0,0.0,209.63,2.39,168.0,962.73,
2012,1,20,8,0.91,88.81,0.0,0.0,0.0,210.47,2.32,169.0,962.85,
2012,1,20,9,2.42,86.01,156.0,603.53,46.0,211.3,2.25,170.0,962.98,
2012,1,20,10,5.05,74.8,336.0,780.17,70.0,215.88,2.26,197.0,962.51,
2012,1,20,11,7.68,63.6,479.0,846.99,87.0,220.47,2.28,224.0,962.05,
2012,1,20,12,10.31,52.39,579.0,919.28,83.0,225.05,2.29,251.0,961.58,
2012,1,20,13,10.74,49.65,599.0,869.36,107.0,226.28,2.03,270.0,960.5,
2012,1,20,14,11.18,46.91,573.0,886.78,94.0,227.52,1.77,289.0,959.41,
2012,1,20,15,11.62,44.17,477.0,831.93,91.0,228.75,1.52,308.0,958.33,
2012,1,20,16,9.9,53.66,336.0,776.41,70.0,226.73,1.82,325.0,958.45,
2012,1,20,17,8.18,63.14,157.0,602.33,46.0,224.72,2.11,342.0,958.57,
2012,1,20,18,6.47,72.63,0.0,0.0,0.0,222.7,2.41,358.0,958.7,
2012,1,20,19,6.35,72.14,0.0,0.0,0.0,221.6,2.33,12.0,958.76,
2012,1,20,20,6.23,71.65,0.0,0.0,0.0,220.5,2.24,25.0,958.82,
2012,1,20,21,6.11,71.16,0.0,0.0,0.0,219.4,2.15,39.0,958.88,
2012,1,20,22,6.23,70.9,0.0,0.0,0.0,218.15,1.89,57.0,958.92,
2012,1,20,23,6.36,70.65,0.0,0.0,0.0,216.9,1.62,75.0,958.95,
2012,1,21,0,6.48,70.39,0.0,0.0,0.0,215.65,1.35,93.0,958.98,
2012,1,21,1,3.9,74.44,0.0,0.0,0.0,214.68,1.17,113.0,958.64,
2012,1,21,2,1.31,78.5,0.0,0.0,0.0,213.72,0.99,133.0,958.3,
2012,1,21,3,-1.28,82.55,0.0,0.0,0.0,212.75,0.81,153.0,957.95,
2012,1,21,4,-1.74,85.01,0.0,0.0,0.0,212.15,1.04,150.0,957.86,
2012,1,21,5,-2.2,87.48,0.0,0.0,0.0,211.55,1.26,148.0,957.77,
2012,1,21,6,-2.66,89.94,0.0,0.0,0.0,210.95,1.49,146.0,957.67,
2012,1,21,7,-0.85,88.99,0.0,0.0,0.0,212.55,1.09,140.0,957.83,
2012,1,21,8,0.96,88.05,0.0,0.0,0.0,214.15,0.7,134.0,957.98,
2012,1,21,9,2.78,87.1,158.0,608.62,46.0,215.75,0.3,128.0,958.14,
2012,1,21,10,5.3,75.91,338.0,781.14,70.0,221.1,0.59,101.0,957.77,
2012,1,21,11,7.83,64.73,485.0,863.9,83.0,226.45,0.87,74.0,957.4,
2012,1,21,12,10.36,53.54,577.0,888.62,95.0,231.8,1.16,47.0,957.02,
2012,1,21,13,10.75,52.31,609.0,901.45,96.0,233.08,1.58,49.0,956.28,
2012,1,21,14,11.15,51.07,583.0,919.91,83.0,234.37,2.0,51.0,955.54,
2012,1,21,15,11.55,49.84,486.0,864.19,82.0,235.65,2.41,53.0,954.79,
2012,1,21,16,9.64,59.44,344.0,806.02,65.0,234.45,2.46,46.0,954.98,
2012,1,21,17,7.73,69.04,161.0,617.8,45.0,233.25,2.5,40.0,955.16,
2012,1,21,18,5.83,78.64,0.0,0.0,0.0,232.05,2.54,33.0,955.35,
2012,1,21,19,5.05,79.64,0.0,0.0,0.0,230.85,2.46,44.0,955.54,
2012,1,21,20,4.27,80.63,0.0,0.0,0.0,229.65,2.39,55.0,955.72,
2012,1,21,21,3.49,81.63,0.0,0.0,0.0,228.45,2.32,66.0,955.91,
2012,1,21,22,3.85,79.26,0.0,0.0,0.0,228.22,1.95,83.0,955.75,
2012,1,21,23,4.21,76.89,0.0,0.0,0.0,227.98,1.59,100.0,955.6,
2012,1,22,0,4.56,74.52,0.0,0.0,0.0,227.75,1.23,117.0,955.44,
2012,1,22,1,2.85,79.28,0.0,0.0,0.0,227.7,1.22,127.0,955.07,
2012,1,22,2,1.13,84.05,0.0,0.0,0.0,227.65,1.21,138.0,954.7,
2012,1,22,3,-0.59,88.81,0.0,0.0,0.0,227.6,1.2,148.0,954.33,
2012,1,22,4,-1.06,89.53,0.0,0.0,0.0,228.4,1.2,149.0,954.08,
2012,1,22,5,-1.53,90.26,0.0,0.0,0.0,229.2,1.2,149.0,953.83,
2012,1,22,6,-2.0,90.98,0.0,0.0,0.0,230.0,1.2,150.0,953.58,
2012,1,22,7,-0.04,88.5,0.0,0.0,0.0,232.98,1.14,149.0,953.71,
2012,1,22,8,1.92,86.01,0.0,0.0,0.0,235.97,1.08,149.0,953.83,
2012,1,22,9,3.89,83.53,159.0,597.14,48.0,238.95,1.02,148.0,953.95,
2012,1,22,10,6.27,75.51,341.0,781.86,71.0,243.58,1.13,102.0,953.33,
2012,1,22,11,8.65,67.49,490.0,880.46,78.0,248.22,1.23,56.0,952.71,
2012,1,22,12,11.03,59.47,580.0,891.15,94.0,252.85,1.34,11.0,952.09,
2012,1,22,13,11.53,57.55,610.0,885.87,103.0,254.03,1.54,12.0,951.47,
2012,1,22,14,12.03,55.62,584.0,906.81,88.0,255.22,1.74,12.0,950.85,
2012,1,22,15,12.53,53.7,488.0,849.16,88.0,256.4,1.94,13.0,950.23,
2012,1,22,16,11.17,61.07,348.0,809.18,65.0,253.6,1.89,10.0,950.45,
2012,1,22,17,9.8,68.44,165.0,622.12,46.0,250.8,1.83,7.0,950.67,
2012,1,22,18,8.44,75.81,0.0,0.0,0.0,248.0,1.78,4.0,950.88,
2012,1,22,19,8.07,74.73,0.0,0.0,0.0,245.48,1.4,13.0,951.04,
2012,1,22,20,7.7,73.66,0.0,0.0,0.0,242.97,1.03,21.0,951.19,
2012,1,22,21,7.33,72.58,0.0,0.0,0.0,240.45,0.65,29.0,951.35,
2012,1,22,22,5.68,77.29,0.0,0.0,0.0,238.75,1.06,86.0,951.29,
2012,1,22,23,4.03,81.99,0.0,0.0,0.0,237.05,1.47,142.0,951.22,
2012,1,23,0,2.37,86.7,0.0,0.0,0.0,235.35,1.88,198.0,951.16,
2012,1,23,1,1.55,89.5,0.0,0.0,0.0,235.45,2.07,195.0,950.85,
2012,1,23,2,0.72,92.29,0.0,0.0,0.0,235.55,2.27,192.0,950.54,
2012,1,23,3,-0.11,95.09,0.0,0.0,0.0,235.65,2.47,188.0,950.23,
2012,1,23,4,-0.34,96.1,0.0,0.0,0.0,233.53,2.51,190.0,950.08,
2012,1,23,5,-0.58,97.12,0.0,0.0,0.0,231.42,2.55,191.0,949.92,
2012,1,23,6,-0.81,98.13,0.0,0.0,0.0,229.3,2.59,192.0,949.77,
2012,1,23,7,1.21,93.22,0.0,0.0,0.0,230.32,2.43,190.0,950.02,
2012,1,23,8,3.23,88.31,0.0,0.0,0.0,231.33,2.26,187.0,950.26,
2012,1,23,9,5.25,83.4,162.0,612.2,47.0,232.35,2.1,185.0,950.51,
2012,1,23,10,7.87,72.65,343.0,782.36,71.0,237.9,2.23,217.0,950.26,
2012,1,23,11,10.49,61.91,488.0,852.03,87.0,243.45,2.37,250.0,950.02,
2012,1,23,12,13.12,51.16,584.0,891.69,95.0,249.0,2.51,282.0,949.77,
2012,1,23,13,13.44,49.61,607.0,856.45,114.0,250.62,2.42,291.0,949.3,
2012,1,23,14,13.77,48.06,589.0,906.47,90.0,252.23,2.33,299.0,948.84,
2012,1,23,15,14.1,46.51,492.0,851.1,88.0,253.85,2.23,308.0,948.37,
2012,1,23,16,12.2,57.09,352.0,812.17,65.0,251.68,1.82,309.0,948.74,
2012,1,23,17,10.3,67.68,168.0,615.88,48.0,249.52,1.4,309.0,949.12,
2012,1,23,18,8.4,78.26,0.0,0.0,0.0,247.35,0.98,310.0,949.49,
2012,1,23,19,7.23,82.11,0.0,0.0,0.0,245.1,1.27,286.0,949.92,
2012,1,23,20,6.07,85.97,0.0,0.0,0.0,242.85,1.57,263.0,950.36,
2012,1,23,21,4.91,89.82,0.0,0.0,0.0,240.6,1.86,239.0,950.79,
2012,1,23,22,4.37,93.21,0.0,0.0,0.0,238.55,2.09,229.0,950.98,
2012,1,23,23,3.84,96.61,0.0,0.0,0.0,236.5,2.31,219.0,951.16,
2012,1,24,0,3.3,100.0,0.0,0.0,0.0,234.45,2.54,209.0,951.35,
2012,1,24,1,2.86,100.0,0.0,0.0,0.0,232.32,2.59,207.0,951.38,
2012,1,24,2,2.42,100.0,0.0,0.0,0.0,230.18,2.64,206.0,951.41,
2012,1,24,3,1.98,100.0,0.0,0.0,0.0,228.05,2.69,204.0,951.44,
2012,1,24,4,1.57,100.0,0.0,0.0,0.0,226.75,2.65,198.0,951.63,
2012,1,24,5,1.16,100.0,0.0,0.0,0.0,225.45,2.61,191.0,951.81,
2012,1,24,6,0.75,100.0,0.0,0.0,0.0,224.15,2.57,184.0,952.0,
2012,1,24,7,2.47,95.39,0.0,0.0,0.0,225.3,2.23,180.0,952.28,
2012,1,24,8,4.19,90.77,0.0,0.0,0.0,226.45,1.9,176.0,952.56,
2012,1,24,9,5.91,86.16,165.0,626.62,46.0,227.6,1.57,172.0,952.84,
2012,1,24,10,8.37,75.08,344.0,771.22,74.0,233.03,1.56,194.0,952.74,
2012,1,24,11,10.84,64.01,492.0,853.34,88.0,238.47,1.55,217.0,952.65,
2012,1,24,12,13.31,52.93,590.0,908.41,89.0,243.9,1.54,239.0,952.56,
2012,1,24,13,13.57,50.23,615.0,873.9,109.0,245.28,1.31,262.0,952.0,
2012,1,24,14,13.83,47.52,590.0,893.4,95.0,246.67,1.07,285.0,951.44,
2012,1,24,15,14.1,44.82,497.0,852.91,89.0,248.05,0.83,308.0,950.88,
2012,1,24,16,12.47,54.98,356.0,814.98,65.0,245.7,0.96,328.0,951.22,
2012,1,24,17,10.84,65.15,173.0,645.04,45.0,243.35,1.09,347.0,951.57,
2012,1,24,18,9.22,75.31,0.0,0.0,0.0,241.0,1.21,7.0,951.91,
2012,1,24,19,7.5,80.02,0.0,0.0,0.0,239.47,1.53,44.0,952.19,
2012,1,24,20,5.78,84.73,0.0,0.0,0.0,237.93,1.84,81.0,952.47,
2012,1,24,21,4.06,89.44,0.0,0.0,0.0,236.4,2.15,117.0,952.74,
2012,1,24,22,3.35,89.84,0.0,0.0,0.0,234.78,2.0,128.0,952.59,
2012,1,24,23,2.64,90.24,0.0,0.0,0.0,233.17,1.85,139.0,952.43,
2012,1,25,0,1.93,90.64,0.0,0.0,0.0,231.55,1.7,150.0,952.28,
2012,1,25,1,1.23,90.5,0.0,0.0,0.0,230.87,1.98,153.0,951.78,
2012,1,25,2,0.52,90.36,0.0,0.0,0.0,230.18,2.26,157.0,951.29,
2012,1,25,3,-0.19,90.22,0.0,0.0,0.0,229.5,2.54,160.0,950.79,
2012,1,25,4,-0.21,88.38,0.0,0.0,0.0,229.0,2.7,162.0,950.6,
2012,1,25,5,-0.24,86.55,0.0,0.0,0.0,228.5,2.87,163.0,950.42,
2012,1,25,6,-0.26,84.71,0.0,0.0,0.0,228.0,3.03,164.0,950.23,
2012,1,25,7,1.19,82.19,0.0,0.0,0.0,229.47,2.81,165.0,950.48,
2012,1,25,8,2.65,79.67,0.0,0.0,0.0,230.93,2.59,166.0,950.73,
2012,1,25,9,4.11,77.15,165.0,598.76,50.0,232.4,2.37,166.0,950.98,
2012,1,25,10,7.35,68.21,343.0,745.84,80.0,237.65,2.3,175.0,950.48,
2012,1,25,11,10.6,59.28,492.0,839.78,92.0,242.9,2.23,184.0,949.98,
2012,1,25,12,13.85,50.34,573.0,802.21,128.0,248.15,2.15,193.0,949.49,
2012,1,25,13,14.4,47.43,501.0,413.75,260.0,250.68,1.77,213.0,948.81,
2012,1,25,14,14.96,44.53,535.0,623.99,187.0,253.22,1.4,233.0,948.12,
2012,1,25,15,15.52,41.62,516.0,947.95,59.0,255.75,1.02,252.0,947.44,
2012,1,25,16,13.84,51.09,200.0,80.38,171.0,252.97,1.49,278.0,947.53,
2012,1,25,17,12.16,60.57,147.0,336.52,79.0,250.18,1.96,303.0,947.63,
2012,1,25,18,10.48,70.04,0.0,0.0,0.0,247.4,2.43,328.0,947.72,
2012,1,25,19,9.75,71.41,0.0,0.0,0.0,245.45,2.05,26.0,947.84,
2012,1,25,20,9.02,72.79,0.0,0.0,0.0,243.5,1.66,84.0,947.97,
2012,1,25,21,8.29,74.16,0.0,0.0,0.0,241.55,1.28,143.0,948.09,
2012,1,25,22,6.28,82.77,0.0,0.0,0.0,239.18,1.65,150.0,948.06,
2012,1,25,23,4.27,91.39,0.0,0.0,0.0,236.82,2.01,157.0,948.03,
2012,1,26,0,2.25,100.0,0.0,0.0,0.0,234.45,2.37,165.0,948.0,
2012,1,26,1,1.99,98.55,0.0,0.0,0.0,232.2,2.45,168.0,947.84,
2012,1,26,2,1.72,97.09,0.0,0.0,0.0,229.95,2.52,172.0,947.69,
2012,1,26,3,1.45,95.64,0.0,0.0,0.0,227.7,2.59,175.0,947.53,
2012,1,26,4,1.15,94.96,0.0,0.0,0.0,226.7,2.49,174.0,947.5,
2012,1,26,5,0.86,94.28,0.0,0.0,0.0,225.7,2.39,173.0,947.47,
2012,1,26,6,0.56,93.6,0.0,0.0,0.0,224.7,2.29,171.0,947.44,
2012,1,26,7,2.22,89.15,0.0,0.0,0.0,226.25,2.03,172.0,947.72,
2012,1,26,8,3.89,84.7,0.0,0.0,0.0,227.8,1.77,173.0,948.0,
2012,1,26,9,5.56,80.25,168.0,607.25,50.0,229.35,1.5,174.0,948.28,
2012,1,26,10,8.01,71.48,348.0,760.04,78.0,235.02,1.5,189.0,947.84,
2012,1,26,11,10.46,62.72,496.0,840.83,93.0,240.68,1.5,205.0,947.41,
2012,1,26,12,12.91,53.95,592.0,879.94,101.0,246.35,1.5,221.0,946.98,
2012,1,26,13,13.2,52.01,629.0,907.84,97.0,247.85,1.42,238.0,946.7,
2012,1,26,14,13.5,50.07,539.0,625.22,188.0,249.35,1.33,256.0,946.42,
2012,1,26,15,13.8,48.13,466.0,648.31,151.0,250.85,1.24,274.0,946.14,
2012,1,26,16,12.06,58.56,330.0,578.78,119.0,249.7,1.43,299.0,946.32,
2012,1,26,17,10.32,69.0,181.0,651.33,47.0,248.55,1.62,324.0,946.51,
2012,1,26,18,8.58,79.43,0.0,0.0,0.0,247.4,1.81,350.0,946.7,
2012,1,26,19,8.49,79.27,0.0,0.0,0.0,247.52,1.69,10.0,946.98,
2012,1,26,20,8.4,79.12,0.0,0.0,0.0,247.63,1.58,30.0,947.26,
2012,1,26,21,8.31,78.96,0.0,0.0,0.0,247.75,1.46,50.0,947.53,
2012,1,26,22,8.01,77.16,0.0,0.0,0.0,245.77,1.13,76.0,947.66,
2012,1,26,23,7.72,75.37,0.0,0.0,0.0,243.78,0.79,102.0,947.78,
2012,1,27,0,7.42,73.57,0.0,0.0,0.0,241.8,0.46,128.0,947.91,
2012,1,27,1,5.14,79.53,0.0,0.0,0.0,240.32,0.76,143.0,947.94,
2012,1,27,2,2.86,85.5,0.0,0.0,0.0,238.83,1.07,157.0,947.97,
2012,1,27,3,0.57,91.46,0.0,0.0,0.0,237.35,1.38,171.0,948.0,
2012,1,27,4,0.41,90.17,0.0,0.0,0.0,236.75,1.43,169.0,947.88,
2012,1,27,5,0.25,88.87,0.0,0.0,0.0,236.15,1.48,166.0,947.75,
2012,1,27,6,0.09,87.58,0.0,0.0,0.0,235.55,1.53,164.0,947.63,
2012,1,27,7,1.43,88.74,0.0,0.0,0.0,237.35,1.34,159.0,947.81,
2012,1,27,8,2.78,89.89,0.0,0.0,0.0,239.15,1.14,155.0,948.0,
2012,1,27,9,4.13,91.05,178.0,716.94,37.0,240.95,0.95,151.0,948.19,
2012,1,27,10,6.58,81.44,369.0,910.72,43.0,247.82,1.11,102.0,948.0,
2012,1,27,11,9.04,71.83,497.0,827.21,98.0,254.68,1.27,54.0,947.81,
2012,1,27,12,11.5,62.22,580.0,805.2,128.0,261.55,1.43,6.0,947.63,
2012,1,27,13,11.89,59.83,630.0,892.13,104.0,265.0,1.46,7.0,947.1,
2012,1,27,14,12.28,57.45,597.0,865.23,108.0,268.45,1.49,7.0,946.57,
2012,1,27,15,12.68,55.06,494.0,771.89,116.0,271.9,1.52,7.0,946.05,
2012,1,27,16,11.16,64.83,353.0,700.38,95.0,271.28,1.73,10.0,946.32,
2012,1,27,17,9.63,74.59,108.0,81.17,91.0,270.67,1.95,13.0,946.6,
2012,1,27,18,8.11,84.36,0.0,0.0,0.0,270.05,2.17,16.0,946.88,
2012,1,27,19,6.79,89.57,0.0,0.0,0.0,264.3,2.29,29.0,947.35,
2012,1,27,20,5.48,94.79,0.0,0.0,0.0,258.55,2.4,42.0,947.81,
2012,1,27,21,4.17,100.0,0.0,0.0,0.0,252.8,2.52,55.0,948.28,
2012,1,27,22,4.2,98.93,0.0,0.0,0.0,249.32,2.34,73.0,948.43,
2012,1,27,23,4.23,97.85,0.0,0.0,0.0,245.83,2.15,92.0,948.59,
2012,1,28,0,4.25,96.78,0.0,0.0,0.0,242.35,1.96,111.0,948.74,
2012,1,28,1,4.6,93.03,0.0,0.0,0.0,240.7,1.8,123.0,948.77,
2012,1,28,2,4.94,89.29,0.0,0.0,0.0,239.05,1.64,135.0,948.81,
2012,1,28,3,5.28,85.54,0.0,0.0,0.0,237.4,1.48,148.0,948.84,
2012,1,28,4,5.04,87.58,0.0,0.0,0.0,234.83,1.15,155.0,949.05,
2012,1,28,5,4.81,89.63,0.0,0.0,0.0,232.27,0.82,163.0,949.27,
2012,1,28,6,4.57,91.67,0.0,0.0,0.0,229.7,0.5,170.0,949.49,
2012,1,28,7,5.42,91.94,0.0,0.0,0.0,230.63,0.57,189.0,949.98,
2012,1,28,8,6.27,92.21,0.0,0.0,0.0,231.57,0.63,209.0,950.48,
2012,1,28,9,7.12,92.48,113.0,125.55,88.0,232.5,0.7,228.0,950.98,
2012,1,28,10,8.41,88.17,235.0,163.54,176.0,236.93,1.2,264.0,950.85,
2012,1,28,11,9.71,83.87,461.0,624.12,158.0,241.37,1.71,299.0,950.73,
2012,1,28,12,11.01,79.56,321.0,70.82,281.0,245.8,2.21,335.0,950.6,
2012,1,28,13,10.86,83.01,495.0,367.46,277.0,254.13,2.44,334.0,950.36,
2012,1,28,14,10.71,86.47,420.0,230.24,289.0,262.47,2.68,333.0,950.11,
2012,1,28,15,10.56,89.92,431.0,463.95,202.0,270.8,2.91,332.0,949.86,
2012,1,28,16,9.41,93.28,317.0,462.1,145.0,273.62,2.42,327.0,950.36,
2012,1,28,17,8.26,96.64,131.0,173.59,94.0,276.43,1.93,322.0,950.85,
2012,1,28,18,7.11,100.0,0.0,0.0,0.0,279.25,1.43,318.0,951.35,
2012,1,28,19,6.56,100.0,0.0,0.0,0.0,279.78,1.76,310.0,951.81,
2012,1,28,20,6.01,100.0,0.0,0.0,0.0,280.32,2.08,302.0,952.28,
2012,1,28,21,5.47,100.0,0.0,0.0,0.0,280.85,2.4,294.0,952.74,
2012,1,28,22,5.89,99.62,0.0,0.0,0.0,291.77,2.6,297.0,952.68,
2012,1,28,23,6.31,99.24,0.0,0.0,0.0,302.68,2.8,301.0,952.62,
2012,1,29,0,6.73,98.86,0.0,0.0,0.0,313.6,2.99,304.0,952.56,
2012,1,29,1,6.46,99.24,0.0,0.0,0.0,317.58,2.58,308.0,952.09,
2012,1,29,2,6.19,99.62,0.0,0.0,0.0,321.57,2.17,312.0,951.63,
2012,1,29,3,5.91,100.0,0.0,0.0,0.0,325.55,1.75,316.0,951.16,
2012,1,29,4,5.48,100.0,0.0,0.0,0.0,324.75,1.81,312.0,951.1,
2012,1,29,5,5.04,100.0,0.0,0.0,0.0,323.95,1.87,309.0,951.04,
2012,1,29,6,4.61,100.0,0.0,0.0,0.0,323.15,1.93,305.0,950.98,
2012,1,29,7,5.49,100.0,0.0,0.0,0.0,321.15,2.29,305.0,951.19,
2012,1,29,8,6.37,100.0,0.0,0.0,0.0,319.15,2.65,305.0,951.41,
2012,1,29,9,7.26,100.0,92.0,44.63,83.0,317.15,3.01,306.0,951.63,
2012,1,29,10,7.94,100.0,204.0,85.25,173.0,311.62,3.71,308.0,951.26,
2012,1,29,11,8.62,100.0,287.0,90.03,243.0,306.08,4.41,309.0,950.88,
2012,1,29,12,9.31,100.0,537.0,589.48,202.0,300.55,5.12,311.0,950.51,
2012,1,29,13,8.87,99.44,192.0,0.0,192.0,298.8,5.14,315.0,949.95,
2012,1,29,14,8.44,98.89,136.0,0.0,136.0,297.05,5.16,320.0,949.39,
2012,1,29,15,8.01,98.33,353.0,207.03,250.0,295.3,5.19,324.0,948.84,
2012,1,29,16,7.05,97.37,200.0,63.81,176.0,299.17,4.23,326.0,949.33,
2012,1,29,17,6.09,96.42,200.0,742.29,39.0,303.03,3.26,328.0,949.83,
2012,1,29,18,5.14,95.46,0.0,0.0,0.0,306.9,2.3,330.0,950.33,
2012,1,29,19,4.25,93.21,0.0,0.0,0.0,296.58,2.14,329.0,950.73,
2012,1,29,20,3.36,90.97,0.0,0.0,0.0,286.27,1.97,328.0,951.13,
2012,1,29,21,2.48,88.72,0.0,0.0,0.0,275.95,1.81,327.0,951.53,
2012,1,29,22,1.88,89.35,0.0,0.0,0.0,263.4,1.73,320.0,951.5,
2012,1,29,23,1.28,89.97,0.0,0.0,0.0,250.85,1.66,314.0,951.47,
2012,1,30,0,0.68,90.6,0.0,0.0,0.0,238.3,1.59,308.0,951.44,
2012,1,30,1,0.37,86.96,0.0,0.0,0.0,236.58,2.0,309.0,951.01,
2012,1,30,2,0.06,83.32,0.0,0.0,0.0,234.87,2.42,310.0,950.57,
2012,1,30,3,-0.25,79.68,0.0,0.0,0.0,233.15,2.84,311.0,950.14,
2012,1,30,4,-0.07,81.86,0.0,0.0,0.0,230.23,2.83,314.0,950.64,
2012,1,30,5,0.12,84.04,0.0,0.0,0.0,227.32,2.81,318.0,951.13,
2012,1,30,6,0.3,86.22,0.0,0.0,0.0,224.4,2.8,321.0,951.63,
2012,1,30,7,1.79,86.86,0.0,0.0,0.0,226.5,2.5,321.0,952.34,
2012,1,30,8,3.29,87.51,0.0,0.0,0.0,228.6,2.19,321.0,953.05,
2012,1,30,9,4.79,88.15,183.0,690.19,42.0,230.7,1.89,321.0,953.77,
2012,1,30,10,5.67,78.31,374.0,867.35,56.0,234.68,2.58,325.0,953.83,
2012,1,30,11,6.56,68.48,537.0,1010.14,40.0,238.67,3.27,328.0,953.89,
2012,1,30,12,7.45,58.64,474.0,361.97,267.0,242.65,3.96,332.0,953.95,
2012,1,30,13,7.8,55.03,586.0,650.81,195.0,246.15,4.0,335.0,953.43,
2012,1,30,14,8.16,51.41,569.0,681.38,176.0,249.65,4.05,338.0,952.9,
2012,1,30,15,8.52,47.8,278.0,67.8,244.0,253.15,4.1,342.0,952.37,
2012,1,30,16,7.32,54.21,372.0,747.35,88.0,246.97,3.57,343.0,952.74,
2012,1,30,17,6.12,60.61,135.0,167.67,98.0,240.78,3.05,344.0,953.12,
2012,1,30,18,4.92,67.02,0.0,0.0,0.0,234.6,2.52,346.0,953.49,
2012,1,30,19,4.57,67.37,0.0,0.0,0.0,231.25,1.9,343.0,954.11,
2012,1,30,20,4.22,67.72,0.0,0.0,0.0,227.9,1.27,340.0,954.73,
2012,1,30,21,3.87,68.07,0.0,0.0,0.0,224.55,0.65,337.0,955.35,
2012,1,30,22,3.71,67.83,0.0,0.0,0.0,224.03,0.9,318.0,955.38,
2012,1,30,23,3.55,67.6,0.0,0.0,0.0,223.52,1.15,299.0,955.41,
2012,1,31,0,3.39,67.36,0.0,0.0,0.0,223.0,1.41,279.0,955.44,
2012,1,31,1,1.67,72.96,0.0,0.0,0.0,221.38,1.66,248.0,955.13,
2012,1,31,2,-0.06,78.55,0.0,0.0,0.0,219.77,1.92,218.0,954.82,
2012,1,31,3,-1.79,84.15,0.0,0.0,0.0,218.15,2.18,187.0,954.51,
2012,1,31,4,-2.17,85.0,0.0,0.0,0.0,216.53,2.24,182.0,954.45,
2012,1,31,5,-2.56,85.86,0.0,0.0,0.0,214.92,2.3,177.0,954.39,
2012,1,31,6,-2.94,86.71,0.0,0.0,0.0,213.3,2.36,172.0,954.33,
2012,1,31,7,-0.9,84.16,0.0,0.0,0.0,212.68,2.29,172.0,954.51,
2012,1,31,8,1.14,81.6,0.0,0.0,0.0,212.07,2.21,172.0,954.7,
2012,1,31,9,3.19,79.05,184.0,671.44,45.0,211.45,2.14,172.0,954.88,
2012,1,31,10,5.42,67.12,377.0,868.26,56.0,213.43,2.2,182.0,954.23,
2012,1,31,11,7.65,55.2,530.0,940.66,64.0,215.42,2.26,192.0,953.58,
2012,1,31,12,9.89,43.27,631.0,981.71,66.0,217.4,2.32,203.0,952.93,
2012,1,31,13,10.47,39.11,658.0,946.02,86.0,219.83,2.24,217.0,952.03,
2012,1,31,14,11.06,34.96,631.0,952.23,78.0,222.27,2.17,232.0,951.13,
2012,1,31,15,11.65,30.8,531.0,882.35,85.0,224.7,2.1,247.0,950.23,
2012,1,31,16,10.14,38.23,390.0,849.07,64.0,224.0,2.18,245.0,950.17,
2012,1,31,17,4.8,55.06,202.0,677.17,50.0,203.21,2.06,242.0,950.11,
2012,1,31,18,4.76,58.56,0.0,0.0,0.0,211.7,2.23,240.0,950.05,
2012,1,31,19,4.73,62.06,0.0,0.0,0.0,220.2,2.41,231.0,950.23,
2012,1,31,20,4.69,65.56,0.0,0.0,0.0,228.7,2.58,221.0,950.42,
2012,1,31,21,4.65,69.05,0.0,0.0,0.0,237.19,2.76,212.0,950.6,
2012,1,31,22,4.62,72.55,0.0,0.0,0.0,245.69,2.93,210.0,950.54,
2012,1,31,23,4.58,76.05,0.0,0.0,0.0,254.19,3.1,207.0,950.48,
2015,2,1,0,4.54,79.55,0.0,0.0,0.0,262.68,3.28,205.0,950.42,
2015,2,1,1,4.51,83.05,0.0,0.0,0.0,271.18,3.45,288.0,940.43,
2015,2,1,2,4.47,86.55,0.0,0.0,0.0,279.68,3.63,290.0,940.68,
2015,2,1,3,4.43,90.05,0.0,0.0,0.0,288.17,3.8,292.0,940.93,
2015,2,1,4,4.4,93.54,0.0,0.0,0.0,296.67,3.97,295.0,941.49,
2015,2,1,5,4.36,97.04,0.0,0.0,0.0,305.17,4.15,297.0,942.05,
2015,2,1,6,4.32,100.0,0.0,0.0,0.0,313.66,4.32,299.0,942.6,
2015,2,1,7,4.29,100.0,0.0,0.0,0.0,322.16,4.5,299.0,943.47,
2015,2,1,8,4.25,100.0,0.0,0.0,0.0,330.65,4.67,300.0,944.34,
2015,2,1,9,5.85,95.63,157.0,371.72,79.0,310.35,4.58,300.0,945.21,
2015,2,1,10,6.28,93.31,338.0,587.36,119.0,309.15,4.92,301.0,945.67,
2015,2,1,11,6.7,90.98,248.0,40.09,228.0,307.95,5.27,302.0,946.14,
2015,2,1,12,7.12,88.66,341.0,88.05,290.0,306.75,5.61,303.0,946.6,
2015,2,1,13,7.58,80.17,153.0,0.0,153.0,301.13,5.92,304.0,946.39,
2015,2,1,14,8.04,71.68,481.0,359.12,271.0,295.52,6.22,305.0,946.17,
2015,2,1,15,8.5,63.19,476.0,598.62,171.0,289.9,6.52,307.0,945.95,
2015,2,1,16,7.65,64.89,298.0,324.81,172.0,279.97,5.35,305.0,946.45,
2015,2,1,17,6.81,66.58,193.0,551.95,67.0,270.03,4.17,304.0,946.95,
2015,2,1,18,5.96,68.28,1.0,24.11,0.0,260.1,2.99,302.0,947.44,
2015,2,1,19,5.56,69.34,0.0,0.0,0.0,256.5,2.96,296.0,948.0,
2015,2,1,20,5.17,70.39,0.0,0.0,0.0,252.9,2.93,290.0,948.56,
2015,2,1,21,4.78,71.45,0.0,0.0,0.0,249.3,2.9,283.0,949.12,
2015,2,1,22,4.77,72.05,0.0,0.0,0.0,244.3,2.67,278.0,949.02,
2015,2,1,23,4.76,72.66,0.0,0.0,0.0,239.3,2.44,272.0,948.93,
2015,2,2,0,4.76,73.26,0.0,0.0,0.0,234.3,2.21,266.0,948.84,
2015,2,2,1,4.57,72.88,0.0,0.0,0.0,231.53,2.35,265.0,948.5,
2015,2,2,2,4.38,72.51,0.0,0.0,0.0,228.77,2.49,264.0,948.15,
2015,2,2,3,4.19,72.13,0.0,0.0,0.0,226.0,2.63,262.0,947.81,
2015,2,2,4,4.14,73.53,0.0,0.0,0.0,230.58,2.8,258.0,947.81,
2015,2,2,5,4.1,74.92,0.0,0.0,0.0,235.17,2.97,254.0,947.81,
2015,2,2,6,4.05,76.32,0.0,0.0,0.0,239.75,3.14,250.0,947.81,
2015,2,2,7,4.95,75.54,0.0,0.0,0.0,245.22,3.57,250.0,947.94,
2015,2,2,8,5.84,74.75,0.0,0.0,0.0,250.68,4.0,250.0,948.06,
2015,2,2,9,6.73,73.97,87.0,28.2,81.0,256.15,4.43,251.0,948.19,
2015,2,2,10,7.61,68.79,96.0,0.0,96.0,259.93,5.08,257.0,947.57,
2015,2,2,11,8.48,63.61,116.0,0.0,116.0,263.72,5.72,263.0,946.95,
2015,2,2,12,9.36,58.43,399.0,173.23,298.0,267.5,6.37,270.0,946.32,
2015,2,2,13,9.6,58.56,179.0,0.0,179.0,269.62,6.29,271.0,945.55,
2015,2,2,14,9.84,58.7,478.0,341.36,277.0,271.73,6.2,272.0,944.77,
2015,2,2,15,10.08,58.83,177.0,1.95,176.0,273.85,6.11,274.0,944.0,
2015,2,2,16,9.15,63.11,163.0,17.86,156.0,272.67,4.96,273.0,944.09,
2015,2,2,17,8.23,67.38,118.0,77.55,100.0,271.48,3.81,272.0,944.19,
2015,2,2,18,7.3,71.66,7.0,0.0,7.0,270.3,2.66,271.0,944.28,
2015,2,2,19,6.93,73.92,0.0,0.0,0.0,266.42,2.77,266.0,944.4,
2015,2,2,20,6.57,76.17,0.0,0.0,0.0,262.53,2.87,260.0,944.53,
2015,2,2,21,6.21,78.43,0.0,0.0,0.0,258.65,2.98,254.0,944.65,
2015,2,2,22,6.32,78.8,0.0,0.0,0.0,254.62,3.53,252.0,944.03,
2015,2,2,23,6.43,79.17,0.0,0.0,0.0,250.58,4.08,250.0,943.41,
2015,2,3,0,6.55,79.54,0.0,0.0,0.0,246.55,4.63,248.0,942.79,
2015,2,3,1,6.48,78.89,0.0,0.0,0.0,246.48,4.37,248.0,942.26,
2015,2,3,2,6.41,78.23,0.0,0.0,0.0,246.42,4.1,248.0,941.74,
2015,2,3,3,6.35,77.58,0.0,0.0,0.0,246.35,3.83,249.0,941.21,
2015,2,3,4,6.42,79.47,0.0,0.0,0.0,246.0,4.08,250.0,940.96,
2015,2,3,5,6.49,81.36,0.0,0.0,0.0,245.65,4.32,251.0,940.71,
2015,2,3,6,6.56,83.25,0.0,0.0,0.0,245.3,4.57,252.0,940.46,
2015,2,3,7,7.31,85.07,0.0,0.0,0.0,251.73,4.71,255.0,940.59,
2015,2,3,8,8.06,86.9,0.0,0.0,0.0,258.17,4.86,258.0,940.71,
2015,2,3,9,8.81,88.72,113.0,92.71,93.0,264.6,5.01,260.0,940.84,
2015,2,3,10,9.42,84.6,193.0,52.71,173.0,275.33,4.97,264.0,940.62,
2015,2,3,11,10.03,80.49,211.0,11.86,205.0,286.07,4.92,268.0,940.4,
2015,2,3,12,10.64,76.37,350.0,93.72,295.0,296.8,4.88,272.0,940.18,
2015,2,3,13,11.0,77.47,96.0,0.0,96.0,296.62,5.36,273.0,939.47,
2015,2,3,14,11.36,78.57,75.0,0.0,75.0,296.43,5.83,275.0,938.76,
2015,2,3,15,11.72,79.67,79.0,0.0,79.0,296.25,6.3,276.0,938.05,
2015,2,3,16,10.83,82.72,63.0,0.0,63.0,296.72,5.29,272.0,938.14,
2015,2,3,17,9.93,85.78,24.0,0.0,24.0,297.18,4.28,268.0,938.23,
2015,2,3,18,9.04,88.83,3.0,0.0,3.0,297.65,3.27,264.0,938.32,
2015,2,3,19,8.83,89.64,0.0,0.0,0.0,296.95,3.44,262.0,938.42,
2015,2,3,20,8.63,90.44,0.0,0.0,0.0,296.25,3.62,259.0,938.51,
2015,2,3,21,8.43,91.25,0.0,0.0,0.0,295.55,3.79,257.0,938.6,
2015,2,3,22,8.47,91.65,0.0,0.0,0.0,297.62,3.91,257.0,938.11,
2015,2,3,23,8.51,92.06,0.0,0.0,0.0,299.68,4.02,256.0,937.61,
2015,2,4,0,8.56,92.46,0.0,0.0,0.0,301.75,4.14,256.0,937.11,
2015,2,4,1,8.37,93.2,0.0,0.0,0.0,298.08,4.26,254.0,936.43,
2015,2,4,2,8.19,93.95,0.0,0.0,0.0,294.42,4.38,251.0,935.75,
2015,2,4,3,8.01,94.69,0.0,0.0,0.0,290.75,4.5,249.0,935.07,
2015,2,4,4,7.84,95.89,0.0,0.0,0.0,290.52,4.51,250.0,934.76,
2015,2,4,5,7.66,97.08,0.0,0.0,0.0,290.28,4.51,252.0,934.45,
2015,2,4,6,7.49,98.28,0.0,0.0,0.0,290.05,4.52,253.0,934.14,
2015,2,4,7,7.66,98.84,0.0,0.0,0.0,295.57,4.64,255.0,934.17,
2015,2,4,8,7.82,99.39,0.0,0.0,0.0,301.08,4.76,258.0,934.2,
2015,2,4,9,7.98,99.95,16.0,0.0,16.0,306.6,4.88,260.0,934.23,
2015,2,4,10,7.69,97.19,33.0,0.0,33.0,306.12,5.36,263.0,934.35,
2015,2,4,11,7.4,94.43,62.0,0.0,62.0,305.63,5.84,267.0,934.48,
2015,2,4,12,7.11,91.67,83.0,0.0,83.0,305.15,6.32,270.0,934.6,
2015,2,4,13,6.49,89.42,342.0,61.23,304.0,305.48,5.67,275.0,935.16,
2015,2,4,14,5.87,87.17,90.0,0.0,90.0,305.82,5.02,279.0,935.72,
2015,2,4,15,5.25,84.92,53.0,0.0,53.0,306.15,4.37,284.0,936.28,
2015,2,4,16,4.68,84.52,34.0,0.0,34.0,303.48,3.99,284.0,937.05,
2015,2,4,17,4.12,84.12,26.0,0.0,26.0,300.82,3.6,284.0,937.83,
2015,2,4,18,3.55,83.72,14.0,19.12,13.0,298.15,3.21,284.0,938.6,
2015,2,4,19,3.22,87.1,0.0,0.0,0.0,293.88,3.29,282.0,939.22,
2015,2,4,20,2.9,90.47,0.0,0.0,0.0,289.62,3.36,279.0,939.84,
2015,2,4,21,2.58,93.85,0.0,0.0,0.0,285.35,3.43,277.0,940.46,
2015,2,4,22,2.61,94.75,0.0,0.0,0.0,290.95,3.52,278.0,940.43,
2015,2,4,23,2.64,95.66,0.0,0.0,0.0,296.55,3.61,278.0,940.4,
2015,2,5,0,2.67,96.56,0.0,0.0,0.0,302.15,3.7,279.0,940.37,
2015,2,5,1,2.31,96.18,0.0,0.0,0.0,298.22,3.69,281.0,939.81,
2015,2,5,2,1.95,95.8,0.0,0.0,0.0,294.28,3.68,282.0,939.25,
2015,2,5,3,1.6,95.42,0.0,0.0,0.0,290.35,3.67,284.0,938.7,
2015,2,5,4,1.42,95.39,0.0,0.0,0.0,289.72,3.55,284.0,938.88,
2015,2,5,5,1.24,95.36,0.0,0.0,0.0,289.08,3.43,284.0,939.07,
2015,2,5,6,1.06,95.33,0.0,0.0,0.0,288.45,3.31,284.0,939.25,
2015,2,5,7,1.45,94.69,0.0,0.0,0.0,290.03,3.71,286.0,940.15,
2015,2,5,8,1.84,94.05,0.0,0.0,0.0,291.62,4.1,289.0,941.05,
2015,2,5,9,2.22,93.41,52.0,0.0,52.0,293.2,4.5,292.0,941.95,
2015,2,5,10,2.92,85.19,93.0,0.0,93.0,289.22,5.6,295.0,942.51,
2015,2,5,11,3.62,76.98,68.0,0.0,68.0,285.23,6.69,298.0,943.07,
2015,2,5,12,4.32,68.76,142.0,0.0,142.0,281.25,7.79,301.0,943.63,
2015,2,5,13,4.94,64.51,245.0,6.4,241.0,274.45,7.55,300.0,943.25,
2015,2,5,14,5.57,60.26,68.0,0.0,68.0,267.65,7.31,298.0,942.88,
2015,2,5,15,6.19,56.01,176.0,1.9,175.0,260.85,7.08,297.0,942.51,
2015,2,5,16,5.5,58.04,178.0,22.28,169.0,256.88,6.05,295.0,943.07,
2015,2,5,17,4.82,60.06,78.0,4.1,77.0,252.92,5.02,292.0,943.63,
2015,2,5,18,4.13,62.09,14.0,17.88,13.0,248.95,3.99,289.0,944.19,
2015,2,5,19,3.99,62.83,0.0,0.0,0.0,245.55,3.48,286.0,944.71,
2015,2,5,20,3.86,63.56,0.0,0.0,0.0,242.15,2.97,282.0,945.24,
2015,2,5,21,3.73,64.3,0.0,0.0,0.0,238.75,2.47,278.0,945.77,
2015,2,5,22,3.75,64.96,0.0,0.0,0.0,238.18,2.63,279.0,945.74,
2015,2,5,23,3.77,65.63,0.0,0.0,0.0,237.62,2.78,279.0,945.7,
2015,2,6,0,3.79,66.29,0.0,0.0,0.0,237.05,2.94,280.0,945.67,
2015,2,6,1,3.39,74.35,0.0,0.0,0.0,237.7,2.83,278.0,945.24,
2015,2,6,2,3.0,82.42,0.0,0.0,0.0,238.35,2.73,276.0,944.81,
2015,2,6,3,2.61,90.48,0.0,0.0,0.0,239.0,2.62,275.0,944.37,
2015,2,6,4,2.58,92.41,0.0,0.0,0.0,257.3,2.91,276.0,944.46,
2015,2,6,5,2.54,94.34,0.0,0.0,0.0,275.6,3.19,278.0,944.56,
2015,2,6,6,2.51,96.27,0.0,0.0,0.0,293.9,3.48,279.0,944.65,
2015,2,6,7,3.14,95.6,0.0,0.0,0.0,294.6,3.88,277.0,944.99,
2015,2,6,8,3.76,94.94,0.0,0.0,0.0,295.3,4.28,276.0,945.33,
2015,2,6,9,4.38,94.27,194.0,590.48,61.0,296.0,4.68,274.0,945.67,
2015,2,6,10,5.15,90.79,185.0,35.91,171.0,282.7,4.78,275.0,945.49,
2015,2,6,11,5.91,87.3,95.0,0.0,95.0,269.4,4.88,275.0,945.3,
2015,2,6,12,6.68,83.82,164.0,0.0,164.0,256.1,4.98,276.0,945.12,
2015,2,6,13,6.75,84.44,114.0,0.0,114.0,257.47,5.18,280.0,944.5,
2015,2,6,14,6.81,85.05,205.0,1.65,204.0,258.83,5.38,283.0,943.88,
2015,2,6,15,6.88,85.67,90.0,0.0,90.0,260.2,5.59,287.0,943.25,
2015,2,6,16,5.87,88.43,56.0,0.0,56.0,262.17,4.46,284.0,943.72,
2015,2,6,17,4.86,91.18,83.0,8.08,81.0,264.13,3.32,281.0,944.19,
2015,2,6,18,3.85,93.94,20.0,50.36,17.0,266.1,2.19,278.0,944.65,
2015,2,6,19,3.52,95.95,0.0,0.0,0.0,270.98,2.17,266.0,945.15,
2015,2,6,20,3.19,97.96,0.0,0.0,0.0,275.87,2.14,253.0,945.64,
2015,2,6,21,2.87,99.97,0.0,0.0,0.0,280.75,2.11,241.0,946.14,
2015,2,6,22,2.84,99.98,0.0,0.0,0.0,278.42,2.1,232.0,946.17,
2015,2,6,23,2.82,99.99,0.0,0.0,0.0,276.08,2.09,224.0,946.2,
2015,2,7,0,2.8,100.0,0.0,0.0,0.0,273.75,2.08,216.0,946.23,
2015,2,7,1,2.4,100.0,0.0,0.0,0.0,263.87,2.03,213.0,945.98,
2015,2,7,2,2.0,100.0,0.0,0.0,0.0,253.98,1.98,211.0,945.74,
2015,2,7,3,1.61,100.0,0.0,0.0,0.0,244.1,1.93,208.0,945.49,
2015,2,7,4,1.48,100.0,0.0,0.0,0.0,241.78,1.9,203.0,945.58,
2015,2,7,5,1.34,100.0,0.0,0.0,0.0,239.47,1.88,197.0,945.67,
2015,2,7,6,1.21,100.0,0.0,0.0,0.0,237.15,1.85,192.0,945.77,
2015,2,7,7,2.56,99.47,0.0,0.0,0.0,248.77,1.97,191.0,946.23,
2015,2,7,8,3.91,98.94,0.0,0.0,0.0,260.38,2.09,191.0,946.7,
2015,2,7,9,5.25,98.41,120.0,87.5,100.0,272.0,2.21,190.0,947.16,
2015,2,7,10,6.0,89.35,125.0,0.0,125.0,281.72,2.43,214.0,947.22,
2015,2,7,11,6.75,80.29,93.0,0.0,93.0,291.43,2.65,238.0,947.29,
2015,2,7,12,7.5,71.23,114.0,0.0,114.0,301.15,2.87,262.0,947.35,
2015,2,7,13,7.61,73.3,60.0,0.0,60.0,294.73,2.89,279.0,947.07,
2015,2,7,14,7.71,75.37,118.0,0.0,118.0,288.32,2.91,296.0,946.79,
2015,2,7,15,7.82,77.44,540.0,776.64,125.0,281.9,2.94,312.0,946.51,
2015,2,7,16,6.95,79.73,314.0,308.12,187.0,281.83,2.53,336.0,946.91,
2015,2,7,17,6.08,82.02,140.0,111.34,112.0,281.77,2.12,360.0,947.32,
2015,2,7,18,5.21,84.31,29.0,158.2,19.0,281.7,1.71,24.0,947.72,
2015,2,7,19,4.3,87.44,0.0,0.0,0.0,276.43,1.66,44.0,948.4,
2015,2,7,20,3.4,90.57,0.0,0.0,0.0,271.17,1.6,64.0,949.08,
2015,2,7,21,2.5,93.7,0.0,0.0,0.0,265.9,1.54,84.0,949.77,
2015,2,7,22,1.92,94.33,0.0,0.0,0.0,259.52,1.51,95.0,949.95,
2015,2,7,23,1.34,94.95,0.0,0.0,0.0,253.13,1.47,105.0,950.14,
2015,2,8,0,0.77,95.58,0.0,0.0,0.0,246.75,1.43,116.0,950.33,
2015,2,8,1,-0.11,97.05,0.0,0.0,0.0,247.7,1.27,117.0,950.08,
2015,2,8,2,-0.99,98.53,0.0,0.0,0.0,248.65,1.11,117.0,949.83,
2015,2,8,3,-1.86,100.0,0.0,0.0,0.0,249.6,0.95,118.0,949.58,
2015,2,8,4,-2.02,100.0,0.0,0.0,0.0,254.05,0.97,123.0,949.89,
2015,2,8,5,-2.19,100.0,0.0,0.0,0.0,258.5,0.99,129.0,950.2,
2015,2,8,6,-2.35,100.0,0.0,0.0,0.0,262.95,1.01,134.0,950.51,
2015,2,8,7,-0.57,99.41,0.0,0.0,0.0,276.42,0.97,135.0,951.1,
2015,2,8,8,1.21,98.81,1.0,24.52,0.0,289.88,0.94,136.0,951.69,
2015,2,8,9,2.98,98.22,201.0,599.15,62.0,303.35,0.91,137.0,952.28,
2015,2,8,10,4.73,88.98,400.0,840.92,66.0,308.05,1.02,120.0,951.81,
2015,2,8,11,6.47,79.74,556.0,917.95,74.0,312.75,1.13,104.0,951.35,
2015,2,8,12,8.21,70.5,659.0,963.78,74.0,317.45,1.24,88.0,950.88,
2015,2,8,13,8.71,63.39,706.0,1018.36,57.0,292.47,1.38,75.0,950.08,
2015,2,8,14,9.22,56.29,668.0,967.48,74.0,267.48,1.52,62.0,949.27,
2015,2,8,15,9.72,49.18,559.0,850.39,101.0,242.5,1.66,49.0,948.46,
2015,2,8,16,8.41,55.57,409.0,759.13,93.0,238.45,1.92,39.0,948.74,
2015,2,8,17,7.1,61.97,227.0,634.37,65.0,234.4,2.18,30.0,949.02,
2015,2,8,18,5.79,68.36,29.0,119.66,21.0,230.35,2.44,21.0,949.3,
2015,2,8,19,4.52,74.77,0.0,0.0,0.0,228.4,2.57,37.0,949.67,
2015,2,8,20,3.25,81.18,0.0,0.0,0.0,226.45,2.69,54.0,950.05,
2015,2,8,21,1.99,87.59,0.0,0.0,0.0,224.5,2.81,70.0,950.42,
2015,2,8,22,1.4,90.01,0.0,0.0,0.0,222.83,2.34,91.0,950.39,
2015,2,8,23,0.81,92.42,0.0,0.0,0.0,221.17,1.88,112.0,950.36,
2015,2,9,0,0.23,94.84,0.0,0.0,0.0,219.5,1.41,132.0,950.33,
2015,2,9,1,-0.4,94.94,0.0,0.0,0.0,218.4,1.38,137.0,949.86,
2015,2,9,2,-1.02,95.03,0.0,0.0,0.0,217.3,1.36,143.0,949.39,
2015,2,9,3,-1.64,95.13,0.0,0.0,0.0,216.2,1.34,148.0,948.93,
2015,2,9,4,-1.88,93.7,0.0,0.0,0.0,214.95,1.81,146.0,949.18,
2015,2,9,5,-2.13,92.27,0.0,0.0,0.0,213.7,2.29,144.0,949.43,
2015,2,9,6,-2.37,90.84,0.0,0.0,0.0,212.45,2.76,141.0,949.67,
2015,2,9,7,0.05,85.0,0.0,0.0,0.0,214.15,2.73,136.0,950.14,
2015,2,9,8,2.46,79.16,14.0,45.48,12.0,215.85,2.69,130.0,950.6,
2015,2,9,9,4.87,73.32,203.0,581.76,66.0,217.55,2.66,125.0,951.07,
2015,2,9,10,6.98,65.51,397.0,788.11,81.0,224.45,2.71,119.0,950.76,
2015,2,9,11,9.09,57.69,545.0,829.73,106.0,231.35,2.75,114.0,950.45,
2015,2,9,12,11.2,49.88,645.0,872.11,112.0,238.25,2.8,108.0,950.14,
2015,2,9,13,11.22,48.12,700.0,964.81,81.0,241.02,3.01,101.0,949.77,
2015,2,9,14,11.23,46.37,654.0,875.02,113.0,243.78,3.21,94.0,949.39,
2015,2,9,15,11.25,44.61,575.0,911.91,80.0,246.55,3.42,87.0,949.02,
2015,2,9,16,9.99,49.03,431.0,877.79,62.0,244.83,3.25,84.0,949.27,
2015,2,9,17,8.73,53.45,228.0,609.4,70.0,243.12,3.08,81.0,949.52,
2015,2,9,18,7.47,57.87,30.0,99.29,23.0,241.4,2.91,77.0,949.77,
2015,2,9,19,6.58,61.69,0.0,0.0,0.0,240.58,2.9,85.0,950.29,
2015,2,9,20,5.7,65.5,0.0,0.0,0.0,239.77,2.88,93.0,950.82,
2015,2,9,21,4.82,69.32,0.0,0.0,0.0,238.95,2.87,101.0,951.35,
2015,2,9,22,4.24,71.77,0.0,0.0,0.0,238.05,2.77,111.0,951.38,
2015,2,9,23,3.67,74.21,0.0,0.0,0.0,237.15,2.68,120.0,951.41,
2015,2,10,0,3.1,76.66,0.0,0.0,0.0,236.25,2.58,129.0,951.44,
2015,2,10,1,2.29,79.21,0.0,0.0,0.0,232.15,2.63,134.0,951.1,
2015,2,10,2,1.48,81.77,0.0,0.0,0.0,228.05,2.68,138.0,950.76,
2015,2,10,3,0.68,84.32,0.0,0.0,0.0,223.95,2.73,142.0,950.42,
2015,2,10,4,0.48,82.06,0.0,0.0,0.0,223.67,2.69,144.0,950.7,
2015,2,10,5,0.29,79.81,0.0,0.0,0.0,223.38,2.66,147.0,950.98,
2015,2,10,6,0.09,77.55,0.0,0.0,0.0,223.1,2.62,150.0,951.26,
2015,2,10,7,1.92,72.7,0.0,0.0,0.0,224.53,2.44,151.0,951.53,
2015,2,10,8,3.75,67.84,17.0,84.64,13.0,225.97,2.26,152.0,951.81,
2015,2,10,9,5.58,62.99,186.0,409.92,88.0,227.4,2.08,153.0,952.09,
2015,2,10,10,8.05,56.22,386.0,686.76,108.0,232.88,2.72,156.0,951.47,
2015,2,10,11,10.51,49.45,566.0,922.81,74.0,238.37,3.36,160.0,950.85,
2015,2,10,12,12.98,42.68,580.0,586.62,219.0,243.85,4.0,163.0,950.23,
2015,2,10,13,13.48,41.6,528.0,342.16,307.0,249.77,3.94,170.0,949.49,
2015,2,10,14,13.99,40.52,426.0,170.26,320.0,255.68,3.89,177.0,948.74,
2015,2,10,15,14.49,39.44,490.0,508.16,212.0,261.6,3.83,184.0,948.0,
2015,2,10,16,12.73,46.11,95.0,0.0,95.0,260.05,3.45,175.0,948.09,
2015,2,10,17,10.96,52.79,207.0,410.37,99.0,258.5,3.07,166.0,948.19,
2015,2,10,18,9.2,59.46,8.0,0.0,8.0,256.95,2.69,157.0,948.28,
2015,2,10,19,8.17,61.23,0.0,0.0,0.0,254.18,2.93,158.0,948.71,
2015,2,10,20,7.14,63.0,0.0,0.0,0.0,251.42,3.18,159.0,949.15,
2015,2,10,21,6.12,64.77,0.0,0.0,0.0,248.65,3.42,160.0,949.58,
2015,2,10,22,6.15,61.78,0.0,0.0,0.0,246.48,3.34,162.0,949.67,
2015,2,10,23,6.18,58.78,0.0,0.0,0.0,244.32,3.26,163.0,949.77,
2015,2,11,0,6.22,55.79,0.0,0.0,0.0,242.15,3.19,165.0,949.86,
2015,2,11,1,5.94,54.91,0.0,0.0,0.0,243.05,3.12,165.0,949.64,
2015,2,11,2,5.67,54.04,0.0,0.0,0.0,243.95,3.06,166.0,949.43,
2015,2,11,3,5.4,53.16,0.0,0.0,0.0,244.85,2.99,166.0,949.21,
2015,2,11,4,4.92,54.78,0.0,0.0,0.0,242.98,3.06,165.0,949.24,
2015,2,11,5,4.44,56.4,0.0,0.0,0.0,241.12,3.12,165.0,949.27,
2015,2,11,6,3.96,58.02,0.0,0.0,0.0,239.25,3.19,164.0,949.3,
2015,2,11,7,5.35,59.41,0.0,0.0,0.0,239.73,3.23,164.0,949.61,
2015,2,11,8,6.74,60.81,19.0,79.02,15.0,240.22,3.27,164.0,949.92,
2015,2,11,9,8.13,62.2,210.0,589.15,67.0,240.7,3.31,164.0,950.23,
2015,2,11,10,10.21,57.43,388.0,677.74,111.0,244.6,3.18,168.0,949.58,
2015,2,11,11,12.28,52.67,534.0,735.18,139.0,248.5,3.05,173.0,948.93,
2015,2,11,12,14.36,47.9,632.0,771.39,154.0,252.4,2.92,177.0,948.28,
2015,2,11,13,14.94,46.94,679.0,827.38,141.0,258.85,2.59,184.0,947.53,
2015,2,11,14,15.52,45.98,651.0,818.26,138.0,265.3,2.26,191.0,946.79,
2015,2,11,15,16.1,45.02,479.0,455.25,228.0,271.75,1.93,198.0,946.05,
2015,2,11,16,14.2,54.55,410.0,688.29,115.0,270.77,1.83,176.0,946.01,
2015,2,11,17,12.3,64.09,192.0,295.79,113.0,269.78,1.72,153.0,945.98,
2015,2,11,18,10.4,73.62,36.0,115.7,27.0,268.8,1.61,131.0,945.95,
2015,2,11,19,8.82,79.95,0.0,0.0,0.0,265.02,2.22,138.0,946.26,
2015,2,11,20,7.24,86.29,0.0,0.0,0.0,261.23,2.82,144.0,946.57,
2015,2,11,21,5.66,92.62,0.0,0.0,0.0,257.45,3.42,151.0,946.88,
2015,2,11,22,5.1,93.04,0.0,0.0,0.0,255.1,3.15,154.0,946.76,
2015,2,11,23,4.54,93.45,0.0,0.0,0.0,252.75,2.89,158.0,946.64,
2015,2,12,0,3.98,93.87,0.0,0.0,0.0,250.4,2.62,162.0,946.51,
2015,2,12,1,4.26,90.17,0.0,0.0,0.0,253.28,2.78,162.0,946.36,
2015,2,12,2,4.54,86.47,0.0,0.0,0.0,256.17,2.93,163.0,946.2,
2015,2,12,3,4.83,82.77,0.0,0.0,0.0,259.05,3.09,164.0,946.05,
2015,2,12,4,4.53,83.64,0.0,0.0,0.0,256.75,3.13,164.0,946.08,
2015,2,12,5,4.22,84.52,0.0,0.0,0.0,254.45,3.17,164.0,946.11,
2015,2,12,6,3.92,85.39,0.0,0.0,0.0,252.15,3.21,163.0,946.14,
2015,2,12,7,5.53,82.53,0.0,0.0,0.0,253.68,2.99,165.0,946.57,
2015,2,12,8,7.14,79.67,23.0,129.47,16.0,255.22,2.76,167.0,947.01,
2015,2,12,9,8.74,76.81,184.0,348.95,98.0,256.75,2.54,169.0,947.44,
2015,2,12,10,10.8,71.72,398.0,717.24,102.0,260.97,2.54,187.0,947.1,
2015,2,12,11,12.85,66.62,539.0,736.9,140.0,265.18,2.55,205.0,946.76,
2015,2,12,12,14.91,61.53,633.0,759.65,159.0,269.4,2.55,222.0,946.42,
2015,2,12,13,14.68,61.31,688.0,844.76,135.0,277.58,3.24,243.0,946.39,
2015,2,12,14,14.45,61.08,649.0,790.42,150.0,285.77,3.92,264.0,946.36,
2015,2,12,15,14.22,60.86,387.0,192.58,280.0,293.95,4.61,285.0,946.32,
2015,2,12,16,12.82,69.22,346.0,362.82,189.0,299.07,3.42,295.0,947.07,
2015,2,12,17,11.41,77.58,203.0,343.2,110.0,304.18,2.23,306.0,947.81,
2015,2,12,18,10.01,85.94,29.0,36.84,26.0,309.3,1.05,316.0,948.56,
2015,2,12,19,8.94,90.63,0.0,0.0,0.0,300.4,1.22,313.0,949.3,
2015,2,12,20,7.87,95.31,0.0,0.0,0.0,291.5,1.39,310.0,950.05,
2015,2,12,21,6.81,100.0,0.0,0.0,0.0,282.6,1.56,306.0,950.79,
2015,2,12,22,6.6,99.68,0.0,0.0,0.0,279.4,1.61,295.0,950.95,
2015,2,12,23,6.39,99.35,0.0,0.0,0.0,276.2,1.67,283.0,951.1,
2015,2,13,0,6.19,99.03,0.0,0.0,0.0,273.0,1.72,271.0,951.26,
2015,2,13,1,6.59,99.35,0.0,0.0,0.0,284.03,1.7,267.0,951.13,
2015,2,13,2,6.99,99.68,0.0,0.0,0.0,295.07,1.68,264.0,951.01,
2015,2,13,3,7.4,100.0,0.0,0.0,0.0,306.1,1.66,260.0,950.88,
2015,2,13,4,7.54,100.0,0.0,0.0,0.0,310.68,1.55,260.0,951.01,
2015,2,13,5,7.69,100.0,0.0,0.0,0.0,315.27,1.45,260.0,951.13,
2015,2,13,6,7.83,100.0,0.0,0.0,0.0,319.85,1.35,261.0,951.26,
2015,2,13,7,8.46,100.0,0.0,0.0,0.0,326.45,1.7,269.0,951.69,
2015,2,13,8,9.09,100.0,21.0,69.45,17.0,333.05,2.05,277.0,952.12,
2015,2,13,9,9.72,100.0,119.0,55.94,105.0,339.65,2.4,285.0,952.56,
2015,2,13,10,10.19,99.25,230.0,79.19,197.0,331.97,2.29,289.0,952.31,
2015,2,13,11,10.65,98.5,91.0,0.0,91.0,324.28,2.19,293.0,952.06,
2015,2,13,12,11.12,97.75,85.0,0.0,85.0,316.6,2.08,297.0,951.81,
2015,2,13,13,11.14,94.4,62.0,0.0,62.0,315.2,2.4,299.0,951.66,
2015,2,13,14,11.15,91.06,90.0,0.0,90.0,313.8,2.71,301.0,951.5,
2015,2,13,15,11.17,87.71,283.0,41.08,260.0,312.4,3.02,302.0,951.35,
2015,2,13,16,10.18,91.06,162.0,6.87,159.0,308.88,2.31,305.0,951.78,
2015,2,13,17,9.19,94.41,69.0,0.0,69.0,305.37,1.6,308.0,952.22,
2015,2,13,18,8.2,97.76,24.0,11.76,23.0,301.85,0.9,310.0,952.65,
2015,2,13,19,7.58,98.51,0.0,0.0,0.0,301.4,1.16,299.0,953.05,
2015,2,13,20,6.97,99.25,0.0,0.0,0.0,300.95,1.42,288.0,953.46,
2015,2,13,21,6.36,100.0,0.0,0.0,0.0,300.5,1.68,276.0,953.86,
2015,2,13,22,6.14,100.0,0.0,0.0,0.0,298.67,1.86,266.0,953.77,
2015,2,13,23,5.92,100.0,0.0,0.0,0.0,296.83,2.04,256.0,953.67,
2015,2,14,0,5.7,100.0,0.0,0.0,0.0,295.0,2.22,246.0,953.58,
2015,2,14,1,5.54,100.0,0.0,0.0,0.0,293.52,2.29,246.0,953.3,
2015,2,14,2,5.38,100.0,0.0,0.0,0.0,292.03,2.36,246.0,953.02,
2015,2,14,3,5.22,100.0,0.0,0.0,0.0,290.55,2.43,246.0,952.74,
2015,2,14,4,5.15,100.0,0.0,0.0,0.0,277.37,2.59,244.0,952.68,
2015,2,14,5,5.08,100.0,0.0,0.0,0.0,264.18,2.75,242.0,952.62,
2015,2,14,6,5.01,100.0,0.0,0.0,0.0,251.0,2.91,240.0,952.56,
2015,2,14,7,6.47,96.46,0.0,0.0,0.0,249.9,3.22,250.0,952.68,
2015,2,14,8,7.93,92.93,29.0,163.39,19.0,248.8,3.54,260.0,952.81,
2015,2,14,9,9.38,89.39,221.0,590.26,71.0,247.7,3.85,269.0,952.93,
2015,2,14,10,10.36,79.29,414.0,762.77,93.0,256.25,4.57,275.0,952.53,
2015,2,14,11,11.33,69.2,445.0,349.11,253.0,264.8,5.28,280.0,952.12,
2015,2,14,12,12.31,59.1,409.0,132.76,325.0,273.35,6.0,286.0,951.72,
2015,2,14,13,12.53,60.37,296.0,16.58,285.0,280.8,6.13,286.0,950.95,
2015,2,14,14,12.75,61.63,400.0,112.48,328.0,288.25,6.27,287.0,950.17,
2015,2,14,15,12.97,62.9,376.0,157.75,287.0,295.7,6.4,288.0,949.39,
2015,2,14,16,11.98,68.56,358.0,383.26,189.0,295.7,5.52,283.0,949.52,
2015,2,14,17,10.98,74.23,205.0,315.67,117.0,295.7,4.63,279.0,949.64,
2015,2,14,18,9.99,79.89,41.0,101.48,32.0,295.7,3.75,275.0,949.77,
2015,2,14,19,9.61,83.97,0.0,0.0,0.0,287.78,3.81,273.0,950.02,
2015,2,14,20,9.24,88.05,0.0,0.0,0.0,279.87,3.87,272.0,950.26,
2015,2,14,21,8.87,92.13,0.0,0.0,0.0,271.95,3.93,270.0,950.51,
2015,2,14,22,9.0,93.36,0.0,0.0,0.0,281.18,4.1,272.0,950.23,
2015,2,14,23,9.14,94.58,0.0,0.0,0.0,290.42,4.27,274.0,949.95,
2015,2,15,0,9.28,95.81,0.0,0.0,0.0,299.65,4.44,275.0,949.67,
2015,2,15,1,9.07,96.76,0.0,0.0,0.0,305.93,4.48,275.0,949.15,
2015,2,15,2,8.86,97.7,0.0,0.0,0.0,312.22,4.51,274.0,948.62,
2015,2,15,3,8.65,98.65,0.0,0.0,0.0,318.5,4.55,273.0,948.09,
2015,2,15,4,8.61,97.52,0.0,0.0,0.0,320.15,4.45,271.0,947.81,
2015,2,15,5,8.56,96.38,0.0,0.0,0.0,321.8,4.35,268.0,947.53,
2015,2,15,6,8.52,95.25,0.0,0.0,0.0,323.45,4.25,266.0,947.26,
2015,2,15,7,8.97,94.56,0.0,0.0,0.0,319.85,4.59,264.0,947.13,
2015,2,15,8,9.41,93.88,3.0,0.0,3.0,316.25,4.94,262.0,947.01,
2015,2,15,9,9.85,93.19,100.0,15.5,96.0,312.65,5.28,260.0,946.88,
2015,2,15,10,10.41,92.06,75.0,0.0,75.0,316.38,5.94,263.0,946.39,
2015,2,15,11,10.96,90.93,91.0,0.0,91.0,320.12,6.59,265.0,945.89,
2015,2,15,12,11.52,89.8,97.0,0.0,97.0,323.85,7.24,267.0,945.39,
2015,2,15,13,11.67,90.38,72.0,0.0,72.0,321.23,7.2,274.0,944.74,
2015,2,15,14,11.83,90.97,482.0,243.6,325.0,318.62,7.17,280.0,944.09,
2015,2,15,15,11.98,91.55,351.0,112.58,287.0,316.0,7.13,287.0,943.44,
2015,2,15,16,11.14,93.78,290.0,161.77,218.0,321.67,6.34,288.0,943.97,
2015,2,15,17,10.29,96.0,141.0,63.68,123.0,327.33,5.55,289.0,944.5,
2015,2,15,18,9.45,98.23,15.0,0.0,15.0,333.0,4.76,290.0,945.02,
2015,2,15,19,9.25,98.19,0.0,0.0,0.0,333.3,4.32,288.0,945.8,
2015,2,15,20,9.06,98.15,0.0,0.0,0.0,333.6,3.89,287.0,946.57,
2015,2,15,21,8.87,98.11,0.0,0.0,0.0,333.9,3.45,285.0,947.35,
2015,2,15,22,8.96,97.97,0.0,0.0,0.0,332.28,3.52,285.0,947.53,
2015,2,15,23,9.05,97.83,0.0,0.0,0.0,330.67,3.6,284.0,947.72,
2015,2,16,0,9.15,97.69,0.0,0.0,0.0,329.05,3.67,283.0,947.91,
2015,2,16,1,9.01,95.57,0.0,0.0,0.0,330.75,3.43,284.0,947.88,
2015,2,16,2,8.87,93.44,0.0,0.0,0.0,332.45,3.18,285.0,947.84,
2015,2,16,3,8.74,91.32,0.0,0.0,0.0,334.15,2.94,285.0,947.81,
2015,2,16,4,8.65,92.03,0.0,0.0,0.0,334.55,2.95,286.0,947.97,
2015,2,16,5,8.56,92.74,0.0,0.0,0.0,334.95,2.96,287.0,948.12,
2015,2,16,6,8.47,93.45,0.0,0.0,0.0,335.35,2.97,288.0,948.28,
2015,2,16,7,8.94,92.65,0.0,0.0,0.0,335.53,3.66,291.0,948.71,
2015,2,16,8,9.41,91.84,20.0,14.57,19.0,335.72,4.34,294.0,949.15,
2015,2,16,9,9.88,91.04,134.0,72.5,115.0,335.9,5.03,296.0,949.58,
2015,2,16,10,10.31,87.62,309.0,244.63,204.0,330.77,5.36,298.0,949.52,
2015,2,16,11,10.73,84.21,510.0,544.15,206.0,325.63,5.68,301.0,949.46,
2015,2,16,12,11.16,80.79,458.0,202.61,328.0,320.5,6.0,303.0,949.39,
2015,2,16,13,11.78,76.84,332.0,32.72,310.0,314.03,6.04,304.0,948.68,
2015,2,16,14,12.39,72.9,292.0,24.66,276.0,307.57,6.07,304.0,947.97,
2015,2,16,15,13.01,68.95,252.0,17.46,242.0,301.1,6.11,305.0,947.26,
2015,2,16,16,12.1,73.78,250.5,192.57,164.0,303.6,5.03,304.0,947.53,
2015,2,16,17,11.19,78.6,249.0,568.86,86.0,306.1,3.94,302.0,947.81,
2015,2,16,18,10.28,83.43,56.0,239.77,33.0,308.6,2.86,301.0,948.09,
2015,2,16,19,9.77,85.93,0.0,0.0,0.0,308.55,2.8,297.0,948.43,
2015,2,16,20,9.27,88.42,0.0,0.0,0.0,308.5,2.74,293.0,948.77,
2015,2,16,21,8.77,90.92,0.0,0.0,0.0,308.45,2.69,289.0,949.12,
2015,2,16,22,8.72,92.0,0.0,0.0,0.0,308.63,2.7,286.0,949.02,
2015,2,16,23,8.67,93.07,0.0,0.0,0.0,308.82,2.71,284.0,948.93,
2015,2,17,0,8.62,94.15,0.0,0.0,0.0,309.0,2.72,282.0,948.84,
2015,2,17,1,8.55,92.62,0.0,0.0,0.0,314.7,2.51,283.0,948.25,
2015,2,17,2,8.48,91.09,0.0,0.0,0.0,320.4,2.3,284.0,947.66,
2015,2,17,3,8.41,89.56,0.0,0.0,0.0,326.1,2.1,285.0,947.07,
2015,2,17,4,8.18,91.04,0.0,0.0,0.0,328.88,2.18,287.0,946.91,
2015,2,17,5,7.95,92.53,0.0,0.0,0.0,331.67,2.26,288.0,946.76,
2015,2,17,6,7.72,94.01,0.0,0.0,0.0,334.45,2.34,290.0,946.6,
2015,2,17,7,8.09,94.47,0.0,0.0,0.0,333.87,2.44,294.0,947.13,
2015,2,17,8,8.46,94.92,40.0,248.33,22.0,333.28,2.54,297.0,947.66,
2015,2,17,9,8.82,95.38,236.0,623.69,70.0,332.7,2.63,301.0,948.19,
2015,2,17,10,9.6,91.95,283.0,166.09,211.0,327.4,2.58,321.0,948.06,
2015,2,17,11,10.38,88.51,168.0,0.0,168.0,322.1,2.53,341.0,947.94,
2015,2,17,12,11.16,85.08,335.0,43.34,307.0,316.8,2.48,1.0,947.81,
2015,2,17,13,10.83,88.74,64.0,0.0,64.0,307.3,2.77,10.0,947.81,
2015,2,17,14,10.5,92.41,62.0,0.0,62.0,297.8,3.05,20.0,947.81,
2015,2,17,15,10.17,96.07,439.0,272.06,282.0,288.3,3.34,29.0,947.81,
2015,2,17,16,9.36,96.11,304.0,178.69,223.0,291.38,2.74,27.0,948.19,
2015,2,17,17,8.56,96.16,221.0,351.23,119.0,294.47,2.14,25.0,948.56,
2015,2,17,18,7.75,96.2,67.0,391.85,28.0,297.55,1.54,23.0,948.93,
2015,2,17,19,7.46,97.47,0.0,0.0,0.0,295.15,1.7,27.0,949.46,
2015,2,17,20,7.17,98.73,0.0,0.0,0.0,292.75,1.86,31.0,949.98,
2015,2,17,21,6.88,100.0,0.0,0.0,0.0,290.35,2.01,34.0,950.51,
2015,2,17,22,6.9,100.0,0.0,0.0,0.0,297.32,1.89,43.0,950.51,
2015,2,17,23,6.92,100.0,0.0,0.0,0.0,304.28,1.76,52.0,950.51,
2015,2,18,0,6.95,100.0,0.0,0.0,0.0,311.25,1.63,60.0,950.51,
2015,2,18,1,6.77,99.47,0.0,0.0,0.0,310.25,1.64,64.0,950.7,
2015,2,18,2,6.59,98.93,0.0,0.0,0.0,309.25,1.66,67.0,950.88,
2015,2,18,3,6.41,98.4,0.0,0.0,0.0,308.25,1.67,71.0,951.07,
2015,2,18,4,6.36,98.09,0.0,0.0,0.0,310.3,1.86,69.0,951.41,
2015,2,18,5,6.3,97.79,0.0,0.0,0.0,312.35,2.06,68.0,951.75,
2015,2,18,6,6.25,97.48,0.0,0.0,0.0,314.4,2.25,66.0,952.09,
2015,2,18,7,7.14,95.29,0.0,0.0,0.0,316.13,2.56,69.0,952.5,
2015,2,18,8,8.02,93.1,38.0,157.08,26.0,317.87,2.86,71.0,952.9,
2015,2,18,9,8.9,90.91,237.0,595.64,76.0,319.6,3.17,73.0,953.3,
2015,2,18,10,9.97,82.42,422.0,705.77,113.0,315.05,3.52,73.0,952.84,
2015,2,18,11,11.03,73.92,371.0,148.01,287.0,310.5,3.86,72.0,952.37,
2015,2,18,12,12.1,65.43,293.0,18.44,281.0,305.95,4.21,72.0,951.91,
2015,2,18,13,12.19,64.23,529.0,278.84,339.0,306.13,4.34,68.0,951.44,
2015,2,18,14,12.29,63.03,163.0,0.0,163.0,306.32,4.46,63.0,950.98,
2015,2,18,15,12.38,61.83,74.0,0.0,74.0,306.5,4.59,59.0,950.51,
2015,2,18,16,11.32,69.16,275.0,113.69,223.0,302.48,3.98,57.0,951.04,
2015,2,18,17,10.26,76.5,235.0,421.39,111.0,298.47,3.37,54.0,951.57,
2015,2,18,18,9.2,83.83,66.0,320.01,33.0,294.45,2.76,52.0,952.09,
2015,2,18,19,8.76,86.92,0.0,0.0,0.0,292.47,2.87,57.0,952.78,
2015,2,18,20,8.32,90.01,0.0,0.0,0.0,290.48,2.98,61.0,953.46,
2015,2,18,21,7.89,93.1,0.0,0.0,0.0,288.5,3.09,66.0,954.14,
2015,2,18,22,8.01,91.92,0.0,0.0,0.0,298.33,2.99,70.0,954.17,
2015,2,18,23,8.13,90.73,0.0,0.0,0.0,308.17,2.89,74.0,954.2,
2015,2,19,0,8.26,89.55,0.0,0.0,0.0,318.0,2.79,77.0,954.23,
2015,2,19,1,7.89,88.96,0.0,0.0,0.0,315.07,2.67,77.0,953.92,
2015,2,19,2,7.52,88.37,0.0,0.0,0.0,312.13,2.55,77.0,953.61,
2015,2,19,3,7.15,87.78,0.0,0.0,0.0,309.2,2.43,76.0,953.3,
2015,2,19,4,7.22,87.5,0.0,0.0,0.0,315.5,2.4,75.0,953.3,
2015,2,19,5,7.3,87.23,0.0,0.0,0.0,321.8,2.38,75.0,953.3,
2015,2,19,6,7.37,86.95,0.0,0.0,0.0,328.1,2.36,74.0,953.3,
2015,2,19,7,8.18,84.4,0.0,0.0,0.0,327.62,2.81,76.0,953.67,
2015,2,19,8,8.99,81.85,24.0,12.44,23.0,327.13,3.27,78.0,954.05,
2015,2,19,9,9.79,79.3,124.0,40.07,113.0,326.65,3.72,80.0,954.42,
2015,2,19,10,10.62,73.53,281.0,144.73,217.0,318.77,3.64,81.0,953.86,
2015,2,19,11,11.44,67.77,403.0,201.04,288.0,310.88,3.55,82.0,953.3,
2015,2,19,12,12.26,62.0,640.0,659.37,208.0,303.0,3.46,83.0,952.74,
2015,2,19,13,12.27,61.47,697.0,752.26,181.0,304.08,3.37,83.0,952.0,
2015,2,19,14,12.28,60.93,280.0,12.08,272.0,305.17,3.28,82.0,951.26,
2015,2,19,15,12.29,60.4,259.0,17.07,249.0,306.25,3.19,82.0,950.51,
2015,2,19,16,11.43,65.6,89.0,0.0,89.0,304.5,2.66,73.0,950.76,
2015,2,19,17,10.56,70.81,103.0,6.71,101.0,302.75,2.14,64.0,951.01,
2015,2,19,18,9.7,76.01,20.0,0.0,20.0,301.0,1.61,55.0,951.26,
2015,2,19,19,9.13,79.89,0.0,0.0,0.0,299.62,1.72,59.0,951.53,
2015,2,19,20,8.57,83.77,0.0,0.0,0.0,298.23,1.83,64.0,951.81,
2015,2,19,21,8.01,87.65,0.0,0.0,0.0,296.85,1.93,68.0,952.09,
2015,2,19,22,7.78,90.43,0.0,0.0,0.0,292.97,1.96,77.0,952.09,
2015,2,19,23,7.55,93.21,0.0,0.0,0.0,289.08,1.99,85.0,952.09,
2015,2,20,0,7.33,95.99,0.0,0.0,0.0,285.2,2.01,94.0,952.09,
2015,2,20,1,6.99,95.89,0.0,0.0,0.0,289.62,1.95,96.0,951.32,
2015,2,20,2,6.65,95.78,0.0,0.0,0.0,294.03,1.89,98.0,950.54,
2015,2,20,3,6.32,95.68,0.0,0.0,0.0,298.45,1.83,100.0,949.77,
2015,2,20,4,6.06,97.08,0.0,0.0,0.0,297.93,1.92,100.0,949.55,
2015,2,20,5,5.79,98.48,0.0,0.0,0.0,297.42,2.0,100.0,949.33,
2015,2,20,6,5.53,99.88,0.0,0.0,0.0,296.9,2.08,101.0,949.12,
2015,2,20,7,6.24,98.43,0.0,0.0,0.0,300.75,2.22,100.0,949.39,
2015,2,20,8,6.95,96.97,25.0,11.85,24.0,304.6,2.36,100.0,949.67,
2015,2,20,9,7.66,95.52,42.0,0.0,42.0,308.45,2.5,99.0,949.95,
2015,2,20,10,8.17,90.05,108.0,0.0,108.0,313.4,2.71,99.0,949.46,
2015,2,20,11,8.68,84.57,53.0,0.0,53.0,318.35,2.93,98.0,948.96,
2015,2,20,12,9.19,79.1,198.0,0.0,198.0,323.3,3.14,98.0,948.46,
2015,2,20,13,8.85,82.2,108.0,0.0,108.0,326.28,3.0,82.0,947.6,
2015,2,20,14,8.5,85.31,97.0,0.0,97.0,329.27,2.86,66.0,946.73,
2015,2,20,15,8.16,88.41,84.0,0.0,84.0,332.25,2.72,51.0,945.86,
2015,2,20,16,7.7,91.44,92.0,0.0,92.0,332.4,2.66,46.0,945.58,
2015,2,20,17,7.24,94.47,62.0,0.0,62.0,332.55,2.61,41.0,945.3,
2015,2,20,18,6.78,97.5,8.0,0.0,8.0,332.7,2.55,36.0,945.02,
2015,2,20,19,6.76,97.81,0.0,0.0,0.0,330.95,2.49,33.0,945.05,
2015,2,20,20,6.74,98.12,0.0,0.0,0.0,329.2,2.43,30.0,945.08,
2015,2,20,21,6.73,98.43,0.0,0.0,0.0,327.45,2.37,27.0,945.12,
2015,2,20,22,6.85,98.94,0.0,0.0,0.0,324.37,2.0,13.0,944.81,
2015,2,20,23,6.97,99.46,0.0,0.0,0.0,321.28,1.62,358.0,944.5,
2015,2,21,0,7.09,99.97,0.0,0.0,0.0,318.2,1.24,344.0,944.19,
2015,2,21,1,6.78,99.17,0.0,0.0,0.0,318.52,1.22,324.0,943.84,
2015,2,21,2,6.48,98.36,0.0,0.0,0.0,318.83,1.2,303.0,943.5,
2015,2,21,3,6.18,97.56,0.0,0.0,0.0,319.15,1.19,283.0,943.16,
2015,2,21,4,6.13,98.25,0.0,0.0,0.0,318.08,1.61,279.0,943.01,
2015,2,21,5,6.08,98.93,0.0,0.0,0.0,317.02,2.04,276.0,942.85,
2015,2,21,6,6.03,99.62,0.0,0.0,0.0,315.95,2.47,272.0,942.7,
2015,2,21,7,6.57,99.03,0.0,0.0,0.0,316.52,2.74,276.0,942.79,
2015,2,21,8,7.11,98.45,20.0,0.0,20.0,317.08,3.01,279.0,942.88,
2015,2,21,9,7.64,97.86,77.0,0.0,77.0,317.65,3.28,282.0,942.98,
2015,2,21,10,8.51,95.03,190.0,15.52,183.0,312.9,3.14,285.0,942.36,
2015,2,21,11,9.38,92.2,54.0,0.0,54.0,308.15,2.99,288.0,941.74,
2015,2,21,12,10.25,89.37,132.0,0.0,132.0,303.4,2.84,290.0,941.12,
2015,2,21,13,10.56,81.82,95.0,0.0,95.0,305.32,3.23,289.0,940.0,
2015,2,21,14,10.88,74.27,94.0,0.0,94.0,307.23,3.62,287.0,938.88,
2015,2,21,15,11.19,66.72,502.0,405.57,261.0,309.15,4.01,286.0,937.77,
2015,2,21,16,10.02,76.7,378.0,364.14,207.0,306.82,4.19,286.0,937.8,
2015,2,21,17,8.85,86.69,213.0,248.57,137.0,304.48,4.37,286.0,937.83,
2015,2,21,18,7.68,96.67,43.0,35.14,39.0,302.15,4.55,286.0,937.86,
2015,2,21,19,7.57,97.78,0.0,0.0,0.0,310.45,4.22,292.0,937.98,
2015,2,21,20,7.46,98.89,0.0,0.0,0.0,318.75,3.88,298.0,938.11,
2015,2,21,21,7.35,100.0,0.0,0.0,0.0,327.05,3.54,303.0,938.23,
2015,2,21,22,7.11,99.59,0.0,0.0,0.0,328.17,4.13,315.0,938.94,
2015,2,21,23,6.88,99.18,0.0,0.0,0.0,329.28,4.71,326.0,939.66,
2015,2,22,0,6.65,98.77,0.0,0.0,0.0,330.4,5.3,338.0,940.37,
2015,2,22,1,6.47,99.18,0.0,0.0,0.0,327.37,4.05,334.0,940.4,
2015,2,22,2,6.3,99.59,0.0,0.0,0.0,324.33,2.8,330.0,940.43,
2015,2,22,3,6.13,100.0,0.0,0.0,0.0,321.3,1.56,327.0,940.46,
2015,2,22,4,5.85,100.0,0.0,0.0,0.0,319.43,1.58,326.0,941.08,
2015,2,22,5,5.56,100.0,0.0,0.0,0.0,317.57,1.6,325.0,941.7,
2015,2,22,6,5.28,100.0,0.0,0.0,0.0,315.7,1.61,324.0,942.32,
2015,2,22,7,5.88,98.75,0.0,0.0,0.0,311.1,2.2,324.0,943.01,
2015,2,22,8,6.47,97.51,58.0,312.78,29.0,306.5,2.79,323.0,943.69,
2015,2,22,9,7.06,96.26,207.0,288.74,124.0,301.9,3.38,322.0,944.37,
2015,2,22,10,7.77,87.01,352.0,318.26,207.0,296.13,4.69,322.0,944.37,
2015,2,22,11,8.47,77.75,433.0,242.43,291.0,290.37,5.99,322.0,944.37,
2015,2,22,12,9.18,68.5,547.0,343.83,317.0,284.6,7.3,321.0,944.37,
2015,2,22,13,9.61,68.89,728.0,813.36,159.0,284.55,7.13,322.0,943.72,
2015,2,22,14,10.03,69.29,718.0,879.3,124.0,284.5,6.96,323.0,943.07,
2015,2,22,15,10.46,69.68,487.0,349.22,278.0,284.45,6.79,323.0,942.42,
2015,2,22,16,9.66,73.63,453.0,673.5,134.0,283.48,5.19,324.0,943.1,
2015,2,22,17,8.87,77.57,288.0,704.26,70.0,282.52,3.59,325.0,943.78,
2015,2,22,18,8.07,81.52,49.0,51.13,43.0,281.55,1.99,326.0,944.46,
2015,2,22,19,7.7,86.82,0.0,0.0,0.0,283.17,2.23,326.0,945.36,
2015,2,22,20,7.34,92.11,0.0,0.0,0.0,284.78,2.48,326.0,946.26,
2015,2,22,21,6.98,97.41,0.0,0.0,0.0,286.4,2.73,326.0,947.16,
2015,2,22,22,6.8,98.27,0.0,0.0,0.0,282.02,2.6,323.0,947.57,
2015,2,22,23,6.62,99.14,0.0,0.0,0.0,277.63,2.47,321.0,947.97,
2015,2,23,0,6.45,100.0,0.0,0.0,0.0,273.25,2.34,318.0,948.37,
2015,2,23,1,6.2,100.0,0.0,0.0,0.0,263.48,2.27,307.0,948.03,
2015,2,23,2,5.95,100.0,0.0,0.0,0.0,253.72,2.19,295.0,947.69,
2015,2,23,3,5.7,100.0,0.0,0.0,0.0,243.95,2.11,284.0,947.35,
2015,2,23,4,6.02,100.0,0.0,0.0,0.0,242.75,2.45,282.0,947.57,
2015,2,23,5,6.33,100.0,0.0,0.0,0.0,241.55,2.78,280.0,947.78,
2015,2,23,6,6.65,100.0,0.0,0.0,0.0,240.35,3.12,278.0,948.0,
2015,2,23,7,8.09,93.5,0.0,0.0,0.0,246.97,3.5,279.0,948.46,
2015,2,23,8,9.52,86.99,53.0,185.64,35.0,253.58,3.89,280.0,948.93,
2015,2,23,9,10.95,80.49,215.0,315.2,123.0,260.2,4.28,282.0,949.39,
2015,2,23,10,12.22,73.66,361.0,334.66,207.0,269.83,4.65,282.0,949.08,
2015,2,23,11,13.48,66.84,546.0,564.07,213.0,279.47,5.02,283.0,948.77,
2015,2,23,12,14.75,60.01,622.0,540.41,258.0,289.1,5.39,284.0,948.46,
2015,2,23,13,14.99,60.3,453.0,126.4,364.0,296.32,5.77,285.0,947.94,
2015,2,23,14,15.22,60.58,431.0,119.12,350.0,303.53,6.15,285.0,947.41,
2015,2,23,15,15.46,60.87,612.0,774.81,145.0,310.75,6.52,286.0,946.88,
2015,2,23,16,14.17,67.09,251.0,58.62,223.0,302.12,5.37,281.0,947.07,
2015,2,23,17,12.89,73.3,269.0,529.81,103.0,293.48,4.22,276.0,947.26,
2015,2,23,18,11.6,79.52,76.0,273.0,43.0,284.85,3.06,270.0,947.44,
2015,2,23,19,10.98,83.56,0.0,0.0,0.0,275.58,3.1,268.0,948.06,
2015,2,23,20,10.36,87.6,0.0,0.0,0.0,266.32,3.14,266.0,948.68,
2015,2,23,21,9.74,91.64,0.0,0.0,0.0,257.05,3.19,263.0,949.3,
2015,2,23,22,9.65,93.45,0.0,0.0,0.0,256.18,3.49,267.0,949.64,
2015,2,23,23,9.56,95.26,0.0,0.0,0.0,255.32,3.79,270.0,949.98,
2015,2,24,0,9.47,97.07,0.0,0.0,0.0,254.45,4.1,274.0,950.33,
2015,2,24,1,9.36,96.03,0.0,0.0,0.0,263.6,4.12,277.0,950.36,
2015,2,24,2,9.25,94.98,0.0,0.0,0.0,272.75,4.14,281.0,950.39,
2015,2,24,3,9.15,93.94,0.0,0.0,0.0,281.9,4.17,284.0,950.42,
2015,2,24,4,8.94,95.07,0.0,0.0,0.0,299.52,4.4,288.0,950.91,
2015,2,24,5,8.74,96.21,0.0,0.0,0.0,317.13,4.64,292.0,951.41,
2015,2,24,6,8.53,97.34,0.0,0.0,0.0,334.75,4.88,296.0,951.91,
2015,2,24,7,8.93,97.22,0.0,0.0,0.0,334.43,4.95,302.0,952.81,
2015,2,24,8,9.32,97.11,69.0,414.74,27.0,334.12,5.02,308.0,953.71,
2015,2,24,9,9.71,96.99,152.0,70.86,131.0,333.8,5.09,315.0,954.6,
2015,2,24,10,10.14,91.25,265.0,88.22,224.0,330.6,4.65,318.0,954.85,
2015,2,24,11,10.57,85.5,80.0,0.0,80.0,327.4,4.22,321.0,955.1,
2015,2,24,12,11.0,79.76,188.0,0.0,188.0,324.2,3.78,325.0,955.35,
2015,2,24,13,11.55,73.39,120.0,0.0,120.0,312.03,3.8,325.0,954.36,
2015,2,24,14,12.1,67.02,603.0,454.42,292.0,299.87,3.82,326.0,953.36,
2015,2,24,15,12.65,60.65,218.0,3.3,216.0,287.7,3.83,326.0,952.37,
2015,2,24,16,11.45,66.24,241.0,43.6,220.0,285.33,3.23,327.0,952.74,
2015,2,24,17,10.25,71.84,106.0,3.15,105.0,282.97,2.63,328.0,953.12,
2015,2,24,18,9.05,77.43,69.0,168.84,48.0,280.6,2.03,329.0,953.49,
2015,2,24,19,8.41,81.71,0.0,0.0,0.0,274.07,2.06,321.0,954.05,
2015,2,24,20,7.77,86.0,0.0,0.0,0.0,267.53,2.1,313.0,954.6,
2015,2,24,21,7.14,90.28,0.0,0.0,0.0,261.0,2.14,306.0,955.16,
2015,2,24,22,7.21,90.9,0.0,0.0,0.0,265.73,2.26,308.0,955.16,
2015,2,24,23,7.29,91.53,0.0,0.0,0.0,270.47,2.39,311.0,955.16,
2015,2,25,0,7.37,92.15,0.0,0.0,0.0,275.2,2.51,314.0,955.16,
2015,2,25,1,6.75,90.81,0.0,0.0,0.0,282.05,2.71,316.0,954.82,
2015,2,25,2,6.14,89.48,0.0,0.0,0.0,288.9,2.91,319.0,954.48,
2015,2,25,3,5.53,88.14,0.0,0.0,0.0,295.75,3.1,322.0,954.14,
2015,2,25,4,5.38,86.65,0.0,0.0,0.0,301.55,3.05,325.0,954.54,
2015,2,25,5,5.24,85.16,0.0,0.0,0.0,307.35,3.0,327.0,954.95,
2015,2,25,6,5.09,83.67,0.0,0.0,0.0,313.15,2.95,330.0,955.35,
2015,2,25,7,5.75,83.32,0.0,0.0,0.0,312.12,3.41,331.0,955.88,
2015,2,25,8,6.41,82.96,50.0,104.13,39.0,311.08,3.86,332.0,956.4,
2015,2,25,9,7.07,82.61,198.0,202.73,137.0,310.05,4.32,333.0,956.93,
2015,2,25,10,7.28,81.7,186.0,10.65,181.0,303.02,5.16,332.0,957.05,
2015,2,25,11,7.48,80.78,405.0,166.76,305.0,295.98,6.0,330.0,957.18,
2015,2,25,12,7.69,79.87,324.0,26.36,306.0,288.95,6.84,329.0,957.3,
2015,2,25,13,8.58,73.22,415.0,77.11,360.0,288.52,6.43,326.0,956.16,
2015,2,25,14,9.48,66.58,453.0,140.82,356.0,288.08,6.02,323.0,955.01,
2015,2,25,15,10.37,59.93,223.0,3.27,221.0,287.65,5.61,320.0,953.86,
2015,2,25,16,9.68,64.1,282.0,94.71,236.0,283.95,4.7,316.0,953.8,
2015,2,25,17,8.99,68.28,194.0,140.27,149.0,280.25,3.78,311.0,953.74,
2015,2,25,18,8.3,72.45,38.0,7.82,37.0,276.55,2.87,307.0,953.67,
2015,2,25,19,7.98,74.72,0.0,0.0,0.0,274.52,2.82,303.0,953.67,
2015,2,25,20,7.66,76.99,0.0,0.0,0.0,272.48,2.77,300.0,953.67,
2015,2,25,21,7.35,79.26,0.0,0.0,0.0,270.45,2.72,296.0,953.67,
2015,2,25,22,7.65,80.44,0.0,0.0,0.0,274.17,2.95,300.0,953.33,
2015,2,25,23,7.96,81.62,0.0,0.0,0.0,277.88,3.18,305.0,952.99,
2015,2,26,0,8.27,82.8,0.0,0.0,0.0,281.6,3.41,309.0,952.65,
2015,2,26,1,8.49,82.22,0.0,0.0,0.0,287.98,3.25,307.0,951.88,
2015,2,26,2,8.71,81.64,0.0,0.0,0.0,294.37,3.09,306.0,951.1,
2015,2,26,3,8.94,81.06,0.0,0.0,0.0,300.75,2.94,304.0,950.33,
2015,2,26,4,8.74,84.52,0.0,0.0,0.0,308.0,3.3,309.0,950.39,
2015,2,26,5,8.54,87.99,0.0,0.0,0.0,315.25,3.66,314.0,950.45,
2015,2,26,6,8.34,91.45,0.0,0.0,0.0,322.5,4.01,318.0,950.51,
2015,2,26,7,8.82,93.06,0.0,0.0,0.0,325.25,3.92,322.0,950.91,
2015,2,26,8,9.3,94.66,24.0,0.0,24.0,328.0,3.82,326.0,951.32,
2015,2,26,9,9.77,96.27,134.0,29.46,125.0,330.75,3.72,330.0,951.72,
2015,2,26,10,10.28,92.21,203.0,16.88,195.0,333.87,4.25,332.0,951.63,
2015,2,26,11,10.79,88.16,199.0,0.0,199.0,336.98,4.77,334.0,951.53,
2015,2,26,12,11.3,84.1,65.0,0.0,65.0,340.1,5.3,336.0,951.44,
2015,2,26,13,11.94,79.1,389.0,54.33,350.0,328.9,5.39,338.0,950.88,
2015,2,26,14,12.57,74.09,109.0,0.0,109.0,317.7,5.49,339.0,950.33,
2015,2,26,15,13.21,69.09,120.0,0.0,120.0,306.5,5.59,341.0,949.77,
2015,2,26,16,12.4,73.29,224.0,26.55,211.0,303.45,4.57,333.0,949.92,
2015,2,26,17,11.59,77.49,170.0,73.95,146.0,300.4,3.55,324.0,950.08,
2015,2,26,18,10.78,81.69,51.0,38.07,46.0,297.35,2.54,316.0,950.23,
2015,2,26,19,10.39,82.69,0.0,0.0,0.0,296.3,2.34,309.0,950.54,
2015,2,26,20,10.0,83.68,0.0,0.0,0.0,295.25,2.15,303.0,950.85,
2015,2,26,21,9.62,84.68,0.0,0.0,0.0,294.2,1.96,297.0,951.16,
2015,2,26,22,9.65,87.02,0.0,0.0,0.0,300.85,2.06,295.0,951.04,
2015,2,26,23,9.69,89.36,0.0,0.0,0.0,307.5,2.17,293.0,950.91,
2015,2,27,0,9.73,91.7,0.0,0.0,0.0,314.15,2.28,291.0,950.79,
2015,2,27,1,9.5,92.52,0.0,0.0,0.0,312.0,2.48,288.0,950.14,
2015,2,27,2,9.27,93.33,0.0,0.0,0.0,309.85,2.69,285.0,949.49,
2015,2,27,3,9.04,94.15,0.0,0.0,0.0,307.7,2.9,282.0,948.84,
2015,2,27,4,9.13,94.52,0.0,0.0,0.0,310.75,2.81,283.0,948.9,
2015,2,27,5,9.21,94.9,0.0,0.0,0.0,313.8,2.73,284.0,948.96,
2015,2,27,6,9.3,95.27,0.0,0.0,0.0,316.85,2.65,285.0,949.02,
2015,2,27,7,9.95,94.42,0.0,0.0,0.0,325.07,2.93,288.0,949.52,
2015,2,27,8,10.6,93.58,32.0,8.73,31.0,333.28,3.22,291.0,950.02,
2015,2,27,9,11.24,92.73,124.0,16.13,119.0,341.5,3.5,294.0,950.51,
2015,2,27,10,11.62,93.15,187.0,8.35,183.0,338.97,4.41,299.0,950.48,
2015,2,27,11,11.99,93.57,256.0,11.49,249.0,336.43,5.31,304.0,950.45,
2015,2,27,12,12.36,93.99,506.0,219.6,354.0,333.9,6.22,309.0,950.42,
2015,2,27,13,12.47,89.4,300.0,9.69,293.0,327.4,6.34,311.0,949.77,
2015,2,27,14,12.57,84.8,400.0,73.11,349.0,320.9,6.47,313.0,949.12,
2015,2,27,15,12.68,80.21,414.0,156.56,317.0,314.4,6.59,314.0,948.46,
2015,2,27,16,11.77,84.62,355.0,235.02,239.0,318.2,5.48,324.0,949.12,
2015,2,27,17,10.85,89.03,222.0,219.36,150.0,322.0,4.37,333.0,949.77,
2015,2,27,18,9.94,93.44,75.0,163.23,53.0,325.8,3.26,342.0,950.42,
2015,2,27,19,9.46,95.63,0.0,0.0,0.0,329.1,2.76,349.0,951.07,
2015,2,27,20,8.98,97.81,0.0,0.0,0.0,332.4,2.27,355.0,951.72,
2015,2,27,21,8.5,100.0,0.0,0.0,0.0,335.7,1.78,2.0,952.37,
2015,2,27,22,8.1,100.0,0.0,0.0,0.0,328.3,1.87,1.0,952.56,
2015,2,27,23,7.71,100.0,0.0,0.0,0.0,320.9,1.96,359.0,952.74,
2015,2,28,0,7.32,100.0,0.0,0.0,0.0,313.5,2.06,358.0,952.93,
2015,2,28,1,6.98,100.0,0.0,0.0,0.0,310.57,1.82,357.0,952.43,
2015,2,28,2,6.65,100.0,0.0,0.0,0.0,307.63,1.58,356.0,951.94,
2015,2,28,3,6.32,100.0,0.0,0.0,0.0,304.7,1.34,356.0,951.44,
2015,2,28,4,6.7,99.97,0.0,0.0,0.0,293.18,1.01,340.0,951.53,
2015,2,28,5,7.07,99.93,0.0,0.0,0.0,281.67,0.69,325.0,951.63,
2015,2,28,6,7.45,99.9,0.0,0.0,0.0,270.15,0.36,309.0,951.72,
2015,2,28,7,8.26,98.84,0.0,0.0,0.0,263.52,0.75,313.0,952.31,
2015,2,28,8,9.06,97.78,39.0,16.8,37.0,256.88,1.14,317.0,952.9,
2015,2,28,9,9.86,96.72,283.0,625.93,86.0,250.25,1.53,321.0,953.49,
2015,2,28,10,10.85,87.82,483.0,783.89,104.0,253.72,2.31,324.0,953.4,
2015,2,28,11,11.83,78.93,623.0,777.11,146.0,257.18,3.09,327.0,953.3,
2015,2,28,12,12.81,70.03,757.0,950.0,95.0,260.65,3.86,331.0,953.21,
2015,2,28,13,12.92,69.28,783.0,913.45,119.0,268.37,3.8,329.0,952.62,
2015,2,28,14,13.02,68.54,745.0,873.25,132.0,276.08,3.74,327.0,952.03,
2015,2,28,15,13.13,67.79,601.0,647.72,197.0,283.8,3.68,326.0,951.44,
2015,2,28,16,12.12,72.87,502.0,806.03,101.0,285.43,3.21,324.0,951.84,
2015,2,28,17,9.2,94.24,248.0,316.36,143.0,277.48,1.73,323.0,952.25,
2015,2,28,18,9.06,92.62,51.0,28.94,47.0,277.01,1.88,322.0,952.65,
2015,2,28,19,8.91,90.99,0.0,0.0,0.0,276.53,2.04,312.0,953.24,
2015,2,28,20,8.77,89.37,0.0,0.0,0.0,276.06,2.2,301.0,953.83,
2015,2,28,21,8.62,87.74,0.0,0.0,0.0,275.58,2.36,291.0,954.42,
2015,2,28,22,8.48,86.12,0.0,0.0,0.0,275.1,2.51,281.0,954.29,
2015,2,28,23,8.33,84.49,0.0,0.0,0.0,274.63,2.67,271.0,954.17,
2006,3,1,0,8.19,82.87,0.0,0.0,0.0,274.15,2.83,261.0,954.05,
2006,3,1,1,8.04,81.24,0.0,0.0,0.0,273.68,2.99,187.0,938.63,
2006,3,1,2,7.89,79.62,0.0,0.0,0.0,273.2,3.15,190.0,938.76,
2006,3,1,3,7.75,77.99,0.0,0.0,0.0,272.72,3.3,192.0,938.88,
2006,3,1,4,7.6,76.37,0.0,0.0,0.0,272.25,3.46,189.0,938.76,
2006,3,1,5,7.46,74.74,0.0,0.0,0.0,271.77,3.62,187.0,938.63,
2006,3,1,6,7.31,73.11,0.0,0.0,0.0,271.29,3.78,184.0,938.51,
2006,3,1,7,7.17,71.49,0.0,0.0,0.0,270.82,3.94,187.0,938.76,
2006,3,1,8,7.02,69.86,86.0,388.22,38.0,270.34,4.09,190.0,939.01,
2006,3,1,9,11.13,69.98,292.0,648.03,85.0,281.8,3.43,194.0,939.25,
2006,3,1,10,12.48,64.59,444.0,557.11,172.0,286.17,3.67,208.0,938.98,
2006,3,1,11,13.84,59.21,561.0,515.71,242.0,290.53,3.9,221.0,938.7,
2006,3,1,12,15.19,53.82,387.0,61.3,344.0,294.9,4.14,235.0,938.42,
2006,3,1,13,14.76,57.92,715.0,639.82,247.0,302.45,4.41,245.0,938.17,
2006,3,1,14,14.33,62.02,488.0,172.72,366.0,310.0,4.69,254.0,937.92,
2006,3,1,15,13.9,66.12,286.0,22.3,272.0,317.55,4.97,264.0,937.67,
2006,3,1,16,12.3,75.15,59.0,0.0,59.0,311.28,4.4,282.0,938.63,
2006,3,1,17,10.7,84.19,45.0,0.0,45.0,305.02,3.84,300.0,939.6,
2006,3,1,18,9.1,93.22,37.0,0.0,37.0,298.75,3.28,317.0,940.56,
2006,3,1,19,8.88,95.37,0.0,0.0,0.0,301.73,2.99,314.0,941.55,
2006,3,1,20,8.65,97.53,0.0,0.0,0.0,304.72,2.7,311.0,942.54,
2006,3,1,21,8.42,99.68,0.0,0.0,0.0,307.7,2.41,308.0,943.53,
2006,3,1,22,8.49,98.76,0.0,0.0,0.0,311.08,2.46,305.0,943.78,
2006,3,1,23,8.56,97.85,0.0,0.0,0.0,314.47,2.5,302.0,944.03,
2006,3,2,0,8.63,96.93,0.0,0.0,0.0,317.85,2.54,299.0,944.28,
2006,3,2,1,8.44,97.95,0.0,0.0,0.0,322.65,2.68,301.0,944.4,
2006,3,2,2,8.26,98.98,0.0,0.0,0.0,327.45,2.81,303.0,944.53,
2006,3,2,3,8.07,100.0,0.0,0.0,0.0,332.25,2.95,304.0,944.65,
2006,3,2,4,7.82,100.0,0.0,0.0,0.0,333.22,2.67,304.0,944.99,
2006,3,2,5,7.57,100.0,0.0,0.0,0.0,334.18,2.38,303.0,945.33,
2006,3,2,6,7.32,100.0,0.0,0.0,0.0,335.15,2.1,303.0,945.67,
2006,3,2,7,8.14,99.52,0.0,0.0,0.0,333.15,2.34,300.0,946.36,
2006,3,2,8,8.96,99.04,64.0,116.94,49.0,331.15,2.57,298.0,947.04,
2006,3,2,9,9.78,98.56,143.0,33.93,132.0,329.15,2.81,295.0,947.72,
2006,3,2,10,10.46,93.48,119.0,0.0,119.0,317.97,3.12,297.0,947.81,
2006,3,2,11,11.13,88.4,339.0,60.96,301.0,306.78,3.42,298.0,947.91,
2006,3,2,12,11.81,83.32,104.0,0.0,104.0,295.6,3.72,300.0,948.0,
2006,3,2,13,12.26,76.47,205.0,0.0,205.0,298.83,3.93,299.0,947.75,
2006,3,2,14,12.7,69.62,384.0,54.88,345.0,302.07,4.14,298.0,947.5,
2006,3,2,15,13.14,62.77,623.0,685.15,190.0,305.3,4.34,297.0,947.26,
2006,3,2,16,12.21,67.18,490.0,690.73,141.0,305.07,3.71,296.0,947.69,
2006,3,2,17,11.27,71.58,306.0,610.33,99.0,304.83,3.08,296.0,948.12,
2006,3,2,18,10.33,75.99,98.0,324.14,51.0,304.6,2.44,296.0,948.56,
2006,3,2,19,9.45,81.24,0.0,0.0,0.0,289.92,2.28,284.0,949.24,
2006,3,2,20,8.57,86.49,0.0,0.0,0.0,275.23,2.12,272.0,949.92,
2006,3,2,21,7.69,91.74,0.0,0.0,0.0,260.55,1.96,259.0,950.6,
2006,3,2,22,7.27,93.62,0.0,0.0,0.0,253.67,2.14,242.0,950.54,
2006,3,2,23,6.86,95.5,0.0,0.0,0.0,246.78,2.32,225.0,950.48,
2006,3,3,0,6.45,97.38,0.0,0.0,0.0,239.9,2.5,208.0,950.42,
2006,3,3,1,6.31,97.39,0.0,0.0,0.0,237.68,2.62,209.0,950.17,
2006,3,3,2,6.17,97.41,0.0,0.0,0.0,235.47,2.74,211.0,949.92,
2006,3,3,3,6.02,97.42,0.0,0.0,0.0,233.25,2.87,212.0,949.67,
2006,3,3,4,5.88,97.95,0.0,0.0,0.0,232.33,2.93,211.0,949.58,
2006,3,3,5,5.73,98.47,0.0,0.0,0.0,231.42,2.99,210.0,949.49,
2006,3,3,6,5.59,99.0,0.0,0.0,0.0,230.5,3.05,208.0,949.39,
2006,3,3,7,7.55,92.21,0.0,0.0,0.0,232.47,3.07,215.0,949.64,
2006,3,3,8,9.51,85.42,93.0,376.1,43.0,234.43,3.09,221.0,949.89,
2006,3,3,9,11.47,78.63,293.0,586.75,100.0,236.4,3.12,227.0,950.14,
2006,3,3,10,12.63,72.12,500.0,783.43,110.0,243.55,4.3,240.0,949.8,
2006,3,3,11,13.8,65.6,657.0,843.84,127.0,250.7,5.49,253.0,949.46,
2006,3,3,12,14.96,59.09,719.0,730.1,200.0,257.85,6.68,266.0,949.12,
2006,3,3,13,14.66,58.73,438.0,83.73,376.0,263.22,6.65,270.0,949.05,
2006,3,3,14,14.36,58.37,379.0,48.95,344.0,268.58,6.63,274.0,948.99,
2006,3,3,15,14.06,58.01,445.0,190.23,324.0,273.95,6.61,278.0,948.93,
2006,3,3,16,12.71,63.82,480.0,628.56,160.0,273.48,5.73,281.0,949.21,
2006,3,3,17,11.36,69.62,270.0,379.28,140.0,273.02,4.86,284.0,949.49,
2006,3,3,18,10.01,75.43,110.0,438.12,45.0,272.55,3.99,286.0,949.77,
2006,3,3,19,9.36,79.82,0.0,0.0,0.0,266.77,3.87,279.0,950.45,
2006,3,3,20,8.71,84.21,0.0,0.0,0.0,260.98,3.76,272.0,951.13,
2006,3,3,21,8.06,88.6,0.0,0.0,0.0,255.2,3.64,264.0,951.81,
2006,3,3,22,7.99,90.65,0.0,0.0,0.0,252.12,3.54,260.0,951.81,
2006,3,3,23,7.93,92.71,0.0,0.0,0.0,249.03,3.44,256.0,951.81,
2006,3,4,0,7.86,94.76,0.0,0.0,0.0,245.95,3.34,252.0,951.81,
2006,3,4,1,7.58,95.5,0.0,0.0,0.0,245.25,3.26,249.0,951.6,
2006,3,4,2,7.31,96.24,0.0,0.0,0.0,244.55,3.17,246.0,951.38,
2006,3,4,3,7.03,96.98,0.0,0.0,0.0,243.85,3.09,243.0,951.16,
2006,3,4,4,6.73,97.52,0.0,0.0,0.0,242.02,2.98,236.0,950.73,
2006,3,4,5,6.43,98.07,0.0,0.0,0.0,240.18,2.88,228.0,950.29,
2006,3,4,6,6.13,98.61,0.0,0.0,0.0,238.35,2.77,220.0,949.86,
2006,3,4,7,7.86,90.62,0.0,0.0,0.0,238.1,2.96,220.0,949.64,
2006,3,4,8,9.6,82.64,88.0,276.04,50.0,237.85,3.14,219.0,949.43,
2006,3,4,9,11.33,74.65,299.0,602.28,98.0,237.6,3.32,218.0,949.21,
2006,3,4,10,13.16,65.29,497.0,742.09,124.0,243.1,3.87,223.0,948.09,
2006,3,4,11,14.98,55.93,645.0,771.11,157.0,248.6,4.41,228.0,946.98,
2006,3,4,12,16.81,46.57,758.0,853.92,147.0,254.1,4.95,234.0,945.86,
2006,3,4,13,17.44,44.21,786.0,834.9,164.0,257.98,5.04,236.0,944.81,
2006,3,4,14,18.07,41.85,750.0,809.14,168.0,261.87,5.13,239.0,943.75,
2006,3,4,15,18.7,39.49,668.0,835.78,133.0,265.75,5.21,242.0,942.7,
2006,3,4,16,17.06,46.35,485.0,629.74,162.0,267.47,4.32,250.0,942.23,
2006,3,4,17,15.42,53.2,268.0,355.16,145.0,269.18,3.43,259.0,941.77,
2006,3,4,18,13.78,60.06,44.0,6.59,43.0,270.9,2.54,267.0,941.3,
2006,3,4,19,12.66,65.05,0.0,0.0,0.0,269.87,2.6,267.0,941.64,
2006,3,4,20,11.53,70.03,0.0,0.0,0.0,268.83,2.66,267.0,941.98,
2006,3,4,21,10.4,75.02,0.0,0.0,0.0,267.8,2.72,267.0,942.32,
2006,3,4,22,10.79,71.39,0.0,0.0,0.0,267.77,3.07,263.0,942.14,
2006,3,4,23,11.19,67.77,0.0,0.0,0.0,267.73,3.43,260.0,941.95,
2006,3,5,0,11.59,64.14,0.0,0.0,0.0,267.7,3.78,257.0,941.77,
2006,3,5,1,11.23,68.5,0.0,0.0,0.0,268.87,4.31,255.0,941.39,
2006,3,5,2,10.88,72.87,0.0,0.0,0.0,270.03,4.84,253.0,941.02,
2006,3,5,3,10.52,77.23,0.0,0.0,0.0,271.2,5.37,251.0,940.65,
2006,3,5,4,10.35,80.86,0.0,0.0,0.0,275.12,6.05,249.0,940.12,
2006,3,5,5,10.18,84.5,0.0,0.0,0.0,279.03,6.74,247.0,939.6,
2006,3,5,6,10.01,88.13,0.0,0.0,0.0,282.95,7.42,246.0,939.07,
2006,3,5,7,10.1,87.88,0.0,0.0,0.0,288.0,9.44,251.0,939.35,
2006,3,5,8,10.19,87.62,67.0,84.26,55.0,293.05,11.47,255.0,939.63,
2006,3,5,9,10.28,87.37,63.0,0.0,63.0,298.1,13.49,260.0,939.91,
2006,3,5,10,9.89,81.35,213.0,15.76,205.0,299.32,12.58,267.0,941.18,
2006,3,5,11,9.51,75.33,420.0,148.99,325.0,300.53,11.67,274.0,942.45,
2006,3,5,12,9.12,69.31,386.0,51.38,349.0,301.75,10.76,280.0,943.72,
2006,3,5,13,9.05,66.09,387.0,41.36,356.0,286.25,10.72,283.0,944.09,
2006,3,5,14,8.97,62.86,99.0,0.0,99.0,270.75,10.69,286.0,944.46,
2006,3,5,15,8.89,59.64,323.0,38.81,298.0,255.25,10.65,289.0,944.84,
2006,3,5,16,7.96,61.34,82.0,0.0,82.0,254.07,9.73,291.0,945.98,
2006,3,5,17,7.02,63.04,219.0,157.21,164.0,252.88,8.82,293.0,947.13,
2006,3,5,18,6.08,64.74,85.0,141.92,63.0,251.7,7.9,295.0,948.28,
2006,3,5,19,5.98,63.31,0.0,0.0,0.0,257.2,7.65,297.0,949.27,
2006,3,5,20,5.88,61.88,0.0,0.0,0.0,262.7,7.4,298.0,950.26,
2006,3,5,21,5.78,60.45,0.0,0.0,0.0,268.2,7.14,300.0,951.26,
2006,3,5,22,5.86,58.96,0.0,0.0,0.0,267.35,6.86,303.0,951.66,
2006,3,5,23,5.95,57.47,0.0,0.0,0.0,266.5,6.57,305.0,952.06,
2006,3,6,0,6.03,55.98,0.0,0.0,0.0,265.65,6.29,308.0,952.47,
2006,3,6,1,5.86,55.99,0.0,0.0,0.0,260.72,6.21,310.0,952.09,
2006,3,6,2,5.69,56.0,0.0,0.0,0.0,255.78,6.12,313.0,951.72,
2006,3,6,3,5.52,56.01,0.0,0.0,0.0,250.85,6.04,315.0,951.35,
2006,3,6,4,5.2,57.82,0.0,0.0,0.0,248.75,6.01,316.0,951.75,
2006,3,6,5,4.88,59.62,0.0,0.0,0.0,246.65,5.98,318.0,952.15,
2006,3,6,6,4.56,61.43,0.0,0.0,0.0,244.55,5.94,320.0,952.56,
2006,3,6,7,5.23,62.25,0.0,0.0,0.0,244.62,6.71,322.0,953.4,
2006,3,6,8,5.9,63.08,42.0,6.79,41.0,244.68,7.47,324.0,954.23,
2006,3,6,9,6.57,63.9,268.0,369.82,141.0,244.75,8.23,326.0,955.07,
2006,3,6,10,7.0,60.01,511.0,761.25,121.0,247.72,8.5,326.0,955.26,
2006,3,6,11,7.42,56.13,512.0,319.11,307.0,250.68,8.77,327.0,955.44,
2006,3,6,12,7.85,52.24,226.0,0.0,226.0,253.65,9.03,328.0,955.63,
2006,3,6,13,8.45,50.97,650.0,405.86,344.0,257.85,8.65,327.0,954.98,
2006,3,6,14,9.05,49.69,585.0,316.02,355.0,262.05,8.26,326.0,954.33,
2006,3,6,15,9.65,48.42,429.0,149.66,332.0,266.25,7.88,324.0,953.67,
2006,3,6,16,8.93,51.66,315.0,113.36,256.0,262.48,6.99,324.0,954.36,
2006,3,6,17,8.21,54.91,311.0,551.83,116.0,258.72,6.1,323.0,955.04,
2006,3,6,18,7.48,58.15,120.0,461.11,47.0,254.95,5.21,323.0,955.72,
2006,3,6,19,6.93,64.99,0.0,0.0,0.0,255.03,4.65,316.0,956.4,
2006,3,6,20,6.38,71.83,0.0,0.0,0.0,255.12,4.08,309.0,957.09,
2006,3,6,21,5.83,78.67,0.0,0.0,0.0,255.2,3.52,302.0,957.77,
2006,3,6,22,5.78,81.64,0.0,0.0,0.0,248.83,3.48,298.0,957.92,
2006,3,6,23,5.74,84.61,0.0,0.0,0.0,242.47,3.43,294.0,958.08,
2006,3,7,0,5.7,87.58,0.0,0.0,0.0,236.1,3.39,289.0,958.23,
2006,3,7,1,5.7,87.9,0.0,0.0,0.0,235.05,3.6,291.0,957.77,
2006,3,7,2,5.7,88.22,0.0,0.0,0.0,234.0,3.8,293.0,957.3,
2006,3,7,3,5.69,88.54,0.0,0.0,0.0,232.95,4.0,294.0,956.84,
2006,3,7,4,5.44,91.67,0.0,0.0,0.0,232.85,4.0,300.0,957.15,
2006,3,7,5,5.18,94.79,0.0,0.0,0.0,232.75,3.99,305.0,957.46,
2006,3,7,6,4.92,97.92,0.0,0.0,0.0,232.65,3.99,311.0,957.77,
2006,3,7,7,6.48,90.66,0.0,0.0,0.0,235.75,4.46,316.0,958.17,
2006,3,7,8,8.04,83.4,76.0,105.23,60.0,238.85,4.94,321.0,958.57,
2006,3,7,9,9.6,76.14,269.0,356.02,145.0,241.95,5.42,326.0,958.98,
2006,3,7,10,10.46,68.29,414.0,349.98,233.0,249.07,5.59,326.0,958.61,
2006,3,7,11,11.31,60.45,461.0,203.96,329.0,256.18,5.76,327.0,958.23,
2006,3,7,12,12.17,52.6,607.0,361.91,343.0,263.3,5.93,328.0,957.86,
2006,3,7,13,12.69,52.05,672.0,449.63,331.0,259.25,5.85,324.0,957.05,
2006,3,7,14,13.2,51.49,567.0,274.58,366.0,255.2,5.77,321.0,956.25,
2006,3,7,15,13.71,50.94,656.0,734.52,177.0,251.15,5.68,317.0,955.44,
2006,3,7,16,12.49,57.92,502.0,660.1,156.0,250.88,4.9,315.0,955.54,
2006,3,7,17,11.27,64.91,318.0,577.28,112.0,250.62,4.12,312.0,955.63,
2006,3,7,18,10.04,71.89,103.0,247.55,63.0,250.35,3.34,309.0,955.72,
2006,3,7,19,9.02,79.11,0.0,0.0,0.0,249.27,3.0,298.0,956.19,
2006,3,7,20,7.99,86.33,0.0,0.0,0.0,248.18,2.67,287.0,956.65,
2006,3,7,21,6.97,93.55,0.0,0.0,0.0,247.1,2.33,276.0,957.12,
2006,3,7,22,6.83,93.97,0.0,0.0,0.0,246.73,2.31,266.0,956.96,
2006,3,7,23,6.7,94.4,0.0,0.0,0.0,246.37,2.29,256.0,956.81,
2006,3,8,0,6.56,94.82,0.0,0.0,0.0,246.0,2.26,245.0,956.65,
2006,3,8,1,6.43,95.05,0.0,0.0,0.0,245.63,2.3,243.0,956.09,
2006,3,8,2,6.31,95.28,0.0,0.0,0.0,245.27,2.34,241.0,955.54,
2006,3,8,3,6.18,95.51,0.0,0.0,0.0,244.9,2.37,239.0,954.98,
2006,3,8,4,5.96,96.56,0.0,0.0,0.0,243.73,2.41,236.0,955.04,
2006,3,8,5,5.74,97.6,0.0,0.0,0.0,242.57,2.46,233.0,955.1,
2006,3,8,6,5.52,98.65,0.0,0.0,0.0,241.4,2.5,229.0,955.16,
2006,3,8,7,7.84,90.56,0.0,0.0,0.0,243.6,2.43,238.0,955.63,
2006,3,8,8,10.17,82.46,110.0,350.53,55.0,245.8,2.36,247.0,956.09,
2006,3,8,9,12.49,74.37,319.0,605.9,105.0,248.0,2.29,256.0,956.56,
2006,3,8,10,14.06,68.25,517.0,739.4,131.0,254.68,2.78,268.0,956.03,
2006,3,8,11,15.63,62.14,663.0,762.31,166.0,261.37,3.27,281.0,955.5,
2006,3,8,12,17.2,56.02,771.0,828.24,163.0,268.05,3.77,294.0,954.98,
2006,3,8,13,17.71,56.0,780.0,747.23,210.0,271.33,3.64,299.0,954.14,
2006,3,8,14,18.21,55.98,757.0,767.44,192.0,274.62,3.52,304.0,953.3,
2006,3,8,15,18.71,55.96,668.0,765.17,166.0,277.9,3.39,309.0,952.47,
2006,3,8,16,16.98,64.43,518.0,716.11,140.0,276.0,2.91,311.0,952.34,
2006,3,8,17,15.24,72.89,324.0,591.17,111.0,274.1,2.44,312.0,952.22,
2006,3,8,18,13.5,81.36,117.0,357.93,58.0,272.2,1.96,314.0,952.09,
2006,3,8,19,12.5,85.09,0.0,0.0,0.0,268.72,1.81,288.0,952.4,
2006,3,8,20,11.5,88.81,0.0,0.0,0.0,265.23,1.66,262.0,952.71,
2006,3,8,21,10.5,92.54,0.0,0.0,0.0,261.75,1.52,236.0,953.02,
2006,3,8,22,9.99,94.57,0.0,0.0,0.0,258.7,1.89,221.0,952.87,
2006,3,8,23,9.48,96.6,0.0,0.0,0.0,255.65,2.25,206.0,952.71,
2006,3,9,0,8.97,98.63,0.0,0.0,0.0,252.6,2.62,191.0,952.56,
2006,3,9,1,8.72,98.46,0.0,0.0,0.0,249.3,2.63,191.0,952.06,
2006,3,9,2,8.47,98.3,0.0,0.0,0.0,246.0,2.64,191.0,951.57,
2006,3,9,3,8.21,98.13,0.0,0.0,0.0,242.7,2.65,191.0,951.07,
2006,3,9,4,8.04,98.75,0.0,0.0,0.0,240.72,2.68,192.0,951.01,
2006,3,9,5,7.87,99.38,0.0,0.0,0.0,238.73,2.71,193.0,950.95,
2006,3,9,6,7.7,100.0,0.0,0.0,0.0,236.75,2.74,193.0,950.88,
2006,3,9,7,9.95,91.53,0.0,0.0,0.0,238.53,2.63,201.0,951.13,
2006,3,9,8,12.19,83.05,116.0,370.83,56.0,240.32,2.51,208.0,951.38,
2006,3,9,9,14.44,74.58,324.0,611.55,105.0,242.1,2.39,216.0,951.63,
2006,3,9,10,16.03,65.61,519.0,726.86,136.0,249.57,2.9,231.0,951.07,
2006,3,9,11,17.61,56.63,668.0,764.39,166.0,257.03,3.41,247.0,950.51,
2006,3,9,12,19.2,47.66,776.0,829.84,163.0,264.5,3.92,262.0,949.95,
2006,3,9,13,19.49,46.3,785.0,748.15,211.0,267.88,3.96,267.0,949.46,
2006,3,9,14,19.78,44.93,766.0,784.74,185.0,271.27,4.0,271.0,948.96,
2006,3,9,15,20.06,43.57,680.0,797.0,154.0,274.65,4.04,276.0,948.46,
2006,3,9,16,18.33,48.82,522.0,716.83,141.0,272.92,3.6,279.0,948.53,
2006,3,9,17,16.6,54.07,325.0,582.86,113.0,271.18,3.17,282.0,948.59,
2006,3,9,18,14.87,59.32,119.0,351.07,60.0,269.45,2.73,285.0,948.65,
2006,3,9,19,13.71,64.19,0.0,0.0,0.0,266.0,2.8,277.0,949.18,
2006,3,9,20,12.55,69.07,0.0,0.0,0.0,262.55,2.88,269.0,949.71,
2006,3,9,21,11.39,73.94,0.0,0.0,0.0,259.1,2.95,261.0,950.23,
2006,3,9,22,11.17,77.46,0.0,0.0,0.0,255.7,3.15,261.0,950.45,
2006,3,9,23,10.95,80.97,0.0,0.0,0.0,252.3,3.36,260.0,950.67,
2006,3,10,0,10.73,84.49,0.0,0.0,0.0,248.9,3.56,260.0,950.88,
2006,3,10,1,10.44,88.06,0.0,0.0,0.0,248.02,3.9,264.0,951.1,
2006,3,10,2,10.16,91.63,0.0,0.0,0.0,247.13,4.24,268.0,951.32,
2006,3,10,3,9.87,95.2,0.0,0.0,0.0,246.25,4.58,272.0,951.53,
2006,3,10,4,9.72,96.6,0.0,0.0,0.0,252.22,4.76,275.0,952.03,
2006,3,10,5,9.56,98.0,0.0,0.0,0.0,258.18,4.95,278.0,952.53,
2006,3,10,6,9.41,99.4,0.0,0.0,0.0,264.15,5.13,281.0,953.02,
2006,3,10,7,10.13,97.41,0.0,0.0,0.0,287.08,5.44,288.0,953.58,
2006,3,10,8,10.85,95.43,98.0,185.94,67.0,310.02,5.76,294.0,954.14,
2006,3,10,9,11.57,93.44,265.0,283.71,162.0,332.95,6.07,301.0,954.7,
2006,3,10,10,12.21,88.41,268.0,45.13,244.0,327.85,5.88,307.0,954.51,
2006,3,10,11,12.84,83.37,446.0,161.76,339.0,322.75,5.68,314.0,954.33,
2006,3,10,12,13.48,78.34,481.0,129.16,385.0,317.65,5.49,320.0,954.14,
2006,3,10,13,13.92,73.96,507.0,136.08,402.0,312.93,5.68,318.0,953.74,
2006,3,10,14,14.35,69.58,643.0,413.7,335.0,308.22,5.87,315.0,953.33,
2006,3,10,15,14.78,65.2,562.0,397.68,298.0,303.5,6.06,313.0,952.93,
2006,3,10,16,13.75,67.42,500.0,601.73,178.0,297.15,5.32,309.0,953.02,
2006,3,10,17,12.72,69.64,280.0,332.32,158.0,290.8,4.58,304.0,953.12,
2006,3,10,18,11.68,71.86,100.0,169.33,71.0,284.45,3.85,300.0,953.21,
2006,3,10,19,11.0,71.55,0.0,0.0,0.0,275.87,3.72,290.0,953.61,
2006,3,10,20,10.32,71.24,0.0,0.0,0.0,267.28,3.59,280.0,954.02,
2006,3,10,21,9.64,70.93,0.0,0.0,0.0,258.7,3.46,270.0,954.42,
2006,3,10,22,9.58,71.48,0.0,0.0,0.0,254.2,3.58,269.0,954.26,
2006,3,10,23,9.52,72.02,0.0,0.0,0.0,249.7,3.7,268.0,954.11,
2006,3,11,0,9.46,72.57,0.0,0.0,0.0,245.2,3.82,267.0,953.95,
2006,3,11,1,9.29,74.06,0.0,0.0,0.0,243.12,4.03,267.0,953.27,
2006,3,11,2,9.12,75.55,0.0,0.0,0.0,241.03,4.23,268.0,952.59,
2006,3,11,3,8.94,77.04,0.0,0.0,0.0,238.95,4.44,268.0,951.91,
2006,3,11,4,8.78,77.87,0.0,0.0,0.0,239.52,4.5,269.0,951.94,
2006,3,11,5,8.62,78.7,0.0,0.0,0.0,240.08,4.55,270.0,951.97,
2006,3,11,6,8.46,79.53,0.0,0.0,0.0,240.65,4.61,271.0,952.0,
2006,3,11,7,9.82,75.94,0.0,0.0,0.0,243.67,5.04,275.0,952.19,
2006,3,11,8,11.18,72.35,126.0,396.12,58.0,246.68,5.48,279.0,952.37,
2006,3,11,9,12.54,68.76,335.0,616.86,108.0,249.7,5.92,283.0,952.56,
2006,3,11,10,13.46,64.45,530.0,732.28,137.0,255.47,6.44,292.0,952.22,
2006,3,11,11,14.39,60.13,683.0,783.49,161.0,261.23,6.97,301.0,951.88,
2006,3,11,12,15.31,55.82,787.0,833.05,164.0,267.0,7.49,310.0,951.53,
2006,3,11,13,15.73,56.12,813.0,811.92,183.0,271.15,7.48,313.0,950.88,
2006,3,11,14,16.14,56.41,779.0,801.5,179.0,275.3,7.47,315.0,950.23,
2006,3,11,15,16.55,56.71,685.0,784.81,161.0,279.45,7.46,318.0,949.58,
2006,3,11,16,15.21,62.64,536.0,748.08,133.0,280.0,6.35,316.0,950.05,
2006,3,11,17,13.87,68.57,334.0,599.23,112.0,280.55,5.25,315.0,950.51,
2006,3,11,18,12.53,74.5,126.0,372.63,61.0,281.1,4.14,314.0,950.98,
2006,3,11,19,11.67,79.41,0.0,0.0,0.0,276.38,3.68,304.0,951.63,
2006,3,11,20,10.8,84.31,0.0,0.0,0.0,271.67,3.22,295.0,952.28,
2006,3,11,21,9.93,89.22,0.0,0.0,0.0,266.95,2.76,286.0,952.93,
2006,3,11,22,9.81,88.92,0.0,0.0,0.0,266.37,2.76,287.0,952.9,
2006,3,11,23,9.7,88.61,0.0,0.0,0.0,265.78,2.77,289.0,952.87,
2006,3,12,0,9.59,88.31,0.0,0.0,0.0,265.2,2.77,290.0,952.84,
2006,3,12,1,9.28,89.68,0.0,0.0,0.0,265.82,2.91,294.0,952.19,
2006,3,12,2,8.97,91.06,0.0,0.0,0.0,266.43,3.06,298.0,951.53,
2006,3,12,3,8.66,92.43,0.0,0.0,0.0,267.05,3.2,303.0,950.88,
2006,3,12,4,8.2,93.77,0.0,0.0,0.0,267.53,3.14,306.0,950.98,
2006,3,12,5,7.73,95.1,0.0,0.0,0.0,268.02,3.07,309.0,951.07,
2006,3,12,6,7.27,96.44,0.0,0.0,0.0,268.5,3.01,312.0,951.16,
2006,3,12,7,9.67,88.87,0.0,0.0,0.0,270.5,3.72,321.0,951.57,
2006,3,12,8,12.06,81.3,129.0,384.97,61.0,272.5,4.44,331.0,951.97,
2006,3,12,9,14.46,73.73,336.0,597.94,113.0,274.5,5.16,341.0,952.37,
2006,3,12,10,15.08,67.54,533.0,720.14,143.0,282.92,5.52,341.0,952.15,
2006,3,12,11,15.71,61.35,680.0,755.6,173.0,291.33,5.88,342.0,951.94,
2006,3,12,12,16.33,55.16,788.0,818.71,172.0,299.75,6.23,343.0,951.72,
2006,3,12,13,16.9,52.91,794.0,736.94,219.0,296.73,5.97,341.0,950.45,
2006,3,12,14,17.47,50.65,762.0,728.09,214.0,293.72,5.71,339.0,949.18,
2006,3,12,15,18.04,48.4,689.0,784.83,162.0,290.7,5.45,337.0,947.91,
2006,3,12,16,16.61,55.81,537.0,735.81,138.0,285.45,4.66,339.0,948.09,
2006,3,12,17,15.17,63.22,340.0,612.62,111.0,280.2,3.88,341.0,948.28,
2006,3,12,18,13.73,70.63,131.0,399.8,60.0,274.95,3.09,343.0,948.46,
2006,3,12,19,12.15,78.72,0.0,0.0,0.0,269.63,2.56,352.0,948.96,
2006,3,12,20,10.56,86.81,0.0,0.0,0.0,264.32,2.03,2.0,949.46,
2006,3,12,21,8.97,94.9,0.0,0.0,0.0,259.0,1.5,11.0,949.95,
2006,3,12,22,8.91,93.19,0.0,0.0,0.0,254.8,1.26,356.0,949.77,
2006,3,12,23,8.86,91.48,0.0,0.0,0.0,250.6,1.02,341.0,949.58,
2006,3,13,0,8.81,89.77,0.0,0.0,0.0,246.4,0.77,325.0,949.39,
2006,3,13,1,8.02,90.31,0.0,0.0,0.0,245.78,1.08,295.0,948.15,
2006,3,13,2,7.23,90.84,0.0,0.0,0.0,245.17,1.38,266.0,946.91,
2006,3,13,3,6.43,91.38,0.0,0.0,0.0,244.55,1.68,236.0,945.67,
2006,3,13,4,6.02,90.94,0.0,0.0,0.0,244.07,1.84,239.0,945.74,
2006,3,13,5,5.6,90.49,0.0,0.0,0.0,243.58,2.0,241.0,945.8,
2006,3,13,6,5.18,90.05,0.0,0.0,0.0,243.1,2.15,244.0,945.86,
2006,3,13,7,8.43,83.81,0.0,0.0,0.0,246.35,1.89,268.0,946.32,
2006,3,13,8,11.67,77.56,104.0,159.67,75.0,249.6,1.62,291.0,946.79,
2006,3,13,9,14.92,71.32,342.0,603.31,114.0,252.85,1.35,315.0,947.26,
2006,3,13,10,15.98,64.51,547.0,764.95,129.0,259.53,1.96,327.0,946.88,
2006,3,13,11,17.03,57.71,678.0,726.64,187.0,266.22,2.57,338.0,946.51,
2006,3,13,12,18.09,50.9,784.0,788.72,187.0,272.9,3.17,349.0,946.14,
2006,3,13,13,18.66,49.26,827.0,829.79,176.0,274.87,3.25,348.0,945.33,
2006,3,13,14,19.23,47.62,784.0,788.97,187.0,276.83,3.32,347.0,944.53,
2006,3,13,15,19.79,45.98,689.0,771.58,168.0,278.8,3.39,345.0,943.72,
2006,3,13,16,18.2,53.22,535.0,710.92,147.0,277.1,3.11,354.0,943.97,
2006,3,13,17,16.61,60.45,341.0,601.96,114.0,275.4,2.82,2.0,944.22,
2006,3,13,18,15.01,67.69,132.0,376.28,64.0,273.7,2.54,11.0,944.46,
2006,3,13,19,13.58,73.78,0.0,0.0,0.0,270.33,2.38,32.0,945.05,
2006,3,13,20,12.14,79.88,0.0,0.0,0.0,266.97,2.22,52.0,945.64,
2006,3,13,21,10.71,85.97,0.0,0.0,0.0,263.6,2.06,73.0,946.23,
2006,3,13,22,9.78,90.62,0.0,0.0,0.0,260.02,2.11,91.0,946.2,
2006,3,13,23,8.85,95.28,0.0,0.0,0.0,256.43,2.17,108.0,946.17,
2006,3,14,0,7.92,99.93,0.0,0.0,0.0,252.85,2.22,126.0,946.14,
2006,3,14,1,7.22,99.95,0.0,0.0,0.0,252.53,2.3,134.0,945.77,
2006,3,14,2,6.52,99.98,0.0,0.0,0.0,252.22,2.38,143.0,945.39,
2006,3,14,3,5.82,100.0,0.0,0.0,0.0,251.9,2.46,151.0,945.02,
2006,3,14,4,5.26,100.0,0.0,0.0,0.0,250.72,2.5,152.0,944.96,
2006,3,14,5,4.69,100.0,0.0,0.0,0.0,249.53,2.54,152.0,944.9,
2006,3,14,6,4.12,100.0,0.0,0.0,0.0,248.35,2.58,153.0,944.84,
2006,3,14,7,7.34,92.07,0.0,0.0,0.0,250.7,2.29,151.0,945.12,
2006,3,14,8,10.55,84.15,140.0,412.58,63.0,253.05,2.01,150.0,945.39,
2006,3,14,9,13.77,76.22,351.0,629.43,110.0,255.4,1.72,148.0,945.67,
2006,3,14,10,15.76,67.48,457.1,531.55,164.05,263.28,1.24,113.0,945.12,
2006,3,14,11,17.74,58.73,695.0,773.05,169.0,271.17,0.75,78.0,944.56,
2006,3,14,12,19.73,49.99,811.0,869.43,149.0,279.05,0.26,42.0,944.0,
2006,3,14,13,19.85,49.5,818.0,784.74,199.0,281.45,0.6,18.0,943.53,
2006,3,14,14,19.97,49.0,793.0,805.87,180.0,283.85,0.93,354.0,943.07,
2006,3,14,15,20.09,48.51,705.0,818.89,149.0,286.25,1.27,330.0,942.6,
2006,3,14,16,18.43,54.49,551.0,768.32,129.0,285.4,1.83,343.0,942.67,
2006,3,14,17,16.77,60.47,325.0,494.26,137.0,284.55,2.39,356.0,942.73,
2006,3,14,18,15.1,66.45,136.0,397.12,63.0,283.7,2.95,9.0,942.79,
2006,3,14,19,13.56,73.21,0.0,0.0,0.0,281.0,2.66,28.0,943.32,
2006,3,14,20,12.02,79.97,0.0,0.0,0.0,278.3,2.37,47.0,943.84,
2006,3,14,21,10.48,86.73,0.0,0.0,0.0,275.6,2.08,67.0,944.37,
2006,3,14,22,10.01,88.09,0.0,0.0,0.0,273.5,2.07,91.0,944.15,
2006,3,14,23,9.54,89.46,0.0,0.0,0.0,271.4,2.06,116.0,943.94,
2006,3,15,0,9.07,90.82,0.0,0.0,0.0,269.3,2.06,140.0,943.72,
2006,3,15,1,8.77,88.02,0.0,0.0,0.0,267.58,2.0,146.0,943.69,
2006,3,15,2,8.48,85.22,0.0,0.0,0.0,265.87,1.94,152.0,943.66,
2006,3,15,3,8.18,82.42,0.0,0.0,0.0,264.15,1.89,158.0,943.63,
2006,3,15,4,7.24,85.59,0.0,0.0,0.0,262.98,2.04,160.0,943.56,
2006,3,15,5,6.3,88.75,0.0,0.0,0.0,261.82,2.18,161.0,943.5,
2006,3,15,6,5.36,91.92,0.0,0.0,0.0,260.65,2.33,163.0,943.44,
2006,3,15,7,8.3,84.77,0.0,0.0,0.0,262.97,2.13,169.0,943.81,
2006,3,15,8,11.25,77.62,143.0,406.99,65.0,265.28,1.93,174.0,944.19,
2006,3,15,9,14.19,70.47,354.0,621.36,113.0,267.6,1.72,179.0,944.56,
2006,3,15,10,15.99,63.74,552.0,742.58,139.0,274.47,1.54,208.0,944.06,
2006,3,15,11,17.8,57.0,708.0,804.25,157.0,281.33,1.35,237.0,943.56,
2006,3,15,12,19.6,50.27,821.0,886.55,142.0,288.2,1.16,265.0,943.07,
2006,3,15,13,19.58,50.88,846.0,865.06,160.0,291.47,1.54,292.0,942.73,
2006,3,15,14,19.56,51.48,815.0,869.71,150.0,294.73,1.92,320.0,942.39,
2006,3,15,15,19.54,52.09,713.0,834.98,143.0,298.0,2.3,347.0,942.05,
2006,3,15,16,17.8,58.61,552.0,754.49,135.0,297.95,2.45,351.0,942.2,
2006,3,15,17,16.05,65.12,348.0,607.4,115.0,297.9,2.59,355.0,942.36,
2006,3,15,18,14.3,71.64,137.0,379.88,66.0,297.85,2.73,359.0,942.51,
2006,3,15,19,13.3,76.42,0.0,0.0,0.0,294.47,2.23,5.0,943.16,
2006,3,15,20,12.29,81.19,0.0,0.0,0.0,291.08,1.72,11.0,943.81,
2006,3,15,21,11.29,85.97,0.0,0.0,0.0,287.7,1.21,17.0,944.46,
2006,3,15,22,10.06,89.1,0.0,0.0,0.0,283.12,0.93,1.0,944.4,
2006,3,15,23,8.83,92.23,0.0,0.0,0.0,278.53,0.65,346.0,944.34,
2006,3,16,0,7.6,95.36,0.0,0.0,0.0,273.95,0.37,330.0,944.28,
2006,3,16,1,7.04,95.58,0.0,0.0,0.0,270.93,0.56,295.0,944.09,
2006,3,16,2,6.48,95.81,0.0,0.0,0.0,267.92,0.74,260.0,943.91,
2006,3,16,3,5.92,96.03,0.0,0.0,0.0,264.9,0.92,226.0,943.72,
2006,3,16,4,5.63,97.35,0.0,0.0,0.0,273.27,1.19,209.0,943.78,
2006,3,16,5,5.34,98.68,0.0,0.0,0.0,281.63,1.45,192.0,943.84,
2006,3,16,6,5.05,100.0,0.0,0.0,0.0,290.0,1.71,175.0,943.91,
2006,3,16,7,7.4,96.8,0.0,0.0,0.0,299.1,1.55,178.0,944.12,
2006,3,16,8,9.75,93.59,145.0,381.32,70.0,308.2,1.4,181.0,944.34,
2006,3,16,9,12.1,90.39,358.0,610.94,118.0,317.3,1.24,184.0,944.56,
2006,3,16,10,14.43,76.03,558.0,743.29,141.0,316.58,1.22,216.0,944.09,
2006,3,16,11,16.75,61.68,705.0,775.61,170.0,315.87,1.2,248.0,943.63,
2006,3,16,12,19.08,47.32,817.0,855.48,158.0,315.15,1.19,279.0,943.16,
2006,3,16,13,19.61,45.28,851.0,865.54,161.0,309.75,1.47,294.0,942.63,
2006,3,16,14,20.14,43.23,828.0,904.32,133.0,304.35,1.76,309.0,942.11,
2006,3,16,15,20.67,41.19,717.0,836.37,143.0,298.95,2.04,323.0,941.58,
2006,3,16,16,18.97,50.83,556.0,757.06,135.0,296.08,2.08,335.0,941.61,
2006,3,16,17,17.27,60.47,354.0,620.46,114.0,293.22,2.12,348.0,941.64,
2006,3,16,18,15.57,70.11,149.0,473.78,59.0,290.35,2.17,360.0,941.67,
2006,3,16,19,13.97,75.61,0.0,0.0,0.0,286.3,2.01,33.0,942.14,
2006,3,16,20,12.37,81.11,0.0,0.0,0.0,282.25,1.85,66.0,942.6,
2006,3,16,21,10.77,86.61,0.0,0.0,0.0,278.2,1.7,99.0,943.07,
2006,3,16,22,9.94,89.34,0.0,0.0,0.0,275.82,1.91,115.0,942.7,
2006,3,16,23,9.11,92.07,0.0,0.0,0.0,273.43,2.13,130.0,942.32,
2006,3,17,0,8.28,94.8,0.0,0.0,0.0,271.05,2.34,146.0,941.95,
2006,3,17,1,7.55,96.53,0.0,0.0,0.0,270.52,2.21,151.0,941.77,
2006,3,17,2,6.82,98.27,0.0,0.0,0.0,269.98,2.08,156.0,941.58,
2006,3,17,3,6.09,100.0,0.0,0.0,0.0,269.45,1.94,161.0,941.39,
2006,3,17,4,5.45,100.0,0.0,0.0,0.0,268.37,1.97,160.0,941.21,
2006,3,17,5,4.81,100.0,0.0,0.0,0.0,267.28,1.99,158.0,941.02,
2006,3,17,6,4.17,100.0,0.0,0.0,0.0,266.2,2.01,156.0,940.84,
2006,3,17,7,7.91,91.49,0.0,0.0,0.0,269.08,2.01,153.0,940.71,
2006,3,17,8,11.64,82.99,154.0,426.32,68.0,271.97,2.0,149.0,940.59,
2006,3,17,9,15.38,74.48,365.0,628.44,115.0,274.85,2.0,145.0,940.46,
2006,3,17,10,17.74,64.54,563.0,745.77,141.0,282.43,1.94,144.0,939.69,
2006,3,17,11,20.1,54.6,707.0,763.22,177.0,290.02,1.89,144.0,938.91,
2006,3,17,12,22.46,44.66,809.0,809.3,182.0,297.6,1.83,143.0,938.14,
2006,3,17,13,22.94,43.16,841.0,818.63,185.0,300.12,1.57,169.0,937.33,
2006,3,17,14,23.42,41.66,806.0,807.87,182.0,302.63,1.3,195.0,936.53,
2006,3,17,15,23.9,40.16,658.0,608.78,238.0,305.15,1.03,221.0,935.72,
2006,3,17,16,21.67,49.55,513.0,561.25,199.0,300.7,1.46,265.0,935.66,
2006,3,17,17,19.44,58.94,347.0,564.13,127.0,296.25,1.88,309.0,935.6,
2006,3,17,18,17.2,68.33,139.0,357.53,70.0,291.8,2.3,353.0,935.53,
2006,3,17,19,16.0,73.68,0.0,0.0,0.0,288.38,2.0,27.0,935.78,
2006,3,17,20,14.8,79.04,0.0,0.0,0.0,284.97,1.7,61.0,936.03,
2006,3,17,21,13.6,84.39,0.0,0.0,0.0,281.55,1.39,96.0,936.28,
2006,3,17,22,13.4,84.91,0.0,0.0,0.0,286.08,1.72,120.0,935.84,
2006,3,17,23,13.21,85.42,0.0,0.0,0.0,290.62,2.05,144.0,935.41,
2006,3,18,0,13.01,85.94,0.0,0.0,0.0,295.15,2.37,168.0,934.97,
2006,3,18,1,12.38,86.87,0.0,0.0,0.0,295.52,2.81,187.0,934.97,
2006,3,18,2,11.75,87.8,0.0,0.0,0.0,295.88,3.25,205.0,934.97,
2006,3,18,3,11.12,88.73,0.0,0.0,0.0,296.25,3.68,223.0,934.97,
2006,3,18,4,10.63,92.3,0.0,0.0,0.0,299.08,3.21,224.0,935.04,
2006,3,18,5,10.14,95.86,0.0,0.0,0.0,301.92,2.74,226.0,935.1,
2006,3,18,6,9.65,99.43,0.0,0.0,0.0,304.75,2.28,228.0,935.16,
2006,3,18,7,11.2,92.84,0.0,0.0,0.0,306.28,1.99,232.0,935.29,
2006,3,18,8,12.75,86.26,41.0,0.0,41.0,307.82,1.71,236.0,935.41,
2006,3,18,9,14.3,79.67,53.0,0.0,53.0,309.35,1.42,241.0,935.53,
2006,3,18,10,15.8,73.01,166.0,0.0,166.0,312.48,1.86,246.0,934.91,
2006,3,18,11,17.3,66.35,346.0,34.33,322.0,315.62,2.29,251.0,934.29,
2006,3,18,12,18.8,59.69,611.0,286.22,388.0,318.75,2.73,257.0,933.67,
2006,3,18,13,18.75,57.46,617.0,257.0,410.0,318.95,3.55,269.0,933.77,
2006,3,18,14,18.69,55.22,486.0,110.79,400.0,319.15,4.38,281.0,933.86,
2006,3,18,15,18.63,52.99,533.0,275.43,342.0,319.35,5.2,293.0,933.95,
2006,3,18,16,17.17,58.89,87.0,0.0,87.0,317.15,4.57,309.0,934.32,
2006,3,18,17,15.71,64.8,74.0,0.0,74.0,314.95,3.93,324.0,934.7,
2006,3,18,18,14.24,70.7,77.0,30.61,71.0,312.75,3.3,340.0,935.07,
2006,3,18,19,13.08,75.79,0.0,0.0,0.0,305.95,2.23,5.0,935.72,
2006,3,18,20,11.91,80.88,0.0,0.0,0.0,299.15,1.17,29.0,936.37,
2006,3,18,21,10.74,85.97,0.0,0.0,0.0,292.35,0.11,54.0,937.02,
2006,3,18,22,10.74,85.61,0.0,0.0,0.0,287.75,0.64,2.0,937.39,
2006,3,18,23,10.75,85.24,0.0,0.0,0.0,283.15,1.18,309.0,937.77,
2006,3,19,0,10.75,84.88,0.0,0.0,0.0,278.55,1.71,256.0,938.14,
2006,3,19,1,10.34,87.8,0.0,0.0,0.0,275.87,1.97,260.0,938.42,
2006,3,19,2,9.93,90.72,0.0,0.0,0.0,273.18,2.23,263.0,938.7,
2006,3,19,3,9.51,93.64,0.0,0.0,0.0,270.5,2.48,267.0,938.98,
2006,3,19,4,9.39,94.39,0.0,0.0,0.0,268.53,2.45,263.0,939.1,
2006,3,19,5,9.26,95.13,0.0,0.0,0.0,266.57,2.41,260.0,939.22,
2006,3,19,6,9.13,95.88,0.0,0.0,0.0,264.6,2.37,256.0,939.35,
2006,3,19,7,10.92,87.71,0.0,0.0,0.0,266.1,2.94,261.0,939.75,
2006,3,19,8,12.71,79.54,167.0,472.09,67.0,267.6,3.51,265.0,940.15,
2006,3,19,9,14.5,71.37,382.0,672.0,108.0,269.1,4.08,270.0,940.56,
2006,3,19,10,15.43,63.98,580.0,780.21,131.0,276.23,4.06,271.0,940.37,
2006,3,19,11,16.37,56.58,729.0,811.5,158.0,283.37,4.05,271.0,940.18,
2006,3,19,12,17.3,49.19,767.0,649.68,258.0,290.5,4.03,272.0,940.0,
2006,3,19,13,17.78,48.43,851.0,820.25,187.0,296.72,4.0,268.0,939.53,
2006,3,19,14,18.26,47.66,704.0,485.88,325.0,302.93,3.98,263.0,939.07,
2006,3,19,15,18.73,46.9,714.0,779.06,171.0,309.15,3.96,259.0,938.6,
2006,3,19,16,17.51,52.92,576.0,805.53,120.0,304.52,3.43,288.0,938.48,
2006,3,19,17,16.29,58.94,366.0,638.52,113.0,299.88,2.9,317.0,938.36,
2006,3,19,18,15.06,64.96,152.0,427.16,67.0,295.25,2.37,346.0,938.23,
2006,3,19,19,13.6,74.01,0.0,0.0,0.0,290.8,2.27,11.0,938.76,
2006,3,19,20,12.14,83.06,0.0,0.0,0.0,286.35,2.17,36.0,939.29,
2006,3,19,21,10.68,92.11,0.0,0.0,0.0,281.9,2.07,61.0,939.81,
2006,3,19,22,10.92,89.64,0.0,0.0,0.0,279.13,1.8,71.0,939.87,
2006,3,19,23,11.17,87.18,0.0,0.0,0.0,276.37,1.53,81.0,939.94,
2006,3,20,0,11.42,84.71,0.0,0.0,0.0,273.6,1.26,90.0,940.0,
2006,3,20,1,10.98,85.83,0.0,0.0,0.0,270.85,1.31,100.0,940.03,
2006,3,20,2,10.54,86.94,0.0,0.0,0.0,268.1,1.37,110.0,940.06,
2006,3,20,3,10.09,88.06,0.0,0.0,0.0,265.35,1.43,120.0,940.09,
2006,3,20,4,9.88,88.26,0.0,0.0,0.0,263.17,1.54,113.0,939.87,
2006,3,20,5,9.66,88.45,0.0,0.0,0.0,260.98,1.64,106.0,939.66,
2006,3,20,6,9.45,88.65,0.0,0.0,0.0,258.8,1.74,99.0,939.44,
2006,3,20,7,11.04,84.14,0.0,0.0,0.0,261.48,1.66,94.0,939.38,
2006,3,20,8,12.63,79.62,138.0,216.72,91.0,264.17,1.57,88.0,939.32,
2006,3,20,9,14.22,75.11,384.0,649.41,116.0,266.85,1.49,83.0,939.25,
2006,3,20,10,15.72,67.87,583.0,766.89,138.0,275.02,1.34,103.0,938.45,
2006,3,20,11,17.22,60.63,742.0,844.39,144.0,283.18,1.19,123.0,937.64,
2006,3,20,12,18.72,53.39,823.0,812.43,183.0,291.35,1.03,143.0,936.84,
2006,3,20,13,18.84,51.22,874.0,886.25,153.0,292.72,2.21,184.0,936.8,
2006,3,20,14,18.96,49.06,687.6,592.59,223.15,294.08,3.38,226.0,936.77,
2006,3,20,15,19.07,46.89,745.0,889.4,122.0,295.45,4.55,267.0,936.74,
2006,3,20,16,16.96,57.56,576.0,792.14,125.0,294.65,4.95,288.0,937.33,
2006,3,20,17,14.85,68.24,388.0,766.33,82.0,293.85,5.34,308.0,937.92,
2006,3,20,18,12.74,78.91,152.0,406.04,70.0,293.05,5.74,329.0,938.51,
2006,3,20,19,12.05,81.67,0.0,0.0,0.0,287.18,4.34,342.0,939.29,
2006,3,20,20,11.36,84.44,0.0,0.0,0.0,281.32,2.95,355.0,940.06,
2006,3,20,21,10.67,87.2,0.0,0.0,0.0,275.45,1.56,9.0,940.84,
2006,3,20,22,9.85,91.02,0.0,0.0,0.0,274.37,1.4,39.0,940.65,
2006,3,20,23,9.04,94.85,0.0,0.0,0.0,273.28,1.24,70.0,940.46,
2006,3,21,0,8.23,98.67,0.0,0.0,0.0,272.2,1.08,100.0,940.28,
2006,3,21,1,8.24,95.17,0.0,0.0,0.0,268.33,1.19,105.0,939.78,
2006,3,21,2,8.25,91.68,0.0,0.0,0.0,264.47,1.3,109.0,939.29,
2006,3,21,3,8.25,88.18,0.0,0.0,0.0,260.6,1.41,113.0,938.79,
2006,3,21,4,7.83,92.12,0.0,0.0,0.0,268.13,1.38,61.0,938.79,
2006,3,21,5,7.41,96.06,0.0,0.0,0.0,275.67,1.35,9.0,938.79,
2006,3,21,6,6.99,100.0,0.0,0.0,0.0,283.2,1.32,317.0,938.79,
2006,3,21,7,7.76,100.0,0.0,0.0,0.0,294.0,2.58,317.0,939.35,
2006,3,21,8,8.53,100.0,16.0,0.0,16.0,304.8,3.83,318.0,939.91,
2006,3,21,9,9.3,100.0,35.0,0.0,35.0,315.6,5.09,319.0,940.46,
2006,3,21,10,9.2,100.0,487.0,394.85,256.0,314.92,5.43,312.0,940.62,
2006,3,21,11,9.1,100.0,410.0,78.57,354.0,314.23,5.78,306.0,940.77,
2006,3,21,12,9.0,100.0,102.0,0.0,102.0,313.55,6.12,300.0,940.93,
2006,3,21,13,10.11,94.81,166.0,0.0,166.0,311.5,5.49,292.0,940.49,
2006,3,21,14,11.21,89.62,130.0,0.0,130.0,309.45,4.86,285.0,940.06,
2006,3,21,15,12.31,84.43,169.0,0.0,169.0,307.4,4.22,278.0,939.63,
2006,3,21,16,11.52,85.66,229.0,10.48,223.0,306.02,4.1,277.0,939.94,
2006,3,21,17,10.72,86.9,206.0,62.13,181.0,304.63,3.98,276.0,940.25,
2006,3,21,18,9.92,88.13,48.0,0.0,48.0,303.25,3.86,276.0,940.56,
2006,3,21,19,9.54,89.96,0.0,0.0,0.0,293.17,3.8,271.0,941.3,
2006,3,21,20,9.16,91.79,0.0,0.0,0.0,283.08,3.73,266.0,942.05,
2006,3,21,21,8.78,93.62,0.0,0.0,0.0,273.0,3.67,262.0,942.79,
2006,3,21,22,8.88,93.81,0.0,0.0,0.0,273.08,3.94,262.0,942.76,
2006,3,21,23,8.99,94.0,0.0,0.0,0.0,273.17,4.21,262.0,942.73,
2006,3,22,0,9.09,94.19,0.0,0.0,0.0,273.25,4.48,261.0,942.7,
2006,3,22,1,9.14,95.26,0.0,0.0,0.0,284.18,5.16,264.0,942.67,
2006,3,22,2,9.19,96.33,0.0,0.0,0.0,295.12,5.84,267.0,942.63,
2006,3,22,3,9.24,97.4,0.0,0.0,0.0,306.05,6.52,269.0,942.6,
2006,3,22,4,9.11,97.9,0.0,0.0,0.0,316.0,6.57,269.0,942.88,
2006,3,22,5,8.97,98.41,0.0,0.0,0.0,325.95,6.63,269.0,943.16,
2006,3,22,6,8.84,98.91,0.0,0.0,0.0,335.9,6.68,269.0,943.44,
2006,3,22,7,9.55,98.04,0.0,0.0,0.0,332.4,7.2,272.0,944.06,
2006,3,22,8,10.27,97.18,167.0,356.88,86.0,328.9,7.71,275.0,944.68,
2006,3,22,9,10.98,96.31,184.0,23.67,174.0,325.4,8.23,278.0,945.3,
2006,3,22,10,11.88,84.24,143.0,0.0,143.0,315.5,8.16,281.0,945.39,
2006,3,22,11,12.77,72.18,640.0,481.02,295.0,305.6,8.08,284.0,945.49,
2006,3,22,12,13.67,60.11,720.0,487.28,332.0,295.7,8.0,287.0,945.58,
2006,3,22,13,14.05,57.91,708.0,405.37,375.0,298.88,7.91,287.0,945.46,
2006,3,22,14,14.43,55.7,155.0,0.0,155.0,302.07,7.83,288.0,945.33,
2006,3,22,15,14.81,53.5,302.0,12.72,293.0,305.25,7.74,288.0,945.21,
2006,3,22,16,13.76,58.43,293.0,46.9,266.0,297.68,6.92,286.0,945.64,
2006,3,22,17,12.71,63.36,344.0,476.11,151.0,290.12,6.1,284.0,946.08,
2006,3,22,18,11.66,68.29,171.0,538.95,59.0,282.55,5.28,282.0,946.51,
2006,3,22,19,11.06,72.69,0.0,0.0,0.0,274.28,5.07,277.0,947.35,
2006,3,22,20,10.46,77.1,0.0,0.0,0.0,266.02,4.86,271.0,948.19,
2006,3,22,21,9.86,81.5,0.0,0.0,0.0,257.75,4.65,266.0,949.02,
2006,3,22,22,9.78,83.72,0.0,0.0,0.0,256.12,4.51,266.0,948.93,
2006,3,22,23,9.71,85.94,0.0,0.0,0.0,254.48,4.36,265.0,948.84,
2006,3,23,0,9.63,88.16,0.0,0.0,0.0,252.85,4.22,265.0,948.74,
2006,3,23,1,9.3,89.94,0.0,0.0,0.0,252.77,4.0,265.0,948.56,
2006,3,23,2,8.97,91.73,0.0,0.0,0.0,252.68,3.79,265.0,948.37,
2006,3,23,3,8.63,93.51,0.0,0.0,0.0,252.6,3.57,265.0,948.19,
2006,3,23,4,8.29,95.3,0.0,0.0,0.0,252.53,3.27,260.0,948.19,
2006,3,23,5,7.94,97.09,0.0,0.0,0.0,252.47,2.97,255.0,948.19,
2006,3,23,6,7.6,98.88,0.0,0.0,0.0,252.4,2.66,250.0,948.19,
2006,3,23,7,9.6,89.21,0.0,0.0,0.0,255.4,3.0,252.0,948.31,
2006,3,23,8,11.6,79.55,193.0,547.4,66.0,258.4,3.34,254.0,948.43,
2006,3,23,9,13.6,69.88,415.0,750.97,94.0,261.4,3.68,255.0,948.56,
2006,3,23,10,15.11,61.68,615.0,847.81,111.0,267.18,3.86,257.0,948.12,
2006,3,23,11,16.61,53.49,766.0,879.88,131.0,272.97,4.03,258.0,947.69,
2006,3,23,12,18.12,45.29,870.0,930.73,125.0,278.75,4.21,260.0,947.26,
2006,3,23,13,18.81,44.47,892.0,906.27,144.0,284.6,4.29,263.0,946.54,
2006,3,23,14,19.49,43.64,863.0,928.61,125.0,290.45,4.37,266.0,945.83,
2006,3,23,15,20.17,42.82,712.0,723.26,198.0,296.3,4.46,268.0,945.12,
2006,3,23,16,18.76,49.84,519.0,519.97,218.0,294.53,3.6,273.0,944.87,
2006,3,23,17,17.34,56.86,375.0,622.01,121.0,292.77,2.75,278.0,944.62,
2006,3,23,18,15.92,63.88,165.0,455.61,69.0,291.0,1.9,283.0,944.37,
2006,3,23,19,14.89,67.2,0.0,0.0,0.0,285.85,1.92,263.0,944.74,
2006,3,23,20,13.85,70.51,0.0,0.0,0.0,280.7,1.94,243.0,945.12,
2006,3,23,21,12.82,73.83,0.0,0.0,0.0,275.55,1.96,223.0,945.49,
2006,3,23,22,12.14,76.28,0.0,0.0,0.0,273.07,2.12,217.0,945.43,
2006,3,23,23,11.47,78.74,0.0,0.0,0.0,270.58,2.29,211.0,945.36,
2006,3,24,0,10.8,81.19,0.0,0.0,0.0,268.1,2.46,205.0,945.3,
2006,3,24,1,10.41,82.45,0.0,0.0,0.0,267.55,2.5,201.0,945.08,
2006,3,24,2,10.02,83.72,0.0,0.0,0.0,267.0,2.55,197.0,944.87,
2006,3,24,3,9.63,84.98,0.0,0.0,0.0,266.45,2.59,193.0,944.65,
2006,3,24,4,9.55,85.92,0.0,0.0,0.0,264.43,2.6,198.0,944.77,
2006,3,24,5,9.46,86.86,0.0,0.0,0.0,262.42,2.6,203.0,944.9,
2006,3,24,6,9.38,87.8,0.0,0.0,0.0,260.4,2.61,208.0,945.02,
2006,3,24,7,11.84,81.38,0.0,0.0,0.0,263.9,2.87,229.0,945.74,
2006,3,24,8,14.29,74.96,177.0,375.47,88.0,267.4,3.14,250.0,946.45,
2006,3,24,9,16.75,68.54,335.45,434.97,147.4,270.9,3.41,271.0,947.16,
2006,3,24,10,17.61,61.43,564.0,610.87,198.0,278.62,4.29,275.0,947.16,
2006,3,24,11,18.47,54.32,519.0,203.82,371.0,286.33,5.16,278.0,947.16,
2006,3,24,12,19.33,47.21,379.0,23.61,360.0,294.05,6.04,281.0,947.16,
2006,3,24,13,19.68,49.66,764.0,518.57,334.0,298.03,6.38,283.0,946.82,
2006,3,24,14,20.03,52.11,849.0,863.08,160.0,302.02,6.71,284.0,946.48,
2006,3,24,15,20.37,54.56,678.0,600.86,249.0,306.0,7.05,285.0,946.14,
2006,3,24,16,18.77,61.16,419.0,226.81,287.0,305.13,6.19,289.0,946.7,
2006,3,24,17,17.17,67.75,210.0,58.35,186.0,304.27,5.34,292.0,947.26,
2006,3,24,18,15.57,74.35,61.0,4.68,60.0,303.4,4.48,296.0,947.81,
2006,3,24,19,14.8,78.17,0.0,0.0,0.0,302.15,4.21,290.0,948.59,
2006,3,24,20,14.02,82.0,0.0,0.0,0.0,300.9,3.93,284.0,949.36,
2006,3,24,21,13.25,85.82,0.0,0.0,0.0,299.65,3.66,278.0,950.14,
2006,3,24,22,12.95,87.48,0.0,0.0,0.0,294.15,3.43,275.0,950.14,
2006,3,24,23,12.66,89.13,0.0,0.0,0.0,288.65,3.2,272.0,950.14,
2006,3,25,0,12.37,90.79,0.0,0.0,0.0,283.15,2.97,269.0,950.14,
2006,3,25,1,11.92,92.88,0.0,0.0,0.0,280.38,2.8,267.0,950.08,
2006,3,25,2,11.48,94.96,0.0,0.0,0.0,277.62,2.63,265.0,950.02,
2006,3,25,3,11.03,97.05,0.0,0.0,0.0,274.85,2.46,264.0,949.95,
2006,3,25,4,10.63,98.03,0.0,0.0,0.0,273.67,2.36,255.0,950.05,
2006,3,25,5,10.22,99.02,0.0,0.0,0.0,272.48,2.26,247.0,950.14,
2006,3,25,6,9.81,100.0,0.0,0.0,0.0,271.3,2.17,238.0,950.23,
2006,3,25,7,11.82,91.19,0.0,0.0,0.0,272.82,2.37,250.0,950.57,
2006,3,25,8,13.84,82.37,167.0,285.07,98.0,274.33,2.57,262.0,950.91,
2006,3,25,9,15.85,73.56,417.0,704.5,109.0,275.85,2.77,273.0,951.26,
2006,3,25,10,16.99,67.42,613.0,791.66,135.0,281.28,2.74,279.0,950.98,
2006,3,25,11,18.13,61.28,760.0,819.98,161.0,286.72,2.7,284.0,950.7,
2006,3,25,12,19.27,55.14,842.0,802.54,193.0,292.15,2.66,290.0,950.42,
2006,3,25,13,19.75,52.32,911.0,942.36,126.0,294.2,2.58,298.0,950.17,
2006,3,25,14,20.23,49.5,871.0,930.38,125.0,296.25,2.51,307.0,949.92,
2006,3,25,15,20.71,46.68,760.0,878.36,130.0,298.3,2.43,315.0,949.67,
2006,3,25,16,19.45,53.66,603.0,842.67,110.0,296.2,2.22,328.0,949.71,
2006,3,25,17,18.18,60.65,391.0,688.03,106.0,294.1,2.0,340.0,949.74,
2006,3,25,18,16.91,67.63,179.0,545.2,61.0,292.0,1.79,353.0,949.77,
2006,3,25,19,15.27,75.09,0.0,0.0,0.0,288.58,1.83,26.0,950.26,
2006,3,25,20,13.63,82.54,0.0,0.0,0.0,285.17,1.88,60.0,950.76,
2006,3,25,21,11.99,90.0,0.0,0.0,0.0,281.75,1.92,94.0,951.26,
2006,3,25,22,11.25,92.02,0.0,0.0,0.0,279.1,2.06,110.0,950.98,
2006,3,25,23,10.52,94.05,0.0,0.0,0.0,276.45,2.19,127.0,950.7,
2006,3,26,0,9.78,96.07,0.0,0.0,0.0,273.8,2.33,144.0,950.42,
2006,3,26,1,9.27,97.38,0.0,0.0,0.0,272.87,2.44,147.0,950.26,
2006,3,26,2,8.76,98.69,0.0,0.0,0.0,271.93,2.55,150.0,950.11,
2006,3,26,3,8.24,100.0,0.0,0.0,0.0,271.0,2.66,154.0,949.95,
2006,3,26,4,8.01,99.81,0.0,0.0,0.0,269.82,2.88,154.0,949.71,
2006,3,26,5,7.78,99.63,0.0,0.0,0.0,268.63,3.09,155.0,949.46,
2006,3,26,6,7.55,99.44,0.0,0.0,0.0,267.45,3.31,155.0,949.21,
2006,3,26,7,10.98,88.39,0.0,0.0,0.0,271.18,3.31,156.0,949.36,
2006,3,26,8,14.4,77.33,207.0,546.45,72.0,274.92,3.3,157.0,949.52,
2006,3,26,9,17.83,66.28,423.0,708.1,110.0,278.65,3.3,159.0,949.67,
2006,3,26,10,20.87,56.7,625.0,823.46,124.0,287.42,3.29,168.0,948.93,
2006,3,26,11,23.92,47.11,773.0,851.87,147.0,296.18,3.28,177.0,948.19,
2006,3,26,12,26.96,37.53,880.0,916.65,135.0,304.95,3.27,187.0,947.44,
2006,3,26,13,27.32,37.2,925.0,978.77,106.0,308.08,3.06,210.0,946.95,
2006,3,26,14,27.68,36.87,875.0,931.34,125.0,311.22,2.85,233.0,946.45,
2006,3,26,15,28.03,36.54,764.0,878.59,131.0,314.35,2.63,256.0,945.95,
2006,3,26,16,25.58,47.6,604.0,829.83,116.0,311.67,2.61,285.0,946.2,
2006,3,26,17,23.13,58.66,392.0,678.46,109.0,308.98,2.59,313.0,946.45,
2006,3,26,18,20.67,69.72,174.0,474.31,70.0,306.3,2.57,342.0,946.7,
2006,3,26,19,19.02,77.1,0.0,0.0,0.0,301.98,1.79,321.0,947.44,
2006,3,26,20,17.36,84.49,0.0,0.0,0.0,297.67,1.01,300.0,948.19,
2006,3,26,21,15.71,91.87,0.0,0.0,0.0,293.35,0.23,280.0,948.93,
2006,3,26,22,15.56,89.25,0.0,0.0,0.0,289.53,0.83,251.0,948.81,
2006,3,26,23,15.42,86.62,0.0,0.0,0.0,285.72,1.43,222.0,948.68,
2006,3,27,0,15.27,84.0,0.0,0.0,0.0,281.9,2.03,193.0,948.56,
2006,3,27,1,13.75,87.91,0.0,0.0,0.0,280.87,2.12,185.0,948.46,
2006,3,27,2,12.24,91.81,0.0,0.0,0.0,279.83,2.22,178.0,948.37,
2006,3,27,3,10.72,95.72,0.0,0.0,0.0,278.8,2.32,170.0,948.28,
2006,3,27,4,10.58,92.52,0.0,0.0,0.0,276.47,2.54,168.0,948.12,
2006,3,27,5,10.43,89.32,0.0,0.0,0.0,274.13,2.77,166.0,947.97,
2006,3,27,6,10.28,86.12,0.0,0.0,0.0,271.8,2.99,163.0,947.81,
2006,3,27,7,13.72,79.98,1.0,23.9,0.0,274.23,3.0,165.0,948.0,
2006,3,27,8,17.15,73.83,181.0,317.42,101.0,276.67,3.01,166.0,948.19,
2006,3,27,9,20.59,67.69,390.0,516.97,159.0,279.1,3.02,167.0,948.37,
2006,3,27,10,23.34,55.0,606.0,722.69,163.0,287.25,2.95,174.0,947.81,
2006,3,27,11,26.1,42.3,765.0,806.33,169.0,295.4,2.88,180.0,947.26,
2006,3,27,12,28.85,29.61,875.0,884.0,153.0,303.55,2.81,186.0,946.7,
2006,3,27,13,29.32,29.07,939.0,1014.9,86.0,306.68,2.81,198.0,945.83,
2006,3,27,14,29.79,28.52,860.0,865.56,160.0,309.82,2.81,210.0,944.96,
2006,3,27,15,30.25,27.98,759.0,848.48,145.0,312.95,2.81,222.0,944.09,
2006,3,27,16,27.83,38.34,531.0,522.79,222.0,310.38,2.46,252.0,944.0,
2006,3,27,17,25.41,48.69,412.0,780.99,84.0,307.82,2.11,283.0,943.91,
2006,3,27,18,22.99,59.05,146.0,247.66,91.0,305.25,1.75,314.0,943.81,
2006,3,27,19,20.96,67.23,0.0,0.0,0.0,301.77,1.47,313.0,944.62,
2006,3,27,20,18.93,75.41,0.0,0.0,0.0,298.28,1.19,313.0,945.43,
2006,3,27,21,16.9,83.59,0.0,0.0,0.0,294.8,0.91,312.0,946.23,
2006,3,27,22,16.39,80.95,0.0,0.0,0.0,292.75,1.68,302.0,946.73,
2006,3,27,23,15.89,78.32,0.0,0.0,0.0,290.7,2.45,292.0,947.22,
2006,3,28,0,15.38,75.68,0.0,0.0,0.0,288.65,3.21,282.0,947.72,
2006,3,28,1,15.05,77.02,0.0,0.0,0.0,292.35,3.08,277.0,947.88,
2006,3,28,2,14.73,78.36,0.0,0.0,0.0,296.05,2.95,271.0,948.03,
2006,3,28,3,14.4,79.7,0.0,0.0,0.0,299.75,2.81,266.0,948.19,
2006,3,28,4,14.04,81.81,0.0,0.0,0.0,297.47,2.7,265.0,948.46,
2006,3,28,5,13.67,83.92,0.0,0.0,0.0,295.18,2.58,265.0,948.74,
2006,3,28,6,13.3,86.03,0.0,0.0,0.0,292.9,2.47,265.0,949.02,
2006,3,28,7,14.52,81.16,2.0,0.0,2.0,296.53,2.69,269.0,949.67,
2006,3,28,8,15.73,76.29,138.0,101.17,112.0,300.17,2.91,274.0,950.33,
2006,3,28,9,16.95,71.42,210.0,35.43,194.0,303.8,3.13,278.0,950.98,
2006,3,28,10,17.67,67.02,597.0,670.42,183.0,311.58,3.46,287.0,950.88,
2006,3,28,11,18.39,62.63,714.0,621.46,252.0,319.37,3.79,296.0,950.79,
2006,3,28,12,19.11,58.23,875.0,868.77,162.0,327.15,4.12,305.0,950.7,
2006,3,28,13,19.62,56.66,844.0,691.83,260.0,330.23,3.75,311.0,950.02,
2006,3,28,14,20.13,55.08,845.0,801.63,194.0,333.32,3.38,316.0,949.33,
2006,3,28,15,20.64,53.51,775.0,897.1,123.0,336.4,3.01,322.0,948.65,
2006,3,28,16,19.49,58.92,613.0,846.79,110.0,330.02,2.68,329.0,948.46,
2006,3,28,17,18.33,64.34,399.0,681.15,111.0,323.63,2.34,336.0,948.28,
2006,3,28,18,17.17,69.75,178.0,462.49,74.0,317.25,2.01,343.0,948.09,
2006,3,28,19,16.17,75.76,0.0,0.0,0.0,311.67,1.83,3.0,948.59,
2006,3,28,20,15.16,81.76,0.0,0.0,0.0,306.08,1.65,24.0,949.08,
2006,3,28,21,14.16,87.77,0.0,0.0,0.0,300.5,1.46,44.0,949.58,
2006,3,28,22,13.43,88.44,0.0,0.0,0.0,296.88,1.58,70.0,949.3,
2006,3,28,23,12.71,89.12,0.0,0.0,0.0,293.27,1.7,96.0,949.02,
2006,3,29,0,11.98,89.79,0.0,0.0,0.0,289.65,1.82,123.0,948.74,
2006,3,29,1,11.26,92.07,0.0,0.0,0.0,289.52,1.44,151.0,948.71,
2006,3,29,2,10.54,94.36,0.0,0.0,0.0,289.38,1.07,180.0,948.68,
2006,3,29,3,9.81,96.64,0.0,0.0,0.0,289.25,0.69,209.0,948.65,
2006,3,29,4,9.55,96.9,0.0,0.0,0.0,287.45,0.84,219.0,948.77,
2006,3,29,5,9.28,97.16,0.0,0.0,0.0,285.65,0.99,230.0,948.9,
2006,3,29,6,9.01,97.42,0.0,0.0,0.0,283.85,1.14,240.0,949.02,
2006,3,29,7,11.59,86.17,3.0,0.0,3.0,285.58,1.2,253.0,949.43,
2006,3,29,8,14.18,74.93,131.0,72.54,112.0,287.32,1.26,266.0,949.83,
2006,3,29,9,16.76,63.68,273.0,118.33,219.0,289.05,1.31,278.0,950.23,
2006,3,29,10,18.08,55.13,637.0,815.08,130.0,294.0,2.0,286.0,949.98,
2006,3,29,11,19.41,46.57,820.0,984.45,84.0,298.95,2.69,293.0,949.74,
2006,3,29,12,20.73,38.02,898.0,937.41,125.0,303.9,3.38,300.0,949.49,
2006,3,29,13,20.97,37.01,923.0,928.35,136.0,305.13,3.52,305.0,949.27,
2006,3,29,14,21.2,36.0,887.0,933.25,126.0,306.37,3.66,309.0,949.05,
2006,3,29,15,21.43,34.99,774.0,882.34,130.0,307.6,3.81,314.0,948.84,
2006,3,29,16,19.82,43.03,613.0,832.61,116.0,302.63,3.37,322.0,948.9,
2006,3,29,17,18.21,51.07,301.1,389.32,135.4,297.67,2.94,329.0,948.96,
2006,3,29,18,16.59,59.11,182.0,474.43,74.0,292.7,2.51,337.0,949.02,
2006,3,29,19,15.11,65.2,0.0,0.0,0.0,285.32,1.91,7.0,949.58,
2006,3,29,20,13.62,71.29,0.0,0.0,0.0,277.93,1.31,38.0,950.14,
2006,3,29,21,12.14,77.38,0.0,0.0,0.0,270.55,0.72,69.0,950.7,
2006,3,29,22,11.14,81.03,0.0,0.0,0.0,265.13,1.22,97.0,950.67,
2006,3,29,23,10.14,84.67,0.0,0.0,0.0,259.72,1.72,126.0,950.64,
2006,3,30,0,9.14,88.32,0.0,0.0,0.0,254.3,2.22,154.0,950.6,
2006,3,30,1,8.07,90.22,0.0,0.0,0.0,252.18,2.23,155.0,950.48,
2006,3,30,2,7.0,92.13,0.0,0.0,0.0,250.07,2.25,155.0,950.36,
2006,3,30,3,5.92,94.03,0.0,0.0,0.0,247.95,2.26,155.0,950.23,
2006,3,30,4,5.44,95.39,0.0,0.0,0.0,247.75,2.26,155.0,950.26,
2006,3,30,5,4.95,96.75,0.0,0.0,0.0,247.55,2.25,155.0,950.29,
2006,3,30,6,4.47,98.11,0.0,0.0,0.0,247.35,2.25,155.0,950.33,
2006,3,30,7,8.93,86.73,3.0,0.0,3.0,252.07,2.2,156.0,950.57,
2006,3,30,8,13.39,75.36,219.0,498.42,86.0,256.78,2.16,157.0,950.82,
2006,3,30,9,17.85,63.98,437.0,678.85,124.0,261.5,2.11,157.0,951.07,
2006,3,30,10,20.12,52.33,564.0,521.97,237.0,271.02,1.83,163.0,950.54,
2006,3,30,11,22.38,40.68,771.0,779.47,185.0,280.53,1.56,168.0,950.02,
2006,3,30,12,24.65,29.03,883.0,870.27,162.0,290.05,1.28,174.0,949.49,
2006,3,30,13,25.41,29.78,922.0,912.72,145.0,296.98,1.44,190.0,948.65,
2006,3,30,14,26.17,30.54,881.0,900.2,144.0,303.92,1.6,207.0,947.81,
2006,3,30,15,26.92,31.29,778.0,882.77,131.0,310.85,1.77,224.0,946.98,
2006,3,30,16,24.81,39.26,604.0,773.6,140.0,310.72,2.01,273.0,946.82,
2006,3,30,17,22.7,47.23,393.0,620.93,127.0,310.58,2.26,322.0,946.67,
2006,3,30,18,20.59,55.2,177.0,416.68,81.0,310.45,2.51,11.0,946.51,
2006,3,30,19,18.95,60.89,0.0,0.0,0.0,309.2,2.48,42.0,947.04,
2006,3,30,20,17.3,66.59,0.0,0.0,0.0,307.95,2.45,73.0,947.57,
2006,3,30,21,15.66,72.28,0.0,0.0,0.0,306.7,2.41,104.0,948.09,
2006,3,30,22,14.85,75.98,0.0,0.0,0.0,303.67,2.35,121.0,948.0,
2006,3,30,23,14.04,79.69,0.0,0.0,0.0,300.63,2.29,138.0,947.91,
2006,3,31,0,13.23,83.39,0.0,0.0,0.0,297.6,2.23,154.0,947.81,
2006,3,31,1,12.5,83.7,0.0,0.0,0.0,294.17,2.24,163.0,948.09,
2006,3,31,2,11.78,84.01,0.0,0.0,0.0,290.73,2.24,172.0,948.37,
2006,3,31,3,11.05,84.32,0.0,0.0,0.0,287.3,2.25,181.0,948.65,
2006,3,31,4,10.45,85.54,0.0,0.0,0.0,284.28,2.23,179.0,948.84,
2006,3,31,5,9.84,86.76,0.0,0.0,0.0,281.27,2.2,177.0,949.02,
2006,3,31,6,9.24,87.98,0.0,0.0,0.0,278.25,2.18,175.0,949.21,
2006,3,31,7,13.08,77.95,3.0,0.0,3.0,280.73,1.92,181.0,949.43,
2006,3,31,8,16.92,67.93,233.0,574.1,77.0,283.22,1.66,188.0,949.64,
2006,3,31,9,20.76,57.9,452.0,734.31,110.0,285.7,1.39,194.0,949.86,
2006,3,31,10,22.62,49.33,626.0,730.71,165.0,294.45,1.58,229.0,949.58,
2006,3,31,11,24.47,40.76,797.0,858.57,148.0,303.2,1.77,264.0,949.3,
2006,3,31,12,26.33,32.19,902.0,921.56,135.0,311.95,1.96,299.0,949.02,
2006,3,31,13,26.93,32.33,959.0,1030.65,78.0,315.32,2.15,304.0,948.34,
2006,3,31,14,27.52,32.46,913.0,1004.94,87.0,318.68,2.34,308.0,947.66,
2006,3,31,15,28.11,32.6,789.0,917.21,114.0,322.05,2.54,313.0,946.98,
2006,3,31,16,26.13,41.95,620.0,834.67,117.0,319.48,2.45,332.0,946.82,
2006,3,31,17,21.2,65.4,412.0,712.07,105.0,311.23,2.35,352.0,946.67,
2006,3,31,18,20.31,67.64,190.0,510.46,71.0,309.47,2.34,11.0,946.51,
2006,3,31,19,19.42,69.88,0.0,0.0,0.0,307.7,2.32,45.0,946.95,
2006,3,31,20,18.54,72.12,0.0,0.0,0.0,305.94,2.31,79.0,947.38,
2006,3,31,21,17.65,74.36,0.0,0.0,0.0,304.17,2.3,113.0,947.81,
2006,3,31,22,16.76,76.6,0.0,0.0,0.0,302.41,2.28,125.0,947.63,
2006,3,31,23,15.87,78.84,0.0,0.0,0.0,300.64,2.27,138.0,947.44,
2005,4,1,0,14.99,81.08,0.0,0.0,0.0,298.88,2.26,150.0,947.26,
2005,4,1,1,14.1,83.32,0.0,0.0,0.0,297.11,2.24,251.0,944.06,
2005,4,1,2,13.21,85.56,0.0,0.0,0.0,295.35,2.23,259.0,944.31,
2005,4,1,3,12.33,87.8,0.0,0.0,0.0,293.58,2.22,266.0,944.56,
2005,4,1,4,11.44,90.04,0.0,0.0,0.0,291.82,2.21,264.0,945.08,
2005,4,1,5,10.55,92.28,0.0,0.0,0.0,290.05,2.19,262.0,945.61,
2005,4,1,6,9.66,94.52,0.0,0.0,0.0,288.29,2.18,260.0,946.14,
2005,4,1,7,8.78,96.76,0.0,0.0,0.0,286.52,2.17,266.0,946.36,
2005,4,1,8,7.89,99.0,90.0,28.43,82.0,284.76,2.15,273.0,946.57,
2005,4,1,9,13.48,72.83,175.0,18.95,166.0,315.15,2.06,280.0,946.79,
2005,4,1,10,14.67,65.16,362.0,111.01,291.0,315.0,2.46,290.0,946.39,
2005,4,1,11,15.85,57.49,560.0,268.33,355.0,314.85,2.86,300.0,945.98,
2005,4,1,12,17.03,49.82,327.0,7.15,321.0,314.7,3.27,309.0,945.58,
2005,4,1,13,17.42,48.82,778.0,490.91,355.0,312.83,3.53,311.0,945.3,
2005,4,1,14,17.82,47.83,837.0,694.23,262.0,310.97,3.79,313.0,945.02,
2005,4,1,15,18.22,46.83,734.0,621.46,273.0,309.1,4.06,315.0,944.74,
2005,4,1,16,16.8,53.13,647.0,771.13,178.0,310.33,4.08,326.0,945.12,
2005,4,1,17,15.38,59.44,179.0,6.87,176.0,311.57,4.11,336.0,945.49,
2005,4,1,18,13.97,65.74,172.0,150.92,136.0,312.8,4.14,346.0,945.86,
2005,4,1,19,12.65,72.57,34.0,0.0,34.0,311.87,3.34,353.0,946.6,
2005,4,1,20,11.34,79.41,0.0,0.0,0.0,310.93,2.54,0.0,947.35,
2005,4,1,21,10.03,86.24,0.0,0.0,0.0,310.0,1.74,8.0,948.09,
2005,4,1,22,10.21,85.62,0.0,0.0,0.0,307.55,1.35,342.0,948.19,
2005,4,1,23,10.39,84.99,0.0,0.0,0.0,305.1,0.97,317.0,948.28,
2005,4,2,0,10.56,84.37,0.0,0.0,0.0,302.65,0.58,292.0,948.37,
2005,4,2,1,10.03,85.25,0.0,0.0,0.0,299.08,0.83,321.0,948.03,
2005,4,2,2,9.51,86.14,0.0,0.0,0.0,295.52,1.08,349.0,947.69,
2005,4,2,3,8.98,87.02,0.0,0.0,0.0,291.95,1.32,18.0,947.35,
2005,4,2,4,9.05,86.86,0.0,0.0,0.0,298.4,1.33,22.0,947.47,
2005,4,2,5,9.12,86.69,0.0,0.0,0.0,304.85,1.33,26.0,947.6,
2005,4,2,6,9.19,86.53,0.0,0.0,0.0,311.3,1.34,30.0,947.72,
2005,4,2,7,10.2,84.02,1.0,12.99,0.0,317.02,1.74,28.0,947.97,
2005,4,2,8,11.2,81.52,107.0,59.4,90.0,322.73,2.15,26.0,948.22,
2005,4,2,9,12.2,79.01,203.0,41.71,183.0,328.45,2.55,24.0,948.46,
2005,4,2,10,13.57,71.72,216.0,4.66,213.0,323.48,2.7,21.0,948.0,
2005,4,2,11,14.93,64.42,245.0,1.3,244.0,318.52,2.86,18.0,947.53,
2005,4,2,12,16.3,57.13,634.0,263.22,412.0,313.55,3.01,14.0,947.07,
2005,4,2,13,16.74,55.68,899.0,804.62,203.0,310.73,3.21,9.0,946.85,
2005,4,2,14,17.18,54.22,870.0,785.48,217.0,307.92,3.41,3.0,946.64,
2005,4,2,15,17.62,52.77,826.0,926.58,136.0,305.1,3.61,357.0,946.42,
2005,4,2,16,16.32,59.01,649.0,770.96,178.0,303.12,4.08,355.0,946.79,
2005,4,2,17,15.02,65.25,427.0,539.61,190.0,301.13,4.54,354.0,947.16,
2005,4,2,18,13.73,71.49,234.0,468.47,121.0,299.15,5.01,352.0,947.53,
2005,4,2,19,12.45,78.44,34.0,0.0,34.0,294.82,4.25,351.0,948.5,
2005,4,2,20,11.17,85.38,0.0,0.0,0.0,290.48,3.5,350.0,949.46,
2005,4,2,21,9.9,92.33,0.0,0.0,0.0,286.15,2.74,348.0,950.42,
2005,4,2,22,9.85,92.31,0.0,0.0,0.0,292.58,2.32,348.0,950.6,
2005,4,2,23,9.81,92.3,0.0,0.0,0.0,299.02,1.9,348.0,950.79,
2005,4,3,0,9.76,92.28,0.0,0.0,0.0,305.45,1.48,348.0,950.98,
2005,4,3,1,9.37,93.05,0.0,0.0,0.0,308.4,1.31,355.0,950.88,
2005,4,3,2,8.99,93.81,0.0,0.0,0.0,311.35,1.14,2.0,950.79,
2005,4,3,3,8.6,94.58,0.0,0.0,0.0,314.3,0.97,9.0,950.7,
2005,4,3,4,8.71,94.37,0.0,0.0,0.0,316.98,0.87,14.0,950.85,
2005,4,3,5,8.82,94.15,0.0,0.0,0.0,319.67,0.78,19.0,951.01,
2005,4,3,6,8.93,93.94,0.0,0.0,0.0,322.35,0.69,25.0,951.16,
2005,4,3,7,9.97,89.97,1.0,12.2,0.0,319.7,1.08,17.0,951.57,
2005,4,3,8,11.01,86.01,101.0,41.25,89.0,317.05,1.46,9.0,951.97,
2005,4,3,9,12.05,82.04,311.0,252.05,189.0,314.4,1.85,1.0,952.37,
2005,4,3,10,13.31,75.14,535.0,486.06,220.0,309.68,2.64,1.0,952.09,
2005,4,3,11,14.56,68.23,337.0,22.02,320.0,304.97,3.44,1.0,951.81,
2005,4,3,12,15.82,61.33,426.0,40.14,392.0,300.25,4.23,0.0,951.53,
2005,4,3,13,16.05,59.39,571.0,138.2,451.0,294.4,4.33,4.0,951.32,
2005,4,3,14,16.28,57.46,713.0,378.73,397.0,288.55,4.43,7.0,951.1,
2005,4,3,15,16.51,55.52,694.0,496.32,323.0,282.7,4.52,10.0,950.88,
2005,4,3,16,15.58,60.38,585.0,528.02,261.0,281.43,4.23,10.0,951.13,
2005,4,3,17,14.65,65.24,294.0,122.22,240.0,280.17,3.93,10.0,951.38,
2005,4,3,18,13.72,70.1,186.0,192.72,139.0,278.9,3.63,9.0,951.63,
2005,4,3,19,12.43,77.77,33.0,0.0,33.0,275.57,3.16,9.0,952.5,
2005,4,3,20,11.14,85.43,0.0,0.0,0.0,272.23,2.69,8.0,953.36,
2005,4,3,21,9.85,93.1,0.0,0.0,0.0,268.9,2.22,7.0,954.23,
2005,4,3,22,9.18,95.4,0.0,0.0,0.0,265.2,1.98,14.0,954.23,
2005,4,3,23,8.52,97.7,0.0,0.0,0.0,261.5,1.73,20.0,954.23,
2005,4,4,0,7.85,100.0,0.0,0.0,0.0,257.8,1.49,26.0,954.23,
2005,4,4,1,7.26,100.0,0.0,0.0,0.0,255.57,1.54,48.0,954.05,
2005,4,4,2,6.66,100.0,0.0,0.0,0.0,253.33,1.59,69.0,953.86,
2005,4,4,3,6.07,100.0,0.0,0.0,0.0,251.1,1.64,91.0,953.67,
2005,4,4,4,6.01,100.0,0.0,0.0,0.0,249.58,1.71,99.0,953.77,
2005,4,4,5,5.96,100.0,0.0,0.0,0.0,248.07,1.78,108.0,953.86,
2005,4,4,6,5.9,100.0,0.0,0.0,0.0,246.55,1.85,116.0,953.95,
2005,4,4,7,8.86,89.03,1.0,11.52,0.0,250.7,2.06,105.0,954.36,
2005,4,4,8,11.82,78.05,145.0,169.12,95.0,254.85,2.28,93.0,954.76,
2005,4,4,9,14.78,67.08,326.0,286.59,186.0,259.0,2.5,82.0,955.16,
2005,4,4,10,16.14,58.15,593.0,676.13,152.0,262.93,3.18,75.0,954.76,
2005,4,4,11,17.49,49.21,732.0,671.64,211.0,266.87,3.87,68.0,954.36,
2005,4,4,12,18.85,40.28,727.0,430.33,361.0,270.8,4.55,61.0,953.95,
2005,4,4,13,18.79,42.48,860.0,672.38,274.0,273.27,4.64,53.0,953.83,
2005,4,4,14,18.73,44.68,791.0,548.16,332.0,275.73,4.74,44.0,953.71,
2005,4,4,15,18.68,46.88,792.0,781.04,206.0,278.2,4.83,36.0,953.58,
2005,4,4,16,17.62,51.56,621.0,644.2,224.0,276.37,4.44,34.0,953.64,
2005,4,4,17,16.56,56.25,451.0,630.0,171.0,274.53,4.05,32.0,953.71,
2005,4,4,18,15.51,60.93,269.0,709.89,94.0,272.7,3.66,30.0,953.77,
2005,4,4,19,14.22,65.34,35.0,0.0,35.0,269.75,3.29,40.0,954.39,
2005,4,4,20,12.94,69.74,0.0,0.0,0.0,266.8,2.92,50.0,955.01,
2005,4,4,21,11.66,74.15,0.0,0.0,0.0,263.85,2.55,61.0,955.63,
2005,4,4,22,10.87,76.4,0.0,0.0,0.0,260.38,2.44,76.0,955.32,
2005,4,4,23,10.09,78.66,0.0,0.0,0.0,256.92,2.33,91.0,955.01,
2005,4,5,0,9.3,80.91,0.0,0.0,0.0,253.45,2.22,107.0,954.7,
2005,4,5,1,8.54,83.8,0.0,0.0,0.0,251.77,2.33,112.0,954.54,
2005,4,5,2,7.79,86.69,0.0,0.0,0.0,250.08,2.43,117.0,954.39,
2005,4,5,3,7.03,89.58,0.0,0.0,0.0,248.4,2.54,122.0,954.23,
2005,4,5,4,6.8,89.52,0.0,0.0,0.0,247.7,2.8,126.0,954.11,
2005,4,5,5,6.58,89.47,0.0,0.0,0.0,247.0,3.07,131.0,953.98,
2005,4,5,6,6.35,89.41,0.0,0.0,0.0,246.3,3.34,136.0,953.86,
2005,4,5,7,9.52,79.12,1.0,10.91,0.0,249.63,3.6,137.0,953.89,
2005,4,5,8,12.69,68.84,185.0,366.28,75.0,252.97,3.85,139.0,953.92,
2005,4,5,9,15.86,58.55,412.0,632.98,100.0,256.3,4.11,141.0,953.95,
2005,4,5,10,17.86,50.21,614.0,745.03,125.0,261.47,3.96,140.0,953.24,
2005,4,5,11,19.85,41.87,762.0,756.88,172.0,266.63,3.81,139.0,952.53,
2005,4,5,12,21.85,33.53,863.0,777.52,199.0,271.8,3.66,139.0,951.81,
2005,4,5,13,22.35,33.44,904.0,791.11,212.0,277.78,3.18,148.0,950.64,
2005,4,5,14,22.86,33.34,905.0,867.56,176.0,283.77,2.7,157.0,949.46,
2005,4,5,15,23.37,33.25,822.0,877.79,161.0,289.75,2.22,166.0,948.28,
2005,4,5,16,22.23,38.62,688.0,899.99,131.0,289.07,2.02,147.0,947.78,
2005,4,5,17,21.09,44.0,478.0,753.86,141.0,288.38,1.83,128.0,947.29,
2005,4,5,18,19.96,49.37,271.0,710.42,94.0,287.7,1.63,108.0,946.79,
2005,4,5,19,18.48,51.59,38.0,0.0,38.0,287.72,2.44,121.0,946.76,
2005,4,5,20,17.0,53.8,0.0,0.0,0.0,287.73,3.25,134.0,946.73,
2005,4,5,21,15.53,56.02,0.0,0.0,0.0,287.75,4.06,147.0,946.7,
2005,4,5,22,15.28,54.44,0.0,0.0,0.0,285.8,4.58,158.0,946.39,
2005,4,5,23,15.03,52.86,0.0,0.0,0.0,283.85,5.1,168.0,946.08,
2005,4,6,0,14.77,51.28,0.0,0.0,0.0,281.9,5.63,179.0,945.77,
2005,4,6,1,14.56,48.33,0.0,0.0,0.0,280.2,5.7,180.0,945.7,
2005,4,6,2,14.35,45.38,0.0,0.0,0.0,278.5,5.77,180.0,945.64,
2005,4,6,3,14.14,42.43,0.0,0.0,0.0,276.8,5.83,181.0,945.58,
2005,4,6,4,14.57,39.57,0.0,0.0,0.0,275.83,5.88,182.0,945.15,
2005,4,6,5,15.0,36.71,0.0,0.0,0.0,274.87,5.92,183.0,944.71,
2005,4,6,6,15.42,33.85,0.0,0.0,0.0,273.9,5.96,184.0,944.28,
2005,4,6,7,17.53,34.13,1.0,10.36,0.0,278.95,6.22,187.0,944.15,
2005,4,6,8,19.63,34.41,143.0,134.46,102.0,284.0,6.48,190.0,944.03,
2005,4,6,9,21.73,34.69,329.0,275.51,192.0,289.05,6.74,193.0,943.91,
2005,4,6,10,23.59,31.61,467.0,272.56,287.0,297.28,6.75,201.0,943.32,
2005,4,6,11,25.44,28.54,658.0,445.58,309.0,305.52,6.75,209.0,942.73,
2005,4,6,12,27.29,25.46,822.0,649.63,265.0,313.75,6.76,217.0,942.14,
2005,4,6,13,27.19,26.9,758.0,414.65,394.0,318.32,6.37,220.0,941.3,
2005,4,6,14,27.09,28.35,725.0,390.2,396.0,322.88,5.99,222.0,940.46,
2005,4,6,15,26.99,29.79,651.0,377.12,366.0,327.45,5.6,225.0,939.63,
2005,4,6,16,25.06,37.99,394.0,101.37,331.0,330.42,4.62,222.0,939.41,
2005,4,6,17,23.14,46.19,272.0,77.85,237.0,333.38,3.63,218.0,939.19,
2005,4,6,18,21.22,54.39,139.0,43.69,128.0,336.35,2.65,215.0,938.98,
2005,4,6,19,19.79,57.11,33.0,48.22,31.0,333.67,3.37,208.0,939.32,
2005,4,6,20,18.36,59.84,0.0,0.0,0.0,330.98,4.08,202.0,939.66,
2005,4,6,21,16.93,62.56,0.0,0.0,0.0,328.3,4.8,195.0,940.0,
2005,4,6,22,17.11,59.34,0.0,0.0,0.0,322.57,4.93,198.0,939.84,
2005,4,6,23,17.29,56.13,0.0,0.0,0.0,316.83,5.06,201.0,939.69,
2005,4,7,0,17.47,52.91,0.0,0.0,0.0,311.1,5.19,204.0,939.53,
2005,4,7,1,17.71,48.98,0.0,0.0,0.0,305.98,5.54,202.0,938.79,
2005,4,7,2,17.96,45.05,0.0,0.0,0.0,300.87,5.89,200.0,938.05,
2005,4,7,3,18.2,41.12,0.0,0.0,0.0,295.75,6.23,198.0,937.3,
2005,4,7,4,18.36,40.39,0.0,0.0,0.0,298.97,6.39,203.0,937.24,
2005,4,7,5,18.53,39.65,0.0,0.0,0.0,302.18,6.55,207.0,937.18,
2005,4,7,6,18.69,38.92,0.0,0.0,0.0,305.4,6.7,212.0,937.11,
2005,4,7,7,19.41,42.73,1.0,9.87,0.0,314.38,6.41,222.0,937.77,
2005,4,7,8,20.12,46.53,122.0,64.62,102.0,323.37,6.11,232.0,938.42,
2005,4,7,9,20.83,50.34,368.0,396.75,169.0,332.35,5.82,242.0,939.07,
2005,4,7,10,20.89,49.24,423.0,179.11,304.0,332.23,6.13,254.0,939.04,
2005,4,7,11,20.94,48.14,602.0,312.61,356.0,332.12,6.45,266.0,939.01,
2005,4,7,12,21.0,47.04,791.0,558.8,310.0,332.0,6.76,278.0,938.98,
2005,4,7,13,20.78,49.24,818.0,541.47,341.0,332.47,6.73,281.0,938.54,
2005,4,7,14,20.56,51.45,891.0,803.78,211.0,332.93,6.69,284.0,938.11,
2005,4,7,15,20.34,53.65,704.0,497.11,327.0,333.4,6.66,286.0,937.67,
2005,4,7,16,18.73,59.16,644.0,700.28,207.0,330.2,6.01,292.0,937.92,
2005,4,7,17,17.12,64.67,98.0,0.0,98.0,327.0,5.36,298.0,938.17,
2005,4,7,18,15.51,70.18,235.0,401.01,133.0,323.8,4.7,304.0,938.42,
2005,4,7,19,14.6,74.06,45.0,135.7,39.0,323.12,4.46,295.0,939.1,
2005,4,7,20,13.69,77.93,0.0,0.0,0.0,322.43,4.22,286.0,939.78,
2005,4,7,21,12.79,81.81,0.0,0.0,0.0,321.75,3.97,277.0,940.46,
2005,4,7,22,12.76,83.71,0.0,0.0,0.0,316.03,4.26,273.0,940.46,
2005,4,7,23,12.74,85.61,0.0,0.0,0.0,310.32,4.54,269.0,940.46,
2005,4,8,0,12.71,87.51,0.0,0.0,0.0,304.6,4.83,265.0,940.46,
2005,4,8,1,12.41,91.67,0.0,0.0,0.0,303.33,3.94,279.0,940.46,
2005,4,8,2,12.12,95.84,0.0,0.0,0.0,302.07,3.06,292.0,940.46,
2005,4,8,3,11.82,100.0,0.0,0.0,0.0,300.8,2.18,305.0,940.46,
2005,4,8,4,11.66,100.0,0.0,0.0,0.0,308.57,2.51,324.0,940.59,
2005,4,8,5,11.5,100.0,0.0,0.0,0.0,316.33,2.83,343.0,940.71,
2005,4,8,6,11.33,100.0,0.0,0.0,0.0,324.1,3.16,2.0,940.84,
2005,4,8,7,11.01,98.9,1.0,9.43,0.0,328.22,3.88,6.0,941.74,
2005,4,8,8,10.69,97.8,31.0,0.0,31.0,332.33,4.59,9.0,942.63,
2005,4,8,9,10.36,96.7,98.0,0.0,98.0,336.45,5.31,13.0,943.53,
2005,4,8,10,9.91,95.65,55.0,0.0,55.0,337.92,5.58,10.0,944.31,
2005,4,8,11,9.45,94.59,121.0,0.0,121.0,339.38,5.84,8.0,945.08,
2005,4,8,12,8.99,93.54,80.0,0.0,80.0,340.85,6.11,5.0,945.86,
2005,4,8,13,10.23,78.56,299.0,1.13,298.0,339.22,6.25,360.0,945.83,
2005,4,8,14,11.48,63.57,122.0,0.0,122.0,337.58,6.39,354.0,945.8,
2005,4,8,15,12.73,48.59,359.0,21.03,343.0,335.95,6.52,349.0,945.77,
2005,4,8,16,11.8,49.43,281.0,14.36,272.0,320.82,6.26,348.0,946.51,
2005,4,8,17,10.87,50.26,319.0,153.97,249.0,305.68,6.0,347.0,947.26,
2005,4,8,18,9.94,51.1,110.0,7.78,108.0,290.55,5.74,346.0,948.0,
2005,4,8,19,8.92,55.62,58.0,319.5,43.0,275.33,5.11,345.0,948.93,
2005,4,8,20,7.9,60.15,0.0,0.0,0.0,260.12,4.49,343.0,949.86,
2005,4,8,21,6.88,64.67,0.0,0.0,0.0,244.9,3.86,342.0,950.79,
2005,4,8,22,6.74,65.68,0.0,0.0,0.0,239.77,3.79,340.0,950.85,
2005,4,8,23,6.61,66.7,0.0,0.0,0.0,234.63,3.71,337.0,950.91,
2005,4,9,0,6.47,67.71,0.0,0.0,0.0,229.5,3.64,335.0,950.98,
2005,4,9,1,5.97,69.02,0.0,0.0,0.0,230.77,3.83,334.0,950.64,
2005,4,9,2,5.46,70.34,0.0,0.0,0.0,232.03,4.02,333.0,950.29,
2005,4,9,3,4.96,71.65,0.0,0.0,0.0,233.3,4.21,332.0,949.95,
2005,4,9,4,4.99,74.54,0.0,0.0,0.0,241.78,4.93,335.0,950.6,
2005,4,9,5,5.02,77.44,0.0,0.0,0.0,250.27,5.65,338.0,951.26,
2005,4,9,6,5.04,80.33,0.0,0.0,0.0,258.75,6.37,341.0,951.91,
2005,4,9,7,5.86,75.14,1.0,9.03,0.0,266.05,6.54,341.0,952.56,
2005,4,9,8,6.68,69.94,208.0,420.71,74.0,273.35,6.7,340.0,953.21,
2005,4,9,9,7.49,64.75,414.0,556.84,130.0,280.65,6.87,339.0,953.86,
2005,4,9,10,8.18,58.85,595.0,608.42,186.0,276.2,6.96,335.0,953.67,
2005,4,9,11,8.86,52.95,730.0,610.75,245.0,271.75,7.05,332.0,953.49,
2005,4,9,12,9.54,47.05,768.0,487.7,345.0,267.3,7.14,328.0,953.3,
2005,4,9,13,10.46,44.48,750.0,385.61,408.0,259.35,6.99,328.0,952.5,
2005,4,9,14,11.39,41.9,774.0,477.97,367.0,251.4,6.83,327.0,951.69,
2005,4,9,15,12.32,39.33,755.0,624.7,278.0,243.45,6.68,327.0,950.88,
2005,4,9,16,11.41,43.52,676.0,805.99,169.0,240.58,5.94,324.0,951.07,
2005,4,9,17,10.5,47.71,491.0,772.24,138.0,237.72,5.21,322.0,951.26,
2005,4,9,18,9.6,51.9,285.0,743.73,92.0,234.85,4.48,319.0,951.44,
2005,4,9,19,8.29,55.59,65.0,442.88,43.0,231.9,3.84,306.0,951.94,
2005,4,9,20,6.98,59.27,0.0,0.0,0.0,228.95,3.2,294.0,952.43,
2005,4,9,21,5.68,62.96,0.0,0.0,0.0,226.0,2.55,281.0,952.93,
2005,4,9,22,5.51,63.01,0.0,0.0,0.0,226.43,2.45,276.0,952.43,
2005,4,9,23,5.35,63.07,0.0,0.0,0.0,226.87,2.34,270.0,951.94,
2005,4,10,0,5.18,63.12,0.0,0.0,0.0,227.3,2.23,265.0,951.44,
2005,4,10,1,5.11,65.66,0.0,0.0,0.0,227.23,2.47,267.0,950.73,
2005,4,10,2,5.03,68.19,0.0,0.0,0.0,227.17,2.71,269.0,950.02,
2005,4,10,3,4.96,70.73,0.0,0.0,0.0,227.1,2.95,272.0,949.3,
2005,4,10,4,4.96,75.33,0.0,0.0,0.0,228.35,3.05,277.0,949.46,
2005,4,10,5,4.96,79.92,0.0,0.0,0.0,229.6,3.14,282.0,949.61,
2005,4,10,6,4.95,84.52,0.0,0.0,0.0,230.85,3.24,287.0,949.77,
2005,4,10,7,7.07,78.33,8.0,0.0,8.0,237.93,4.31,296.0,950.05,
2005,4,10,8,9.19,72.13,153.0,130.06,111.0,245.02,5.38,305.0,950.33,
2005,4,10,9,11.3,65.94,146.0,1.94,145.0,252.1,6.46,313.0,950.6,
2005,4,10,10,12.01,61.1,261.0,13.31,252.0,258.67,6.58,313.0,950.08,
2005,4,10,11,12.71,56.26,563.0,228.18,381.0,265.23,6.71,312.0,949.55,
2005,4,10,12,13.41,51.42,448.0,45.95,408.0,271.8,6.84,312.0,949.02,
2005,4,10,13,14.26,49.53,384.0,12.36,373.0,272.75,6.45,317.0,948.46,
2005,4,10,14,15.11,47.64,715.0,351.2,415.0,273.7,6.06,322.0,947.91,
2005,4,10,15,15.96,45.75,758.0,623.95,280.0,274.65,5.67,326.0,947.35,
2005,4,10,16,14.91,51.55,644.0,673.01,219.0,270.1,4.93,326.0,947.72,
2005,4,10,17,13.87,57.34,494.0,772.45,139.0,265.55,4.19,325.0,948.09,
2005,4,10,18,12.83,63.14,273.0,625.82,109.0,261.0,3.45,324.0,948.46,
2005,4,10,19,11.95,65.53,68.0,458.05,44.0,257.02,2.9,317.0,949.02,
2005,4,10,20,11.07,67.92,0.0,0.0,0.0,253.03,2.35,310.0,949.58,
2005,4,10,21,10.19,70.31,0.0,0.0,0.0,249.05,1.81,303.0,950.14,
2005,4,10,22,8.89,75.73,0.0,0.0,0.0,246.3,1.74,287.0,949.95,
2005,4,10,23,7.59,81.15,0.0,0.0,0.0,243.55,1.68,270.0,949.77,
2005,4,11,0,6.28,86.57,0.0,0.0,0.0,240.8,1.61,254.0,949.58,
2005,4,11,1,5.38,88.03,0.0,0.0,0.0,238.77,1.82,234.0,949.36,
2005,4,11,2,4.49,89.5,0.0,0.0,0.0,236.73,2.03,213.0,949.15,
2005,4,11,3,3.59,90.96,0.0,0.0,0.0,234.7,2.23,193.0,948.93,
2005,4,11,4,3.44,92.95,0.0,0.0,0.0,233.15,2.15,190.0,949.02,
2005,4,11,5,3.29,94.95,0.0,0.0,0.0,231.6,2.06,187.0,949.12,
2005,4,11,6,3.14,96.94,0.0,0.0,0.0,230.05,1.97,184.0,949.21,
2005,4,11,7,6.55,84.95,17.0,24.99,14.0,235.52,1.6,228.0,949.49,
2005,4,11,8,9.95,72.95,144.0,94.71,113.0,240.98,1.23,272.0,949.77,
2005,4,11,9,13.35,60.96,272.0,106.13,217.0,246.45,0.86,317.0,950.05,
2005,4,11,10,14.46,55.33,635.0,729.6,139.0,252.05,1.62,323.0,949.49,
2005,4,11,11,15.57,49.71,795.0,793.97,159.0,257.65,2.39,330.0,948.93,
2005,4,11,12,16.68,44.08,895.0,813.83,184.0,263.25,3.16,337.0,948.37,
2005,4,11,13,17.41,44.66,934.0,826.73,196.0,265.9,3.08,341.0,947.69,
2005,4,11,14,18.14,45.25,918.0,854.3,186.0,268.55,3.0,346.0,947.01,
2005,4,11,15,18.88,45.83,835.0,863.93,171.0,271.2,2.92,350.0,946.32,
2005,4,11,16,17.75,51.32,693.0,855.01,151.0,269.93,2.67,357.0,946.17,
2005,4,11,17,16.62,56.81,499.0,787.86,135.0,268.67,2.42,5.0,946.01,
2005,4,11,18,15.5,62.3,284.0,691.63,101.0,267.4,2.17,12.0,945.86,
2005,4,11,19,13.45,71.18,71.0,471.77,45.0,264.58,2.09,33.0,946.36,
2005,4,11,20,11.4,80.06,0.0,0.0,0.0,261.77,2.01,55.0,946.85,
2005,4,11,21,9.35,88.94,0.0,0.0,0.0,258.95,1.93,76.0,947.35,
2005,4,11,22,8.57,90.61,0.0,0.0,0.0,256.27,2.09,100.0,947.01,
2005,4,11,23,7.79,92.29,0.0,0.0,0.0,253.58,2.24,124.0,946.67,
2005,4,12,0,7.01,93.96,0.0,0.0,0.0,250.9,2.4,148.0,946.32,
2005,4,12,1,6.35,93.91,0.0,0.0,0.0,249.42,2.59,151.0,946.01,
2005,4,12,2,5.68,93.85,0.0,0.0,0.0,247.93,2.79,154.0,945.7,
2005,4,12,3,5.02,93.8,0.0,0.0,0.0,246.45,2.98,157.0,945.39,
2005,4,12,4,4.78,93.37,0.0,0.0,0.0,245.58,3.06,157.0,945.18,
2005,4,12,5,4.55,92.93,0.0,0.0,0.0,244.72,3.14,157.0,944.96,
2005,4,12,6,4.31,92.5,0.0,0.0,0.0,243.85,3.21,156.0,944.74,
2005,4,12,7,8.38,81.45,20.0,32.1,16.0,249.08,3.01,158.0,944.59,
2005,4,12,8,12.45,70.41,218.0,413.13,81.0,254.32,2.81,159.0,944.43,
2005,4,12,9,16.52,59.36,446.0,656.77,103.0,259.55,2.61,160.0,944.28,
2005,4,12,10,18.82,50.73,639.0,731.51,139.0,267.7,2.66,173.0,943.29,
2005,4,12,11,21.12,42.1,790.0,765.77,174.0,275.85,2.71,187.0,942.29,
2005,4,12,12,23.42,33.47,888.0,783.61,201.0,284.0,2.76,200.0,941.3,
2005,4,12,13,23.31,33.97,937.0,826.38,197.0,285.05,2.76,218.0,940.9,
2005,4,12,14,23.2,34.46,931.0,887.8,168.0,286.1,2.76,236.0,940.49,
2005,4,12,15,23.1,34.96,832.0,848.22,178.0,287.15,2.76,255.0,940.09,
2005,4,12,16,21.33,42.8,695.0,854.94,151.0,287.67,2.92,278.0,940.18,
2005,4,12,17,19.56,50.63,502.0,788.07,136.0,288.18,3.08,302.0,940.28,
2005,4,12,18,17.8,58.47,288.0,703.81,100.0,288.7,3.24,326.0,940.37,
2005,4,12,19,16.05,65.62,73.0,466.96,46.0,288.45,2.86,323.0,940.99,
2005,4,12,20,14.3,72.78,0.0,0.0,0.0,288.2,2.49,321.0,941.61,
2005,4,12,21,12.56,79.93,0.0,0.0,0.0,287.95,2.11,318.0,942.23,
2005,4,12,22,12.04,83.06,0.0,0.0,0.0,289.43,2.01,295.0,942.05,
2005,4,12,23,11.52,86.2,0.0,0.0,0.0,290.92,1.91,271.0,941.86,
2005,4,13,0,11.0,89.33,0.0,0.0,0.0,292.4,1.81,248.0,941.67,
2005,4,13,1,10.08,92.89,0.0,0.0,0.0,285.58,1.87,227.0,941.39,
2005,4,13,2,9.15,96.44,0.0,0.0,0.0,278.77,1.94,207.0,941.12,
2005,4,13,3,8.23,100.0,0.0,0.0,0.0,271.95,2.0,186.0,940.84,
2005,4,13,4,8.13,98.05,0.0,0.0,0.0,272.08,2.15,182.0,940.68,
2005,4,13,5,8.04,96.11,0.0,0.0,0.0,272.22,2.3,179.0,940.53,
2005,4,13,6,7.94,94.16,0.0,0.0,0.0,272.35,2.46,176.0,940.37,
2005,4,13,7,11.22,82.93,17.0,7.75,16.0,276.3,2.41,191.0,940.56,
2005,4,13,8,14.49,71.7,42.0,0.0,42.0,280.25,2.37,205.0,940.74,
2005,4,13,9,17.76,60.47,436.0,589.12,126.0,284.2,2.33,220.0,940.93,
2005,4,13,10,18.77,55.78,647.0,746.56,134.0,291.27,3.09,240.0,940.68,
2005,4,13,11,19.77,51.09,807.0,810.92,152.0,298.33,3.86,261.0,940.43,
2005,4,13,12,20.78,46.4,901.0,815.04,184.0,305.4,4.62,281.0,940.18,
2005,4,13,13,21.15,44.14,951.0,859.48,179.0,305.52,4.9,281.0,939.69,
2005,4,13,14,21.53,41.88,923.0,855.02,186.0,305.63,5.17,281.0,939.19,
2005,4,13,15,21.91,39.62,844.0,881.78,162.0,305.75,5.45,281.0,938.7,
2005,4,13,16,20.27,45.43,698.0,856.48,151.0,307.35,4.87,293.0,938.82,
2005,4,13,17,18.63,51.25,490.0,715.48,156.0,308.95,4.3,305.0,938.94,
2005,4,13,18,16.99,57.06,269.0,541.49,123.0,310.55,3.72,317.0,939.07,
2005,4,13,19,15.41,63.13,65.0,280.88,48.0,308.98,3.14,311.0,939.84,
2005,4,13,20,13.83,69.21,0.0,0.0,0.0,307.42,2.55,305.0,940.62,
2005,4,13,21,12.25,75.28,0.0,0.0,0.0,305.85,1.96,300.0,941.39,
2005,4,13,22,12.03,78.44,0.0,0.0,0.0,307.7,1.83,284.0,941.18,
2005,4,13,23,11.82,81.61,0.0,0.0,0.0,309.55,1.69,268.0,940.96,
2005,4,14,0,11.6,84.77,0.0,0.0,0.0,311.4,1.56,253.0,940.74,
2005,4,14,1,11.53,85.37,0.0,0.0,0.0,312.67,1.57,254.0,940.37,
2005,4,14,2,11.46,85.98,0.0,0.0,0.0,313.93,1.58,256.0,940.0,
2005,4,14,3,11.39,86.58,0.0,0.0,0.0,315.2,1.59,257.0,939.63,
2005,4,14,4,11.28,87.53,0.0,0.0,0.0,313.35,1.72,253.0,939.75,
2005,4,14,5,11.18,88.49,0.0,0.0,0.0,311.5,1.86,249.0,939.87,
2005,4,14,6,11.07,89.44,0.0,0.0,0.0,309.65,2.0,244.0,940.0,
2005,4,14,7,12.41,80.86,6.0,0.0,6.0,307.18,2.78,253.0,940.15,
2005,4,14,8,13.74,72.27,51.0,0.0,51.0,304.72,3.56,261.0,940.31,
2005,4,14,9,15.07,63.69,77.0,0.0,77.0,302.25,4.34,270.0,940.46,
2005,4,14,10,15.77,59.4,348.0,60.81,306.0,305.92,4.8,274.0,940.22,
2005,4,14,11,16.46,55.11,348.0,18.5,333.0,309.58,5.25,279.0,939.97,
2005,4,14,12,17.16,50.82,465.0,52.12,419.0,313.25,5.7,283.0,939.72,
2005,4,14,13,17.27,49.39,342.0,4.44,338.0,312.73,6.09,284.0,939.78,
2005,4,14,14,17.38,47.95,853.0,643.18,297.0,312.22,6.49,286.0,939.84,
2005,4,14,15,17.5,46.52,743.0,560.71,308.0,311.7,6.88,287.0,939.91,
2005,4,14,16,16.15,50.11,490.0,230.9,342.0,306.25,6.47,288.0,940.37,
2005,4,14,17,14.81,53.71,467.0,596.78,187.0,300.8,6.06,289.0,940.84,
2005,4,14,18,13.47,57.3,177.0,102.89,149.0,295.35,5.66,290.0,941.3,
2005,4,14,19,12.5,61.3,53.0,94.9,47.0,284.92,5.37,285.0,942.01,
2005,4,14,20,11.54,65.3,0.0,0.0,0.0,274.48,5.09,280.0,942.73,
2005,4,14,21,10.58,69.3,0.0,0.0,0.0,264.05,4.81,275.0,943.44,
2005,4,14,22,10.46,71.76,0.0,0.0,0.0,257.65,4.7,275.0,943.6,
2005,4,14,23,10.34,74.23,0.0,0.0,0.0,251.25,4.59,274.0,943.75,
2005,4,15,0,10.21,76.69,0.0,0.0,0.0,244.85,4.48,274.0,943.91,
2005,4,15,1,9.81,79.88,0.0,0.0,0.0,243.58,4.11,274.0,944.0,
2005,4,15,2,9.42,83.06,0.0,0.0,0.0,242.32,3.74,273.0,944.09,
2005,4,15,3,9.02,86.25,0.0,0.0,0.0,241.05,3.37,273.0,944.19,
2005,4,15,4,8.95,87.3,0.0,0.0,0.0,241.3,3.32,270.0,944.19,
2005,4,15,5,8.89,88.34,0.0,0.0,0.0,241.55,3.28,267.0,944.19,
2005,4,15,6,8.82,89.39,0.0,0.0,0.0,241.8,3.24,264.0,944.19,
2005,4,15,7,10.33,80.31,27.0,36.24,22.0,247.73,4.28,272.0,944.25,
2005,4,15,8,11.84,71.22,228.0,406.74,88.0,253.67,5.32,280.0,944.31,
2005,4,15,9,13.35,62.14,440.0,573.11,134.0,259.6,6.36,289.0,944.37,
2005,4,15,10,13.88,58.22,508.0,302.5,298.0,263.12,6.78,290.0,944.31,
2005,4,15,11,14.41,54.31,132.0,0.0,132.0,266.63,7.2,292.0,944.25,
2005,4,15,12,14.94,50.39,412.0,24.84,390.0,270.15,7.63,293.0,944.19,
2005,4,15,13,15.26,49.95,632.0,180.4,469.0,272.2,7.43,295.0,943.91,
2005,4,15,14,15.59,49.5,761.0,423.35,394.0,274.25,7.22,296.0,943.63,
2005,4,15,15,15.92,49.06,713.0,475.5,343.0,276.3,7.02,298.0,943.35,
2005,4,15,16,14.85,52.27,702.0,856.55,151.0,272.88,6.32,300.0,943.44,
2005,4,15,17,13.78,55.49,512.0,805.87,132.0,269.47,5.62,303.0,943.53,
2005,4,15,18,12.71,58.7,297.0,721.02,99.0,266.05,4.92,305.0,943.63,
2005,4,15,19,11.57,64.48,81.0,500.66,48.0,261.55,4.13,298.0,944.31,
2005,4,15,20,10.43,70.26,0.0,0.0,0.0,257.05,3.34,290.0,944.99,
2005,4,15,21,9.3,76.04,0.0,0.0,0.0,252.55,2.55,282.0,945.67,
2005,4,15,22,9.1,77.68,0.0,0.0,0.0,248.63,2.54,271.0,945.67,
2005,4,15,23,8.91,79.32,0.0,0.0,0.0,244.72,2.52,259.0,945.67,
2005,4,16,0,8.71,80.96,0.0,0.0,0.0,240.8,2.51,248.0,945.67,
2005,4,16,1,8.38,84.31,0.0,0.0,0.0,240.83,2.52,250.0,945.55,
2005,4,16,2,8.05,87.66,0.0,0.0,0.0,240.87,2.54,253.0,945.43,
2005,4,16,3,7.72,91.01,0.0,0.0,0.0,240.9,2.55,256.0,945.3,
2005,4,16,4,7.56,93.21,0.0,0.0,0.0,241.45,2.47,251.0,945.27,
2005,4,16,5,7.4,95.4,0.0,0.0,0.0,242.0,2.39,245.0,945.24,
2005,4,16,6,7.23,97.6,0.0,0.0,0.0,242.55,2.3,240.0,945.21,
2005,4,16,7,9.75,84.8,30.0,49.19,23.0,247.13,2.7,257.0,945.27,
2005,4,16,8,12.26,72.01,233.0,419.22,87.0,251.72,3.1,274.0,945.33,
2005,4,16,9,14.77,59.21,461.0,656.51,108.0,256.3,3.5,290.0,945.39,
2005,4,16,10,15.78,53.44,652.0,723.85,147.0,260.98,3.84,293.0,944.87,
2005,4,16,11,16.78,47.68,822.0,829.6,144.0,265.67,4.17,295.0,944.34,
2005,4,16,12,17.78,41.91,926.0,864.51,158.0,270.35,4.51,298.0,943.81,
2005,4,16,13,18.29,41.77,965.0,877.38,170.0,273.93,4.68,298.0,943.29,
2005,4,16,14,18.8,41.63,956.0,939.85,139.0,277.52,4.85,298.0,942.76,
2005,4,16,15,19.31,41.49,852.0,882.86,163.0,281.1,5.02,299.0,942.23,
2005,4,16,16,18.3,46.2,716.0,906.21,131.0,280.52,4.48,301.0,942.32,
2005,4,16,17,17.29,50.91,522.0,852.56,118.0,279.93,3.94,302.0,942.42,
2005,4,16,18,16.29,55.62,299.0,721.81,99.0,279.35,3.39,304.0,942.51,
2005,4,16,19,14.82,60.78,94.0,758.02,42.0,277.22,2.85,292.0,942.91,
2005,4,16,20,13.35,65.94,0.0,0.0,0.0,275.08,2.31,279.0,943.32,
2005,4,16,21,11.88,71.1,0.0,0.0,0.0,272.95,1.77,266.0,943.72,
2005,4,16,22,11.77,72.11,0.0,0.0,0.0,270.72,2.06,254.0,943.53,
2005,4,16,23,11.67,73.11,0.0,0.0,0.0,268.48,2.36,243.0,943.35,
2005,4,17,0,11.56,74.12,0.0,0.0,0.0,266.25,2.66,231.0,943.16,
2005,4,17,1,11.11,76.24,0.0,0.0,0.0,264.62,2.63,221.0,942.67,
2005,4,17,2,10.67,78.35,0.0,0.0,0.0,262.98,2.6,211.0,942.17,
2005,4,17,3,10.22,80.47,0.0,0.0,0.0,261.35,2.57,201.0,941.67,
2005,4,17,4,10.27,82.51,0.0,0.0,0.0,260.08,2.57,203.0,941.83,
2005,4,17,5,10.33,84.54,0.0,0.0,0.0,258.82,2.57,204.0,941.98,
2005,4,17,6,10.38,86.58,0.0,0.0,0.0,257.55,2.57,206.0,942.14,
2005,4,17,7,12.54,78.74,65.35,156.57,42.4,263.38,3.27,223.0,942.32,
2005,4,17,8,14.69,70.91,226.75,339.37,107.2,269.22,3.97,241.0,942.51,
2005,4,17,9,16.84,63.07,395.4,406.46,175.35,275.05,4.68,259.0,942.7,
2005,4,17,10,17.74,58.82,529.0,420.67,234.1,282.22,5.09,264.0,942.23,
2005,4,17,11,18.63,54.58,636.95,492.43,233.0,289.38,5.5,268.0,941.77,
2005,4,17,12,19.53,50.33,766.55,564.4,263.6,296.55,5.92,273.0,941.3,
2005,4,17,13,19.71,50.67,830.0,604.21,281.0,300.13,5.94,276.0,940.9,
2005,4,17,14,19.89,51.01,912.0,791.62,222.0,303.72,5.97,279.0,940.49,
2005,4,17,15,20.08,51.35,863.0,917.38,145.0,307.3,6.0,282.0,940.09,
2005,4,17,16,18.7,56.48,699.0,825.9,164.0,306.4,5.5,285.0,940.34,
2005,4,17,17,17.32,61.62,468.0,573.32,195.0,305.5,5.01,288.0,940.59,
2005,4,17,18,15.94,66.75,230.0,271.88,154.0,304.6,4.51,291.0,940.84,
2005,4,17,19,14.85,71.37,49.0,56.12,45.0,301.1,4.32,285.0,941.64,
2005,4,17,20,13.76,75.98,0.0,0.0,0.0,297.6,4.13,278.0,942.45,
2005,4,17,21,12.67,80.6,0.0,0.0,0.0,294.1,3.94,272.0,943.25,
2005,4,17,22,12.43,83.17,0.0,0.0,0.0,288.57,3.92,269.0,943.38,
2005,4,17,23,12.2,85.74,0.0,0.0,0.0,283.03,3.89,266.0,943.5,
2005,4,18,0,11.96,88.31,0.0,0.0,0.0,277.5,3.86,263.0,943.63,
2005,4,18,1,11.84,88.56,0.0,0.0,0.0,278.48,3.56,259.0,943.29,
2005,4,18,2,11.71,88.8,0.0,0.0,0.0,279.47,3.26,255.0,942.94,
2005,4,18,3,11.59,89.05,0.0,0.0,0.0,280.45,2.97,251.0,942.6,
2005,4,18,4,11.56,88.76,0.0,0.0,0.0,282.17,2.86,252.0,943.04,
2005,4,18,5,11.54,88.47,0.0,0.0,0.0,283.88,2.76,253.0,943.47,
2005,4,18,6,11.51,88.18,0.0,0.0,0.0,285.6,2.66,254.0,943.91,
2005,4,18,7,12.76,79.81,17.0,0.0,17.0,293.42,3.46,262.0,944.46,
2005,4,18,8,14.01,71.44,90.0,2.81,89.0,301.23,4.25,271.0,945.02,
2005,4,18,9,15.25,63.07,325.0,170.64,232.0,309.05,5.05,280.0,945.58,
2005,4,18,10,16.11,58.02,249.0,5.68,245.0,308.22,5.32,281.0,945.52,
2005,4,18,11,16.96,52.97,566.0,202.84,399.0,307.38,5.6,283.0,945.46,
2005,4,18,12,17.82,47.92,507.0,76.08,439.0,306.55,5.88,284.0,945.39,
2005,4,18,13,18.33,47.69,744.0,338.06,436.0,302.12,5.72,286.0,944.99,
2005,4,18,14,18.84,47.46,825.0,552.67,342.0,297.68,5.56,288.0,944.59,
2005,4,18,15,19.36,47.23,837.0,817.97,195.0,293.25,5.41,289.0,944.19,
2005,4,18,16,18.18,51.8,686.0,764.63,189.0,291.38,5.01,294.0,944.4,
2005,4,18,17,17.01,56.38,513.0,777.5,141.0,289.52,4.61,298.0,944.62,
2005,4,18,18,15.84,60.95,306.0,737.63,98.0,287.65,4.21,302.0,944.84,
2005,4,18,19,14.54,65.56,84.0,419.18,53.0,283.98,3.52,297.0,945.58,
2005,4,18,20,13.24,70.18,0.0,0.0,0.0,280.32,2.83,292.0,946.32,
2005,4,18,21,11.95,74.79,0.0,0.0,0.0,276.65,2.14,287.0,947.07,
2005,4,18,22,11.57,76.58,0.0,0.0,0.0,272.85,2.12,275.0,947.1,
2005,4,18,23,11.2,78.36,0.0,0.0,0.0,269.05,2.1,264.0,947.13,
2005,4,19,0,10.82,80.15,0.0,0.0,0.0,265.25,2.08,252.0,947.16,
2005,4,19,1,10.27,81.24,0.0,0.0,0.0,262.3,2.21,244.0,946.95,
2005,4,19,2,9.71,82.34,0.0,0.0,0.0,259.35,2.33,236.0,946.73,
2005,4,19,3,9.16,83.43,0.0,0.0,0.0,256.4,2.46,229.0,946.51,
2005,4,19,4,9.06,85.08,0.0,0.0,0.0,254.8,2.38,220.0,946.64,
2005,4,19,5,8.97,86.72,0.0,0.0,0.0,253.2,2.3,211.0,946.76,
2005,4,19,6,8.87,88.37,0.0,0.0,0.0,251.6,2.22,203.0,946.88,
2005,4,19,7,11.33,78.39,29.0,19.36,26.0,257.48,2.55,225.0,947.19,
2005,4,19,8,13.79,68.4,207.0,236.05,122.0,263.37,2.87,247.0,947.5,
2005,4,19,9,16.24,58.42,469.0,639.85,118.0,269.25,3.2,270.0,947.81,
2005,4,19,10,17.25,53.46,648.0,674.15,171.0,275.15,3.52,278.0,947.53,
2005,4,19,11,18.25,48.49,796.0,714.1,206.0,281.05,3.84,287.0,947.26,
2005,4,19,12,19.26,43.53,852.0,630.26,287.0,286.95,4.17,296.0,946.98,
2005,4,19,13,19.77,41.75,983.0,912.97,149.0,287.23,4.39,295.0,946.51,
2005,4,19,14,20.29,39.96,964.0,941.58,139.0,287.52,4.62,295.0,946.05,
2005,4,19,15,20.81,38.18,835.0,803.0,203.0,287.8,4.84,295.0,945.58,
2005,4,19,16,19.55,43.91,708.0,841.81,159.0,286.3,4.48,302.0,945.58,
2005,4,19,17,18.3,49.65,507.0,734.31,154.0,284.8,4.11,309.0,945.58,
2005,4,19,18,17.05,55.38,279.0,523.87,130.0,283.3,3.75,316.0,945.58,
2005,4,19,19,15.17,63.34,76.0,261.02,56.0,280.43,3.0,316.0,946.14,
2005,4,19,20,13.29,71.29,0.0,0.0,0.0,277.57,2.25,317.0,946.7,
2005,4,19,21,11.41,79.25,0.0,0.0,0.0,274.7,1.5,317.0,947.26,
2005,4,19,22,11.21,78.35,0.0,0.0,0.0,271.93,1.54,293.0,947.22,
2005,4,19,23,11.01,77.45,0.0,0.0,0.0,269.17,1.58,269.0,947.19,
2005,4,20,0,10.81,76.55,0.0,0.0,0.0,266.4,1.61,245.0,947.16,
2005,4,20,1,10.49,74.94,0.0,0.0,0.0,265.9,1.85,233.0,946.73,
2005,4,20,2,10.18,73.34,0.0,0.0,0.0,265.4,2.09,221.0,946.29,
2005,4,20,3,9.86,71.73,0.0,0.0,0.0,264.9,2.33,209.0,945.86,
2005,4,20,4,9.87,72.39,0.0,0.0,0.0,265.78,2.3,204.0,945.8,
2005,4,20,5,9.89,73.05,0.0,0.0,0.0,266.67,2.28,198.0,945.74,
2005,4,20,6,9.9,73.71,0.0,0.0,0.0,267.55,2.25,192.0,945.67,
2005,4,20,7,12.56,66.86,44.0,81.74,31.0,270.77,2.4,218.0,946.05,
2005,4,20,8,15.22,60.02,240.0,379.24,102.0,273.98,2.56,244.0,946.42,
2005,4,20,9,17.88,53.17,473.0,643.05,118.0,277.2,2.72,269.0,946.79,
2005,4,20,10,18.94,49.38,677.0,772.46,128.0,281.55,2.95,275.0,946.26,
2005,4,20,11,20.0,45.6,849.0,881.72,118.0,285.9,3.19,281.0,945.74,
2005,4,20,12,21.06,41.81,943.0,884.28,148.0,290.25,3.42,286.0,945.21,
2005,4,20,13,21.76,40.57,996.0,947.74,128.0,293.1,3.59,294.0,944.68,
2005,4,20,14,22.46,39.34,966.0,941.5,139.0,295.95,3.75,302.0,944.15,
2005,4,20,15,23.16,38.1,865.0,900.93,154.0,298.8,3.92,310.0,943.63,
2005,4,20,16,21.97,44.02,718.0,874.2,146.0,297.67,3.66,319.0,943.66,
2005,4,20,17,20.78,49.95,526.0,824.06,128.0,296.53,3.39,327.0,943.69,
2005,4,20,18,19.6,55.87,290.0,582.2,123.0,295.4,3.13,336.0,943.72,
2005,4,20,19,18.19,62.29,79.0,277.48,57.0,292.93,2.51,352.0,944.25,
2005,4,20,20,16.78,68.72,0.0,0.0,0.0,290.47,1.88,9.0,944.77,
2005,4,20,21,15.38,75.14,0.0,0.0,0.0,288.0,1.26,25.0,945.3,
2005,4,20,22,14.26,79.57,0.0,0.0,0.0,285.35,1.53,65.0,945.12,
2005,4,20,23,13.14,84.01,0.0,0.0,0.0,282.7,1.8,105.0,944.93,
2005,4,21,0,12.01,88.44,0.0,0.0,0.0,280.05,2.07,145.0,944.74,
2005,4,21,1,10.89,88.14,0.0,0.0,0.0,278.52,2.22,148.0,944.03,
2005,4,21,2,9.78,87.85,0.0,0.0,0.0,276.98,2.37,150.0,943.32,
2005,4,21,3,8.66,87.55,0.0,0.0,0.0,275.45,2.52,153.0,942.6,
2005,4,21,4,9.06,84.85,0.0,0.0,0.0,275.07,2.63,156.0,942.51,
2005,4,21,5,9.47,82.16,0.0,0.0,0.0,274.68,2.73,158.0,942.42,
2005,4,21,6,9.87,79.46,0.0,0.0,0.0,274.3,2.83,161.0,942.32,
2005,4,21,7,13.32,68.53,44.0,67.45,33.0,281.03,2.33,177.0,942.6,
2005,4,21,8,16.76,57.6,252.0,429.79,94.0,287.77,1.83,193.0,942.88,
2005,4,21,9,20.2,46.67,464.0,586.89,138.0,294.5,1.34,209.0,943.16,
2005,4,21,10,21.15,43.83,651.0,664.05,177.0,306.93,2.1,234.0,943.04,
2005,4,21,11,22.09,41.0,816.0,759.75,184.0,319.37,2.86,259.0,942.91,
2005,4,21,12,23.03,38.16,878.0,685.49,260.0,331.8,3.61,283.0,942.79,
2005,4,21,13,23.29,38.87,940.0,767.84,235.0,335.02,4.04,288.0,942.45,
2005,4,21,14,23.55,39.58,921.0,792.69,223.0,338.23,4.47,292.0,942.11,
2005,4,21,15,23.82,40.29,719.0,465.07,351.0,341.45,4.9,297.0,941.77,
2005,4,21,16,22.29,46.42,525.0,278.78,342.0,344.57,4.42,308.0,941.92,
2005,4,21,17,20.76,52.56,391.0,278.24,256.0,347.68,3.95,320.0,942.08,
2005,4,21,18,19.24,58.69,175.0,76.06,153.0,350.8,3.48,331.0,942.23,
2005,4,21,19,17.63,65.12,60.0,85.43,53.0,349.58,2.67,334.0,942.82,
2005,4,21,20,16.03,71.56,0.0,0.0,0.0,348.37,1.86,337.0,943.41,
2005,4,21,21,14.43,77.99,0.0,0.0,0.0,347.15,1.05,340.0,944.0,
2005,4,21,22,13.96,80.07,0.0,0.0,0.0,341.15,0.9,287.0,943.94,
2005,4,21,23,13.5,82.14,0.0,0.0,0.0,335.15,0.75,234.0,943.88,
2005,4,22,0,13.03,84.22,0.0,0.0,0.0,329.15,0.61,180.0,943.81,
2005,4,22,1,12.74,81.85,0.0,0.0,0.0,321.97,0.9,184.0,943.16,
2005,4,22,2,12.46,79.47,0.0,0.0,0.0,314.78,1.19,188.0,942.51,
2005,4,22,3,12.17,77.1,0.0,0.0,0.0,307.6,1.48,191.0,941.86,
2005,4,22,4,11.96,79.63,0.0,0.0,0.0,301.95,1.64,183.0,941.74,
2005,4,22,5,11.75,82.16,0.0,0.0,0.0,296.3,1.8,175.0,941.61,
2005,4,22,6,11.54,84.69,0.0,0.0,0.0,290.65,1.96,167.0,941.49,
2005,4,22,7,14.4,74.86,38.0,35.92,32.0,294.87,1.65,184.0,941.64,
2005,4,22,8,17.26,65.02,265.0,487.5,84.0,299.08,1.34,201.0,941.8,
2005,4,22,9,20.11,55.19,444.0,492.12,169.0,303.3,1.03,218.0,941.95,
2005,4,22,10,21.5,50.4,699.0,832.84,102.0,310.23,1.58,231.0,941.61,
2005,4,22,11,22.89,45.61,837.0,820.79,152.0,317.17,2.12,243.0,941.27,
2005,4,22,12,24.28,40.82,938.0,852.87,167.0,324.1,2.66,255.0,940.93,
2005,4,22,13,24.5,40.35,855.0,546.5,352.0,329.95,3.2,266.0,939.97,
2005,4,22,14,24.72,39.88,965.0,924.47,149.0,335.8,3.73,276.0,939.01,
2005,4,22,15,24.94,39.41,788.0,641.59,279.0,341.65,4.26,286.0,938.05,
2005,4,22,16,22.81,46.37,610.0,485.93,290.0,340.07,4.46,302.0,938.42,
2005,4,22,17,20.68,53.34,498.0,664.74,174.0,338.48,4.67,317.0,938.79,
2005,4,22,18,18.56,60.3,296.0,596.61,122.0,336.9,4.87,332.0,939.16,
2005,4,22,19,16.87,67.95,72.0,165.51,58.0,335.32,3.94,335.0,940.03,
2005,4,22,20,15.18,75.6,0.0,0.0,0.0,333.73,3.01,337.0,940.9,
2005,4,22,21,13.5,83.25,0.0,0.0,0.0,332.15,2.08,340.0,941.77,
2005,4,22,22,13.36,83.85,0.0,0.0,0.0,325.6,1.76,318.0,941.83,
2005,4,22,23,13.22,84.45,0.0,0.0,0.0,319.05,1.43,296.0,941.89,
2005,4,23,0,13.08,85.05,0.0,0.0,0.0,312.5,1.1,275.0,941.95,
2005,4,23,1,12.63,86.11,0.0,0.0,0.0,305.23,1.41,260.0,941.18,
2005,4,23,2,12.19,87.18,0.0,0.0,0.0,297.97,1.72,246.0,940.4,
2005,4,23,3,11.74,88.24,0.0,0.0,0.0,290.7,2.03,231.0,939.63,
2005,4,23,4,11.63,88.34,0.0,0.0,0.0,290.17,2.0,235.0,940.0,
2005,4,23,5,11.53,88.44,0.0,0.0,0.0,289.63,1.98,238.0,940.37,
2005,4,23,6,11.42,88.54,0.0,0.0,0.0,289.1,1.96,242.0,940.74,
2005,4,23,7,13.67,78.03,46.0,58.51,36.0,293.78,2.48,251.0,941.05,
2005,4,23,8,15.92,67.53,248.0,373.46,108.0,298.47,3.0,259.0,941.36,
2005,4,23,9,18.16,57.02,479.0,626.25,127.0,303.15,3.52,268.0,941.67,
2005,4,23,10,19.06,53.21,624.0,554.34,225.0,316.6,4.21,274.0,941.67,
2005,4,23,11,19.95,49.39,757.0,570.94,279.0,330.05,4.91,280.0,941.67,
2005,4,23,12,20.85,45.58,925.0,805.39,195.0,343.5,5.6,286.0,941.67,
2005,4,23,13,20.85,46.07,580.0,113.81,475.0,354.42,5.72,294.0,941.55,
2005,4,23,14,20.85,46.57,487.0,55.38,438.0,365.33,5.85,302.0,941.43,
2005,4,23,15,20.86,47.06,742.0,511.71,335.0,376.25,5.97,310.0,941.3,
2005,4,23,16,19.49,51.24,245.0,3.03,243.0,372.68,5.42,313.0,941.7,
2005,4,23,17,18.12,55.41,235.0,22.47,224.0,369.12,4.87,315.0,942.11,
2005,4,23,18,16.76,59.59,202.0,136.04,162.0,365.55,4.32,318.0,942.51,
2005,4,23,19,15.94,61.77,75.0,171.96,60.0,360.37,3.31,314.0,943.16,
2005,4,23,20,15.12,63.94,0.0,0.0,0.0,355.18,2.3,309.0,943.81,
2005,4,23,21,14.31,66.12,0.0,0.0,0.0,350.0,1.3,305.0,944.46,
2005,4,23,22,14.09,67.95,0.0,0.0,0.0,346.52,1.11,290.0,944.4,
2005,4,23,23,13.88,69.78,0.0,0.0,0.0,343.03,0.92,275.0,944.34,
2005,4,24,0,13.66,71.61,0.0,0.0,0.0,339.55,0.73,261.0,944.28,
2005,4,24,1,13.04,74.68,0.0,0.0,0.0,331.0,0.68,234.0,943.97,
2005,4,24,2,12.43,77.75,0.0,0.0,0.0,322.45,0.62,208.0,943.66,
2005,4,24,3,11.81,80.82,0.0,0.0,0.0,313.9,0.57,181.0,943.35,
2005,4,24,4,11.64,82.76,0.0,0.0,0.0,310.42,0.54,206.0,943.5,
2005,4,24,5,11.47,84.69,0.0,0.0,0.0,306.93,0.51,231.0,943.66,
2005,4,24,6,11.29,86.63,0.0,0.0,0.0,303.45,0.48,256.0,943.81,
2005,4,24,7,13.27,78.37,36.0,17.17,33.0,309.15,1.12,286.0,944.12,
2005,4,24,8,15.24,70.1,188.0,126.85,140.0,314.85,1.76,316.0,944.43,
2005,4,24,9,17.21,61.84,386.0,284.82,225.0,320.55,2.4,346.0,944.74,
2005,4,24,10,18.26,57.43,586.0,435.9,271.0,328.77,2.78,355.0,944.43,
2005,4,24,11,19.3,53.02,745.0,535.84,295.0,336.98,3.15,4.0,944.12,
2005,4,24,12,20.35,48.61,938.0,837.44,177.0,345.2,3.53,14.0,943.81,
2005,4,24,13,20.99,46.79,903.0,652.07,300.0,348.22,3.64,11.0,943.53,
2005,4,24,14,21.63,44.97,863.0,619.11,314.0,351.23,3.74,8.0,943.25,
2005,4,24,15,22.28,43.15,681.0,369.97,386.0,354.25,3.85,5.0,942.98,
2005,4,24,16,21.14,47.72,634.0,546.3,272.0,348.4,4.06,3.0,943.01,
2005,4,24,17,20.0,52.3,557.0,949.63,90.0,342.55,4.28,1.0,943.04,
2005,4,24,18,18.86,56.87,317.0,715.23,105.0,336.7,4.5,359.0,943.07,
2005,4,24,19,17.24,64.63,94.0,389.49,59.0,326.27,3.93,358.0,944.0,
2005,4,24,20,15.62,72.4,0.0,0.0,0.0,315.83,3.37,357.0,944.93,
2005,4,24,21,14.0,80.16,0.0,0.0,0.0,305.4,2.8,356.0,945.86,
2005,4,24,22,13.29,83.18,0.0,0.0,0.0,301.52,2.29,13.0,945.77,
2005,4,24,23,12.58,86.21,0.0,0.0,0.0,297.63,1.78,29.0,945.67,
2005,4,25,0,11.87,89.23,0.0,0.0,0.0,293.75,1.27,46.0,945.58,
2005,4,25,1,11.09,89.42,0.0,0.0,0.0,292.57,1.47,65.0,944.99,
2005,4,25,2,10.32,89.6,0.0,0.0,0.0,291.38,1.66,85.0,944.4,
2005,4,25,3,9.54,89.79,0.0,0.0,0.0,290.2,1.86,105.0,943.81,
2005,4,25,4,10.01,87.91,0.0,0.0,0.0,290.3,1.75,111.0,943.75,
2005,4,25,5,10.49,86.02,0.0,0.0,0.0,290.4,1.63,118.0,943.69,
2005,4,25,6,10.96,84.14,0.0,0.0,0.0,290.5,1.52,125.0,943.63,
2005,4,25,7,13.06,78.74,31.0,5.6,30.0,297.65,1.28,89.0,943.72,
2005,4,25,8,15.16,73.35,251.0,356.18,115.0,304.8,1.04,54.0,943.81,
2005,4,25,9,17.26,67.95,473.0,571.79,148.0,311.95,0.8,19.0,943.91,
2005,4,25,10,18.75,61.9,683.0,736.09,149.0,324.1,1.41,6.0,943.53,
2005,4,25,11,20.23,55.86,795.0,663.65,236.0,336.25,2.01,353.0,943.16,
2005,4,25,12,21.72,49.81,809.0,493.96,359.0,348.4,2.62,340.0,942.79,
2005,4,25,13,22.06,49.26,752.0,330.16,446.0,356.4,3.16,341.0,942.7,
2005,4,25,14,22.41,48.72,578.0,124.9,467.0,364.4,3.71,342.0,942.6,
2005,4,25,15,22.76,48.17,721.0,454.14,358.0,372.4,4.25,342.0,942.51,
2005,4,25,16,21.43,53.28,616.0,485.97,293.0,361.95,4.31,341.0,942.67,
2005,4,25,17,20.1,58.4,392.0,263.2,262.0,351.5,4.38,340.0,942.82,
2005,4,25,18,18.78,63.51,158.0,36.82,147.0,341.05,4.44,339.0,942.98,
2005,4,25,19,17.05,71.39,69.0,108.12,59.0,331.27,3.78,335.0,943.84,
2005,4,25,20,15.32,79.27,0.0,0.0,0.0,321.48,3.13,331.0,944.71,
2005,4,25,21,13.59,87.15,0.0,0.0,0.0,311.7,2.47,327.0,945.58,
2005,4,25,22,13.39,86.51,0.0,0.0,0.0,307.72,1.89,326.0,945.46,
2005,4,25,23,13.2,85.87,0.0,0.0,0.0,303.73,1.31,325.0,945.33,
2005,4,26,0,13.0,85.23,0.0,0.0,0.0,299.75,0.73,324.0,945.21,
2005,4,26,1,11.87,90.15,0.0,0.0,0.0,295.33,1.04,305.0,944.81,
2005,4,26,2,10.73,95.08,0.0,0.0,0.0,290.92,1.36,286.0,944.4,
2005,4,26,3,9.6,100.0,0.0,0.0,0.0,286.5,1.67,267.0,944.0,
2005,4,26,4,9.63,100.0,0.0,0.0,0.0,284.25,1.5,241.0,943.88,
2005,4,26,5,9.66,100.0,0.0,0.0,0.0,282.0,1.34,215.0,943.75,
2005,4,26,6,9.68,100.0,0.0,0.0,0.0,279.75,1.17,189.0,943.63,
2005,4,26,7,12.49,88.91,21.0,0.0,21.0,288.32,0.8,225.0,943.69,
2005,4,26,8,15.3,77.82,24.0,0.0,24.0,296.88,0.43,261.0,943.75,
2005,4,26,9,18.1,66.73,88.0,0.0,88.0,305.45,0.06,297.0,943.81,
2005,4,26,10,19.52,61.6,296.0,16.48,284.0,318.78,0.66,303.0,943.53,
2005,4,26,11,20.94,56.47,342.0,11.84,332.0,332.12,1.27,309.0,943.25,
2005,4,26,12,22.36,51.34,431.0,27.38,406.0,345.45,1.88,315.0,942.98,
2005,4,26,13,22.29,52.77,508.0,57.06,455.0,351.4,2.78,327.0,942.98,
2005,4,26,14,22.23,54.19,899.0,702.83,273.0,357.35,3.69,339.0,942.98,
2005,4,26,15,22.17,55.62,723.0,454.3,359.0,363.3,4.59,352.0,942.98,
2005,4,26,16,20.78,60.81,585.0,399.02,319.0,361.95,4.71,351.0,943.19,
2005,4,26,17,19.39,65.99,453.0,447.53,231.0,360.6,4.82,349.0,943.41,
2005,4,26,18,18.0,71.18,219.0,172.69,167.0,359.25,4.94,348.0,943.63,
2005,4,26,19,16.55,77.34,22.0,0.0,22.0,351.47,4.59,341.0,944.65,
2005,4,26,20,15.11,83.5,0.0,0.0,0.0,343.68,4.24,334.0,945.67,
2005,4,26,21,13.67,89.66,0.0,0.0,0.0,335.9,3.89,328.0,946.7,
2005,4,26,22,13.34,92.77,0.0,0.0,0.0,333.7,3.54,326.0,946.79,
2005,4,26,23,13.01,95.87,0.0,0.0,0.0,331.5,3.2,324.0,946.88,
2005,4,27,0,12.68,98.98,0.0,0.0,0.0,329.3,2.86,322.0,946.98,
2005,4,27,1,12.28,97.47,0.0,0.0,0.0,328.27,2.9,321.0,947.19,
2005,4,27,2,11.87,95.95,0.0,0.0,0.0,327.23,2.95,320.0,947.41,
2005,4,27,3,11.47,94.44,0.0,0.0,0.0,326.2,2.99,318.0,947.63,
2005,4,27,4,11.61,94.58,0.0,0.0,0.0,331.87,2.68,318.0,947.91,
2005,4,27,5,11.76,94.71,0.0,0.0,0.0,337.53,2.37,317.0,948.19,
2005,4,27,6,11.9,94.85,0.0,0.0,0.0,343.2,2.06,317.0,948.46,
2005,4,27,7,13.16,88.43,46.0,32.3,40.0,346.53,1.65,333.0,948.5,
2005,4,27,8,14.41,82.02,158.0,51.48,138.0,349.87,1.25,350.0,948.53,
2005,4,27,9,15.66,75.6,181.0,3.48,179.0,353.2,0.84,6.0,948.56,
2005,4,27,10,17.28,68.84,156.0,0.0,156.0,352.82,1.18,4.0,948.15,
2005,4,27,11,18.9,62.07,237.0,0.0,237.0,352.43,1.51,2.0,947.75,
2005,4,27,12,20.52,55.31,240.0,0.0,240.0,352.05,1.85,0.0,947.35,
2005,4,27,13,20.61,54.55,159.0,0.0,159.0,353.42,2.49,357.0,947.16,
2005,4,27,14,20.7,53.78,213.0,0.0,213.0,354.78,3.14,354.0,946.98,
2005,4,27,15,20.8,53.02,416.0,37.35,386.0,356.15,3.78,351.0,946.79,
2005,4,27,16,19.71,57.93,342.0,34.4,319.0,352.03,3.94,349.0,947.07,
2005,4,27,17,18.62,62.84,277.0,52.19,251.0,347.92,4.09,347.0,947.35,
2005,4,27,18,17.53,67.75,206.0,128.52,167.0,343.8,4.25,345.0,947.63,
2005,4,27,19,16.11,74.65,52.0,20.47,50.0,337.75,3.58,350.0,948.15,
2005,4,27,20,14.69,81.54,0.0,0.0,0.0,331.7,2.91,356.0,948.68,
2005,4,27,21,13.27,88.44,0.0,0.0,0.0,325.65,2.23,2.0,949.21,
2005,4,27,22,13.01,88.27,0.0,0.0,0.0,319.83,1.81,18.0,949.02,
2005,4,27,23,12.75,88.1,0.0,0.0,0.0,314.02,1.38,35.0,948.84,
2005,4,28,0,12.48,87.93,0.0,0.0,0.0,308.2,0.95,51.0,948.65,
2005,4,28,1,12.32,85.94,0.0,0.0,0.0,307.62,0.7,44.0,948.34,
2005,4,28,2,12.17,83.94,0.0,0.0,0.0,307.03,0.45,37.0,948.03,
2005,4,28,3,12.01,81.95,0.0,0.0,0.0,306.45,0.19,29.0,947.72,
2005,4,28,4,11.69,85.15,0.0,0.0,0.0,305.42,0.6,54.0,947.6,
2005,4,28,5,11.37,88.34,0.0,0.0,0.0,304.38,1.01,78.0,947.47,
2005,4,28,6,11.04,91.54,0.0,0.0,0.0,303.35,1.42,102.0,947.35,
2005,4,28,7,14.25,82.3,40.0,10.57,38.0,309.82,1.44,99.0,947.13,
2005,4,28,8,17.46,73.05,169.0,66.38,143.0,316.28,1.46,96.0,946.91,
2005,4,28,9,20.67,63.81,485.0,588.94,145.0,322.75,1.48,93.0,946.7,
2005,4,28,10,22.55,58.19,696.0,753.98,143.0,333.33,1.55,76.0,946.08,
2005,4,28,11,24.43,52.56,877.0,904.11,109.0,343.92,1.62,59.0,945.46,
2005,4,28,12,26.31,46.94,983.0,954.82,107.0,354.5,1.7,42.0,944.84,
2005,4,28,13,26.37,46.04,1036.0,1021.67,83.0,358.45,2.15,41.0,944.22,
2005,4,28,14,26.43,45.13,1012.0,1045.36,77.0,362.4,2.6,40.0,943.6,
2005,4,28,15,26.5,44.23,900.0,971.45,118.0,366.35,3.05,38.0,942.98,
2005,4,28,16,25.29,48.4,750.0,944.02,117.0,365.2,3.19,40.0,942.91,
2005,4,28,17,24.09,52.56,550.0,859.53,120.0,364.05,3.32,42.0,942.85,
2005,4,28,18,22.89,56.73,321.0,676.96,114.0,362.9,3.46,44.0,942.79,
2005,4,28,19,21.24,62.18,105.0,418.68,63.0,353.52,3.01,56.0,943.25,
2005,4,28,20,19.6,67.62,0.0,0.0,0.0,344.13,2.55,68.0,943.72,
2005,4,28,21,17.96,73.07,0.0,0.0,0.0,334.75,2.1,80.0,944.19,
2005,4,28,22,17.52,74.75,0.0,0.0,0.0,330.65,2.1,99.0,944.15,
2005,4,28,23,17.08,76.44,0.0,0.0,0.0,326.55,2.1,118.0,944.12,
2005,4,29,0,16.63,78.12,0.0,0.0,0.0,322.45,2.1,136.0,944.09,
2005,4,29,1,15.7,80.39,0.0,0.0,0.0,319.48,2.14,151.0,944.28,
2005,4,29,2,14.78,82.66,0.0,0.0,0.0,316.52,2.18,165.0,944.46,
2005,4,29,3,13.85,84.93,0.0,0.0,0.0,313.55,2.22,179.0,944.65,
2005,4,29,4,13.72,86.57,0.0,0.0,0.0,312.22,2.09,181.0,944.9,
2005,4,29,5,13.59,88.22,0.0,0.0,0.0,310.88,1.96,182.0,945.15,
2005,4,29,6,13.46,89.86,0.0,0.0,0.0,309.55,1.83,183.0,945.39,
2005,4,29,7,16.54,79.04,38.0,10.38,36.0,315.92,1.58,184.0,945.24,
2005,4,29,8,19.62,68.22,130.0,15.2,124.0,322.28,1.32,186.0,945.08,
2005,4,29,9,22.69,57.4,213.0,13.79,205.0,328.65,1.06,187.0,944.93,
2005,4,29,10,24.14,53.33,510.0,240.5,333.0,338.73,0.97,238.0,944.5,
2005,4,29,11,25.59,49.27,870.0,872.37,127.0,348.82,0.87,289.0,944.06,
2005,4,29,12,27.04,45.2,991.0,973.38,96.0,358.9,0.77,340.0,943.63,
2005,4,29,13,26.84,45.16,1038.0,1021.75,83.0,362.83,1.2,341.0,943.1,
2005,4,29,14,26.64,45.11,1010.0,1033.21,84.0,366.77,1.63,342.0,942.57,
2005,4,29,15,26.45,45.07,907.0,989.09,109.0,370.7,2.06,343.0,942.05,
2005,4,29,16,25.12,49.89,752.0,944.3,117.0,371.4,2.45,345.0,942.08,
2005,4,29,17,23.79,54.71,543.0,812.18,135.0,372.1,2.84,348.0,942.11,
2005,4,29,18,22.46,59.53,346.0,856.89,82.0,372.8,3.23,350.0,942.14,
2005,4,29,19,20.76,66.78,80.0,136.05,66.0,364.15,2.8,349.0,942.82,
2005,4,29,20,19.06,74.04,0.0,0.0,0.0,355.5,2.36,348.0,943.5,
2005,4,29,21,17.37,81.29,0.0,0.0,0.0,346.85,1.93,347.0,944.19,
2005,4,29,22,16.88,82.25,0.0,0.0,0.0,340.97,1.61,350.0,944.25,
2005,4,29,23,16.39,83.21,0.0,0.0,0.0,335.08,1.29,354.0,944.31,
2005,4,30,0,15.9,84.17,0.0,0.0,0.0,329.2,0.97,357.0,944.37,
2005,4,30,1,15.0,84.93,0.0,0.0,0.0,322.5,1.24,55.0,944.0,
2005,4,30,2,14.09,85.69,0.0,0.0,0.0,315.8,1.51,114.0,943.63,
2005,4,30,3,13.19,86.45,0.0,0.0,0.0,309.1,1.78,172.0,943.25,
2005,4,30,4,13.36,85.72,0.0,0.0,0.0,307.47,2.07,170.0,943.35,
2005,4,30,5,13.53,84.98,0.0,0.0,0.0,305.83,2.36,169.0,943.44,
2005,4,30,6,13.7,84.25,0.0,0.0,0.0,304.2,2.65,168.0,943.53,
2005,4,30,7,17.04,73.93,67.0,96.9,48.0,308.78,2.69,177.0,943.72,
2005,4,30,8,20.39,63.61,240.0,261.38,136.0,313.37,2.74,186.0,943.91,
2005,4,30,9,23.73,53.29,479.0,555.87,155.0,317.95,2.79,195.0,944.09,
2005,4,30,10,25.8,47.41,657.0,614.84,203.0,324.72,2.85,202.0,943.53,
2005,4,30,11,27.87,41.54,857.0,835.01,144.0,331.48,2.91,208.0,942.98,
2005,4,30,12,29.94,35.66,956.0,868.19,156.0,338.25,2.98,214.0,942.42,
2005,4,30,13,29.92,35.62,981.0,846.77,188.0,343.73,2.91,222.0,941.74,
2005,4,30,14,29.91,35.57,965.0,888.63,167.0,349.22,2.85,230.0,941.05,
2005,4,30,15,29.89,35.53,855.0,816.24,195.0,354.7,2.79,237.0,940.37,
2005,4,30,16,28.38,40.12,716.0,803.75,174.0,353.25,2.39,265.0,940.59,
2005,4,30,17,22.58,60.77,524.0,723.61,159.0,344.3,1.06,293.0,940.8,
2005,4,30,18,22.23,62.34,317.0,637.91,119.0,343.71,1.2,320.0,941.02,
2005,4,30,19,21.88,63.92,120.0,597.24,57.0,343.11,1.34,320.0,942.11,
2005,4,30,20,21.53,65.49,0.0,0.0,0.0,342.52,1.47,320.0,943.19,
2005,4,30,21,21.18,67.07,0.0,0.0,0.0,341.93,1.61,320.0,944.28,
2005,4,30,22,20.83,68.65,0.0,0.0,0.0,341.33,1.74,286.0,944.43,
2005,4,30,23,20.48,70.22,0.0,0.0,0.0,340.74,1.88,252.0,944.59,
2010,5,1,0,20.13,71.8,0.0,0.0,0.0,340.14,2.01,218.0,944.74,
2010,5,1,1,19.78,73.37,0.0,0.0,0.0,339.55,2.15,182.0,941.83,
2010,5,1,2,19.43,74.95,0.0,0.0,0.0,338.96,2.29,177.0,941.61,
2010,5,1,3,19.08,76.52,0.0,0.0,0.0,338.36,2.42,172.0,941.39,
2010,5,1,4,18.73,78.1,0.0,0.0,0.0,337.77,2.56,174.0,941.33,
2010,5,1,5,18.38,79.67,0.0,0.0,0.0,337.17,2.69,177.0,941.27,
2010,5,1,6,18.03,81.25,0.0,0.0,0.0,336.58,2.83,179.0,941.21,
2010,5,1,7,17.68,82.82,145.0,423.31,62.0,335.99,2.96,199.0,941.39,
2010,5,1,8,17.33,84.4,306.0,369.45,159.0,335.39,3.1,220.0,941.58,
2010,5,1,9,23.87,58.54,422.0,255.63,273.0,338.0,3.08,240.0,941.77,
2010,5,1,10,23.65,59.4,71.0,0.0,71.0,345.75,3.56,248.0,941.74,
2010,5,1,11,23.42,60.25,613.0,214.31,430.0,353.5,4.05,257.0,941.7,
2010,5,1,12,23.2,61.11,894.0,652.23,293.0,361.25,4.54,266.0,941.67,
2010,5,1,13,22.43,62.64,765.0,345.97,441.0,356.42,4.21,261.0,941.61,
2010,5,1,14,21.67,64.18,930.0,820.71,193.0,351.58,3.89,256.0,941.55,
2010,5,1,15,20.9,65.71,807.0,744.51,205.0,346.75,3.56,252.0,941.49,
2010,5,1,16,20.4,65.95,100.0,0.0,100.0,342.98,3.32,253.0,941.49,
2010,5,1,17,19.91,66.19,159.0,1.98,158.0,339.22,3.09,254.0,941.49,
2010,5,1,18,19.41,66.43,84.0,0.0,84.0,335.45,2.86,256.0,941.49,
2010,5,1,19,18.41,68.56,16.0,0.0,16.0,329.0,2.74,258.0,942.08,
2010,5,1,20,17.42,70.69,0.0,0.0,0.0,322.55,2.62,260.0,942.67,
2010,5,1,21,16.43,72.82,0.0,0.0,0.0,316.1,2.5,262.0,943.25,
2010,5,1,22,16.24,73.61,0.0,0.0,0.0,310.77,2.63,257.0,943.32,
2010,5,1,23,16.06,74.4,0.0,0.0,0.0,305.43,2.76,252.0,943.38,
2010,5,2,0,15.88,75.19,0.0,0.0,0.0,300.1,2.9,247.0,943.44,
2010,5,2,1,15.13,78.95,0.0,0.0,0.0,295.72,2.86,242.0,943.44,
2010,5,2,2,14.37,82.7,0.0,0.0,0.0,291.33,2.81,236.0,943.44,
2010,5,2,3,13.62,86.46,0.0,0.0,0.0,286.95,2.77,231.0,943.44,
2010,5,2,4,13.68,86.82,0.0,0.0,0.0,282.63,2.75,224.0,943.53,
2010,5,2,5,13.75,87.17,0.0,0.0,0.0,278.32,2.74,218.0,943.63,
2010,5,2,6,13.82,87.53,0.0,0.0,0.0,274.0,2.72,212.0,943.72,
2010,5,2,7,15.79,78.69,119.0,195.62,80.0,278.15,3.12,228.0,943.84,
2010,5,2,8,17.76,69.84,350.0,573.75,120.0,282.3,3.53,244.0,943.97,
2010,5,2,9,19.72,61.0,539.0,613.11,180.0,286.45,3.93,261.0,944.09,
2010,5,2,10,20.82,56.05,678.0,561.58,262.0,292.98,4.0,270.0,943.69,
2010,5,2,11,21.92,51.09,829.0,661.22,263.0,299.52,4.08,279.0,943.29,
2010,5,2,12,23.02,46.14,859.0,560.99,341.0,306.05,4.15,288.0,942.88,
2010,5,2,13,23.34,46.24,919.0,669.31,291.0,308.33,3.83,293.0,942.23,
2010,5,2,14,23.67,46.33,926.0,804.68,202.0,310.62,3.5,298.0,941.58,
2010,5,2,15,23.99,46.43,818.0,773.74,191.0,312.9,3.17,303.0,940.93,
2010,5,2,16,23.01,51.44,667.0,746.81,162.0,310.77,2.77,312.0,940.71,
2010,5,2,17,22.04,56.45,470.0,655.53,138.0,308.63,2.36,320.0,940.49,
2010,5,2,18,21.06,61.46,253.0,479.73,103.0,306.5,1.96,328.0,940.28,
2010,5,2,19,19.26,70.35,63.0,249.88,36.0,302.87,1.98,348.0,940.59,
2010,5,2,20,17.46,79.23,0.0,0.0,0.0,299.23,2.0,9.0,940.9,
2010,5,2,21,15.67,88.12,0.0,0.0,0.0,295.6,2.01,29.0,941.21,
2010,5,2,22,15.16,90.4,0.0,0.0,0.0,294.22,1.63,63.0,940.74,
2010,5,2,23,14.65,92.68,0.0,0.0,0.0,292.83,1.25,96.0,940.28,
2010,5,3,0,14.14,94.96,0.0,0.0,0.0,291.45,0.87,130.0,939.81,
2010,5,3,1,13.88,96.18,0.0,0.0,0.0,296.87,1.25,146.0,939.38,
2010,5,3,2,13.62,97.41,0.0,0.0,0.0,302.28,1.63,162.0,938.94,
2010,5,3,3,13.36,98.63,0.0,0.0,0.0,307.7,2.01,178.0,938.51,
2010,5,3,4,13.76,97.11,0.0,0.0,0.0,316.43,1.9,185.0,938.39,
2010,5,3,5,14.17,95.6,0.0,0.0,0.0,325.17,1.79,191.0,938.26,
2010,5,3,6,14.58,94.08,0.0,0.0,0.0,333.9,1.68,198.0,938.14,
2010,5,3,7,15.77,87.71,24.0,0.0,24.0,341.57,2.14,210.0,938.14,
2010,5,3,8,16.97,81.33,34.0,0.0,34.0,349.23,2.6,222.0,938.14,
2010,5,3,9,18.16,74.96,50.0,0.0,50.0,356.9,3.06,234.0,938.14,
2010,5,3,10,18.97,68.1,122.0,0.0,122.0,359.4,3.76,242.0,937.67,
2010,5,3,11,19.77,61.24,150.0,0.0,150.0,361.9,4.46,249.0,937.21,
2010,5,3,12,20.58,54.38,100.0,0.0,100.0,364.4,5.16,257.0,936.74,
2010,5,3,13,20.55,52.78,99.0,0.0,99.0,363.0,5.72,262.0,936.56,
2010,5,3,14,20.53,51.17,156.0,0.0,156.0,361.6,6.28,268.0,936.37,
2010,5,3,15,20.5,49.57,354.0,17.24,340.0,360.2,6.84,273.0,936.18,
2010,5,3,16,19.4,53.36,528.0,321.51,310.0,352.17,6.38,276.0,936.43,
2010,5,3,17,18.29,57.15,469.0,645.05,141.0,344.13,5.92,279.0,936.68,
2010,5,3,18,17.19,60.94,239.0,384.19,118.0,336.1,5.46,282.0,936.93,
2010,5,3,19,15.89,65.51,65.0,253.14,37.0,321.93,4.42,288.0,937.83,
2010,5,3,20,14.59,70.09,0.0,0.0,0.0,307.77,3.38,293.0,938.73,
2010,5,3,21,13.3,74.66,0.0,0.0,0.0,293.6,2.34,298.0,939.63,
2010,5,3,22,12.6,78.89,0.0,0.0,0.0,288.27,2.02,302.0,939.94,
2010,5,3,23,11.91,83.13,0.0,0.0,0.0,282.93,1.7,305.0,940.25,
2010,5,4,0,11.22,87.36,0.0,0.0,0.0,277.6,1.38,309.0,940.56,
2010,5,4,1,10.8,89.35,0.0,0.0,0.0,288.33,1.54,305.0,940.22,
2010,5,4,2,10.39,91.35,0.0,0.0,0.0,299.07,1.7,301.0,939.87,
2010,5,4,3,9.97,93.34,0.0,0.0,0.0,309.8,1.86,297.0,939.53,
2010,5,4,4,10.23,92.98,0.0,0.0,0.0,312.88,1.53,290.0,939.44,
2010,5,4,5,10.5,92.62,0.0,0.0,0.0,315.97,1.19,282.0,939.35,
2010,5,4,6,10.77,92.26,0.0,0.0,0.0,319.05,0.86,275.0,939.25,
2010,5,4,7,11.28,92.61,73.0,19.45,69.0,318.2,1.92,281.0,939.25,
2010,5,4,8,11.8,92.96,56.0,0.0,56.0,317.35,2.99,288.0,939.25,
2010,5,4,9,12.31,93.31,51.0,0.0,51.0,316.5,4.06,295.0,939.25,
2010,5,4,10,12.48,90.41,78.0,0.0,78.0,314.75,5.0,296.0,939.35,
2010,5,4,11,12.65,87.52,122.0,0.0,122.0,313.0,5.94,297.0,939.44,
2010,5,4,12,12.82,84.62,830.0,488.66,377.0,311.25,6.88,299.0,939.53,
2010,5,4,13,13.46,74.44,965.0,786.87,224.0,307.35,6.31,300.0,939.25,
2010,5,4,14,14.1,64.27,171.0,0.0,171.0,303.45,5.73,300.0,938.98,
2010,5,4,15,14.74,54.09,555.0,178.18,410.0,299.55,5.16,301.0,938.7,
2010,5,4,16,14.14,53.66,648.0,666.31,195.0,299.27,4.65,299.0,939.04,
2010,5,4,17,13.54,53.23,264.0,64.64,231.0,298.98,4.14,296.0,939.38,
2010,5,4,18,12.94,52.8,49.0,0.0,49.0,298.7,3.63,294.0,939.72,
2010,5,4,19,12.25,54.49,21.0,0.0,21.0,289.87,3.37,287.0,940.43,
2010,5,4,20,11.56,56.18,0.0,0.0,0.0,281.03,3.1,280.0,941.15,
2010,5,4,21,10.88,57.87,0.0,0.0,0.0,272.2,2.84,273.0,941.86,
2010,5,4,22,10.79,59.41,0.0,0.0,0.0,263.98,2.71,274.0,941.83,
2010,5,4,23,10.71,60.95,0.0,0.0,0.0,255.77,2.57,275.0,941.8,
2010,5,5,0,10.62,62.49,0.0,0.0,0.0,247.55,2.44,276.0,941.77,
2010,5,5,1,10.18,65.3,0.0,0.0,0.0,246.77,2.53,278.0,941.55,
2010,5,5,2,9.75,68.12,0.0,0.0,0.0,245.98,2.62,279.0,941.33,
2010,5,5,3,9.31,70.93,0.0,0.0,0.0,245.2,2.7,281.0,941.12,
2010,5,5,4,9.27,72.93,0.0,0.0,0.0,244.72,2.43,281.0,941.33,
2010,5,5,5,9.24,74.93,0.0,0.0,0.0,244.23,2.16,281.0,941.55,
2010,5,5,6,9.2,76.93,0.0,0.0,0.0,243.75,1.89,280.0,941.77,
2010,5,5,7,10.59,68.4,137.0,268.28,81.0,249.37,2.72,284.0,941.95,
2010,5,5,8,11.99,59.88,134.0,4.89,132.0,254.98,3.55,287.0,942.14,
2010,5,5,9,13.38,51.35,386.0,166.93,287.0,260.6,4.39,291.0,942.32,
2010,5,5,10,14.19,47.83,518.0,196.67,371.0,265.42,5.13,291.0,942.11,
2010,5,5,11,15.0,44.31,575.0,157.78,439.0,270.23,5.87,291.0,941.89,
2010,5,5,12,15.81,40.79,473.0,40.91,435.0,275.05,6.61,291.0,941.67,
2010,5,5,13,16.44,40.14,781.0,364.66,437.0,282.17,6.48,290.0,941.24,
2010,5,5,14,17.06,39.49,660.0,225.49,456.0,289.28,6.35,289.0,940.8,
2010,5,5,15,17.69,38.84,602.0,245.27,402.0,296.4,6.22,288.0,940.37,
2010,5,5,16,16.77,41.95,642.0,639.62,206.0,289.6,4.99,294.0,940.53,
2010,5,5,17,15.85,45.07,473.0,645.87,142.0,282.8,3.77,299.0,940.68,
2010,5,5,18,14.93,48.18,265.0,522.78,98.0,276.0,2.54,305.0,940.84,
2010,5,5,19,13.24,55.82,68.0,250.67,39.0,269.77,2.83,302.0,941.33,
2010,5,5,20,11.56,63.45,0.0,0.0,0.0,263.53,3.12,299.0,941.83,
2010,5,5,21,9.88,71.09,0.0,0.0,0.0,257.3,3.41,296.0,942.32,
2010,5,5,22,9.55,73.43,0.0,0.0,0.0,253.58,3.04,271.0,942.08,
2010,5,5,23,9.23,75.76,0.0,0.0,0.0,249.87,2.67,245.0,941.83,
2010,5,6,0,8.91,78.1,0.0,0.0,0.0,246.15,2.3,220.0,941.58,
2010,5,6,1,8.03,81.37,0.0,0.0,0.0,242.28,2.57,208.0,941.43,
2010,5,6,2,7.14,84.63,0.0,0.0,0.0,238.42,2.83,196.0,941.27,
2010,5,6,3,6.26,87.9,0.0,0.0,0.0,234.55,3.09,184.0,941.12,
2010,5,6,4,6.49,86.1,0.0,0.0,0.0,232.93,2.68,181.0,941.08,
2010,5,6,5,6.73,84.29,0.0,0.0,0.0,231.32,2.27,178.0,941.05,
2010,5,6,6,6.97,82.49,0.0,0.0,0.0,229.7,1.86,174.0,941.02,
2010,5,6,7,10.05,69.02,156.0,406.23,70.0,236.05,1.61,186.0,940.87,
2010,5,6,8,13.13,55.54,364.0,592.26,120.0,242.4,1.37,197.0,940.71,
2010,5,6,9,16.2,42.07,571.0,705.37,151.0,248.75,1.12,209.0,940.56,
2010,5,6,10,17.53,38.67,741.0,735.12,190.0,257.4,1.13,233.0,939.97,
2010,5,6,11,18.86,35.27,866.0,746.69,221.0,266.05,1.14,257.0,939.38,
2010,5,6,12,20.19,31.87,865.0,561.02,343.0,274.7,1.14,282.0,938.79,
2010,5,6,13,20.7,32.15,499.0,49.74,452.0,281.98,1.36,294.0,938.17,
2010,5,6,14,21.21,32.44,521.0,78.34,450.0,289.27,1.57,306.0,937.55,
2010,5,6,15,21.72,32.72,466.0,79.55,401.0,296.55,1.78,318.0,936.93,
2010,5,6,16,20.36,38.74,280.0,13.17,271.0,300.25,1.76,334.0,936.84,
2010,5,6,17,19.01,44.75,227.0,27.21,213.0,303.95,1.73,351.0,936.74,
2010,5,6,18,17.65,50.77,129.0,24.87,121.0,307.65,1.71,7.0,936.65,
2010,5,6,19,16.51,56.89,24.0,0.0,24.0,312.98,1.82,14.0,937.11,
2010,5,6,20,15.37,63.02,0.0,0.0,0.0,318.32,1.93,20.0,937.58,
2010,5,6,21,14.24,69.14,0.0,0.0,0.0,323.65,2.04,27.0,938.05,
2010,5,6,22,13.97,71.34,0.0,0.0,0.0,327.32,1.62,13.0,938.11,
2010,5,6,23,13.71,73.54,0.0,0.0,0.0,330.98,1.2,360.0,938.17,
2010,5,7,0,13.44,75.74,0.0,0.0,0.0,334.65,0.77,346.0,938.23,
2010,5,7,1,12.82,77.97,0.0,0.0,0.0,332.52,0.93,338.0,938.36,
2010,5,7,2,12.21,80.2,0.0,0.0,0.0,330.38,1.09,329.0,938.48,
2010,5,7,3,11.59,82.43,0.0,0.0,0.0,328.25,1.24,320.0,938.6,
2010,5,7,4,11.52,84.46,0.0,0.0,0.0,327.08,2.17,347.0,938.85,
2010,5,7,5,11.46,86.5,0.0,0.0,0.0,325.92,3.11,13.0,939.1,
2010,5,7,6,11.39,88.53,0.0,0.0,0.0,324.75,4.04,40.0,939.35,
2010,5,7,7,12.74,77.55,68.0,9.32,66.0,321.8,3.7,67.0,939.25,
2010,5,7,8,14.09,66.57,255.0,154.38,191.0,318.85,3.36,94.0,939.16,
2010,5,7,9,15.44,55.59,583.0,747.85,136.0,315.9,3.02,121.0,939.07,
2010,5,7,10,16.74,51.31,767.0,823.63,148.0,310.68,3.25,63.0,938.48,
2010,5,7,11,18.03,47.04,888.0,807.53,189.0,305.47,3.48,4.0,937.89,
2010,5,7,12,19.33,42.76,963.0,813.23,205.0,300.25,3.71,306.0,937.3,
2010,5,7,13,19.67,43.26,981.0,817.77,207.0,296.7,3.96,308.0,937.18,
2010,5,7,14,20.0,43.75,819.0,507.83,358.0,293.15,4.22,310.0,937.05,
2010,5,7,15,20.34,44.25,761.0,583.88,283.0,289.6,4.47,312.0,936.93,
2010,5,7,16,19.19,49.76,634.0,602.77,221.0,287.28,3.78,313.0,937.18,
2010,5,7,17,18.03,55.27,480.0,660.32,139.0,284.97,3.1,314.0,937.42,
2010,5,7,18,16.88,60.78,273.0,546.49,96.0,282.65,2.41,315.0,937.67,
2010,5,7,19,15.49,67.85,72.0,256.81,41.0,279.62,2.04,306.0,938.54,
2010,5,7,20,14.1,74.93,0.0,0.0,0.0,276.58,1.66,297.0,939.41,
2010,5,7,21,12.71,82.0,0.0,0.0,0.0,273.55,1.28,288.0,940.28,
2010,5,7,22,12.56,85.06,0.0,0.0,0.0,271.13,1.87,276.0,940.37,
2010,5,7,23,12.42,88.11,0.0,0.0,0.0,268.72,2.46,263.0,940.46,
2010,5,8,0,12.28,91.17,0.0,0.0,0.0,266.3,3.05,250.0,940.56,
2010,5,8,1,12.0,93.39,0.0,0.0,0.0,266.12,2.95,248.0,940.43,
2010,5,8,2,11.72,95.62,0.0,0.0,0.0,265.93,2.85,246.0,940.31,
2010,5,8,3,11.44,97.84,0.0,0.0,0.0,265.75,2.74,244.0,940.18,
2010,5,8,4,11.6,97.9,0.0,0.0,0.0,265.2,2.48,235.0,940.43,
2010,5,8,5,11.77,97.96,0.0,0.0,0.0,264.65,2.22,227.0,940.68,
2010,5,8,6,11.93,98.02,0.0,0.0,0.0,264.1,1.96,218.0,940.93,
2010,5,8,7,13.79,85.76,146.0,285.21,84.0,268.05,2.01,227.0,941.05,
2010,5,8,8,15.66,73.51,359.0,539.5,134.0,272.0,2.06,235.0,941.18,
2010,5,8,9,17.52,61.25,560.0,643.42,174.0,275.95,2.11,243.0,941.3,
2010,5,8,10,18.9,55.82,665.0,495.03,292.0,283.23,2.17,249.0,941.02,
2010,5,8,11,20.27,50.38,885.0,792.09,198.0,290.52,2.22,255.0,940.74,
2010,5,8,12,21.65,44.95,965.0,814.0,205.0,297.8,2.28,261.0,940.46,
2010,5,8,13,22.46,44.59,993.0,850.23,187.0,305.7,2.2,265.0,939.97,
2010,5,8,14,23.26,44.23,909.0,731.34,244.0,313.6,2.13,268.0,939.47,
2010,5,8,15,24.07,43.87,837.0,804.64,177.0,321.5,2.06,271.0,938.98,
2010,5,8,16,22.97,49.29,636.0,604.16,221.0,323.82,1.89,301.0,938.85,
2010,5,8,17,21.87,54.72,504.0,775.53,102.0,326.13,1.71,331.0,938.73,
2010,5,8,18,20.77,60.14,272.0,527.47,100.0,328.45,1.54,1.0,938.6,
2010,5,8,19,19.12,67.45,59.0,113.63,45.0,326.33,1.93,27.0,938.94,
2010,5,8,20,17.47,74.76,0.0,0.0,0.0,324.22,2.32,54.0,939.29,
2010,5,8,21,15.82,82.07,0.0,0.0,0.0,322.1,2.7,80.0,939.63,
2010,5,8,22,15.28,84.94,0.0,0.0,0.0,320.75,2.14,98.0,939.16,
2010,5,8,23,14.75,87.82,0.0,0.0,0.0,319.4,1.58,117.0,938.7,
2010,5,9,0,14.22,90.69,0.0,0.0,0.0,318.05,1.02,135.0,938.23,
2010,5,9,1,13.66,91.34,0.0,0.0,0.0,318.17,0.97,153.0,938.42,
2010,5,9,2,13.1,91.99,0.0,0.0,0.0,318.28,0.93,171.0,938.6,
2010,5,9,3,12.54,92.64,0.0,0.0,0.0,318.4,0.88,189.0,938.79,
2010,5,9,4,12.7,92.24,0.0,0.0,0.0,315.08,0.86,185.0,938.98,
2010,5,9,5,12.87,91.85,0.0,0.0,0.0,311.77,0.85,182.0,939.16,
2010,5,9,6,13.04,91.45,0.0,0.0,0.0,308.45,0.83,178.0,939.35,
2010,5,9,7,15.97,79.53,146.0,277.15,85.0,309.82,1.13,183.0,939.38,
2010,5,9,8,18.9,67.6,351.0,491.09,145.0,311.18,1.43,189.0,939.41,
2010,5,9,9,21.83,55.68,556.0,619.56,183.0,312.55,1.74,194.0,939.44,
2010,5,9,10,23.23,50.24,747.0,736.07,191.0,318.02,2.37,208.0,938.82,
2010,5,9,11,24.62,44.79,881.0,776.76,206.0,323.48,3.0,222.0,938.2,
2010,5,9,12,26.01,39.35,966.0,813.74,205.0,328.95,3.63,236.0,937.58,
2010,5,9,13,25.65,40.54,978.0,802.59,216.0,334.68,3.72,252.0,937.3,
2010,5,9,14,25.28,41.74,879.0,646.72,290.0,340.42,3.81,268.0,937.02,
2010,5,9,15,24.92,42.93,797.0,675.36,242.0,346.15,3.9,284.0,936.74,
2010,5,9,16,22.79,50.11,566.0,395.0,294.0,347.45,3.96,300.0,937.46,
2010,5,9,17,20.67,57.3,323.0,146.08,247.0,348.75,4.01,315.0,938.17,
2010,5,9,18,18.54,64.48,249.0,377.74,125.0,350.05,4.07,330.0,938.88,
2010,5,9,19,17.25,70.03,76.0,254.63,44.0,347.28,3.29,333.0,939.69,
2010,5,9,20,15.97,75.59,0.0,0.0,0.0,344.52,2.51,336.0,940.49,
2010,5,9,21,14.69,81.14,0.0,0.0,0.0,341.75,1.74,339.0,941.3,
2010,5,9,22,14.63,83.46,0.0,0.0,0.0,334.72,1.84,330.0,941.15,
2010,5,9,23,14.57,85.77,0.0,0.0,0.0,327.68,1.94,322.0,940.99,
2010,5,10,0,14.51,88.09,0.0,0.0,0.0,320.65,2.04,313.0,940.84,
2010,5,10,1,14.21,88.5,0.0,0.0,0.0,314.92,2.0,307.0,940.65,
2010,5,10,2,13.92,88.91,0.0,0.0,0.0,309.18,1.95,301.0,940.46,
2010,5,10,3,13.62,89.32,0.0,0.0,0.0,303.45,1.9,295.0,940.28,
2010,5,10,4,13.76,89.83,0.0,0.0,0.0,298.88,1.94,296.0,940.31,
2010,5,10,5,13.91,90.35,0.0,0.0,0.0,294.32,1.99,296.0,940.34,
2010,5,10,6,14.05,90.86,0.0,0.0,0.0,289.75,2.03,297.0,940.37,
2010,5,10,7,15.46,81.87,34.0,0.0,34.0,294.55,2.35,303.0,940.34,
2010,5,10,8,16.87,72.89,337.0,414.88,162.0,299.35,2.68,309.0,940.31,
2010,5,10,9,18.27,63.9,401.0,178.78,293.0,304.15,3.01,315.0,940.28,
2010,5,10,10,19.23,59.12,740.0,707.9,204.0,311.57,3.22,318.0,939.81,
2010,5,10,11,20.19,54.35,772.4,636.11,218.6,318.98,3.43,320.0,939.35,
2010,5,10,12,21.15,49.57,962.0,798.59,214.0,326.4,3.64,322.0,938.88,
2010,5,10,13,21.57,49.05,985.0,818.23,207.0,327.95,3.37,315.0,938.67,
2010,5,10,14,22.0,48.52,938.0,805.77,203.0,329.5,3.1,307.0,938.45,
2010,5,10,15,22.42,48.0,589.0,217.42,410.0,331.05,2.83,300.0,938.23,
2010,5,10,16,21.26,52.85,504.0,250.62,331.0,333.27,2.59,308.0,938.48,
2010,5,10,17,20.11,57.71,478.0,626.23,151.0,335.48,2.36,315.0,938.73,
2010,5,10,18,18.95,62.56,244.0,348.03,129.0,337.7,2.12,323.0,938.98,
2010,5,10,19,17.62,68.65,8.0,0.0,8.0,332.63,1.59,323.0,939.63,
2010,5,10,20,16.3,74.73,0.0,0.0,0.0,327.57,1.06,322.0,940.28,
2010,5,10,21,14.98,80.82,0.0,0.0,0.0,322.5,0.52,322.0,940.93,
2010,5,10,22,14.63,84.14,0.0,0.0,0.0,317.48,1.26,304.0,940.8,
2010,5,10,23,14.29,87.45,0.0,0.0,0.0,312.47,1.99,287.0,940.68,
2010,5,11,0,13.95,90.77,0.0,0.0,0.0,307.45,2.72,269.0,940.56,
2010,5,11,1,13.62,91.92,0.0,0.0,0.0,302.88,2.59,269.0,940.46,
2010,5,11,2,13.3,93.08,0.0,0.0,0.0,298.32,2.47,269.0,940.37,
2010,5,11,3,12.97,94.23,0.0,0.0,0.0,293.75,2.34,269.0,940.28,
2010,5,11,4,13.12,94.19,0.0,0.0,0.0,291.77,2.28,259.0,940.28,
2010,5,11,5,13.28,94.15,0.0,0.0,0.0,289.78,2.21,248.0,940.28,
2010,5,11,6,13.43,94.11,0.0,0.0,0.0,287.8,2.14,238.0,940.28,
2010,5,11,7,15.26,82.4,141.0,221.95,91.0,291.42,2.28,253.0,940.34,
2010,5,11,8,17.1,70.68,111.0,0.0,111.0,295.03,2.42,268.0,940.4,
2010,5,11,9,18.93,58.97,492.0,392.7,254.0,298.65,2.57,282.0,940.46,
2010,5,11,10,19.93,55.14,581.0,292.53,359.0,305.68,3.25,279.0,940.03,
2010,5,11,11,20.92,51.3,690.0,317.61,413.0,312.72,3.93,276.0,939.6,
2010,5,11,12,21.92,47.47,666.0,200.41,478.0,319.75,4.61,272.0,939.16,
2010,5,11,13,22.14,47.57,443.0,23.1,421.0,327.28,4.48,273.0,938.79,
2010,5,11,14,22.36,47.68,624.0,172.95,466.0,334.82,4.35,273.0,938.42,
2010,5,11,15,22.58,47.78,632.0,284.92,397.0,342.35,4.22,274.0,938.05,
2010,5,11,16,21.23,54.07,452.0,160.42,341.0,340.98,3.64,290.0,938.26,
2010,5,11,17,19.87,60.36,363.0,228.98,243.0,339.62,3.05,306.0,938.48,
2010,5,11,18,18.52,66.65,177.0,96.22,145.0,338.25,2.47,322.0,938.7,
2010,5,11,19,17.15,72.86,62.0,107.22,48.0,331.03,2.49,325.0,939.41,
2010,5,11,20,15.79,79.08,0.0,0.0,0.0,323.82,2.51,328.0,940.12,
2010,5,11,21,14.43,85.29,0.0,0.0,0.0,316.6,2.54,332.0,940.84,
2010,5,11,22,14.26,87.62,0.0,0.0,0.0,311.37,2.54,319.0,940.93,
2010,5,11,23,14.1,89.95,0.0,0.0,0.0,306.13,2.55,306.0,941.02,
2010,5,12,0,13.94,92.28,0.0,0.0,0.0,300.9,2.55,293.0,941.12,
2010,5,12,1,13.83,93.91,0.0,0.0,0.0,303.75,2.37,292.0,941.12,
2010,5,12,2,13.72,95.54,0.0,0.0,0.0,306.6,2.19,291.0,941.12,
2010,5,12,3,13.61,97.17,0.0,0.0,0.0,309.45,2.01,290.0,941.12,
2010,5,12,4,13.71,95.03,0.0,0.0,0.0,317.65,2.34,289.0,941.39,
2010,5,12,5,13.82,92.9,0.0,0.0,0.0,325.85,2.68,289.0,941.67,
2010,5,12,6,13.93,90.76,0.0,0.0,0.0,334.05,3.01,289.0,941.95,
2010,5,12,7,14.42,85.31,45.0,0.0,45.0,335.47,3.54,288.0,942.2,
2010,5,12,8,14.92,79.87,64.0,0.0,64.0,336.88,4.08,287.0,942.45,
2010,5,12,9,15.41,74.42,89.0,0.0,89.0,338.3,4.62,286.0,942.7,
2010,5,12,10,16.18,68.38,127.0,0.0,127.0,335.8,5.0,286.0,942.45,
2010,5,12,11,16.95,62.33,94.0,0.0,94.0,333.3,5.38,285.0,942.2,
2010,5,12,12,17.72,56.29,105.0,0.0,105.0,330.8,5.77,285.0,941.95,
2010,5,12,13,17.98,54.77,147.0,0.0,147.0,331.62,5.87,286.0,942.05,
2010,5,12,14,18.23,53.25,103.0,0.0,103.0,332.43,5.97,286.0,942.14,
2010,5,12,15,18.49,51.73,698.0,413.92,356.0,333.25,6.07,287.0,942.23,
2010,5,12,16,17.69,54.49,468.0,184.55,340.0,330.83,4.97,289.0,942.26,
2010,5,12,17,16.88,57.25,196.0,9.51,191.0,328.42,3.87,292.0,942.29,
2010,5,12,18,16.08,60.01,217.0,215.11,145.0,326.0,2.77,294.0,942.32,
2010,5,12,19,14.98,66.08,77.0,218.06,48.0,316.83,2.86,291.0,942.94,
2010,5,12,20,13.88,72.14,0.0,0.0,0.0,307.67,2.94,287.0,943.56,
2010,5,12,21,12.79,78.21,0.0,0.0,0.0,298.5,3.02,284.0,944.19,
2010,5,12,22,12.61,81.53,0.0,0.0,0.0,296.47,2.94,276.0,944.0,
2010,5,12,23,12.43,84.85,0.0,0.0,0.0,294.43,2.86,269.0,943.81,
2010,5,13,0,12.25,88.17,0.0,0.0,0.0,292.4,2.79,262.0,943.63,
2010,5,13,1,12.06,89.03,0.0,0.0,0.0,298.05,2.66,255.0,943.5,
2010,5,13,2,11.88,89.88,0.0,0.0,0.0,303.7,2.53,247.0,943.38,
2010,5,13,3,11.69,90.74,0.0,0.0,0.0,309.35,2.4,239.0,943.25,
2010,5,13,4,11.89,90.8,0.0,0.0,0.0,307.45,2.56,237.0,943.35,
2010,5,13,5,12.1,90.86,0.0,0.0,0.0,305.55,2.71,235.0,943.44,
2010,5,13,6,12.3,90.92,0.0,0.0,0.0,303.65,2.87,233.0,943.53,
2010,5,13,7,13.03,83.98,52.0,0.0,52.0,306.32,2.84,252.0,943.66,
2010,5,13,8,13.77,77.04,150.0,7.0,147.0,308.98,2.8,270.0,943.78,
2010,5,13,9,14.5,70.1,395.0,162.35,296.0,311.65,2.77,288.0,943.91,
2010,5,13,10,15.03,65.42,630.0,391.0,332.0,314.57,3.21,288.0,943.47,
2010,5,13,11,15.56,60.75,464.0,53.71,417.0,317.48,3.66,288.0,943.04,
2010,5,13,12,16.09,56.07,603.0,128.62,482.0,320.4,4.1,287.0,942.6,
2010,5,13,13,16.62,54.18,90.0,0.0,90.0,325.43,4.06,286.0,942.39,
2010,5,13,14,17.14,52.3,85.0,0.0,85.0,330.47,4.03,285.0,942.17,
2010,5,13,15,17.67,50.41,411.0,38.66,379.0,335.5,4.0,283.0,941.95,
2010,5,13,16,16.82,54.26,402.0,93.5,337.0,336.58,3.39,297.0,941.8,
2010,5,13,17,15.97,58.12,196.0,9.47,191.0,337.67,2.79,311.0,941.64,
2010,5,13,18,15.12,61.97,112.0,5.94,110.0,338.75,2.18,325.0,941.49,
2010,5,13,19,14.08,68.87,15.0,0.0,15.0,333.15,2.14,322.0,942.14,
2010,5,13,20,13.04,75.77,0.0,0.0,0.0,327.55,2.11,319.0,942.79,
2010,5,13,21,12.0,82.67,0.0,0.0,0.0,321.95,2.07,317.0,943.44,
2010,5,13,22,11.66,87.87,0.0,0.0,0.0,321.43,2.55,312.0,943.35,
2010,5,13,23,11.32,93.08,0.0,0.0,0.0,320.92,3.03,307.0,943.25,
2010,5,14,0,10.98,98.28,0.0,0.0,0.0,320.4,3.5,302.0,943.16,
2010,5,14,1,10.69,98.68,0.0,0.0,0.0,323.27,3.34,300.0,942.94,
2010,5,14,2,10.4,99.09,0.0,0.0,0.0,326.13,3.17,297.0,942.73,
2010,5,14,3,10.11,99.49,0.0,0.0,0.0,329.0,3.01,295.0,942.51,
2010,5,14,4,10.22,99.44,0.0,0.0,0.0,332.77,3.54,289.0,942.57,
2010,5,14,5,10.33,99.4,0.0,0.0,0.0,336.53,4.06,283.0,942.63,
2010,5,14,6,10.44,99.35,0.0,0.0,0.0,340.3,4.59,277.0,942.7,
2010,5,14,7,10.8,99.57,40.0,0.0,40.0,339.37,5.74,276.0,942.82,
2010,5,14,8,11.17,99.78,168.0,16.27,161.0,338.43,6.88,275.0,942.94,
2010,5,14,9,11.53,100.0,203.0,1.64,202.0,337.5,8.03,274.0,943.07,
2010,5,14,10,12.23,91.79,178.0,0.0,178.0,335.13,8.65,277.0,942.91,
2010,5,14,11,12.93,83.58,913.0,855.77,163.0,332.77,9.27,279.0,942.76,
2010,5,14,12,13.63,75.37,858.0,525.47,363.0,330.4,9.89,282.0,942.6,
2010,5,14,13,14.08,70.39,868.0,515.67,375.0,319.72,10.55,283.0,942.82,
2010,5,14,14,14.53,65.41,853.0,568.93,331.0,309.03,11.2,285.0,943.04,
2010,5,14,15,14.98,60.43,822.0,732.13,215.0,298.35,11.86,286.0,943.25,
2010,5,14,16,14.3,61.04,376.0,67.45,329.0,294.62,10.34,286.0,943.81,
2010,5,14,17,13.61,61.65,368.0,228.48,247.0,290.88,8.81,286.0,944.37,
2010,5,14,18,12.93,62.26,192.0,123.92,150.0,287.15,7.28,287.0,944.93,
2010,5,14,19,12.5,63.85,72.0,145.17,52.0,285.92,6.34,286.0,945.77,
2010,5,14,20,12.08,65.45,0.0,0.0,0.0,284.68,5.41,286.0,946.6,
2010,5,14,21,11.66,67.04,0.0,0.0,0.0,283.45,4.47,286.0,947.44,
2010,5,14,22,11.83,68.02,0.0,0.0,0.0,282.63,4.01,284.0,947.41,
2010,5,14,23,12.0,69.01,0.0,0.0,0.0,281.82,3.55,283.0,947.38,
2010,5,15,0,12.17,69.99,0.0,0.0,0.0,281.0,3.09,281.0,947.35,
2010,5,15,1,11.92,73.04,0.0,0.0,0.0,279.68,3.38,280.0,947.38,
2010,5,15,2,11.66,76.1,0.0,0.0,0.0,278.37,3.67,280.0,947.41,
2010,5,15,3,11.41,79.15,0.0,0.0,0.0,277.05,3.96,279.0,947.44,
2010,5,15,4,11.54,83.06,0.0,0.0,0.0,287.23,4.45,278.0,947.6,
2010,5,15,5,11.67,86.97,0.0,0.0,0.0,297.42,4.94,278.0,947.75,
2010,5,15,6,11.8,90.88,0.0,0.0,0.0,307.6,5.43,277.0,947.91,
2010,5,15,7,12.46,87.61,47.0,0.0,47.0,309.1,6.32,278.0,948.09,
2010,5,15,8,13.12,84.35,108.0,0.0,108.0,310.6,7.2,279.0,948.28,
2010,5,15,9,13.78,81.08,262.0,19.57,250.0,312.1,8.08,280.0,948.46,
2010,5,15,10,14.69,74.42,100.0,0.0,100.0,313.47,8.14,283.0,948.22,
2010,5,15,11,15.59,67.76,81.0,0.0,81.0,314.83,8.2,285.0,947.97,
2010,5,15,12,16.49,61.1,848.0,501.47,375.0,316.2,8.26,287.0,947.72,
2010,5,15,13,17.1,58.71,548.0,76.26,475.0,318.15,8.0,288.0,947.57,
2010,5,15,14,17.72,56.33,314.0,1.09,313.0,320.1,7.74,290.0,947.41,
2010,5,15,15,18.33,53.94,603.0,232.4,410.0,322.05,7.48,291.0,947.26,
2010,5,15,16,17.53,58.09,693.0,767.54,157.0,321.07,6.37,293.0,947.44,
2010,5,15,17,16.73,62.23,501.0,692.53,133.0,320.08,5.26,295.0,947.63,
2010,5,15,18,15.93,66.38,283.0,510.28,109.0,319.1,4.15,297.0,947.81,
2010,5,15,19,14.73,73.04,89.0,299.73,47.0,307.42,3.77,292.0,948.46,
2010,5,15,20,13.53,79.69,0.0,0.0,0.0,295.73,3.38,286.0,949.12,
2010,5,15,21,12.33,86.35,0.0,0.0,0.0,284.05,2.99,281.0,949.77,
2010,5,15,22,12.03,88.95,0.0,0.0,0.0,278.9,2.76,263.0,949.64,
2010,5,15,23,11.74,91.54,0.0,0.0,0.0,273.75,2.53,245.0,949.52,
2010,5,16,0,11.45,94.14,0.0,0.0,0.0,268.6,2.3,227.0,949.39,
2010,5,16,1,10.89,96.09,0.0,0.0,0.0,266.95,2.42,222.0,949.39,
2010,5,16,2,10.33,98.05,0.0,0.0,0.0,265.3,2.54,217.0,949.39,
2010,5,16,3,9.77,100.0,0.0,0.0,0.0,263.65,2.66,212.0,949.39,
2010,5,16,4,9.94,100.0,0.0,0.0,0.0,262.25,2.39,205.0,949.55,
2010,5,16,5,10.12,100.0,0.0,0.0,0.0,260.85,2.12,197.0,949.71,
2010,5,16,6,10.3,100.0,0.0,0.0,0.0,259.45,1.85,190.0,949.86,
2010,5,16,7,12.53,87.03,181.0,435.1,78.0,264.33,1.92,222.0,950.11,
2010,5,16,8,14.76,74.06,395.0,651.93,112.0,269.22,1.99,253.0,950.36,
2010,5,16,9,16.98,61.09,608.0,782.36,127.0,274.1,2.06,284.0,950.6,
2010,5,16,10,18.01,56.17,795.0,874.06,125.0,279.13,2.02,294.0,950.45,
2010,5,16,11,19.03,51.24,930.0,904.49,135.0,284.17,1.99,304.0,950.29,
2010,5,16,12,20.05,46.32,1002.0,894.76,157.0,289.2,1.96,314.0,950.14,
2010,5,16,13,20.5,46.36,1019.0,899.43,157.0,292.85,2.02,321.0,949.8,
2010,5,16,14,20.96,46.4,971.0,885.88,156.0,296.5,2.08,327.0,949.46,
2010,5,16,15,21.41,46.44,862.0,853.55,152.0,300.15,2.14,334.0,949.12,
2010,5,16,16,20.44,50.85,698.0,781.56,151.0,298.83,2.18,343.0,949.24,
2010,5,16,17,19.47,55.26,502.0,693.96,132.0,297.52,2.22,353.0,949.36,
2010,5,16,18,18.5,59.67,291.0,553.87,101.0,296.2,2.26,2.0,949.49,
2010,5,16,19,16.86,66.0,90.0,287.8,49.0,292.67,2.48,14.0,950.2,
2010,5,16,20,15.23,72.33,0.0,0.0,0.0,289.13,2.7,26.0,950.91,
2010,5,16,21,13.6,78.66,0.0,0.0,0.0,285.6,2.92,38.0,951.63,
2010,5,16,22,12.95,81.49,0.0,0.0,0.0,282.12,2.86,55.0,951.69,
2010,5,16,23,12.3,84.33,0.0,0.0,0.0,278.63,2.8,72.0,951.75,
2010,5,17,0,11.65,87.16,0.0,0.0,0.0,275.15,2.73,88.0,951.81,
2010,5,17,1,10.87,91.22,0.0,0.0,0.0,274.48,2.72,94.0,951.69,
2010,5,17,2,10.09,95.28,0.0,0.0,0.0,273.82,2.7,100.0,951.57,
2010,5,17,3,9.31,99.34,0.0,0.0,0.0,273.15,2.69,106.0,951.44,
2010,5,17,4,9.52,97.44,0.0,0.0,0.0,272.17,2.61,112.0,951.63,
2010,5,17,5,9.74,95.55,0.0,0.0,0.0,271.18,2.53,117.0,951.81,
2010,5,17,6,9.96,93.65,0.0,0.0,0.0,270.2,2.46,123.0,952.0,
2010,5,17,7,12.83,79.43,183.0,439.77,78.0,274.95,2.65,107.0,952.12,
2010,5,17,8,15.7,65.2,393.0,630.93,118.0,279.7,2.84,91.0,952.25,
2010,5,17,9,18.56,50.98,600.0,741.49,143.0,284.45,3.03,75.0,952.37,
2010,5,17,10,19.99,45.13,780.0,812.65,156.0,291.65,3.15,62.0,952.06,
2010,5,17,11,21.41,39.29,922.0,871.46,155.0,298.85,3.26,50.0,951.75,
2010,5,17,12,22.83,33.44,992.0,861.98,177.0,306.05,3.38,37.0,951.44,
2010,5,17,13,23.15,33.12,1009.0,867.12,177.0,307.38,3.47,36.0,950.88,
2010,5,17,14,23.46,32.79,967.0,869.55,166.0,308.72,3.55,35.0,950.33,
2010,5,17,15,23.78,32.47,854.0,822.19,169.0,310.05,3.64,34.0,949.77,
2010,5,17,16,22.63,35.91,703.0,796.98,144.0,310.17,3.06,33.0,949.86,
2010,5,17,17,21.47,39.36,499.0,669.24,141.0,310.28,2.48,33.0,949.95,
2010,5,17,18,20.32,42.8,291.0,544.81,103.0,310.4,1.9,33.0,950.05,
2010,5,17,19,18.66,46.44,91.0,283.21,50.0,307.47,2.42,42.0,950.67,
2010,5,17,20,17.0,50.07,0.0,0.0,0.0,304.53,2.94,52.0,951.29,
2010,5,17,21,15.35,53.71,0.0,0.0,0.0,301.6,3.46,61.0,951.91,
2010,5,17,22,14.53,58.01,0.0,0.0,0.0,296.17,3.2,74.0,951.91,
2010,5,17,23,13.71,62.32,0.0,0.0,0.0,290.73,2.94,87.0,951.91,
2010,5,18,0,12.89,66.62,0.0,0.0,0.0,285.3,2.68,100.0,951.91,
2010,5,18,1,12.29,69.34,0.0,0.0,0.0,288.08,2.34,101.0,951.69,
2010,5,18,2,11.69,72.05,0.0,0.0,0.0,290.87,2.01,103.0,951.47,
2010,5,18,3,11.09,74.77,0.0,0.0,0.0,293.65,1.68,104.0,951.26,
2010,5,18,4,11.09,76.72,0.0,0.0,0.0,288.78,1.54,110.0,951.32,
2010,5,18,5,11.09,78.66,0.0,0.0,0.0,283.92,1.4,115.0,951.38,
2010,5,18,6,11.09,80.61,1.0,24.58,0.0,279.05,1.26,121.0,951.44,
2010,5,18,7,14.02,71.08,172.0,348.96,88.0,283.92,1.46,108.0,951.69,
2010,5,18,8,16.96,61.54,386.0,585.08,130.0,288.78,1.67,96.0,951.94,
2010,5,18,9,19.89,52.01,591.0,700.9,158.0,293.65,1.88,83.0,952.19,
2010,5,18,10,21.45,47.5,773.0,782.71,171.0,301.22,2.23,64.0,951.81,
2010,5,18,11,23.0,42.99,908.0,824.95,181.0,308.78,2.57,45.0,951.44,
2010,5,18,12,24.55,38.48,988.0,846.22,187.0,316.35,2.92,26.0,951.07,
2010,5,18,13,24.74,38.71,1005.0,850.54,188.0,321.45,3.15,21.0,950.54,
2010,5,18,14,24.92,38.94,963.0,854.36,175.0,326.55,3.37,17.0,950.02,
2010,5,18,15,25.11,39.17,855.0,822.11,169.0,331.65,3.6,13.0,949.49,
2010,5,18,16,23.78,42.85,697.0,768.25,157.0,332.6,3.09,13.0,949.46,
2010,5,18,17,22.45,46.53,495.0,644.71,149.0,333.55,2.57,14.0,949.43,
2010,5,18,18,21.12,50.21,292.0,535.89,106.0,334.5,2.06,15.0,949.39,
2010,5,18,19,19.33,55.68,91.0,265.2,52.0,330.73,1.71,20.0,950.05,
2010,5,18,20,17.54,61.14,0.0,0.0,0.0,326.97,1.37,25.0,950.7,
2010,5,18,21,15.75,66.61,0.0,0.0,0.0,323.2,1.03,30.0,951.35,
2010,5,18,22,14.91,71.6,0.0,0.0,0.0,318.65,1.04,43.0,951.26,
2010,5,18,23,14.08,76.59,0.0,0.0,0.0,314.1,1.04,56.0,951.16,
2010,5,19,0,13.25,81.58,0.0,0.0,0.0,309.55,1.05,70.0,951.07,
2010,5,19,1,13.11,80.69,0.0,0.0,0.0,308.95,0.92,88.0,950.6,
2010,5,19,2,12.97,79.81,0.0,0.0,0.0,308.35,0.8,105.0,950.14,
2010,5,19,3,12.83,78.92,0.0,0.0,0.0,307.75,0.68,123.0,949.67,
2010,5,19,4,12.52,81.31,0.0,0.0,0.0,300.65,0.53,129.0,949.67,
2010,5,19,5,12.22,83.69,0.0,0.0,0.0,293.55,0.38,136.0,949.67,
2010,5,19,6,11.91,86.08,13.0,46.71,11.0,286.45,0.23,142.0,949.67,
2010,5,19,7,15.04,74.17,181.0,404.0,83.0,291.1,0.7,105.0,949.77,
2010,5,19,8,18.17,62.26,392.0,607.99,125.0,295.75,1.16,68.0,949.86,
2010,5,19,9,21.3,50.35,599.0,728.41,148.0,300.4,1.63,31.0,949.95,
2010,5,19,10,22.69,44.22,783.0,812.65,157.0,305.87,1.87,24.0,949.74,
2010,5,19,11,24.08,38.1,914.0,839.81,173.0,311.33,2.11,17.0,949.52,
2010,5,19,12,25.47,31.97,994.0,862.19,177.0,316.8,2.36,9.0,949.3,
2010,5,19,13,25.63,31.83,1011.0,867.3,177.0,315.33,2.66,8.0,948.84,
2010,5,19,14,25.8,31.69,969.0,870.65,165.0,313.87,2.96,6.0,948.37,
2010,5,19,15,25.96,31.55,857.0,823.25,169.0,312.4,3.26,5.0,947.91,
2010,5,19,16,24.55,36.12,706.0,797.87,144.0,308.8,2.79,7.0,947.97,
2010,5,19,17,23.15,40.7,503.0,670.51,142.0,305.2,2.33,9.0,948.03,
2010,5,19,18,21.74,45.27,296.0,547.16,105.0,301.6,1.86,11.0,948.09,
2010,5,19,19,19.89,49.51,96.0,294.67,52.0,297.53,2.4,17.0,948.84,
2010,5,19,20,18.04,53.76,0.0,0.0,0.0,293.47,2.94,23.0,949.58,
2010,5,19,21,16.2,58.0,0.0,0.0,0.0,289.4,3.48,29.0,950.33,
2010,5,19,22,15.47,60.66,0.0,0.0,0.0,285.9,3.25,38.0,950.39,
2010,5,19,23,14.74,63.32,0.0,0.0,0.0,282.4,3.03,48.0,950.45,
2010,5,20,0,14.01,65.98,0.0,0.0,0.0,278.9,2.8,57.0,950.51,
2010,5,20,1,13.53,64.89,0.0,0.0,0.0,277.33,2.96,71.0,950.11,
2010,5,20,2,13.05,63.79,0.0,0.0,0.0,275.77,3.11,84.0,949.71,
2010,5,20,3,12.57,62.7,0.0,0.0,0.0,274.2,3.27,98.0,949.3,
2010,5,20,4,12.7,62.3,0.0,0.0,0.0,273.45,2.89,101.0,949.71,
2010,5,20,5,12.84,61.89,0.0,0.0,0.0,272.7,2.51,104.0,950.11,
2010,5,20,6,12.97,61.49,15.0,66.86,12.0,271.95,2.12,107.0,950.51,
2010,5,20,7,15.65,54.08,188.0,446.07,79.0,276.35,2.54,101.0,950.73,
2010,5,20,8,18.33,46.68,396.0,621.76,122.0,280.75,2.96,94.0,950.95,
2010,5,20,9,21.0,39.27,601.0,730.1,148.0,285.15,3.38,88.0,951.16,
2010,5,20,10,22.26,36.46,779.0,798.49,163.0,291.05,3.51,80.0,950.73,
2010,5,20,11,23.52,33.65,910.0,825.26,181.0,296.95,3.64,73.0,950.29,
2010,5,20,12,24.78,30.84,989.0,846.55,186.0,302.85,3.77,65.0,949.86,
2010,5,20,13,25.26,30.53,1006.0,850.82,187.0,305.58,3.73,62.0,949.12,
2010,5,20,14,25.74,30.22,960.0,838.26,185.0,308.32,3.69,60.0,948.37,
2010,5,20,15,26.22,29.91,858.0,823.22,169.0,311.05,3.66,57.0,947.63,
2010,5,20,16,25.05,33.08,704.0,783.47,151.0,309.27,3.1,54.0,947.53,
2010,5,20,17,23.89,36.24,507.0,683.22,138.0,307.48,2.54,51.0,947.44,
2010,5,20,18,22.72,39.41,299.0,558.34,103.0,305.7,1.99,47.0,947.35,
2010,5,20,19,20.94,42.23,100.0,323.32,51.0,301.18,2.47,55.0,948.0,
2010,5,20,20,19.16,45.05,0.0,0.0,0.0,296.67,2.95,62.0,948.65,
2010,5,20,21,17.39,47.87,0.0,0.0,0.0,292.15,3.43,70.0,949.3,
2010,5,20,22,16.51,50.69,0.0,0.0,0.0,289.35,3.08,81.0,949.21,
2010,5,20,23,15.64,53.5,0.0,0.0,0.0,286.55,2.72,92.0,949.12,
2010,5,21,0,14.77,56.32,0.0,0.0,0.0,283.75,2.36,103.0,949.02,
2010,5,21,1,13.99,59.46,0.0,0.0,0.0,283.97,2.19,109.0,948.62,
2010,5,21,2,13.21,62.59,0.0,0.0,0.0,284.18,2.03,115.0,948.22,
2010,5,21,3,12.43,65.73,0.0,0.0,0.0,284.4,1.86,121.0,947.81,
2010,5,21,4,12.45,66.59,0.0,0.0,0.0,283.42,1.82,127.0,947.84,
2010,5,21,5,12.48,67.46,0.0,0.0,0.0,282.43,1.77,133.0,947.88,
2010,5,21,6,12.51,68.32,15.0,64.06,12.0,281.45,1.72,140.0,947.91,
2010,5,21,7,15.83,59.86,184.0,398.29,86.0,286.92,1.56,140.0,947.84,
2010,5,21,8,19.16,51.4,389.0,576.76,134.0,292.38,1.4,140.0,947.78,
2010,5,21,9,22.48,42.94,592.0,690.05,163.0,297.85,1.24,140.0,947.72,
2010,5,21,10,24.23,38.87,776.0,783.15,171.0,305.37,1.7,101.0,947.16,
2010,5,21,11,25.98,34.8,906.0,809.66,190.0,312.88,2.15,63.0,946.6,
2010,5,21,12,27.73,30.73,995.0,862.57,176.0,320.4,2.61,24.0,946.05,
2010,5,21,13,28.2,30.86,1007.0,851.01,187.0,324.95,2.78,26.0,945.36,
2010,5,21,14,28.67,30.98,966.0,854.58,175.0,329.5,2.96,28.0,944.68,
2010,5,21,15,29.14,31.11,854.0,807.7,177.0,334.05,3.13,30.0,944.0,
2010,5,21,16,27.79,34.59,698.0,755.03,164.0,333.73,2.72,30.0,943.75,
2010,5,21,17,26.45,38.06,498.0,634.96,154.0,333.42,2.3,29.0,943.5,
2010,5,21,18,25.1,41.54,288.0,481.62,118.0,333.1,1.89,29.0,943.25,
2010,5,21,19,23.4,44.32,92.0,234.14,56.0,332.72,2.53,39.0,943.6,
2010,5,21,20,21.7,47.09,0.0,0.0,0.0,332.33,3.17,49.0,943.94,
2010,5,21,21,20.01,49.87,0.0,0.0,0.0,331.95,3.81,59.0,944.28,
2010,5,21,22,19.4,53.19,0.0,0.0,0.0,332.92,2.91,73.0,944.03,
2010,5,21,23,18.8,56.52,0.0,0.0,0.0,333.88,2.0,87.0,943.78,
2010,5,22,0,18.19,59.84,0.0,0.0,0.0,334.85,1.1,101.0,943.53,
2010,5,22,1,17.09,64.38,0.0,0.0,0.0,325.47,1.09,122.0,943.25,
2010,5,22,2,15.98,68.91,0.0,0.0,0.0,316.08,1.09,143.0,942.98,
2010,5,22,3,14.88,73.45,0.0,0.0,0.0,306.7,1.08,163.0,942.7,
2010,5,22,4,15.11,74.92,0.0,0.0,0.0,307.33,1.11,175.0,942.94,
2010,5,22,5,15.35,76.4,0.0,0.0,0.0,307.97,1.14,186.0,943.19,
2010,5,22,6,15.59,77.87,16.0,61.6,13.0,308.6,1.17,197.0,943.44,
2010,5,22,7,17.77,70.54,134.0,121.13,104.0,314.37,0.97,222.0,943.66,
2010,5,22,8,19.95,63.22,342.0,363.02,181.0,320.13,0.78,247.0,943.88,
2010,5,22,9,22.13,55.89,68.0,0.0,68.0,325.9,0.58,272.0,944.09,
2010,5,22,10,23.25,52.11,231.0,0.0,231.0,333.98,1.38,290.0,943.84,
2010,5,22,11,24.36,48.33,160.0,0.0,160.0,342.07,2.18,308.0,943.6,
2010,5,22,12,25.47,44.55,717.0,258.85,471.0,350.15,2.98,326.0,943.35,
2010,5,22,13,25.55,43.34,99.0,0.0,99.0,354.8,2.95,331.0,943.16,
2010,5,22,14,25.62,42.14,119.0,0.0,119.0,359.45,2.91,336.0,942.98,
2010,5,22,15,25.7,40.93,194.0,0.0,194.0,364.1,2.88,341.0,942.79,
2010,5,22,16,24.39,45.22,379.0,64.91,333.0,359.22,2.53,345.0,942.82,
2010,5,22,17,23.07,49.51,370.0,211.62,255.0,354.33,2.18,349.0,942.85,
2010,5,22,18,21.76,53.8,129.0,11.27,125.0,349.45,1.83,353.0,942.88,
2010,5,22,19,20.26,58.69,41.0,6.41,40.0,348.23,1.69,355.0,943.35,
2010,5,22,20,18.76,63.59,0.0,0.0,0.0,347.02,1.55,358.0,943.81,
2010,5,22,21,17.26,68.48,0.0,0.0,0.0,345.8,1.41,0.0,944.28,
2010,5,22,22,16.65,72.88,0.0,0.0,0.0,341.57,1.41,7.0,944.12,
2010,5,22,23,16.04,77.27,0.0,0.0,0.0,337.33,1.42,14.0,943.97,
2010,5,23,0,15.43,81.67,0.0,0.0,0.0,333.1,1.42,21.0,943.81,
2010,5,23,1,14.94,83.54,0.0,0.0,0.0,332.7,1.45,351.0,944.09,
2010,5,23,2,14.46,85.42,0.0,0.0,0.0,332.3,1.48,322.0,944.37,
2010,5,23,3,13.97,87.29,0.0,0.0,0.0,331.9,1.5,293.0,944.65,
2010,5,23,4,14.06,87.93,0.0,0.0,0.0,327.52,1.49,280.0,944.81,
2010,5,23,5,14.16,88.56,0.0,0.0,0.0,323.13,1.49,266.0,944.96,
2010,5,23,6,14.26,89.2,6.0,0.0,6.0,318.75,1.48,253.0,945.12,
2010,5,23,7,15.93,81.1,97.0,28.09,90.0,319.7,1.37,287.0,945.3,
2010,5,23,8,17.6,73.01,347.0,379.96,178.0,320.65,1.26,321.0,945.49,
2010,5,23,9,19.27,64.91,521.0,434.33,250.0,321.6,1.14,356.0,945.67,
2010,5,23,10,20.56,58.13,744.0,670.13,225.0,325.67,1.68,359.0,945.27,
2010,5,23,11,21.84,51.34,902.0,794.5,198.0,329.73,2.22,2.0,944.87,
2010,5,23,12,23.12,44.56,992.0,846.29,187.0,333.8,2.76,5.0,944.46,
2010,5,23,13,23.4,43.02,998.0,819.37,207.0,328.8,3.19,3.0,944.31,
2010,5,23,14,23.67,41.47,957.0,822.53,194.0,323.8,3.62,1.0,944.15,
2010,5,23,15,23.95,39.93,852.0,792.35,186.0,318.8,4.06,359.0,944.0,
2010,5,23,16,22.81,44.69,705.0,770.37,158.0,315.12,3.85,1.0,944.19,
2010,5,23,17,21.68,49.45,507.0,660.49,147.0,311.43,3.64,3.0,944.37,
2010,5,23,18,20.54,54.21,303.0,554.96,105.0,307.75,3.43,5.0,944.56,
2010,5,23,19,18.87,61.46,105.0,328.95,53.0,302.13,2.98,10.0,945.21,
2010,5,23,20,17.21,68.7,0.0,0.0,0.0,296.52,2.53,14.0,945.86,
2010,5,23,21,15.55,75.95,0.0,0.0,0.0,290.9,2.08,18.0,946.51,
2010,5,23,22,14.79,80.41,0.0,0.0,0.0,286.73,1.61,37.0,946.45,
2010,5,23,23,14.04,84.87,0.0,0.0,0.0,282.57,1.14,57.0,946.39,
2010,5,24,0,13.28,89.33,0.0,0.0,0.0,278.4,0.68,76.0,946.32,
2010,5,24,1,12.54,91.18,0.0,0.0,0.0,275.8,0.68,90.0,946.2,
2010,5,24,2,11.8,93.02,0.0,0.0,0.0,273.2,0.68,104.0,946.08,
2010,5,24,3,11.06,94.87,0.0,0.0,0.0,270.6,0.68,118.0,945.95,
2010,5,24,4,11.24,93.71,0.0,0.0,0.0,269.75,0.95,125.0,946.05,
2010,5,24,5,11.43,92.56,0.0,0.0,0.0,268.9,1.23,132.0,946.14,
2010,5,24,6,11.62,91.4,21.0,115.0,15.0,268.05,1.5,138.0,946.23,
2010,5,24,7,14.82,77.34,190.0,418.95,85.0,274.13,1.73,130.0,946.42,
2010,5,24,8,18.02,63.27,399.0,612.1,126.0,280.22,1.96,121.0,946.6,
2010,5,24,9,21.22,49.21,605.0,731.22,148.0,286.3,2.19,112.0,946.79,
2010,5,24,10,22.81,43.17,783.0,798.34,164.0,293.68,2.03,101.0,946.36,
2010,5,24,11,24.39,37.14,913.0,825.34,181.0,301.07,1.86,89.0,945.92,
2010,5,24,12,25.97,31.1,992.0,846.63,186.0,308.45,1.7,78.0,945.49,
2010,5,24,13,26.49,30.67,1009.0,850.73,187.0,312.43,1.86,70.0,944.93,
2010,5,24,14,27.02,30.23,969.0,853.98,176.0,316.42,2.02,62.0,944.37,
2010,5,24,15,27.54,29.8,858.0,807.9,178.0,320.4,2.18,54.0,943.81,
2010,5,24,16,26.67,32.86,706.0,770.3,158.0,319.17,1.98,51.0,943.63,
2010,5,24,17,25.8,35.91,508.0,662.21,146.0,317.93,1.77,49.0,943.44,
2010,5,24,18,24.93,38.97,304.0,543.71,109.0,316.7,1.57,46.0,943.25,
2010,5,24,19,23.16,41.54,103.0,287.16,57.0,312.77,2.2,60.0,943.56,
2010,5,24,20,21.39,44.1,0.0,0.0,0.0,308.83,2.82,74.0,943.88,
2010,5,24,21,19.63,46.67,0.0,0.0,0.0,304.9,3.45,88.0,944.19,
2010,5,24,22,18.79,49.37,0.0,0.0,0.0,302.88,3.09,102.0,943.97,
2010,5,24,23,17.95,52.08,0.0,0.0,0.0,300.87,2.74,117.0,943.75,
2010,5,25,0,17.11,54.78,0.0,0.0,0.0,298.85,2.39,131.0,943.53,
2010,5,25,1,16.27,60.59,0.0,0.0,0.0,298.58,2.09,138.0,943.5,
2010,5,25,2,15.43,66.4,0.0,0.0,0.0,298.32,1.8,146.0,943.47,
2010,5,25,3,14.59,72.21,0.0,0.0,0.0,298.05,1.5,153.0,943.44,
2010,5,25,4,14.77,75.79,0.0,0.0,0.0,298.5,1.41,158.0,943.72,
2010,5,25,5,14.96,79.36,0.0,0.0,0.0,298.95,1.32,163.0,944.0,
2010,5,25,6,15.15,82.94,20.0,92.97,15.0,299.4,1.23,168.0,944.28,
2010,5,25,7,18.0,73.37,189.0,404.78,87.0,305.53,1.22,179.0,944.56,
2010,5,25,8,20.85,63.8,396.0,590.42,132.0,311.67,1.22,191.0,944.84,
2010,5,25,9,23.7,54.23,596.0,690.17,164.0,317.8,1.21,203.0,945.12,
2010,5,25,10,25.1,50.24,780.0,783.31,172.0,325.45,1.62,215.0,944.74,
2010,5,25,11,26.5,46.24,909.0,808.87,191.0,333.1,2.02,228.0,944.37,
2010,5,25,12,27.9,42.25,987.0,830.22,196.0,340.75,2.43,240.0,944.0,
2010,5,25,13,28.05,42.59,1010.0,851.05,187.0,344.02,3.12,257.0,943.6,
2010,5,25,14,28.2,42.92,964.0,838.05,185.0,347.28,3.81,274.0,943.19,
2010,5,25,15,28.35,43.26,840.0,748.69,209.0,350.55,4.5,291.0,942.79,
2010,5,25,16,26.67,47.81,676.0,660.82,205.0,352.5,4.14,307.0,942.88,
2010,5,25,17,25.0,52.36,493.0,589.16,170.0,354.45,3.79,324.0,942.98,
2010,5,25,18,23.32,56.91,294.0,477.14,122.0,356.4,3.43,340.0,943.07,
2010,5,25,19,21.53,64.17,88.0,154.06,63.0,352.5,2.61,341.0,943.66,
2010,5,25,20,19.74,71.42,0.0,0.0,0.0,348.6,1.79,342.0,944.25,
2010,5,25,21,17.96,78.68,0.0,0.0,0.0,344.7,0.97,344.0,944.84,
2010,5,25,22,17.28,83.28,0.0,0.0,0.0,336.38,1.15,318.0,944.68,
2010,5,25,23,16.6,87.89,0.0,0.0,0.0,328.07,1.33,292.0,944.53,
2010,5,26,0,15.92,92.49,0.0,0.0,0.0,319.75,1.52,266.0,944.37,
2010,5,26,1,15.19,93.07,0.0,0.0,0.0,314.28,1.68,244.0,944.19,
2010,5,26,2,14.45,93.66,0.0,0.0,0.0,308.82,1.84,222.0,944.0,
2010,5,26,3,13.72,94.24,0.0,0.0,0.0,303.35,2.0,199.0,943.81,
2010,5,26,4,14.15,92.17,0.0,0.0,0.0,305.42,1.95,191.0,943.72,
2010,5,26,5,14.59,90.1,0.0,0.0,0.0,307.48,1.91,184.0,943.63,
2010,5,26,6,15.02,88.03,25.0,162.77,16.0,309.55,1.86,176.0,943.53,
2010,5,26,7,18.0,74.32,145.0,150.04,107.0,317.22,1.73,185.0,943.41,
2010,5,26,8,20.98,60.61,204.0,37.93,187.0,324.88,1.6,195.0,943.29,
2010,5,26,9,23.96,46.9,500.0,368.53,269.0,332.55,1.46,205.0,943.16,
2010,5,26,10,25.36,42.83,759.0,711.75,206.0,338.08,1.78,220.0,942.7,
2010,5,26,11,26.75,38.76,904.0,793.59,199.0,343.62,2.11,236.0,942.23,
2010,5,26,12,28.15,34.69,993.0,846.38,186.0,349.15,2.43,251.0,941.77,
2010,5,26,13,28.27,34.14,1011.0,850.36,188.0,351.2,2.8,271.0,941.36,
2010,5,26,14,28.39,33.58,965.0,838.3,185.0,353.25,3.16,291.0,940.96,
2010,5,26,15,28.51,33.03,855.0,793.93,185.0,355.3,3.53,311.0,940.56,
2010,5,26,16,27.03,36.85,697.0,728.23,177.0,356.62,2.96,324.0,940.53,
2010,5,26,17,25.56,40.67,503.0,625.69,159.0,357.93,2.38,336.0,940.49,
2010,5,26,18,24.08,44.49,301.0,507.89,117.0,359.25,1.81,348.0,940.46,
2010,5,26,19,22.45,50.84,83.0,121.72,63.0,357.63,1.83,348.0,940.87,
2010,5,26,20,20.82,57.18,0.0,0.0,0.0,356.02,1.86,348.0,941.27,
2010,5,26,21,19.19,63.53,0.0,0.0,0.0,354.4,1.89,348.0,941.67,
2010,5,26,22,18.6,67.19,0.0,0.0,0.0,355.7,1.73,299.0,941.52,
2010,5,26,23,18.02,70.84,0.0,0.0,0.0,357.0,1.58,249.0,941.36,
2010,5,27,0,17.43,74.5,0.0,0.0,0.0,358.3,1.42,200.0,941.21,
2010,5,27,1,17.6,72.56,0.0,0.0,0.0,364.8,1.69,197.0,941.39,
2010,5,27,2,17.77,70.63,0.0,0.0,0.0,371.3,1.95,193.0,941.58,
2010,5,27,3,17.94,68.69,0.0,0.0,0.0,377.8,2.22,190.0,941.77,
2010,5,27,4,17.62,73.49,0.0,0.0,0.0,374.97,2.58,191.0,942.01,
2010,5,27,5,17.3,78.29,0.0,0.0,0.0,372.13,2.95,193.0,942.26,
2010,5,27,6,16.98,83.09,17.0,35.26,15.0,369.3,3.31,194.0,942.51,
2010,5,27,7,17.2,86.71,56.0,0.0,56.0,369.33,3.37,191.0,942.63,
2010,5,27,8,17.42,90.34,43.0,0.0,43.0,369.37,3.44,187.0,942.76,
2010,5,27,9,17.64,93.96,54.0,0.0,54.0,369.4,3.5,183.0,942.88,
2010,5,27,10,18.66,86.36,83.0,0.0,83.0,367.98,3.9,202.0,942.45,
2010,5,27,11,19.67,78.77,521.0,88.86,442.0,366.57,4.3,222.0,942.01,
2010,5,27,12,20.68,71.17,840.0,467.43,394.0,365.15,4.7,241.0,941.58,
2010,5,27,13,21.12,65.07,1033.0,916.81,145.0,361.85,4.25,257.0,941.61,
2010,5,27,14,21.55,58.96,981.0,886.9,155.0,358.55,3.79,272.0,941.64,
2010,5,27,15,21.99,52.86,316.0,4.73,312.0,355.25,3.34,288.0,941.67,
2010,5,27,16,21.43,54.55,63.0,0.0,63.0,352.33,3.56,293.0,941.89,
2010,5,27,17,20.86,56.23,268.0,47.16,242.0,349.42,3.79,297.0,942.11,
2010,5,27,18,20.3,57.92,210.0,129.1,163.0,346.5,4.01,302.0,942.32,
2010,5,27,19,19.06,63.02,80.0,96.19,64.0,338.33,3.52,297.0,943.04,
2010,5,27,20,17.82,68.12,0.0,0.0,0.0,330.17,3.03,292.0,943.75,
2010,5,27,21,16.58,73.22,0.0,0.0,0.0,322.0,2.54,287.0,944.46,
2010,5,27,22,16.27,76.27,0.0,0.0,0.0,320.02,2.53,275.0,944.5,
2010,5,27,23,15.97,79.32,0.0,0.0,0.0,318.03,2.52,264.0,944.53,
2010,5,28,0,15.67,82.37,0.0,0.0,0.0,316.05,2.51,253.0,944.56,
2010,5,28,1,15.22,84.12,0.0,0.0,0.0,319.83,2.68,250.0,944.4,
2010,5,28,2,14.76,85.86,0.0,0.0,0.0,323.62,2.85,248.0,944.25,
2010,5,28,3,14.31,87.61,0.0,0.0,0.0,327.4,3.02,245.0,944.09,
2010,5,28,4,14.48,87.92,0.0,0.0,0.0,328.07,3.49,247.0,944.28,
2010,5,28,5,14.66,88.24,0.0,0.0,0.0,328.73,3.95,248.0,944.46,
2010,5,28,6,14.83,88.55,17.0,34.45,15.0,329.4,4.41,250.0,944.65,
2010,5,28,7,15.89,84.02,55.0,0.0,55.0,331.2,4.33,267.0,944.93,
2010,5,28,8,16.95,79.49,148.0,4.44,146.0,333.0,4.24,284.0,945.21,
2010,5,28,9,18.0,74.96,153.0,0.0,153.0,334.8,4.15,301.0,945.49,
2010,5,28,10,18.4,71.34,232.0,0.0,232.0,342.4,4.23,307.0,945.3,
2010,5,28,11,18.8,67.73,262.0,0.0,262.0,350.0,4.32,312.0,945.12,
2010,5,28,12,19.2,64.11,862.0,513.21,372.0,357.6,4.4,317.0,944.93,
2010,5,28,13,19.01,64.02,128.0,0.0,128.0,358.67,4.13,319.0,944.96,
2010,5,28,14,18.82,63.93,382.0,9.65,373.0,359.73,3.86,321.0,944.99,
2010,5,28,15,18.63,63.84,115.0,0.0,115.0,360.8,3.59,323.0,945.02,
2010,5,28,16,18.19,65.42,657.0,584.69,238.0,362.05,3.71,321.0,945.36,
2010,5,28,17,17.75,66.99,292.0,70.55,253.0,363.3,3.83,320.0,945.7,
2010,5,28,18,17.31,68.57,56.0,0.0,56.0,364.55,3.96,318.0,946.05,
2010,5,28,19,16.58,72.0,64.0,35.65,58.0,358.63,3.54,317.0,946.7,
2010,5,28,20,15.85,75.42,0.0,0.0,0.0,352.72,3.12,317.0,947.35,
2010,5,28,21,15.12,78.85,0.0,0.0,0.0,346.8,2.7,317.0,948.0,
2010,5,28,22,14.83,81.4,0.0,0.0,0.0,340.52,2.68,310.0,948.0,
2010,5,28,23,14.55,83.96,0.0,0.0,0.0,334.23,2.66,303.0,948.0,
2010,5,29,0,14.27,86.51,0.0,0.0,0.0,327.95,2.63,296.0,948.0,
2010,5,29,1,13.41,91.01,0.0,0.0,0.0,322.17,2.57,294.0,948.15,
2010,5,29,2,12.55,95.5,0.0,0.0,0.0,316.38,2.51,292.0,948.31,
2010,5,29,3,11.69,100.0,0.0,0.0,0.0,310.6,2.44,289.0,948.46,
2010,5,29,4,12.15,100.0,0.0,0.0,0.0,309.18,2.56,287.0,948.87,
2010,5,29,5,12.61,100.0,0.0,0.0,0.0,307.77,2.67,285.0,949.27,
2010,5,29,6,13.07,100.0,7.0,0.0,7.0,306.35,2.79,283.0,949.67,
2010,5,29,7,14.79,90.26,54.0,0.0,54.0,307.53,3.34,303.0,949.92,
2010,5,29,8,16.52,80.51,115.0,0.0,115.0,308.72,3.89,323.0,950.17,
2010,5,29,9,18.24,70.77,106.0,0.0,106.0,309.9,4.44,342.0,950.42,
2010,5,29,10,19.12,66.17,665.0,442.93,320.0,316.62,4.57,343.0,950.39,
2010,5,29,11,19.99,61.58,612.0,181.98,450.0,323.33,4.71,344.0,950.36,
2010,5,29,12,20.86,56.98,912.0,625.94,314.0,330.05,4.84,344.0,950.33,
2010,5,29,13,21.06,56.63,956.0,698.99,278.0,331.52,5.14,344.0,950.29,
2010,5,29,14,21.26,56.29,951.0,792.05,212.0,332.98,5.45,345.0,950.26,
2010,5,29,15,21.46,55.94,858.0,793.36,186.0,334.45,5.75,345.0,950.23,
2010,5,29,16,20.67,59.41,705.0,743.88,171.0,329.95,5.1,345.0,950.36,
2010,5,29,17,19.89,62.88,516.0,665.7,147.0,325.45,4.45,345.0,950.48,
2010,5,29,18,19.1,66.35,315.0,563.23,108.0,320.95,3.79,345.0,950.6,
2010,5,29,19,17.99,72.63,117.0,352.44,57.0,313.38,3.22,345.0,951.19,
2010,5,29,20,16.88,78.92,0.0,0.0,0.0,305.82,2.65,346.0,951.78,
2010,5,29,21,15.78,85.2,0.0,0.0,0.0,298.25,2.08,347.0,952.37,
2010,5,29,22,15.1,88.73,0.0,0.0,0.0,294.88,1.97,311.0,952.31,
2010,5,29,23,14.43,92.27,0.0,0.0,0.0,291.52,1.85,275.0,952.25,
2010,5,30,0,13.75,95.8,0.0,0.0,0.0,288.15,1.74,239.0,952.19,
2010,5,30,1,13.19,95.99,0.0,0.0,0.0,286.9,1.59,238.0,952.0,
2010,5,30,2,12.64,96.17,0.0,0.0,0.0,285.65,1.44,236.0,951.81,
2010,5,30,3,12.08,96.36,0.0,0.0,0.0,284.4,1.3,235.0,951.63,
2010,5,30,4,12.34,94.6,0.0,0.0,0.0,281.03,1.33,226.0,951.88,
2010,5,30,5,12.61,92.85,0.0,0.0,0.0,277.67,1.36,217.0,952.12,
2010,5,30,6,12.88,91.09,26.0,115.76,19.0,274.3,1.39,208.0,952.37,
2010,5,30,7,15.54,78.14,200.0,450.42,84.0,277.57,1.18,259.0,952.56,
2010,5,30,8,18.2,65.18,407.0,628.74,123.0,280.83,0.97,311.0,952.74,
2010,5,30,9,20.85,52.23,616.0,759.08,138.0,284.1,0.76,3.0,952.93,
2010,5,30,10,22.05,48.74,795.0,828.79,149.0,289.8,1.51,5.0,952.71,
2010,5,30,11,23.24,45.26,926.0,856.61,163.0,295.5,2.27,7.0,952.5,
2010,5,30,12,24.43,41.77,1006.0,878.73,166.0,301.2,3.02,9.0,952.28,
2010,5,30,13,24.82,41.52,1024.0,882.93,167.0,305.17,3.19,11.0,951.81,
2010,5,30,14,25.2,41.27,978.0,870.61,165.0,309.13,3.35,12.0,951.35,
2010,5,30,15,25.59,41.02,869.0,824.27,170.0,313.1,3.52,14.0,950.88,
2010,5,30,16,24.75,44.46,722.0,802.43,145.0,312.78,3.07,12.0,950.82,
2010,5,30,17,23.91,47.89,524.0,690.95,140.0,312.47,2.63,11.0,950.76,
2010,5,30,18,23.07,51.33,320.0,585.04,104.0,312.15,2.18,9.0,950.7,
2010,5,30,19,21.83,56.06,119.0,360.17,57.0,308.63,1.78,10.0,951.19,
2010,5,30,20,20.6,60.78,0.0,0.0,0.0,305.12,1.39,12.0,951.69,
2010,5,30,21,19.37,65.51,0.0,0.0,0.0,301.6,0.99,13.0,952.19,
2010,5,30,22,18.33,70.28,0.0,0.0,0.0,298.3,1.18,57.0,951.97,
2010,5,30,23,17.29,75.04,0.0,0.0,0.0,295.0,1.36,101.0,951.75,
2010,5,31,0,16.25,79.81,0.0,0.0,0.0,291.7,1.54,145.0,951.53,
2010,5,31,1,15.17,83.71,0.0,0.0,0.0,289.35,1.73,154.0,951.16,
2010,5,31,2,14.08,87.61,0.0,0.0,0.0,287.0,1.92,162.0,950.79,
2010,5,31,3,13.0,91.51,0.0,0.0,0.0,284.65,2.11,171.0,950.42,
2010,5,31,4,13.15,91.21,0.0,0.0,0.0,283.45,1.8,170.0,950.51,
2010,5,31,5,13.3,90.91,0.0,0.0,0.0,282.25,1.49,170.0,950.6,
2010,5,31,6,13.45,90.61,27.0,129.99,19.0,281.05,1.19,170.0,950.7,
2010,5,31,7,17.14,75.98,203.0,468.26,82.0,287.58,1.31,203.0,950.64,
2010,5,31,8,20.84,61.36,412.0,652.1,117.0,294.12,1.43,236.0,950.57,
2010,5,31,9,24.53,46.73,610.0,731.43,149.0,300.65,1.54,269.0,950.51,
2010,5,31,10,25.75,42.07,791.0,814.17,156.0,307.03,1.54,300.0,950.14,
2010,5,31,11,26.97,37.41,921.0,840.45,172.0,313.42,1.54,331.0,949.77,
2010,5,31,12,28.19,32.75,1006.0,878.25,166.0,319.8,1.54,1.0,949.39,
2010,5,31,13,28.75,32.37,1019.0,866.93,177.0,324.23,1.92,356.0,948.53,
2010,5,31,14,29.31,31.98,979.0,870.96,165.0,328.67,2.3,351.0,947.66,
2010,5,31,15,29.87,31.6,869.0,824.51,169.0,333.1,2.68,346.0,946.79,
2010,5,31,16,28.91,35.8,719.0,787.22,152.0,332.32,2.42,348.0,946.67,
2010,5,31,17,26.5,46.98,525.0,692.78,139.0,334.17,1.62,350.0,946.54,
2010,5,31,18,25.27,50.27,321.0,585.13,104.0,329.0,1.54,352.0,946.42,
2010,5,31,19,24.04,53.56,121.0,362.07,58.0,323.83,1.46,3.0,946.88,
2010,5,31,20,22.81,56.85,0.0,0.0,0.0,318.66,1.38,14.0,947.35,
2010,5,31,21,21.58,60.13,0.0,0.0,0.0,313.49,1.3,25.0,947.81,
2010,5,31,22,20.35,63.42,0.0,0.0,0.0,308.32,1.22,63.0,947.6,
2010,5,31,23,19.12,66.71,0.0,0.0,0.0,303.14,1.14,102.0,947.38,
2013,6,1,0,17.88,69.99,0.0,0.0,0.0,297.97,1.07,140.0,947.16,
2013,6,1,1,16.65,73.28,0.0,0.0,0.0,292.8,0.99,132.0,947.32,
2013,6,1,2,15.42,76.57,0.0,0.0,0.0,287.63,0.91,141.0,946.73,
2013,6,1,3,14.19,79.86,0.0,0.0,0.0,282.46,0.83,150.0,946.14,
2013,6,1,4,12.96,83.14,0.0,0.0,0.0,277.29,0.75,152.0,946.26,
2013,6,1,5,11.73,86.43,0.0,0.0,0.0,272.11,0.67,153.0,946.39,
2013,6,1,6,10.5,89.72,28.0,126.12,20.0,266.94,0.59,154.0,946.51,
2013,6,1,7,9.27,93.0,205.0,477.12,81.0,261.77,0.51,122.0,946.54,
2013,6,1,8,8.03,96.29,415.0,668.06,112.0,256.6,0.43,90.0,946.57,
2013,6,1,9,20.28,53.73,617.0,765.2,134.0,285.55,0.54,57.0,946.6,
2013,6,1,10,21.59,49.0,602.0,307.4,362.0,294.33,0.91,35.0,946.23,
2013,6,1,11,22.9,44.27,912.0,817.26,183.0,303.12,1.28,13.0,945.86,
2013,6,1,12,24.21,39.54,1002.0,871.14,168.0,311.9,1.66,351.0,945.49,
2013,6,1,13,24.97,39.1,1031.0,908.07,148.0,316.78,2.2,350.0,944.77,
2013,6,1,14,25.72,38.67,986.0,896.3,147.0,321.67,2.75,348.0,944.06,
2013,6,1,15,26.47,38.23,885.0,880.3,136.0,326.55,3.3,346.0,943.35,
2013,6,1,16,24.85,42.84,725.0,809.62,140.0,328.68,3.01,355.0,943.5,
2013,6,1,17,23.23,47.44,539.0,750.09,119.0,330.82,2.72,3.0,943.66,
2013,6,1,18,21.6,52.05,327.0,612.21,98.0,332.95,2.43,12.0,943.81,
2013,6,1,19,19.66,58.04,127.0,399.8,56.0,327.93,2.33,17.0,944.56,
2013,6,1,20,17.72,64.03,0.0,0.0,0.0,322.92,2.23,23.0,945.3,
2013,6,1,21,15.78,70.02,0.0,0.0,0.0,317.9,2.12,28.0,946.05,
2013,6,1,22,15.37,73.13,0.0,0.0,0.0,316.12,1.64,35.0,946.14,
2013,6,1,23,14.96,76.24,0.0,0.0,0.0,314.33,1.16,42.0,946.23,
2013,6,2,0,14.55,79.35,0.0,0.0,0.0,312.55,0.68,49.0,946.32,
2013,6,2,1,14.53,77.28,0.0,0.0,0.0,305.68,0.88,57.0,945.98,
2013,6,2,2,14.5,75.21,0.0,0.0,0.0,298.82,1.09,65.0,945.64,
2013,6,2,3,14.48,73.14,0.0,0.0,0.0,291.95,1.3,74.0,945.3,
2013,6,2,4,13.93,77.7,0.0,0.0,0.0,288.48,1.1,93.0,945.46,
2013,6,2,5,13.39,82.25,0.0,0.0,0.0,285.02,0.91,113.0,945.61,
2013,6,2,6,12.84,86.81,29.0,124.53,21.0,281.55,0.72,132.0,945.77,
2013,6,2,7,15.4,75.62,206.0,479.81,81.0,287.03,0.81,103.0,945.83,
2013,6,2,8,17.97,64.44,415.0,667.36,112.0,292.52,0.9,74.0,945.89,
2013,6,2,9,20.53,53.25,618.0,766.33,134.0,298.0,0.99,45.0,945.95,
2013,6,2,10,22.05,47.62,607.0,316.23,360.0,305.25,1.28,33.0,945.49,
2013,6,2,11,23.57,41.98,917.0,832.64,174.0,312.5,1.56,21.0,945.02,
2013,6,2,12,25.08,36.35,1007.0,887.47,157.0,319.75,1.85,10.0,944.56,
2013,6,2,13,25.76,36.82,1037.0,925.05,137.0,325.87,2.28,4.0,944.06,
2013,6,2,14,26.44,37.28,986.0,895.64,147.0,331.98,2.71,359.0,943.56,
2013,6,2,15,27.12,37.75,886.0,880.55,136.0,338.1,3.14,354.0,943.07,
2013,6,2,16,25.7,42.49,726.0,809.76,140.0,335.93,2.82,359.0,943.13,
2013,6,2,17,24.28,47.22,534.0,725.15,127.0,333.77,2.49,5.0,943.19,
2013,6,2,18,22.86,51.96,326.0,591.06,104.0,331.6,2.17,11.0,943.25,
2013,6,2,19,21.0,57.46,125.0,362.48,60.0,325.83,2.19,23.0,943.78,
2013,6,2,20,19.14,62.95,0.0,0.0,0.0,320.07,2.21,35.0,944.31,
2013,6,2,21,17.28,68.45,0.0,0.0,0.0,314.3,2.23,47.0,944.84,
2013,6,2,22,16.65,71.75,0.0,0.0,0.0,313.52,2.23,64.0,944.65,
2013,6,2,23,16.01,75.06,0.0,0.0,0.0,312.73,2.23,81.0,944.46,
2013,6,3,0,15.38,78.36,0.0,0.0,0.0,311.95,2.22,98.0,944.28,
2013,6,3,1,14.6,81.85,0.0,0.0,0.0,312.72,2.04,112.0,943.81,
2013,6,3,2,13.82,85.35,0.0,0.0,0.0,313.48,1.85,125.0,943.35,
2013,6,3,3,13.04,88.84,0.0,0.0,0.0,314.25,1.67,139.0,942.88,
2013,6,3,4,13.38,87.93,0.0,0.0,0.0,310.62,1.58,141.0,942.91,
2013,6,3,5,13.72,87.01,0.0,0.0,0.0,306.98,1.49,142.0,942.94,
2013,6,3,6,14.06,86.1,27.0,92.35,21.0,303.35,1.41,144.0,942.98,
2013,6,3,7,17.16,74.76,200.0,429.01,88.0,306.4,1.64,122.0,942.94,
2013,6,3,8,20.27,63.41,405.0,609.55,128.0,309.45,1.87,100.0,942.91,
2013,6,3,9,23.37,52.07,608.0,724.8,150.0,312.5,2.1,78.0,942.88,
2013,6,3,10,25.0,46.77,573.0,252.12,376.0,321.18,2.11,64.0,942.36,
2013,6,3,11,26.63,41.47,831.0,592.62,302.0,329.87,2.13,50.0,941.83,
2013,6,3,12,28.26,36.17,997.0,854.77,178.0,338.55,2.15,36.0,941.3,
2013,6,3,13,28.75,35.38,1015.0,858.82,179.0,343.7,2.39,33.0,940.9,
2013,6,3,14,29.24,34.6,955.0,801.13,204.0,348.85,2.63,30.0,940.49,
2013,6,3,15,29.72,33.81,845.0,743.6,211.0,354.0,2.87,27.0,940.09,
2013,6,3,16,28.42,36.51,609.0,436.01,293.0,355.37,2.73,31.0,939.78,
2013,6,3,17,27.12,39.21,414.0,289.74,251.0,356.73,2.59,35.0,939.47,
2013,6,3,18,25.82,41.91,290.0,389.81,143.0,358.1,2.46,40.0,939.16,
2013,6,3,19,24.37,43.14,120.0,309.38,64.0,358.73,2.53,48.0,939.44,
2013,6,3,20,22.91,44.36,0.0,0.0,0.0,359.37,2.6,57.0,939.72,
2013,6,3,21,21.45,45.59,0.0,0.0,0.0,360.0,2.68,66.0,940.0,
2013,6,3,22,20.97,48.57,0.0,0.0,0.0,358.63,2.48,71.0,939.91,
2013,6,3,23,20.48,51.54,0.0,0.0,0.0,357.27,2.28,76.0,939.81,
2013,6,4,0,20.0,54.52,0.0,0.0,0.0,355.9,2.08,81.0,939.72,
2013,6,4,1,19.22,59.29,0.0,0.0,0.0,350.43,1.93,86.0,939.29,
2013,6,4,2,18.43,64.07,0.0,0.0,0.0,344.97,1.78,91.0,938.85,
2013,6,4,3,17.65,68.84,0.0,0.0,0.0,339.5,1.63,96.0,938.42,
2013,6,4,4,17.19,75.24,0.0,0.0,0.0,332.48,1.65,119.0,938.94,
2013,6,4,5,16.72,81.64,0.0,0.0,0.0,325.47,1.66,142.0,939.47,
2013,6,4,6,16.26,88.04,24.0,60.96,20.0,318.45,1.68,165.0,940.0,
2013,6,4,7,17.85,80.06,132.0,87.94,109.0,317.67,2.1,213.0,940.28,
2013,6,4,8,19.45,72.07,376.0,470.56,162.0,316.88,2.51,262.0,940.56,
2013,6,4,9,21.04,64.09,551.0,515.7,225.0,316.1,2.92,310.0,940.84,
2013,6,4,10,22.4,58.46,543.0,203.43,384.0,323.45,2.9,321.0,940.56,
2013,6,4,11,23.76,52.83,907.0,801.89,191.0,330.8,2.88,333.0,940.28,
2013,6,4,12,25.11,47.2,1002.0,870.12,168.0,338.15,2.86,344.0,940.0,
2013,6,4,13,25.16,48.11,1016.0,859.43,179.0,343.52,3.53,343.0,939.69,
2013,6,4,14,25.21,49.03,929.0,725.96,248.0,348.88,4.21,341.0,939.38,
2013,6,4,15,25.26,49.94,807.0,632.73,267.0,354.25,4.88,340.0,939.07,
2013,6,4,16,23.72,55.04,646.0,533.2,259.0,350.88,4.79,340.0,939.56,
2013,6,4,17,22.18,60.14,427.0,321.02,246.0,347.52,4.69,339.0,940.06,
2013,6,4,18,20.63,65.24,267.0,282.64,160.0,344.15,4.59,339.0,940.56,
2013,6,4,19,19.12,72.57,63.0,21.9,59.0,335.87,4.11,331.0,941.49,
2013,6,4,20,17.61,79.89,0.0,0.0,0.0,327.58,3.62,324.0,942.42,
2013,6,4,21,16.09,87.22,0.0,0.0,0.0,319.3,3.13,316.0,943.35,
2013,6,4,22,15.74,90.77,0.0,0.0,0.0,316.48,3.09,310.0,943.6,
2013,6,4,23,15.4,94.32,0.0,0.0,0.0,313.67,3.05,305.0,943.84,
2013,6,5,0,15.05,97.87,0.0,0.0,0.0,310.85,3.01,300.0,944.09,
2013,6,5,1,14.64,98.58,0.0,0.0,0.0,310.63,2.66,300.0,944.15,
2013,6,5,2,14.24,99.29,0.0,0.0,0.0,310.42,2.32,300.0,944.22,
2013,6,5,3,13.83,100.0,0.0,0.0,0.0,310.2,1.97,300.0,944.28,
2013,6,5,4,14.05,99.63,0.0,0.0,0.0,307.72,2.35,300.0,944.56,
2013,6,5,5,14.28,99.25,0.0,0.0,0.0,305.23,2.73,300.0,944.84,
2013,6,5,6,14.5,98.88,32.0,166.24,21.0,302.75,3.1,299.0,945.12,
2013,6,5,7,16.1,88.47,133.0,91.63,109.0,304.13,2.98,315.0,945.24,
2013,6,5,8,17.7,78.05,240.0,79.11,204.0,305.52,2.86,330.0,945.36,
2013,6,5,9,19.3,67.64,434.0,210.33,301.0,306.9,2.73,346.0,945.49,
2013,6,5,10,20.54,62.51,435.0,76.75,375.0,313.2,2.85,348.0,945.43,
2013,6,5,11,21.78,57.38,781.0,472.5,359.0,319.5,2.96,350.0,945.36,
2013,6,5,12,23.02,52.25,986.0,822.91,197.0,325.8,3.08,352.0,945.3,
2013,6,5,13,23.28,52.49,1016.0,859.04,179.0,329.92,3.22,354.0,945.27,
2013,6,5,14,23.54,52.72,908.0,670.09,279.0,334.03,3.36,356.0,945.24,
2013,6,5,15,23.8,52.96,841.0,729.28,218.0,338.15,3.5,358.0,945.21,
2013,6,5,16,22.88,56.25,714.0,752.58,167.0,337.98,3.35,357.0,945.36,
2013,6,5,17,21.95,59.54,524.0,661.86,150.0,337.82,3.19,355.0,945.52,
2013,6,5,18,21.02,62.83,322.0,542.1,116.0,337.65,3.03,354.0,945.67,
2013,6,5,19,19.43,70.61,122.0,303.95,66.0,332.68,2.48,351.0,946.29,
2013,6,5,20,17.84,78.39,0.0,0.0,0.0,327.72,1.93,347.0,946.91,
2013,6,5,21,16.25,86.17,0.0,0.0,0.0,322.75,1.38,344.0,947.53,
2013,6,5,22,16.07,87.04,0.0,0.0,0.0,317.93,1.25,347.0,947.44,
2013,6,5,23,15.9,87.92,0.0,0.0,0.0,313.12,1.12,350.0,947.35,
2013,6,6,0,15.72,88.79,0.0,0.0,0.0,308.3,0.99,353.0,947.26,
2013,6,6,1,14.78,91.99,0.0,0.0,0.0,306.22,1.19,300.0,947.1,
2013,6,6,2,13.85,95.18,0.0,0.0,0.0,304.13,1.39,246.0,946.95,
2013,6,6,3,12.91,98.38,0.0,0.0,0.0,302.05,1.59,193.0,946.79,
2013,6,6,4,13.3,97.58,0.0,0.0,0.0,306.62,1.5,183.0,946.79,
2013,6,6,5,13.7,96.78,0.0,0.0,0.0,311.18,1.41,173.0,946.79,
2013,6,6,6,14.09,95.98,28.0,105.04,21.0,315.75,1.32,162.0,946.79,
2013,6,6,7,15.86,86.33,208.0,488.08,80.0,327.63,1.37,207.0,946.76,
2013,6,6,8,17.64,76.67,365.0,423.94,172.0,339.52,1.42,251.0,946.73,
2013,6,6,9,19.41,67.02,431.0,203.95,302.0,351.4,1.46,296.0,946.7,
2013,6,6,10,20.73,61.53,586.0,274.97,371.0,350.55,1.7,310.0,946.26,
2013,6,6,11,22.05,56.05,912.0,817.2,182.0,349.7,1.94,325.0,945.83,
2013,6,6,12,23.36,50.56,1008.0,886.28,158.0,348.85,2.18,340.0,945.39,
2013,6,6,13,23.58,50.54,1027.0,891.51,158.0,353.45,2.73,338.0,945.12,
2013,6,6,14,23.8,50.53,983.0,879.4,157.0,358.05,3.27,336.0,944.84,
2013,6,6,15,24.02,50.51,871.0,818.66,171.0,362.65,3.82,334.0,944.56,
2013,6,6,16,22.43,53.67,711.0,739.18,173.0,363.38,4.01,335.0,944.65,
2013,6,6,17,20.83,56.84,523.0,649.86,155.0,364.12,4.2,335.0,944.74,
2013,6,6,18,19.23,60.0,309.0,464.09,132.0,364.85,4.39,336.0,944.84,
2013,6,6,19,17.78,64.29,131.0,371.4,62.0,357.82,3.35,334.0,945.52,
2013,6,6,20,16.33,68.59,0.0,0.0,0.0,350.78,2.31,332.0,946.2,
2013,6,6,21,14.87,72.88,0.0,0.0,0.0,343.75,1.27,330.0,946.88,
2013,6,6,22,14.79,75.45,0.0,0.0,0.0,334.43,1.62,321.0,947.1,
2013,6,6,23,14.7,78.02,0.0,0.0,0.0,325.12,1.98,311.0,947.32,
2013,6,7,0,14.62,80.59,0.0,0.0,0.0,315.8,2.33,302.0,947.53,
2013,6,7,1,14.3,82.87,0.0,0.0,0.0,312.48,2.17,295.0,947.47,
2013,6,7,2,13.97,85.16,0.0,0.0,0.0,309.17,2.02,288.0,947.41,
2013,6,7,3,13.65,87.44,0.0,0.0,0.0,305.85,1.86,281.0,947.35,
2013,6,7,4,13.79,87.94,0.0,0.0,0.0,303.9,2.25,279.0,947.41,
2013,6,7,5,13.92,88.45,0.0,0.0,0.0,301.95,2.64,276.0,947.47,
2013,6,7,6,14.06,88.95,33.0,179.01,21.0,300.0,3.03,274.0,947.53,
2013,6,7,7,15.14,79.33,123.0,64.76,106.0,299.72,3.31,280.0,947.53,
2013,6,7,8,16.21,69.7,307.0,221.79,206.0,299.43,3.59,286.0,947.53,
2013,6,7,9,17.29,60.08,434.0,210.25,301.0,299.15,3.86,292.0,947.53,
2013,6,7,10,18.29,55.24,564.0,236.58,379.0,302.5,3.72,296.0,947.1,
2013,6,7,11,19.29,50.39,892.0,756.64,216.0,305.85,3.59,300.0,946.67,
2013,6,7,12,20.28,45.55,981.0,806.83,207.0,309.2,3.45,304.0,946.23,
2013,6,7,13,20.59,46.07,1011.0,842.96,189.0,313.85,3.49,305.0,945.98,
2013,6,7,14,20.9,46.6,947.0,770.34,223.0,318.5,3.54,305.0,945.74,
2013,6,7,15,21.21,47.12,876.0,833.12,163.0,323.15,3.59,306.0,945.49,
2013,6,7,16,20.13,50.2,728.0,797.2,147.0,320.32,3.66,308.0,945.46,
2013,6,7,17,19.05,53.27,541.0,727.83,128.0,317.48,3.72,310.0,945.43,
2013,6,7,18,17.97,56.35,333.0,598.32,104.0,314.65,3.79,312.0,945.39,
2013,6,7,19,16.52,62.52,131.0,357.76,64.0,308.42,3.18,309.0,945.86,
2013,6,7,20,15.07,68.7,0.0,0.0,0.0,302.18,2.56,307.0,946.32,
2013,6,7,21,13.62,74.87,0.0,0.0,0.0,295.95,1.94,304.0,946.79,
2013,6,7,22,13.32,78.43,0.0,0.0,0.0,291.58,1.95,284.0,946.64,
2013,6,7,23,13.02,82.0,0.0,0.0,0.0,287.22,1.95,265.0,946.48,
2013,6,8,0,12.72,85.56,0.0,0.0,0.0,282.85,1.96,245.0,946.32,
2013,6,8,1,12.53,87.66,0.0,0.0,0.0,281.95,2.04,247.0,946.14,
2013,6,8,2,12.33,89.76,0.0,0.0,0.0,281.05,2.12,248.0,945.95,
2013,6,8,3,12.14,91.86,0.0,0.0,0.0,280.15,2.21,250.0,945.77,
2013,6,8,4,12.49,91.88,0.0,0.0,0.0,279.62,2.52,252.0,945.89,
2013,6,8,5,12.84,91.9,0.0,0.0,0.0,279.08,2.83,255.0,946.01,
2013,6,8,6,13.19,91.92,31.0,133.65,22.0,278.55,3.14,257.0,946.14,
2013,6,8,7,14.55,81.98,206.0,464.47,84.0,282.62,3.57,268.0,946.11,
2013,6,8,8,15.9,72.03,412.0,645.49,118.0,286.68,3.99,278.0,946.08,
2013,6,8,9,17.26,62.09,388.0,131.2,305.0,290.75,4.41,288.0,946.05,
2013,6,8,10,18.26,58.09,376.0,35.8,348.0,295.73,4.35,291.0,945.74,
2013,6,8,11,19.25,54.09,560.0,124.23,449.0,300.72,4.29,293.0,945.43,
2013,6,8,12,20.24,50.09,691.0,218.86,481.0,305.7,4.23,295.0,945.12,
2013,6,8,13,20.68,49.51,788.0,343.42,453.0,309.03,4.32,295.0,945.02,
2013,6,8,14,21.11,48.92,738.0,311.58,445.0,312.37,4.41,295.0,944.93,
2013,6,8,15,21.54,48.34,834.0,701.65,233.0,315.7,4.5,296.0,944.84,
2013,6,8,16,20.51,51.55,729.0,797.54,147.0,313.35,4.34,297.0,945.05,
2013,6,8,17,19.47,54.76,542.0,728.14,128.0,311.0,4.18,298.0,945.27,
2013,6,8,18,18.43,57.97,336.0,609.31,102.0,308.65,4.03,300.0,945.49,
2013,6,8,19,17.06,63.58,134.0,381.52,62.0,303.1,3.46,296.0,946.26,
2013,6,8,20,15.69,69.19,0.0,0.0,0.0,297.55,2.89,292.0,947.04,
2013,6,8,21,14.31,74.8,0.0,0.0,0.0,292.0,2.32,288.0,947.81,
2013,6,8,22,14.05,77.33,0.0,0.0,0.0,287.02,2.31,273.0,947.84,
2013,6,8,23,13.78,79.86,0.0,0.0,0.0,282.03,2.31,257.0,947.88,
2013,6,9,0,13.52,82.39,0.0,0.0,0.0,277.05,2.3,241.0,947.91,
2013,6,9,1,13.11,85.37,0.0,0.0,0.0,274.7,2.29,238.0,947.69,
2013,6,9,2,12.7,88.36,0.0,0.0,0.0,272.35,2.29,235.0,947.47,
2013,6,9,3,12.29,91.34,0.0,0.0,0.0,270.0,2.28,233.0,947.26,
2013,6,9,4,12.59,91.66,0.0,0.0,0.0,268.8,2.23,229.0,947.38,
2013,6,9,5,12.89,91.98,0.0,0.0,0.0,267.6,2.19,225.0,947.5,
2013,6,9,6,13.19,92.3,32.0,148.0,22.0,266.4,2.15,222.0,947.63,
2013,6,9,7,15.13,82.63,209.0,490.94,80.0,272.33,2.28,245.0,947.78,
2013,6,9,8,17.06,72.97,412.0,645.47,118.0,278.27,2.4,268.0,947.94,
2013,6,9,9,19.0,63.3,615.0,750.88,140.0,284.2,2.52,291.0,948.09,
2013,6,9,10,20.18,58.04,581.0,267.26,372.0,291.27,2.6,300.0,947.88,
2013,6,9,11,21.36,52.77,907.0,801.26,191.0,298.33,2.67,309.0,947.66,
2013,6,9,12,22.54,47.51,997.0,853.4,178.0,305.4,2.74,318.0,947.44,
2013,6,9,13,23.17,47.83,1011.0,843.39,188.0,310.75,2.8,317.0,947.22,
2013,6,9,14,23.8,48.14,974.0,847.07,177.0,316.1,2.85,316.0,947.01,
2013,6,9,15,24.42,48.46,892.0,880.71,137.0,321.45,2.9,316.0,946.79,
2013,6,9,16,23.42,52.34,686.0,644.63,215.0,319.97,2.98,321.0,946.95,
2013,6,9,17,22.42,56.22,520.0,626.67,163.0,318.48,3.07,326.0,947.1,
2013,6,9,18,21.42,60.1,300.0,404.87,144.0,317.0,3.16,331.0,947.26,
2013,6,9,19,19.96,66.82,126.0,299.82,69.0,312.88,2.65,339.0,947.78,
2013,6,9,20,18.49,73.55,0.0,0.0,0.0,308.77,2.15,348.0,948.31,
2013,6,9,21,17.02,80.27,0.0,0.0,0.0,304.65,1.64,357.0,948.84,
2013,6,9,22,16.0,84.97,0.0,0.0,0.0,300.58,1.57,42.0,948.74,
2013,6,9,23,14.98,89.68,0.0,0.0,0.0,296.52,1.49,87.0,948.65,
2013,6,10,0,13.96,94.38,0.0,0.0,0.0,292.45,1.42,133.0,948.56,
2013,6,10,1,13.29,94.93,0.0,0.0,0.0,288.7,1.39,146.0,948.5,
2013,6,10,2,12.62,95.47,0.0,0.0,0.0,284.95,1.36,159.0,948.43,
2013,6,10,3,11.95,96.02,0.0,0.0,0.0,281.2,1.32,172.0,948.37,
2013,6,10,4,12.44,93.92,0.0,0.0,0.0,280.2,1.27,172.0,948.62,
2013,6,10,5,12.92,91.82,0.0,0.0,0.0,279.2,1.22,171.0,948.87,
2013,6,10,6,13.41,89.72,32.0,162.46,21.0,278.2,1.17,171.0,949.12,
2013,6,10,7,16.26,76.79,207.0,471.87,83.0,285.52,1.37,196.0,949.27,
2013,6,10,8,19.1,63.85,414.0,656.52,115.0,292.83,1.57,221.0,949.43,
2013,6,10,9,21.95,50.92,614.0,750.97,139.0,300.15,1.77,246.0,949.58,
2013,6,10,10,23.38,46.64,779.0,774.96,173.0,308.68,1.6,270.0,949.27,
2013,6,10,11,24.81,42.36,955.0,956.79,100.0,317.22,1.43,293.0,948.96,
2013,6,10,12,26.24,38.08,1003.0,869.94,168.0,325.75,1.26,316.0,948.65,
2013,6,10,13,26.81,38.26,1012.0,843.12,189.0,330.1,1.53,323.0,948.25,
2013,6,10,14,27.38,38.45,969.0,831.76,186.0,334.45,1.81,330.0,947.84,
2013,6,10,15,27.94,38.63,878.0,834.55,162.0,338.8,2.08,336.0,947.44,
2013,6,10,16,26.91,43.3,731.0,796.96,148.0,337.6,2.18,342.0,947.38,
2013,6,10,17,25.87,47.96,465.0,420.51,225.0,336.4,2.28,348.0,947.32,
2013,6,10,18,24.83,52.63,230.0,144.88,174.0,335.2,2.37,354.0,947.26,
2013,6,10,19,22.61,61.99,130.0,318.62,69.0,331.15,2.26,6.0,947.78,
2013,6,10,20,20.39,71.35,0.0,0.0,0.0,327.1,2.14,17.0,948.31,
2013,6,10,21,18.16,80.71,0.0,0.0,0.0,323.05,2.03,28.0,948.84,
2013,6,10,22,17.54,83.1,0.0,0.0,0.0,319.88,1.82,54.0,948.68,
2013,6,10,23,16.93,85.49,0.0,0.0,0.0,316.72,1.61,80.0,948.53,
2013,6,11,0,16.31,87.88,0.0,0.0,0.0,313.55,1.41,105.0,948.37,
2013,6,11,1,15.68,88.71,0.0,0.0,0.0,314.45,1.14,113.0,948.25,
2013,6,11,2,15.04,89.55,0.0,0.0,0.0,315.35,0.88,120.0,948.12,
2013,6,11,3,14.41,90.38,0.0,0.0,0.0,316.25,0.62,127.0,948.0,
2013,6,11,4,15.02,88.59,0.0,0.0,0.0,317.5,0.53,126.0,948.22,
2013,6,11,5,15.63,86.79,0.0,0.0,0.0,318.75,0.45,124.0,948.43,
2013,6,11,6,16.24,85.0,27.0,88.53,21.0,320.0,0.36,123.0,948.65,
2013,6,11,7,18.75,74.76,200.0,422.48,89.0,327.65,0.77,98.0,948.77,
2013,6,11,8,21.27,64.53,405.0,608.37,128.0,335.3,1.18,74.0,948.9,
2013,6,11,9,23.78,54.29,604.0,710.01,155.0,342.95,1.59,50.0,949.02,
2013,6,11,10,25.22,49.72,593.0,290.33,366.0,349.63,1.88,45.0,948.65,
2013,6,11,11,26.66,45.14,902.0,785.58,200.0,356.32,2.17,40.0,948.28,
2013,6,11,12,28.09,40.57,1003.0,869.83,168.0,363.0,2.46,35.0,947.91,
2013,6,11,13,28.5,40.16,1017.0,859.27,178.0,366.77,2.66,28.0,947.66,
2013,6,11,14,28.91,39.75,975.0,847.28,177.0,370.53,2.86,20.0,947.41,
2013,6,11,15,29.32,39.34,874.0,818.77,171.0,374.3,3.06,12.0,947.16,
2013,6,11,16,28.11,42.7,720.0,755.08,167.0,369.87,2.89,13.0,947.16,
2013,6,11,17,26.9,46.07,525.0,640.13,159.0,365.43,2.72,15.0,947.16,
2013,6,11,18,25.68,49.43,319.0,487.5,130.0,361.0,2.55,16.0,947.16,
2013,6,11,19,24.0,53.47,122.0,249.05,74.0,358.72,2.29,22.0,947.53,
2013,6,11,20,22.32,57.51,0.0,0.0,0.0,356.43,2.04,27.0,947.91,
2013,6,11,21,20.63,61.55,0.0,0.0,0.0,354.15,1.78,32.0,948.28,
2013,6,11,22,19.87,64.94,0.0,0.0,0.0,349.07,1.51,49.0,948.06,
2013,6,11,23,19.1,68.32,0.0,0.0,0.0,343.98,1.24,66.0,947.84,
2013,6,12,0,18.34,71.71,0.0,0.0,0.0,338.9,0.97,83.0,947.63,
2013,6,12,1,18.18,71.68,0.0,0.0,0.0,332.42,1.0,91.0,947.35,
2013,6,12,2,18.01,71.65,0.0,0.0,0.0,325.93,1.04,98.0,947.07,
2013,6,12,3,17.85,71.62,0.0,0.0,0.0,319.45,1.08,106.0,946.79,
2013,6,12,4,17.49,74.87,0.0,0.0,0.0,317.8,1.16,112.0,946.82,
2013,6,12,5,17.14,78.11,0.0,0.0,0.0,316.15,1.24,119.0,946.85,
2013,6,12,6,16.78,81.36,27.0,88.55,21.0,314.5,1.32,125.0,946.88,
2013,6,12,7,19.8,70.46,195.0,388.4,93.0,320.78,1.22,112.0,946.76,
2013,6,12,8,22.81,59.57,396.0,564.66,139.0,327.07,1.11,98.0,946.64,
2013,6,12,9,25.83,48.67,594.0,670.67,170.0,333.35,1.01,85.0,946.51,
2013,6,12,10,27.68,44.36,778.0,775.19,172.0,344.12,1.25,74.0,945.95,
2013,6,12,11,29.53,40.05,902.0,785.62,200.0,354.88,1.49,64.0,945.39,
2013,6,12,12,31.38,35.74,997.0,853.08,178.0,365.65,1.72,53.0,944.84,
2013,6,12,13,31.78,35.91,1012.0,842.67,189.0,372.78,1.99,42.0,944.43,
2013,6,12,14,32.17,36.08,975.0,847.95,176.0,379.92,2.26,30.0,944.03,
2013,6,12,15,32.56,36.25,875.0,819.34,171.0,387.05,2.52,19.0,943.63,
2013,6,12,16,31.12,40.08,717.0,740.6,174.0,385.75,2.47,19.0,943.6,
2013,6,12,17,29.68,43.9,530.0,653.0,156.0,384.45,2.41,20.0,943.56,
2013,6,12,18,28.24,47.73,323.0,509.23,125.0,383.15,2.36,20.0,943.53,
2013,6,12,19,26.57,50.83,128.0,293.88,71.0,375.93,2.36,31.0,944.03,
2013,6,12,20,24.9,53.94,0.0,0.0,0.0,368.72,2.36,42.0,944.53,
2013,6,12,21,23.23,57.04,0.0,0.0,0.0,361.5,2.36,52.0,945.02,
2013,6,12,22,22.37,59.75,0.0,0.0,0.0,355.82,1.91,70.0,944.9,
2013,6,12,23,21.51,62.45,0.0,0.0,0.0,350.13,1.46,87.0,944.77,
2013,6,13,0,20.65,65.16,0.0,0.0,0.0,344.45,1.01,105.0,944.65,
2013,6,13,1,19.92,68.5,0.0,0.0,0.0,341.37,1.36,114.0,944.4,
2013,6,13,2,19.18,71.83,0.0,0.0,0.0,338.28,1.71,124.0,944.15,
2013,6,13,3,18.45,75.17,0.0,0.0,0.0,335.2,2.07,133.0,943.91,
2013,6,13,4,18.53,75.64,0.0,0.0,0.0,332.85,1.49,136.0,944.0,
2013,6,13,5,18.6,76.11,0.0,0.0,0.0,330.5,0.91,139.0,944.09,
2013,6,13,6,18.68,76.58,27.0,88.68,21.0,328.15,0.33,141.0,944.19,
2013,6,13,7,21.65,67.47,195.0,388.67,93.0,333.62,0.67,129.0,944.37,
2013,6,13,8,24.62,58.35,398.0,573.74,137.0,339.08,1.0,117.0,944.56,
2013,6,13,9,27.59,49.24,597.0,683.57,165.0,344.55,1.34,105.0,944.74,
2013,6,13,10,29.17,44.81,589.0,282.77,368.0,356.88,1.43,75.0,944.37,
2013,6,13,11,30.75,40.38,901.0,785.69,199.0,369.22,1.51,46.0,944.0,
2013,6,13,12,32.33,35.95,1002.0,869.7,167.0,381.55,1.6,16.0,943.63,
2013,6,13,13,32.69,35.98,1023.0,875.23,168.0,384.47,1.81,359.0,943.47,
2013,6,13,14,33.05,36.02,981.0,863.49,167.0,387.38,2.02,343.0,943.32,
2013,6,13,15,33.41,36.05,880.0,833.88,163.0,390.3,2.23,326.0,943.16,
2013,6,13,16,32.1,39.85,721.0,754.8,167.0,387.65,2.14,337.0,943.25,
2013,6,13,17,30.79,43.66,534.0,665.87,152.0,385.0,2.05,348.0,943.35,
2013,6,13,18,29.48,47.46,325.0,510.39,126.0,382.35,1.96,360.0,943.44,
2013,6,13,19,27.55,51.53,57.0,5.12,56.0,376.05,2.23,23.0,943.78,
2013,6,13,20,25.62,55.59,0.0,0.0,0.0,369.75,2.51,46.0,944.12,
2013,6,13,21,23.68,59.66,0.0,0.0,0.0,363.45,2.79,70.0,944.46,
2013,6,13,22,22.78,62.86,0.0,0.0,0.0,356.82,2.34,91.0,944.28,
2013,6,13,23,21.89,66.07,0.0,0.0,0.0,350.18,1.89,113.0,944.09,
2013,6,14,0,20.99,69.27,0.0,0.0,0.0,343.55,1.45,135.0,943.91,
2013,6,14,1,20.2,73.85,0.0,0.0,0.0,340.77,1.21,144.0,943.66,
2013,6,14,2,19.4,78.44,0.0,0.0,0.0,337.98,0.98,153.0,943.41,
2013,6,14,3,18.61,83.02,0.0,0.0,0.0,335.2,0.74,161.0,943.16,
2013,6,14,4,18.89,82.1,0.0,0.0,0.0,333.87,0.66,162.0,943.32,
2013,6,14,5,19.16,81.19,0.0,0.0,0.0,332.53,0.58,162.0,943.47,
2013,6,14,6,19.44,80.27,28.0,103.72,21.0,331.2,0.5,163.0,943.63,
2013,6,14,7,22.68,70.16,198.0,411.94,90.0,337.7,0.49,175.0,943.81,
2013,6,14,8,25.93,60.06,400.0,585.11,134.0,344.2,0.49,188.0,944.0,
2013,6,14,9,29.17,49.95,600.0,696.54,160.0,350.7,0.48,200.0,944.19,
2013,6,14,10,30.48,45.79,593.0,290.52,366.0,360.98,0.84,213.0,943.97,
2013,6,14,11,31.79,41.62,896.0,770.12,208.0,371.27,1.19,225.0,943.75,
2013,6,14,12,33.09,37.46,992.0,837.38,188.0,381.55,1.54,238.0,943.53,
2013,6,14,13,33.64,37.44,1012.0,842.3,189.0,384.72,2.07,259.0,943.32,
2013,6,14,14,34.18,37.42,971.0,831.33,187.0,387.88,2.59,281.0,943.1,
2013,6,14,15,34.72,37.4,866.0,789.16,187.0,391.05,3.12,303.0,942.88,
2013,6,14,16,33.38,42.63,148.0,0.0,148.0,385.92,2.46,320.0,942.88,
2013,6,14,17,32.04,47.85,436.0,323.71,250.0,380.78,1.8,337.0,942.88,
2013,6,14,18,30.69,53.08,300.0,381.15,151.0,375.65,1.14,354.0,942.88,
2013,6,14,19,28.72,57.59,131.0,300.66,72.0,371.95,1.59,28.0,943.13,
2013,6,14,20,26.75,62.11,0.0,0.0,0.0,368.25,2.04,62.0,943.38,
2013,6,14,21,24.77,66.62,0.0,0.0,0.0,364.55,2.48,97.0,943.63,
2013,6,14,22,24.01,68.59,0.0,0.0,0.0,358.78,2.13,113.0,943.47,
2013,6,14,23,23.25,70.56,0.0,0.0,0.0,353.02,1.78,130.0,943.32,
2013,6,15,0,22.49,72.53,0.0,0.0,0.0,347.25,1.43,146.0,943.16,
2013,6,15,1,21.95,72.24,0.0,0.0,0.0,345.87,1.63,152.0,942.91,
2013,6,15,2,21.41,71.94,0.0,0.0,0.0,344.48,1.83,159.0,942.67,
2013,6,15,3,20.87,71.65,0.0,0.0,0.0,343.1,2.03,165.0,942.42,
2013,6,15,4,21.07,70.29,0.0,0.0,0.0,341.18,1.81,165.0,942.6,
2013,6,15,5,21.26,68.92,0.0,0.0,0.0,339.27,1.59,166.0,942.79,
2013,6,15,6,21.46,67.56,25.0,74.37,20.0,337.35,1.37,167.0,942.98,
2013,6,15,7,24.5,59.81,192.0,374.26,94.0,342.88,1.66,173.0,943.07,
2013,6,15,8,27.55,52.07,397.0,574.55,136.0,348.42,1.94,178.0,943.16,
2013,6,15,9,30.59,44.32,596.0,682.64,165.0,353.95,2.23,184.0,943.25,
2013,6,15,10,32.2,39.78,588.0,281.66,368.0,359.95,1.99,191.0,942.88,
2013,6,15,11,33.81,35.24,896.0,770.24,208.0,365.95,1.74,197.0,942.51,
2013,6,15,12,35.41,30.7,991.0,837.38,187.0,371.95,1.49,204.0,942.14,
2013,6,15,13,35.62,30.94,1007.0,826.8,199.0,376.47,1.31,216.0,941.74,
2013,6,15,14,35.82,31.18,955.0,785.44,214.0,380.98,1.12,229.0,941.33,
2013,6,15,15,36.02,31.42,708.0,383.3,378.0,385.5,0.94,241.0,940.93,
2013,6,15,16,34.84,37.28,623.0,447.35,294.0,382.48,1.14,257.0,940.74,
2013,6,15,17,33.66,43.14,389.0,208.53,269.0,379.47,1.34,273.0,940.56,
2013,6,15,18,32.48,49.0,30.0,0.0,30.0,376.45,1.54,289.0,940.37,
2013,6,15,19,30.57,50.75,15.0,0.0,15.0,372.43,1.84,230.0,940.46,
2013,6,15,20,28.65,52.5,0.0,0.0,0.0,368.42,2.14,171.0,940.56,
2013,6,15,21,26.73,54.25,0.0,0.0,0.0,364.4,2.44,112.0,940.65,
2013,6,15,22,26.15,54.38,0.0,0.0,0.0,359.77,2.48,123.0,940.34,
2013,6,15,23,25.56,54.5,0.0,0.0,0.0,355.13,2.52,134.0,940.03,
2013,6,16,0,24.98,54.63,0.0,0.0,0.0,350.5,2.57,145.0,939.72,
2013,6,16,1,24.38,54.48,0.0,0.0,0.0,347.65,2.66,149.0,939.47,
2013,6,16,2,23.78,54.33,0.0,0.0,0.0,344.8,2.75,153.0,939.22,
2013,6,16,3,23.18,54.18,0.0,0.0,0.0,341.95,2.84,156.0,938.98,
2013,6,16,4,23.23,55.65,0.0,0.0,0.0,338.9,2.13,158.0,939.29,
2013,6,16,5,23.28,57.11,0.0,0.0,0.0,335.85,1.42,160.0,939.6,
2013,6,16,6,23.33,58.58,32.0,149.46,22.0,332.8,0.7,162.0,939.91,
2013,6,16,7,25.73,52.26,193.0,382.47,93.0,335.22,0.99,166.0,939.84,
2013,6,16,8,28.12,45.94,417.0,678.62,109.0,337.63,1.27,171.0,939.78,
2013,6,16,9,30.52,39.62,596.0,683.05,165.0,340.05,1.56,175.0,939.72,
2013,6,16,10,31.78,36.13,592.0,290.73,365.0,346.13,2.17,184.0,939.25,
2013,6,16,11,33.03,32.63,754.0,418.79,380.0,352.22,2.79,193.0,938.79,
2013,6,16,12,34.28,29.14,997.0,853.03,178.0,358.3,3.41,201.0,938.32,
2013,6,16,13,33.4,30.83,1012.0,842.03,189.0,364.05,3.87,227.0,938.36,
2013,6,16,14,32.52,32.53,977.0,847.68,177.0,369.8,4.34,253.0,938.39,
2013,6,16,15,31.63,34.22,872.0,804.45,179.0,375.55,4.8,279.0,938.42,
2013,6,16,16,29.39,38.15,712.0,713.2,187.0,374.7,4.39,295.0,938.79,
2013,6,16,17,27.15,42.07,533.0,654.2,156.0,373.85,3.97,312.0,939.16,
2013,6,16,18,24.9,46.0,328.0,511.67,127.0,373.0,3.56,328.0,939.53,
2013,6,16,19,23.37,51.07,146.0,418.6,63.0,370.28,2.95,327.0,940.15,
2013,6,16,20,21.84,56.15,0.0,0.0,0.0,367.57,2.34,326.0,940.77,
2013,6,16,21,20.3,61.22,0.0,0.0,0.0,364.85,1.74,324.0,941.39,
2013,6,16,22,20.0,64.6,0.0,0.0,0.0,357.33,2.16,317.0,941.27,
2013,6,16,23,19.69,67.98,0.0,0.0,0.0,349.82,2.58,311.0,941.15,
2013,6,17,0,19.39,71.36,0.0,0.0,0.0,342.3,3.01,304.0,941.02,
2013,6,17,1,18.54,74.77,0.0,0.0,0.0,330.3,2.78,299.0,941.24,
2013,6,17,2,17.68,78.17,0.0,0.0,0.0,318.3,2.55,295.0,941.46,
2013,6,17,3,16.83,81.58,0.0,0.0,0.0,306.3,2.32,290.0,941.67,
2013,6,17,4,16.82,81.48,0.0,0.0,0.0,303.58,2.76,290.0,941.86,
2013,6,17,5,16.8,81.38,0.0,0.0,0.0,300.87,3.21,290.0,942.05,
2013,6,17,6,16.79,81.28,27.0,90.22,21.0,298.15,3.66,289.0,942.23,
2013,6,17,7,17.74,73.93,195.0,398.46,91.0,302.27,3.88,292.0,942.39,
2013,6,17,8,18.68,66.57,396.0,573.45,136.0,306.38,4.1,294.0,942.54,
2013,6,17,9,19.63,59.22,602.0,708.88,155.0,310.5,4.32,296.0,942.7,
2013,6,17,10,20.53,54.48,596.0,298.54,363.0,316.65,4.36,297.0,942.51,
2013,6,17,11,21.42,49.75,895.0,769.46,208.0,322.8,4.41,297.0,942.32,
2013,6,17,12,22.31,45.01,991.0,837.45,187.0,328.95,4.46,298.0,942.14,
2013,6,17,13,22.45,44.25,1012.0,841.92,189.0,329.75,4.66,298.0,942.17,
2013,6,17,14,22.58,43.5,972.0,831.51,187.0,330.55,4.87,299.0,942.2,
2013,6,17,15,22.71,42.74,873.0,804.0,180.0,331.35,5.08,299.0,942.23,
2013,6,17,16,21.48,45.98,724.0,756.01,167.0,326.08,5.02,299.0,942.57,
2013,6,17,17,20.25,49.21,540.0,681.04,147.0,320.82,4.96,299.0,942.91,
2013,6,17,18,19.01,52.45,338.0,563.87,116.0,315.55,4.9,299.0,943.25,
2013,6,17,19,17.77,57.65,143.0,386.52,66.0,310.72,4.12,297.0,943.97,
2013,6,17,20,16.53,62.84,0.0,0.0,0.0,305.88,3.35,294.0,944.68,
2013,6,17,21,15.28,68.04,0.0,0.0,0.0,301.05,2.58,291.0,945.39,
2013,6,17,22,15.15,71.37,0.0,0.0,0.0,296.18,2.63,286.0,945.39,
2013,6,17,23,15.01,74.7,0.0,0.0,0.0,291.32,2.68,280.0,945.39,
2013,6,18,0,14.88,78.03,0.0,0.0,0.0,286.45,2.73,274.0,945.39,
2013,6,18,1,14.4,81.29,0.0,0.0,0.0,283.73,2.53,266.0,945.21,
2013,6,18,2,13.92,84.54,0.0,0.0,0.0,281.02,2.33,257.0,945.02,
2013,6,18,3,13.44,87.8,0.0,0.0,0.0,278.3,2.12,249.0,944.84,
2013,6,18,4,13.71,87.98,0.0,0.0,0.0,277.58,2.21,240.0,945.02,
2013,6,18,5,13.97,88.16,0.0,0.0,0.0,276.87,2.29,232.0,945.21,
2013,6,18,6,14.24,88.34,31.0,151.45,21.0,276.15,2.37,224.0,945.39,
2013,6,18,7,15.68,79.64,205.0,479.87,80.0,281.77,2.52,246.0,945.58,
2013,6,18,8,17.11,70.93,407.0,629.3,122.0,287.38,2.67,268.0,945.77,
2013,6,18,9,18.55,62.23,604.0,722.1,149.0,293.0,2.81,290.0,945.95,
2013,6,18,10,19.72,57.34,596.0,298.68,363.0,299.42,2.92,295.0,945.7,
2013,6,18,11,20.88,52.45,900.0,784.23,200.0,305.83,3.03,300.0,945.46,
2013,6,18,12,22.04,47.56,985.0,820.86,197.0,312.25,3.14,305.0,945.21,
2013,6,18,13,22.51,47.33,990.0,780.47,227.0,315.33,3.3,307.0,945.08,
2013,6,18,14,22.97,47.09,972.0,831.27,187.0,318.42,3.45,309.0,944.96,
2013,6,18,15,23.43,46.86,883.0,834.88,163.0,321.5,3.6,311.0,944.84,
2013,6,18,16,22.57,50.18,729.0,770.3,161.0,320.42,3.36,316.0,944.93,
2013,6,18,17,21.71,53.51,547.0,706.13,139.0,319.33,3.12,322.0,945.02,
2013,6,18,18,20.84,56.83,346.0,608.31,106.0,318.25,2.88,327.0,945.12,
2013,6,18,19,19.29,64.39,145.0,399.84,65.0,313.73,2.53,332.0,945.49,
2013,6,18,20,17.74,71.96,0.0,0.0,0.0,309.22,2.18,336.0,945.86,
2013,6,18,21,16.18,79.52,0.0,0.0,0.0,304.7,1.83,341.0,946.23,
2013,6,18,22,15.57,83.57,0.0,0.0,0.0,300.57,1.67,328.0,946.2,
2013,6,18,23,14.96,87.63,0.0,0.0,0.0,296.43,1.51,315.0,946.17,
2013,6,19,0,14.35,91.68,0.0,0.0,0.0,292.3,1.35,302.0,946.14,
2013,6,19,1,13.46,91.94,0.0,0.0,0.0,287.55,1.16,245.0,946.05,
2013,6,19,2,12.58,92.2,0.0,0.0,0.0,282.8,0.97,188.0,945.95,
2013,6,19,3,11.69,92.46,0.0,0.0,0.0,278.05,0.77,132.0,945.86,
2013,6,19,4,11.79,92.01,0.0,0.0,0.0,275.72,0.8,135.0,945.95,
2013,6,19,5,11.89,91.56,0.0,0.0,0.0,273.38,0.82,137.0,946.05,
2013,6,19,6,11.99,91.11,30.0,137.45,21.0,271.05,0.84,140.0,946.14,
2013,6,19,7,14.93,75.96,205.0,477.1,81.0,276.65,0.92,108.0,946.23,
2013,6,19,8,17.87,60.8,406.0,630.1,121.0,282.25,1.01,77.0,946.32,
2013,6,19,9,20.81,45.65,604.0,721.1,150.0,287.85,1.09,45.0,946.42,
2013,6,19,10,22.34,41.91,591.0,289.86,365.0,296.4,1.23,31.0,946.05,
2013,6,19,11,23.87,38.18,899.0,784.47,199.0,304.95,1.37,17.0,945.67,
2013,6,19,12,25.39,34.44,991.0,836.57,188.0,313.5,1.52,3.0,945.3,
2013,6,19,13,25.86,35.21,1001.0,811.09,208.0,317.6,1.88,2.0,945.15,
2013,6,19,14,26.32,35.99,972.0,832.11,186.0,321.7,2.24,0.0,944.99,
2013,6,19,15,26.78,36.76,878.0,819.41,171.0,325.8,2.61,359.0,944.84,
2013,6,19,16,25.77,40.61,730.0,771.06,161.0,324.93,2.72,1.0,944.93,
2013,6,19,17,24.76,44.45,550.0,720.85,133.0,324.07,2.83,2.0,945.02,
2013,6,19,18,23.75,48.3,345.0,597.01,109.0,323.2,2.94,4.0,945.12,
2013,6,19,19,21.78,55.95,148.0,418.15,64.0,320.12,2.53,7.0,945.67,
2013,6,19,20,19.81,63.61,0.0,0.0,0.0,317.03,2.13,10.0,946.23,
2013,6,19,21,17.84,71.26,0.0,0.0,0.0,313.95,1.72,14.0,946.79,
2013,6,19,22,17.07,75.64,0.0,0.0,0.0,310.8,1.5,37.0,946.67,
2013,6,19,23,16.31,80.02,0.0,0.0,0.0,307.65,1.27,59.0,946.54,
2013,6,20,0,15.54,84.4,0.0,0.0,0.0,304.5,1.05,82.0,946.42,
2013,6,20,1,15.69,82.73,0.0,0.0,0.0,303.97,1.27,93.0,946.08,
2013,6,20,2,15.85,81.07,0.0,0.0,0.0,303.43,1.5,104.0,945.74,
2013,6,20,3,16.0,79.4,0.0,0.0,0.0,302.9,1.72,115.0,945.39,
2013,6,20,4,15.76,81.73,0.0,0.0,0.0,302.62,1.54,123.0,945.49,
2013,6,20,5,15.52,84.07,0.0,0.0,0.0,302.33,1.37,131.0,945.58,
2013,6,20,6,15.28,86.4,3.0,0.0,3.0,302.05,1.19,138.0,945.67,
2013,6,20,7,17.73,76.45,204.0,478.29,80.0,308.83,1.28,97.0,945.7,
2013,6,20,8,20.18,66.51,390.0,551.26,141.0,315.62,1.37,55.0,945.74,
2013,6,20,9,22.63,56.56,437.0,222.56,297.0,322.4,1.46,14.0,945.77,
2013,6,20,10,24.05,51.85,569.0,251.53,373.0,333.97,1.77,9.0,945.39,
2013,6,20,11,25.47,47.14,874.0,710.74,240.0,345.53,2.08,5.0,945.02,
2013,6,20,12,26.88,42.43,979.0,805.43,206.0,357.1,2.39,0.0,944.65,
2013,6,20,13,27.0,42.65,1001.0,811.06,208.0,364.0,2.76,358.0,944.62,
2013,6,20,14,27.12,42.87,967.0,816.03,196.0,370.9,3.13,356.0,944.59,
2013,6,20,15,27.23,43.09,864.0,773.86,196.0,377.8,3.5,354.0,944.56,
2013,6,20,16,25.8,47.03,722.0,742.06,174.0,375.08,3.34,355.0,944.77,
2013,6,20,17,24.37,50.98,536.0,656.15,156.0,372.37,3.17,356.0,944.99,
2013,6,20,18,22.94,54.92,340.0,565.63,116.0,369.65,3.01,357.0,945.21,
2013,6,20,19,21.39,61.63,134.0,297.59,74.0,364.17,2.46,357.0,945.86,
2013,6,20,20,19.84,68.33,0.0,0.0,0.0,358.68,1.91,356.0,946.51,
2013,6,20,21,18.29,75.04,0.0,0.0,0.0,353.2,1.37,355.0,947.16,
2013,6,20,22,17.92,78.02,0.0,0.0,0.0,349.1,1.48,350.0,947.13,
2013,6,20,23,17.54,80.99,0.0,0.0,0.0,345.0,1.6,345.0,947.1,
2013,6,21,0,17.17,83.97,0.0,0.0,0.0,340.9,1.71,339.0,947.07,
2013,6,21,1,16.68,86.63,0.0,0.0,0.0,336.88,1.54,343.0,947.1,
2013,6,21,2,16.2,89.28,0.0,0.0,0.0,332.87,1.36,348.0,947.13,
2013,6,21,3,15.71,91.94,0.0,0.0,0.0,328.85,1.19,352.0,947.16,
2013,6,21,4,15.88,92.63,0.0,0.0,0.0,328.65,1.48,356.0,947.44,
2013,6,21,5,16.05,93.31,0.0,0.0,0.0,328.45,1.77,1.0,947.72,
2013,6,21,6,16.22,94.0,3.0,0.0,3.0,328.25,2.07,5.0,948.0,
2013,6,21,7,17.68,85.17,208.0,518.28,74.0,331.87,2.05,8.0,948.12,
2013,6,21,8,19.14,76.34,389.0,549.87,141.0,335.48,2.03,11.0,948.25,
2013,6,21,9,20.6,67.51,599.0,706.5,155.0,339.1,2.01,13.0,948.37,
2013,6,21,10,21.96,62.0,590.0,290.21,364.0,342.43,2.62,12.0,948.09,
2013,6,21,11,23.31,56.48,898.0,783.9,199.0,345.77,3.23,11.0,947.81,
2013,6,21,12,24.66,50.97,990.0,836.83,187.0,349.1,3.83,11.0,947.53,
2013,6,21,13,25.31,48.88,1006.0,826.38,198.0,347.48,4.14,12.0,947.41,
2013,6,21,14,25.96,46.8,972.0,831.73,186.0,345.87,4.45,13.0,947.29,
2013,6,21,15,26.6,44.71,874.0,804.8,179.0,344.25,4.76,15.0,947.16,
2013,6,21,16,25.51,48.53,723.0,742.92,174.0,340.97,4.43,16.0,947.35,
2013,6,21,17,24.42,52.35,540.0,669.28,152.0,337.68,4.1,18.0,947.53,
2013,6,21,18,23.33,56.17,343.0,577.29,114.0,334.4,3.77,19.0,947.72,
2013,6,21,19,21.75,62.16,146.0,390.52,67.0,328.97,3.16,20.0,948.37,
2013,6,21,20,20.17,68.16,0.0,0.0,0.0,323.53,2.56,20.0,949.02,
2013,6,21,21,18.59,74.15,0.0,0.0,0.0,318.1,1.96,21.0,949.67,
2013,6,21,22,17.81,78.58,0.0,0.0,0.0,312.87,1.93,27.0,949.55,
2013,6,21,23,17.04,83.02,0.0,0.0,0.0,307.63,1.89,32.0,949.43,
2013,6,22,0,16.26,87.45,0.0,0.0,0.0,302.4,1.86,38.0,949.3,
2013,6,22,1,15.59,87.96,0.0,0.0,0.0,299.87,1.8,47.0,949.02,
2013,6,22,2,14.92,88.48,0.0,0.0,0.0,297.33,1.73,56.0,948.74,
2013,6,22,3,14.25,88.99,0.0,0.0,0.0,294.8,1.67,65.0,948.46,
2013,6,22,4,14.6,88.21,0.0,0.0,0.0,294.05,1.58,65.0,948.43,
2013,6,22,5,14.94,87.43,0.0,0.0,0.0,293.3,1.49,65.0,948.4,
2013,6,22,6,15.29,86.65,28.0,126.18,20.0,292.55,1.39,65.0,948.37,
2013,6,22,7,17.5,76.26,201.0,457.75,83.0,297.17,1.94,60.0,948.4,
2013,6,22,8,19.7,65.87,402.0,617.38,124.0,301.78,2.49,55.0,948.43,
2013,6,22,9,21.91,55.48,598.0,707.22,154.0,306.4,3.03,50.0,948.46,
2013,6,22,10,23.46,50.24,585.0,281.4,366.0,315.15,3.15,46.0,948.03,
2013,6,22,11,25.01,45.0,893.0,768.51,208.0,323.9,3.27,42.0,947.6,
2013,6,22,12,26.55,39.76,979.0,804.68,207.0,332.65,3.39,38.0,947.16,
2013,6,22,13,27.05,39.06,995.0,794.68,218.0,337.03,3.39,33.0,946.76,
2013,6,22,14,27.55,38.36,967.0,815.72,196.0,341.42,3.38,28.0,946.36,
2013,6,22,15,28.04,37.66,875.0,804.49,180.0,345.8,3.38,22.0,945.95,
2013,6,22,16,26.86,42.31,727.0,757.33,167.0,345.38,3.32,21.0,945.98,
2013,6,22,17,25.67,46.96,547.0,694.49,144.0,344.97,3.27,19.0,946.01,
2013,6,22,18,24.48,51.61,349.0,611.66,106.0,344.55,3.21,17.0,946.05,
2013,6,22,19,22.73,58.19,151.0,428.78,64.0,341.23,2.46,18.0,946.64,
2013,6,22,20,20.97,64.76,0.0,0.0,0.0,337.92,1.71,19.0,947.22,
2013,6,22,21,19.21,71.34,0.0,0.0,0.0,334.6,0.97,20.0,947.81,
2013,6,22,22,18.55,75.66,0.0,0.0,0.0,331.87,1.01,33.0,947.81,
2013,6,22,23,17.89,79.98,0.0,0.0,0.0,329.13,1.05,46.0,947.81,
2013,6,23,0,17.23,84.3,0.0,0.0,0.0,326.4,1.09,59.0,947.81,
2013,6,23,1,16.61,87.89,0.0,0.0,0.0,325.13,1.39,64.0,947.53,
2013,6,23,2,15.99,91.49,0.0,0.0,0.0,323.87,1.69,70.0,947.26,
2013,6,23,3,15.37,95.08,0.0,0.0,0.0,322.6,1.99,76.0,946.98,
2013,6,23,4,15.9,94.46,0.0,0.0,0.0,322.63,1.88,79.0,947.26,
2013,6,23,5,16.43,93.85,0.0,0.0,0.0,322.67,1.77,82.0,947.53,
2013,6,23,6,16.96,93.23,26.0,95.89,20.0,322.7,1.67,85.0,947.81,
2013,6,23,7,19.19,83.79,198.0,439.77,85.0,328.25,1.66,79.0,947.88,
2013,6,23,8,21.43,74.36,399.0,605.1,127.0,333.8,1.64,73.0,947.94,
2013,6,23,9,23.66,64.92,597.0,706.39,154.0,339.35,1.63,67.0,948.0,
2013,6,23,10,25.28,59.44,772.0,772.8,171.0,348.35,2.0,59.0,947.63,
2013,6,23,11,26.9,53.96,892.0,768.84,207.0,357.35,2.36,50.0,947.26,
2013,6,23,12,28.51,48.48,989.0,836.14,187.0,366.35,2.73,41.0,946.88,
2013,6,23,13,29.01,47.61,1006.0,826.41,198.0,372.05,3.0,34.0,946.39,
2013,6,23,14,29.5,46.75,972.0,831.46,186.0,377.75,3.27,27.0,945.89,
2013,6,23,15,29.99,45.88,875.0,804.22,180.0,383.45,3.54,20.0,945.39,
2013,6,23,16,28.61,49.62,724.0,742.04,175.0,382.87,3.53,20.0,945.52,
2013,6,23,17,27.23,53.36,544.0,681.84,148.0,382.28,3.52,20.0,945.64,
2013,6,23,18,25.84,57.1,341.0,555.52,120.0,381.7,3.5,20.0,945.77,
2013,6,23,19,24.16,62.06,140.0,329.34,73.0,377.5,3.06,25.0,946.42,
2013,6,23,20,22.47,67.02,0.0,0.0,0.0,373.3,2.61,29.0,947.07,
2013,6,23,21,20.78,71.98,0.0,0.0,0.0,369.1,2.17,34.0,947.72,
2013,6,23,22,20.38,74.77,0.0,0.0,0.0,361.82,2.0,41.0,947.78,
2013,6,23,23,19.97,77.56,0.0,0.0,0.0,354.53,1.83,49.0,947.84,
2013,6,24,0,19.57,80.35,0.0,0.0,0.0,347.25,1.66,57.0,947.91,
2013,6,24,1,18.95,82.52,0.0,0.0,0.0,343.82,1.63,57.0,947.57,
2013,6,24,2,18.33,84.7,0.0,0.0,0.0,340.38,1.61,57.0,947.22,
2013,6,24,3,17.71,86.87,0.0,0.0,0.0,336.95,1.59,57.0,946.88,
2013,6,24,4,17.79,87.92,0.0,0.0,0.0,334.87,1.17,60.0,947.1,
2013,6,24,5,17.86,88.96,0.0,0.0,0.0,332.78,0.75,64.0,947.32,
2013,6,24,6,17.94,90.01,23.0,64.86,19.0,330.7,0.33,67.0,947.53,
2013,6,24,7,19.93,81.01,187.0,370.99,92.0,336.33,0.76,61.0,947.6,
2013,6,24,8,21.91,72.0,387.0,548.26,141.0,341.97,1.19,55.0,947.66,
2013,6,24,9,23.9,63.0,587.0,667.29,169.0,347.6,1.61,49.0,947.72,
2013,6,24,10,25.48,57.79,584.0,281.81,365.0,357.03,1.89,40.0,947.38,
2013,6,24,11,27.06,52.58,892.0,768.08,208.0,366.47,2.16,30.0,947.04,
2013,6,24,12,28.63,47.37,984.0,820.7,197.0,375.9,2.43,21.0,946.7,
2013,6,24,13,28.84,46.1,1006.0,826.46,198.0,381.3,2.63,15.0,946.51,
2013,6,24,14,29.05,44.83,967.0,816.55,195.0,386.7,2.84,9.0,946.32,
2013,6,24,15,29.26,43.56,870.0,788.94,188.0,392.1,3.05,3.0,946.14,
2013,6,24,16,27.85,46.92,716.0,714.64,187.0,390.1,3.09,7.0,946.26,
2013,6,24,17,26.44,50.27,530.0,619.37,170.0,388.1,3.14,11.0,946.39,
2013,6,24,18,25.03,53.63,335.0,524.72,126.0,386.1,3.19,15.0,946.51,
2013,6,24,19,23.35,58.98,141.0,328.58,74.0,379.55,2.45,17.0,947.07,
2013,6,24,20,21.67,64.34,0.0,0.0,0.0,373.0,1.71,20.0,947.63,
2013,6,24,21,19.99,69.69,0.0,0.0,0.0,366.45,0.98,22.0,948.19,
2013,6,24,22,19.41,74.01,0.0,0.0,0.0,358.67,0.99,22.0,948.4,
2013,6,24,23,18.84,78.32,0.0,0.0,0.0,350.88,1.01,21.0,948.62,
2013,6,25,0,18.26,82.64,0.0,0.0,0.0,343.1,1.02,21.0,948.84,
2013,6,25,1,17.46,85.4,0.0,0.0,0.0,339.05,1.09,18.0,948.62,
2013,6,25,2,16.65,88.17,0.0,0.0,0.0,335.0,1.16,15.0,948.4,
2013,6,25,3,15.85,90.93,0.0,0.0,0.0,330.95,1.23,13.0,948.19,
2013,6,25,4,16.07,91.9,0.0,0.0,0.0,328.72,1.19,22.0,948.37,
2013,6,25,5,16.28,92.87,0.0,0.0,0.0,326.48,1.15,32.0,948.56,
2013,6,25,6,16.5,93.84,22.0,65.89,18.0,324.25,1.12,41.0,948.74,
2013,6,25,7,18.42,84.81,183.0,344.92,95.0,329.78,1.09,40.0,948.81,
2013,6,25,8,20.35,75.78,386.0,547.09,141.0,335.32,1.07,39.0,948.87,
2013,6,25,9,22.27,66.75,586.0,666.5,169.0,340.85,1.05,38.0,948.93,
2013,6,25,10,23.99,60.89,583.0,280.75,365.0,350.38,1.5,32.0,948.46,
2013,6,25,11,25.7,55.04,891.0,768.46,207.0,359.92,1.96,26.0,948.0,
2013,6,25,12,27.41,49.18,978.0,804.24,207.0,369.45,2.41,21.0,947.53,
2013,6,25,13,27.78,47.54,1000.0,810.16,208.0,372.78,2.67,18.0,947.26,
2013,6,25,14,28.15,45.89,967.0,816.48,195.0,376.12,2.93,16.0,946.98,
2013,6,25,15,28.52,44.25,871.0,789.89,188.0,379.45,3.19,13.0,946.7,
2013,6,25,16,27.42,46.1,721.0,729.17,181.0,375.12,3.15,15.0,946.67,
2013,6,25,17,26.32,47.94,545.0,682.55,148.0,370.78,3.12,18.0,946.64,
2013,6,25,18,25.22,49.79,344.0,569.3,117.0,366.45,3.09,20.0,946.6,
2013,6,25,19,23.5,53.83,146.0,371.99,70.0,359.48,2.65,24.0,947.13,
2013,6,25,20,21.78,57.88,0.0,0.0,0.0,352.52,2.21,27.0,947.66,
2013,6,25,21,20.06,61.92,0.0,0.0,0.0,345.55,1.77,31.0,948.19,
2013,6,25,22,19.46,65.05,0.0,0.0,0.0,339.25,1.83,39.0,948.31,
2013,6,25,23,18.87,68.19,0.0,0.0,0.0,332.95,1.89,46.0,948.43,
2013,6,26,0,18.27,71.32,0.0,0.0,0.0,326.65,1.96,54.0,948.56,
2013,6,26,1,17.25,75.22,0.0,0.0,0.0,322.82,1.48,59.0,948.28,
2013,6,26,2,16.24,79.12,0.0,0.0,0.0,318.98,1.0,63.0,948.0,
2013,6,26,3,15.22,83.02,0.0,0.0,0.0,315.15,0.52,68.0,947.72,
2013,6,26,4,15.42,84.09,0.0,0.0,0.0,313.93,0.49,72.0,947.75,
2013,6,26,5,15.62,85.15,0.0,0.0,0.0,312.72,0.45,76.0,947.78,
2013,6,26,6,15.82,86.22,22.0,67.03,18.0,311.5,0.41,80.0,947.81,
2013,6,26,7,17.97,76.91,192.0,413.17,87.0,319.85,0.71,67.0,947.88,
2013,6,26,8,20.13,67.61,391.0,579.54,132.0,328.2,1.01,55.0,947.94,
2013,6,26,9,22.28,58.3,588.0,678.55,164.0,336.55,1.31,42.0,948.0,
2013,6,26,10,23.82,53.7,583.0,280.98,365.0,347.05,1.67,32.0,947.69,
2013,6,26,11,25.36,49.11,885.0,753.13,215.0,357.55,2.03,21.0,947.38,
2013,6,26,12,26.89,44.51,977.0,804.48,206.0,368.05,2.39,10.0,947.07,
2013,6,26,13,27.45,42.89,1000.0,810.25,208.0,370.5,2.69,10.0,946.57,
2013,6,26,14,28.01,41.28,967.0,816.43,195.0,372.95,2.99,9.0,946.08,
2013,6,26,15,28.56,39.66,866.0,774.68,196.0,375.4,3.3,9.0,945.58,
2013,6,26,16,27.23,42.63,717.0,715.38,187.0,371.7,3.26,12.0,945.61,
2013,6,26,17,25.9,45.59,534.0,632.31,166.0,368.0,3.22,16.0,945.64,
2013,6,26,18,24.56,48.56,334.0,516.16,128.0,364.3,3.19,20.0,945.67,
2013,6,26,19,22.93,53.03,137.0,293.21,77.0,361.4,2.75,24.0,946.23,
2013,6,26,20,21.3,57.5,0.0,0.0,0.0,358.5,2.31,28.0,946.79,
2013,6,26,21,19.67,61.97,0.0,0.0,0.0,355.6,1.88,33.0,947.35,
2013,6,26,22,19.19,65.64,0.0,0.0,0.0,353.83,1.8,36.0,947.5,
2013,6,26,23,18.71,69.31,0.0,0.0,0.0,352.07,1.72,38.0,947.66,
2013,6,27,0,18.23,72.98,0.0,0.0,0.0,350.3,1.64,41.0,947.81,
2013,6,27,1,17.46,77.34,0.0,0.0,0.0,348.75,1.44,43.0,947.63,
2013,6,27,2,16.68,81.69,0.0,0.0,0.0,347.2,1.24,44.0,947.44,
2013,6,27,3,15.91,86.05,0.0,0.0,0.0,345.65,1.03,45.0,947.26,
2013,6,27,4,16.01,87.28,0.0,0.0,0.0,343.7,1.06,52.0,947.53,
2013,6,27,5,16.11,88.5,0.0,0.0,0.0,341.75,1.09,59.0,947.81,
2013,6,27,6,16.21,89.73,21.0,68.29,17.0,339.8,1.12,66.0,948.09,
2013,6,27,7,18.09,81.02,185.0,375.37,90.0,344.4,1.18,62.0,948.22,
2013,6,27,8,19.97,72.31,242.0,91.94,201.0,349.0,1.25,58.0,948.34,
2013,6,27,9,21.85,63.6,584.0,665.03,169.0,353.6,1.31,53.0,948.46,
2013,6,27,10,23.44,56.93,574.0,265.74,368.0,364.62,1.83,46.0,948.25,
2013,6,27,11,25.03,50.27,880.0,738.93,223.0,375.63,2.34,39.0,948.03,
2013,6,27,12,26.62,43.6,971.0,789.08,215.0,386.65,2.86,31.0,947.81,
2013,6,27,13,26.89,42.43,989.0,779.67,227.0,383.85,2.87,26.0,947.84,
2013,6,27,14,27.16,41.27,962.0,800.55,205.0,381.05,2.88,21.0,947.88,
2013,6,27,15,27.43,40.1,871.0,789.57,188.0,378.25,2.9,15.0,947.91,
2013,6,27,16,26.52,41.83,721.0,728.64,181.0,373.73,2.95,20.0,948.0,
2013,6,27,17,25.61,43.56,543.0,671.48,152.0,369.22,3.0,25.0,948.09,
2013,6,27,18,24.69,45.29,344.0,568.35,117.0,364.7,3.05,29.0,948.19,
2013,6,27,19,23.09,49.22,149.0,395.33,68.0,356.47,2.73,32.0,948.9,
2013,6,27,20,21.49,53.16,0.0,0.0,0.0,348.23,2.4,35.0,949.61,
2013,6,27,21,19.89,57.09,0.0,0.0,0.0,340.0,2.08,38.0,950.33,
2013,6,27,22,19.29,60.12,0.0,0.0,0.0,334.1,1.93,45.0,950.48,
2013,6,27,23,18.68,63.15,0.0,0.0,0.0,328.2,1.78,51.0,950.64,
2013,6,28,0,18.08,66.18,0.0,0.0,0.0,322.3,1.63,58.0,950.79,
2013,6,28,1,16.7,72.47,0.0,0.0,0.0,315.87,1.45,70.0,950.54,
2013,6,28,2,15.32,78.77,0.0,0.0,0.0,309.43,1.27,83.0,950.29,
2013,6,28,3,13.94,85.06,0.0,0.0,0.0,303.0,1.09,95.0,950.05,
2013,6,28,4,14.33,83.87,0.0,0.0,0.0,301.13,1.02,101.0,950.23,
2013,6,28,5,14.71,82.67,0.0,0.0,0.0,299.27,0.95,108.0,950.42,
2013,6,28,6,15.1,81.48,20.0,52.25,17.0,297.4,0.88,115.0,950.6,
2013,6,28,7,18.0,71.17,187.0,396.86,87.0,303.5,0.92,110.0,950.67,
2013,6,28,8,20.91,60.85,387.0,568.61,134.0,309.6,0.97,106.0,950.73,
2013,6,28,9,23.81,50.54,586.0,677.19,164.0,315.7,1.01,101.0,950.79,
2013,6,28,10,25.61,45.81,581.0,281.48,363.0,326.52,1.7,94.0,950.36,
2013,6,28,11,27.41,41.07,879.0,738.24,223.0,337.33,2.4,87.0,949.92,
2013,6,28,12,29.21,36.34,971.0,789.36,215.0,348.15,3.09,80.0,949.49,
2013,6,28,13,29.85,34.54,988.0,779.8,226.0,353.32,3.09,71.0,948.81,
2013,6,28,14,30.48,32.74,962.0,800.55,205.0,358.48,3.1,62.0,948.12,
2013,6,28,15,31.11,30.94,861.0,759.41,204.0,363.65,3.1,52.0,947.44,
2013,6,28,16,30.17,33.05,717.0,714.94,187.0,361.97,2.69,48.0,947.29,
2013,6,28,17,29.23,35.15,537.0,645.45,161.0,360.28,2.28,43.0,947.13,
2013,6,28,18,28.28,37.26,335.0,517.97,128.0,358.6,1.86,39.0,946.98,
2013,6,28,19,26.47,40.3,141.0,326.71,74.0,353.5,2.24,44.0,947.44,
2013,6,28,20,24.66,43.33,0.0,0.0,0.0,348.4,2.62,50.0,947.91,
2013,6,28,21,22.84,46.37,0.0,0.0,0.0,343.3,2.99,55.0,948.37,
2013,6,28,22,22.3,47.91,0.0,0.0,0.0,341.87,2.65,67.0,948.28,
2013,6,28,23,21.75,49.45,0.0,0.0,0.0,340.43,2.31,78.0,948.19,
2013,6,29,0,21.21,50.99,0.0,0.0,0.0,339.0,1.97,90.0,948.09,
2013,6,29,1,20.5,53.06,0.0,0.0,0.0,343.97,2.12,102.0,947.47,
2013,6,29,2,19.79,55.13,0.0,0.0,0.0,348.93,2.27,114.0,946.85,
2013,6,29,3,19.08,57.2,0.0,0.0,0.0,353.9,2.41,126.0,946.23,
2013,6,29,4,19.3,57.88,0.0,0.0,0.0,354.7,2.11,133.0,946.14,
2013,6,29,5,19.52,58.57,0.0,0.0,0.0,355.5,1.82,141.0,946.05,
2013,6,29,6,19.74,59.25,16.0,17.8,15.0,356.3,1.52,149.0,945.95,
2013,6,29,7,22.65,53.12,155.0,207.32,103.0,358.37,1.36,157.0,945.83,
2013,6,29,8,25.57,46.98,344.0,380.72,175.0,360.43,1.2,164.0,945.7,
2013,6,29,9,28.48,40.85,549.0,543.18,211.0,362.5,1.03,172.0,945.58,
2013,6,29,10,30.1,37.59,551.0,228.76,374.0,370.72,1.45,205.0,945.12,
2013,6,29,11,31.72,34.32,758.0,438.04,369.0,378.93,1.87,237.0,944.65,
2013,6,29,12,33.34,31.06,954.0,743.7,242.0,387.15,2.29,269.0,944.19,
2013,6,29,13,33.55,31.39,955.0,691.92,279.0,392.77,2.56,277.0,943.94,
2013,6,29,14,33.76,31.73,913.0,669.45,280.0,398.38,2.83,285.0,943.69,
2013,6,29,15,33.97,32.06,837.0,688.83,241.0,404.0,3.1,292.0,943.44,
2013,6,29,16,32.88,35.4,102.0,0.0,102.0,398.38,2.78,299.0,943.29,
2013,6,29,17,31.78,38.74,55.0,0.0,55.0,392.77,2.46,305.0,943.13,
2013,6,29,18,30.68,42.08,48.0,0.0,48.0,387.15,2.14,312.0,942.98,
2013,6,29,19,28.77,46.06,51.0,0.0,51.0,381.3,1.87,4.0,943.29,
2013,6,29,20,26.85,50.03,0.0,0.0,0.0,375.45,1.6,56.0,943.6,
2013,6,29,21,24.93,54.01,0.0,0.0,0.0,369.6,1.34,109.0,943.91,
2013,6,29,22,24.23,57.62,0.0,0.0,0.0,365.77,1.47,127.0,943.84,
2013,6,29,23,23.54,61.23,0.0,0.0,0.0,361.93,1.6,146.0,943.78,
2013,6,30,0,22.84,64.84,0.0,0.0,0.0,358.1,1.72,165.0,943.72,
2013,6,30,1,21.81,69.93,0.0,0.0,0.0,357.37,1.68,183.0,943.56,
2013,6,30,2,20.78,75.02,0.0,0.0,0.0,356.63,1.64,201.0,943.41,
2013,6,30,3,19.75,80.11,0.0,0.0,0.0,355.9,1.6,219.0,943.25,
2013,6,30,4,19.84,80.65,0.0,0.0,0.0,353.42,1.46,217.0,943.47,
2013,6,30,5,19.93,81.2,0.0,0.0,0.0,350.93,1.31,216.0,943.69,
2013,6,30,6,20.02,81.74,2.0,0.0,2.0,348.45,1.17,214.0,943.91,
2013,6,30,7,22.12,73.95,126.0,100.15,101.0,355.67,1.14,231.0,944.06,
2013,6,30,8,24.21,66.15,386.0,591.68,124.0,362.88,1.1,248.0,944.22,
2013,6,30,9,26.3,58.36,507.2,544.16,169.1,370.1,1.06,265.0,944.37,
2013,6,30,10,27.67,53.56,711.35,662.3,199.4,377.42,1.39,269.0,944.12,
2013,6,30,11,29.04,48.75,859.8,740.19,202.9,384.73,1.71,274.0,943.88,
2013,6,30,12,30.41,43.95,933.3,764.69,201.5,392.05,2.04,278.0,943.63,
2013,6,30,13,30.81,44.19,996.3,818.46,196.85,395.6,1.86,274.0,943.19,
2013,6,30,14,31.21,44.43,961.05,808.1,197.0,399.15,1.67,269.0,942.76,
2013,6,30,15,31.61,44.67,871.15,793.91,184.2,402.7,1.49,264.0,942.32,
2013,6,30,16,30.49,47.44,695.8,694.99,180.4,403.7,1.92,233.0,942.36,
2013,6,30,17,26.33,59.36,515.0,613.43,157.45,394.66,2.13,203.0,942.39,
2013,6,30,18,25.92,60.4,311.8,470.59,123.6,390.6,2.01,172.0,942.42,
2013,6,30,19,25.52,61.44,131.95,279.95,74.5,386.53,1.9,163.0,942.76,
2013,6,30,20,25.11,62.48,1.8,0.0,1.8,382.46,1.78,154.0,943.1,
2013,6,30,21,24.71,63.52,0.0,0.0,0.0,378.39,1.66,145.0,943.44,
2013,6,30,22,24.3,64.56,0.0,0.0,0.0,374.33,1.55,148.0,943.5,
2013,6,30,23,23.9,65.6,0.0,0.0,0.0,370.26,1.43,150.0,943.56,
2010,7,1,0,23.49,66.64,0.0,0.0,0.0,366.19,1.31,152.0,943.63,
2010,7,1,1,23.09,67.68,0.0,0.0,0.0,362.13,1.2,112.0,944.9,
2010,7,1,2,22.68,68.72,0.0,0.0,0.0,358.06,1.08,127.0,944.68,
2010,7,1,3,22.28,69.76,0.0,0.0,0.0,353.99,0.96,141.0,944.46,
2010,7,1,4,21.87,70.8,0.0,0.0,0.0,349.92,0.85,143.0,944.46,
2010,7,1,5,21.46,71.84,0.0,0.0,0.0,345.86,0.73,146.0,944.46,
2010,7,1,6,21.06,72.88,21.0,91.05,16.0,341.79,0.61,148.0,944.46,
2010,7,1,7,20.65,73.92,187.0,416.64,83.0,337.72,0.5,118.0,944.43,
2010,7,1,8,20.25,74.95,394.0,636.85,112.0,333.66,0.38,87.0,944.4,
2010,7,1,9,28.53,46.55,590.0,721.05,142.0,359.85,1.57,57.0,944.37,
2010,7,1,10,29.99,42.21,773.0,813.73,144.0,369.52,1.83,41.0,943.97,
2010,7,1,11,31.45,37.88,912.0,863.12,146.0,379.18,2.08,25.0,943.56,
2010,7,1,12,32.91,33.54,992.0,873.58,156.0,388.85,2.33,9.0,943.16,
2010,7,1,13,33.05,34.14,1016.0,881.48,155.0,388.67,2.9,4.0,942.91,
2010,7,1,14,33.19,34.75,978.0,869.39,156.0,388.48,3.47,359.0,942.67,
2010,7,1,15,33.33,35.35,880.0,839.04,154.0,388.3,4.04,354.0,942.42,
2010,7,1,16,32.22,37.72,735.0,798.28,143.0,385.27,3.45,357.0,942.36,
2010,7,1,17,31.11,40.08,546.0,699.99,138.0,382.23,2.86,0.0,942.29,
2010,7,1,18,30.0,42.45,292.0,330.07,160.0,379.2,2.28,3.0,942.23,
2010,7,1,19,28.26,45.06,115.0,160.8,82.0,373.93,2.29,15.0,942.45,
2010,7,1,20,26.51,47.66,0.0,0.0,0.0,368.67,2.3,27.0,942.67,
2010,7,1,21,24.77,50.27,0.0,0.0,0.0,363.4,2.32,39.0,942.88,
2010,7,1,22,24.0,51.62,0.0,0.0,0.0,358.27,2.21,62.0,942.85,
2010,7,1,23,23.23,52.97,0.0,0.0,0.0,353.13,2.1,84.0,942.82,
2010,7,2,0,22.46,54.32,0.0,0.0,0.0,348.0,1.99,107.0,942.79,
2010,7,2,1,21.95,56.29,0.0,0.0,0.0,349.75,1.55,122.0,942.54,
2010,7,2,2,21.45,58.25,0.0,0.0,0.0,351.5,1.12,138.0,942.29,
2010,7,2,3,20.95,60.22,0.0,0.0,0.0,353.25,0.69,154.0,942.05,
2010,7,2,4,21.11,60.03,0.0,0.0,0.0,353.97,0.67,152.0,941.95,
2010,7,2,5,21.26,59.85,0.0,0.0,0.0,354.68,0.64,150.0,941.86,
2010,7,2,6,21.42,59.66,8.0,0.0,8.0,355.4,0.62,148.0,941.77,
2010,7,2,7,24.51,53.27,185.0,414.72,82.0,359.3,0.56,146.0,941.92,
2010,7,2,8,27.6,46.88,377.0,550.18,134.0,363.2,0.5,143.0,942.08,
2010,7,2,9,30.69,40.49,561.0,609.33,183.0,367.1,0.44,140.0,942.23,
2010,7,2,10,31.87,36.97,718.0,635.85,227.0,375.28,0.56,189.0,942.05,
2010,7,2,11,33.05,33.45,848.0,674.28,250.0,383.47,0.67,239.0,941.86,
2010,7,2,12,34.23,29.93,976.0,826.91,185.0,391.65,0.79,288.0,941.67,
2010,7,2,13,34.63,29.75,809.0,392.21,426.0,395.73,1.82,299.0,941.36,
2010,7,2,14,35.02,29.57,967.0,838.8,174.0,399.82,2.85,310.0,941.05,
2010,7,2,15,35.42,29.39,871.0,808.98,171.0,403.9,3.88,322.0,940.74,
2010,7,2,16,34.17,33.33,712.0,714.61,182.0,400.3,3.4,332.0,940.8,
2010,7,2,17,32.92,37.28,543.0,686.17,143.0,396.7,2.93,342.0,940.87,
2010,7,2,18,31.67,41.22,337.0,537.55,122.0,393.1,2.46,353.0,940.93,
2010,7,2,19,29.92,43.18,91.0,63.36,78.0,388.82,2.59,8.0,941.39,
2010,7,2,20,28.16,45.14,0.0,0.0,0.0,384.53,2.72,24.0,941.86,
2010,7,2,21,26.4,47.1,0.0,0.0,0.0,380.25,2.86,39.0,942.32,
2010,7,2,22,25.85,48.01,0.0,0.0,0.0,373.8,2.55,62.0,942.36,
2010,7,2,23,25.29,48.92,0.0,0.0,0.0,367.35,2.24,84.0,942.39,
2010,7,3,0,24.74,49.83,0.0,0.0,0.0,360.9,1.93,106.0,942.42,
2010,7,3,1,24.18,53.39,0.0,0.0,0.0,365.73,1.54,116.0,942.14,
2010,7,3,2,23.63,56.94,0.0,0.0,0.0,370.57,1.15,125.0,941.86,
2010,7,3,3,23.08,60.5,0.0,0.0,0.0,375.4,0.76,135.0,941.58,
2010,7,3,4,22.99,61.87,0.0,0.0,0.0,373.15,0.97,138.0,941.86,
2010,7,3,5,22.91,63.23,0.0,0.0,0.0,370.9,1.18,141.0,942.14,
2010,7,3,6,22.82,64.6,7.0,0.0,7.0,368.65,1.39,144.0,942.42,
2010,7,3,7,25.44,57.6,103.0,44.52,92.0,369.5,1.6,128.0,942.54,
2010,7,3,8,28.05,50.61,159.0,11.35,154.0,370.35,1.82,112.0,942.67,
2010,7,3,9,30.66,43.61,591.0,733.03,137.0,371.2,2.03,96.0,942.79,
2010,7,3,10,31.91,39.9,771.0,812.83,144.0,380.9,1.99,53.0,942.73,
2010,7,3,11,33.16,36.2,891.0,801.13,181.0,390.6,1.94,10.0,942.67,
2010,7,3,12,34.41,32.49,980.0,841.93,175.0,400.3,1.9,327.0,942.6,
2010,7,3,13,34.01,34.88,1000.0,833.79,186.0,402.92,3.2,338.0,942.73,
2010,7,3,14,33.62,37.27,905.0,664.37,277.0,405.53,4.51,348.0,942.85,
2010,7,3,15,33.22,39.66,325.0,5.78,320.0,408.15,5.81,358.0,942.98,
2010,7,3,16,31.92,42.47,685.0,624.26,222.0,403.87,4.84,9.0,943.16,
2010,7,3,17,30.63,45.29,107.0,0.0,107.0,399.58,3.88,20.0,943.35,
2010,7,3,18,29.33,48.1,112.0,0.0,112.0,395.3,2.91,30.0,943.53,
2010,7,3,19,28.13,50.05,109.0,131.67,82.0,389.2,2.03,42.0,943.91,
2010,7,3,20,26.93,51.99,0.0,0.0,0.0,383.1,1.14,54.0,944.28,
2010,7,3,21,25.73,53.94,0.0,0.0,0.0,377.0,0.26,66.0,944.65,
2010,7,3,22,25.13,56.89,0.0,0.0,0.0,372.92,1.01,77.0,944.71,
2010,7,3,23,24.54,59.83,0.0,0.0,0.0,368.83,1.75,87.0,944.77,
2010,7,4,0,23.94,62.78,0.0,0.0,0.0,364.75,2.5,98.0,944.84,
2010,7,4,1,23.53,65.7,0.0,0.0,0.0,360.37,2.49,104.0,944.53,
2010,7,4,2,23.12,68.61,0.0,0.0,0.0,355.98,2.49,110.0,944.22,
2010,7,4,3,22.72,71.53,0.0,0.0,0.0,351.6,2.48,116.0,943.91,
2010,7,4,4,22.75,72.08,0.0,0.0,0.0,350.37,2.3,119.0,944.15,
2010,7,4,5,22.77,72.64,0.0,0.0,0.0,349.13,2.12,122.0,944.4,
2010,7,4,6,22.8,73.19,14.0,19.72,13.0,347.9,1.94,124.0,944.65,
2010,7,4,7,25.48,63.68,131.0,122.1,101.0,352.12,2.04,122.0,944.68,
2010,7,4,8,28.16,54.18,244.0,109.26,196.0,356.33,2.14,119.0,944.71,
2010,7,4,9,30.83,44.67,464.0,312.14,271.0,360.55,2.23,116.0,944.74,
2010,7,4,10,32.66,40.14,774.0,826.7,137.0,367.5,2.09,115.0,944.37,
2010,7,4,11,34.48,35.6,885.0,785.91,189.0,374.45,1.94,113.0,944.0,
2010,7,4,12,36.3,31.07,943.0,737.7,238.0,381.4,1.79,112.0,943.63,
2010,7,4,13,37.14,29.52,130.0,0.0,130.0,388.2,2.16,122.0,942.73,
2010,7,4,14,37.97,27.98,773.0,377.74,416.0,395.0,2.52,133.0,941.83,
2010,7,4,15,38.81,26.43,607.0,212.67,423.0,401.8,2.88,144.0,940.93,
2010,7,4,16,37.53,29.31,653.0,529.9,260.0,398.42,2.34,122.0,940.87,
2010,7,4,17,36.24,32.18,394.0,212.72,270.0,395.03,1.81,100.0,940.8,
2010,7,4,18,34.96,35.06,258.0,205.08,176.0,391.65,1.27,78.0,940.74,
2010,7,4,19,33.4,36.45,121.0,195.25,81.0,399.47,1.6,88.0,941.27,
2010,7,4,20,31.85,37.84,0.0,0.0,0.0,407.28,1.92,98.0,941.8,
2010,7,4,21,30.29,39.23,0.0,0.0,0.0,415.1,2.25,107.0,942.32,
2010,7,4,22,29.7,39.52,0.0,0.0,0.0,408.33,2.34,115.0,942.23,
2010,7,4,23,29.11,39.81,0.0,0.0,0.0,401.57,2.43,123.0,942.14,
2010,7,5,0,28.52,40.1,0.0,0.0,0.0,394.8,2.52,132.0,942.05,
2010,7,5,1,27.79,42.12,0.0,0.0,0.0,383.93,2.46,133.0,942.14,
2010,7,5,2,27.06,44.15,0.0,0.0,0.0,373.07,2.4,135.0,942.23,
2010,7,5,3,26.33,46.17,0.0,0.0,0.0,362.2,2.34,136.0,942.32,
2010,7,5,4,26.09,49.32,0.0,0.0,0.0,355.97,2.19,151.0,942.88,
2010,7,5,5,25.86,52.46,0.0,0.0,0.0,349.73,2.04,165.0,943.44,
2010,7,5,6,25.62,55.61,18.0,81.29,14.0,343.5,1.89,180.0,944.0,
2010,7,5,7,27.54,51.68,163.0,282.43,94.0,348.63,1.71,197.0,944.31,
2010,7,5,8,29.46,47.76,359.0,477.11,150.0,353.77,1.54,215.0,944.62,
2010,7,5,9,31.37,43.83,554.0,596.2,186.0,358.9,1.37,232.0,944.93,
2010,7,5,10,32.71,40.47,744.0,726.29,185.0,365.72,1.93,252.0,944.71,
2010,7,5,11,34.04,37.12,880.0,771.81,197.0,372.53,2.5,272.0,944.5,
2010,7,5,12,35.37,33.76,969.0,811.36,194.0,379.35,3.06,292.0,944.28,
2010,7,5,13,35.64,34.06,999.0,833.3,186.0,386.87,3.49,307.0,943.97,
2010,7,5,14,35.92,34.37,957.0,807.49,194.0,394.38,3.93,321.0,943.66,
2010,7,5,15,36.19,34.67,857.0,764.1,196.0,401.9,4.36,336.0,943.35,
2010,7,5,16,34.53,37.67,712.0,714.69,182.0,399.07,3.71,349.0,943.53,
2010,7,5,17,32.87,40.66,523.0,602.22,172.0,396.23,3.07,2.0,943.72,
2010,7,5,18,31.21,43.66,326.0,480.37,134.0,393.4,2.43,14.0,943.91,
2010,7,5,19,29.56,46.46,128.0,234.61,80.0,390.57,1.87,21.0,944.59,
2010,7,5,20,27.9,49.25,0.0,0.0,0.0,387.73,1.31,27.0,945.27,
2010,7,5,21,26.24,52.05,0.0,0.0,0.0,384.9,0.76,33.0,945.95,
2010,7,5,22,25.65,54.32,0.0,0.0,0.0,376.42,1.11,39.0,945.95,
2010,7,5,23,25.07,56.6,0.0,0.0,0.0,367.93,1.47,45.0,945.95,
2010,7,6,0,24.48,58.87,0.0,0.0,0.0,359.45,1.82,52.0,945.95,
2010,7,6,1,23.46,64.34,0.0,0.0,0.0,354.93,1.69,54.0,945.83,
2010,7,6,2,22.45,69.82,0.0,0.0,0.0,350.42,1.55,57.0,945.7,
2010,7,6,3,21.44,75.29,0.0,0.0,0.0,345.9,1.42,60.0,945.58,
2010,7,6,4,21.42,76.57,0.0,0.0,0.0,342.23,1.04,66.0,945.77,
2010,7,6,5,21.41,77.86,0.0,0.0,0.0,338.57,0.67,72.0,945.95,
2010,7,6,6,21.39,79.14,15.0,41.98,13.0,334.9,0.29,79.0,946.14,
2010,7,6,7,23.77,69.46,169.0,325.28,90.0,339.33,0.73,74.0,946.26,
2010,7,6,8,26.15,59.79,376.0,565.51,129.0,343.77,1.16,69.0,946.39,
2010,7,6,9,28.52,50.11,572.0,667.05,161.0,348.2,1.6,64.0,946.51,
2010,7,6,10,30.35,44.31,759.0,781.77,158.0,357.05,1.8,56.0,946.14,
2010,7,6,11,32.17,38.52,898.0,831.23,163.0,365.9,2.0,47.0,945.77,
2010,7,6,12,33.99,32.72,979.0,842.18,175.0,374.75,2.19,39.0,945.39,
2010,7,6,13,34.55,31.98,1009.0,864.36,166.0,379.73,2.57,35.0,944.96,
2010,7,6,14,35.12,31.25,967.0,838.39,175.0,384.72,2.94,30.0,944.53,
2010,7,6,15,35.68,30.51,870.0,808.17,171.0,389.7,3.31,26.0,944.09,
2010,7,6,16,34.33,32.91,724.0,756.62,163.0,386.78,3.34,27.0,944.09,
2010,7,6,17,32.97,35.31,543.0,686.47,143.0,383.87,3.37,29.0,944.09,
2010,7,6,18,31.62,37.71,336.0,538.23,121.0,380.95,3.41,30.0,944.09,
2010,7,6,19,29.64,41.86,140.0,328.05,73.0,373.57,2.71,34.0,944.65,
2010,7,6,20,27.65,46.01,0.0,0.0,0.0,366.18,2.02,38.0,945.21,
2010,7,6,21,25.67,50.16,0.0,0.0,0.0,358.8,1.32,42.0,945.77,
2010,7,6,22,24.67,54.7,0.0,0.0,0.0,353.45,1.3,54.0,945.89,
2010,7,6,23,23.67,59.23,0.0,0.0,0.0,348.1,1.27,67.0,946.01,
2010,7,7,0,22.67,63.77,0.0,0.0,0.0,342.75,1.24,80.0,946.14,
2010,7,7,1,22.07,68.04,0.0,0.0,0.0,340.57,1.29,94.0,945.95,
2010,7,7,2,21.48,72.3,0.0,0.0,0.0,338.38,1.33,108.0,945.77,
2010,7,7,3,20.89,76.57,0.0,0.0,0.0,336.2,1.38,122.0,945.58,
2010,7,7,4,20.89,78.33,0.0,0.0,0.0,334.8,1.15,135.0,945.74,
2010,7,7,5,20.9,80.09,0.0,0.0,0.0,333.4,0.92,148.0,945.89,
2010,7,7,6,20.9,81.85,14.0,43.45,12.0,332.0,0.69,161.0,946.05,
2010,7,7,7,23.63,71.3,170.0,343.86,87.0,339.15,0.81,153.0,946.11,
2010,7,7,8,26.36,60.74,376.0,576.41,125.0,346.3,0.94,146.0,946.17,
2010,7,7,9,29.08,50.19,570.0,666.65,160.0,353.45,1.06,138.0,946.23,
2010,7,7,10,31.26,44.32,754.0,767.09,165.0,364.38,1.39,95.0,945.7,
2010,7,7,11,33.43,38.44,888.0,800.22,181.0,375.32,1.71,53.0,945.18,
2010,7,7,12,35.61,32.57,973.0,825.88,185.0,386.25,2.04,10.0,944.65,
2010,7,7,13,36.53,31.58,1003.0,849.31,175.0,390.95,2.5,7.0,944.15,
2010,7,7,14,37.46,30.59,961.0,822.74,184.0,395.65,2.95,4.0,943.66,
2010,7,7,15,38.38,29.6,861.0,779.44,187.0,400.35,3.41,0.0,943.16,
2010,7,7,16,36.67,32.19,712.0,714.99,182.0,397.32,3.49,3.0,943.38,
2010,7,7,17,34.95,34.78,525.0,614.61,167.0,394.28,3.57,6.0,943.6,
2010,7,7,18,33.24,37.37,325.0,481.01,133.0,391.25,3.66,9.0,943.81,
2010,7,7,19,31.18,40.6,131.0,260.05,78.0,386.88,2.74,16.0,944.37,
2010,7,7,20,29.12,43.82,0.0,0.0,0.0,382.52,1.83,24.0,944.93,
2010,7,7,21,27.06,47.05,0.0,0.0,0.0,378.15,0.91,31.0,945.49,
2010,7,7,22,26.21,49.83,0.0,0.0,0.0,371.4,1.02,56.0,945.58,
2010,7,7,23,25.37,52.6,0.0,0.0,0.0,364.65,1.12,80.0,945.67,
2010,7,8,0,24.52,55.38,0.0,0.0,0.0,357.9,1.23,104.0,945.77,
2010,7,8,1,23.87,58.99,0.0,0.0,0.0,353.3,1.56,126.0,945.77,
2010,7,8,2,23.22,62.59,0.0,0.0,0.0,348.7,1.9,147.0,945.77,
2010,7,8,3,22.57,66.2,0.0,0.0,0.0,344.1,2.23,168.0,945.77,
2010,7,8,4,22.25,67.99,0.0,0.0,0.0,342.02,1.82,170.0,945.77,
2010,7,8,5,21.94,69.77,0.0,0.0,0.0,339.93,1.4,171.0,945.77,
2010,7,8,6,21.62,71.56,14.0,67.63,11.0,337.85,0.98,172.0,945.77,
2010,7,8,7,25.04,61.18,162.0,296.02,91.0,344.13,1.11,183.0,945.89,
2010,7,8,8,28.46,50.79,363.0,513.71,140.0,350.42,1.24,193.0,946.01,
2010,7,8,9,31.87,40.41,557.0,617.4,178.0,356.7,1.37,204.0,946.14,
2010,7,8,10,33.9,35.09,741.0,725.0,185.0,365.72,1.56,252.0,945.77,
2010,7,8,11,35.92,29.76,877.0,770.31,197.0,374.73,1.75,300.0,945.39,
2010,7,8,12,37.94,24.44,967.0,810.64,194.0,383.75,1.94,349.0,945.02,
2010,7,8,13,38.73,23.72,992.0,817.86,195.0,391.93,2.34,352.0,944.65,
2010,7,8,14,39.53,22.99,956.0,807.11,194.0,400.12,2.73,355.0,944.28,
2010,7,8,15,40.32,22.27,861.0,778.5,188.0,408.3,3.12,358.0,943.91,
2010,7,8,16,39.06,24.3,712.0,715.21,182.0,406.0,2.85,4.0,943.94,
2010,7,8,17,37.79,26.34,525.0,614.91,167.0,403.7,2.57,10.0,943.97,
2010,7,8,18,36.53,28.37,323.0,471.43,135.0,401.4,2.3,16.0,944.0,
2010,7,8,19,34.59,28.93,128.0,241.03,79.0,392.73,2.51,29.0,944.4,
2010,7,8,20,32.65,29.5,0.0,0.0,0.0,384.07,2.72,42.0,944.81,
2010,7,8,21,30.71,30.06,0.0,0.0,0.0,375.4,2.92,55.0,945.21,
2010,7,8,22,29.56,31.09,0.0,0.0,0.0,369.42,2.34,72.0,945.12,
2010,7,8,23,28.42,32.13,0.0,0.0,0.0,363.43,1.77,89.0,945.02,
2010,7,9,0,27.27,33.16,0.0,0.0,0.0,357.45,1.19,106.0,944.93,
2010,7,9,1,26.47,39.04,0.0,0.0,0.0,354.4,0.96,120.0,944.71,
2010,7,9,2,25.67,44.91,0.0,0.0,0.0,351.35,0.73,133.0,944.5,
2010,7,9,3,24.88,50.79,0.0,0.0,0.0,348.3,0.5,147.0,944.28,
2010,7,9,4,24.3,55.72,0.0,0.0,0.0,344.6,0.73,157.0,944.56,
2010,7,9,5,23.72,60.64,0.0,0.0,0.0,340.9,0.97,167.0,944.84,
2010,7,9,6,23.14,65.57,13.0,46.9,11.0,337.2,1.2,177.0,945.12,
2010,7,9,7,25.62,58.73,160.0,289.57,91.0,341.97,1.16,209.0,945.52,
2010,7,9,8,28.1,51.9,359.0,503.8,141.0,346.73,1.12,241.0,945.92,
2010,7,9,9,30.58,45.06,552.0,605.54,181.0,351.5,1.08,273.0,946.32,
2010,7,9,10,31.87,41.52,736.0,711.56,191.0,360.68,1.75,293.0,946.2,
2010,7,9,11,33.15,37.98,876.0,770.99,196.0,369.87,2.43,313.0,946.08,
2010,7,9,12,34.44,34.44,966.0,810.09,194.0,379.05,3.1,333.0,945.95,
2010,7,9,13,35.26,34.29,992.0,817.21,196.0,382.87,3.43,338.0,945.52,
2010,7,9,14,36.07,34.15,955.0,807.4,193.0,386.68,3.76,342.0,945.08,
2010,7,9,15,36.89,34.0,856.0,764.87,195.0,390.5,4.08,347.0,944.65,
2010,7,9,16,35.17,39.19,708.0,701.98,188.0,393.67,3.48,350.0,944.77,
2010,7,9,17,33.46,44.38,516.0,579.17,179.0,396.83,2.87,354.0,944.9,
2010,7,9,18,31.74,49.57,319.0,451.87,139.0,400.0,2.26,357.0,945.02,
2010,7,9,19,29.84,56.61,126.0,231.87,79.0,393.6,1.81,355.0,945.64,
2010,7,9,20,27.95,63.64,0.0,0.0,0.0,387.2,1.35,352.0,946.26,
2010,7,9,21,26.05,70.68,0.0,0.0,0.0,380.8,0.9,350.0,946.88,
2010,7,9,22,25.36,74.8,0.0,0.0,0.0,372.17,0.71,341.0,946.88,
2010,7,9,23,24.67,78.91,0.0,0.0,0.0,363.53,0.53,332.0,946.88,
2010,7,10,0,23.98,83.03,0.0,0.0,0.0,354.9,0.34,322.0,946.88,
2010,7,10,1,23.27,86.2,0.0,0.0,0.0,350.92,0.53,327.0,946.76,
2010,7,10,2,22.57,89.37,0.0,0.0,0.0,346.93,0.71,332.0,946.64,
2010,7,10,3,21.87,92.54,0.0,0.0,0.0,342.95,0.9,336.0,946.51,
2010,7,10,4,21.93,92.64,0.0,0.0,0.0,340.6,0.99,324.0,946.7,
2010,7,10,5,21.99,92.73,0.0,0.0,0.0,338.25,1.09,312.0,946.88,
2010,7,10,6,22.05,92.83,7.0,0.0,7.0,335.9,1.19,300.0,947.07,
2010,7,10,7,23.79,80.67,79.0,12.68,76.0,342.73,1.2,294.0,947.19,
2010,7,10,8,25.52,68.52,285.0,220.27,190.0,349.57,1.21,289.0,947.32,
2010,7,10,9,27.25,56.36,510.0,462.82,227.0,356.4,1.23,283.0,947.44,
2010,7,10,10,28.93,50.32,723.0,670.66,210.0,366.42,1.58,297.0,947.01,
2010,7,10,11,30.6,44.27,861.0,727.42,220.0,376.43,1.93,310.0,946.57,
2010,7,10,12,32.27,38.23,944.0,750.76,229.0,386.45,2.28,324.0,946.14,
2010,7,10,13,32.79,40.03,975.0,772.41,223.0,392.67,2.41,332.0,945.67,
2010,7,10,14,33.32,41.83,934.0,748.36,228.0,398.88,2.55,340.0,945.21,
2010,7,10,15,33.84,43.63,818.0,654.03,253.0,405.1,2.69,348.0,944.74,
2010,7,10,16,32.47,47.65,633.0,475.4,281.0,401.83,2.84,353.0,944.81,
2010,7,10,17,31.1,51.67,504.0,534.86,193.0,398.57,2.98,359.0,944.87,
2010,7,10,18,29.73,55.69,304.0,384.59,151.0,395.3,3.13,4.0,944.93,
2010,7,10,19,28.05,61.65,71.0,19.8,67.0,392.35,2.37,358.0,945.55,
2010,7,10,20,26.36,67.62,0.0,0.0,0.0,389.4,1.6,351.0,946.17,
2010,7,10,21,24.67,73.58,0.0,0.0,0.0,386.45,0.84,344.0,946.79,
2010,7,10,22,24.26,77.08,0.0,0.0,0.0,380.67,0.64,343.0,946.79,
2010,7,10,23,23.86,80.59,0.0,0.0,0.0,374.88,0.45,342.0,946.79,
2010,7,11,0,23.45,84.09,0.0,0.0,0.0,369.1,0.25,340.0,946.79,
2010,7,11,1,23.39,84.3,0.0,0.0,0.0,366.42,0.33,343.0,946.42,
2010,7,11,2,23.33,84.51,0.0,0.0,0.0,363.73,0.4,346.0,946.05,
2010,7,11,3,23.28,84.72,0.0,0.0,0.0,361.05,0.48,349.0,945.67,
2010,7,11,4,23.17,86.12,0.0,0.0,0.0,356.0,0.86,357.0,945.83,
2010,7,11,5,23.05,87.53,0.0,0.0,0.0,350.95,1.25,5.0,945.98,
2010,7,11,6,22.94,88.93,0.0,0.0,0.0,345.9,1.63,13.0,946.14,
2010,7,11,7,24.56,80.6,149.0,242.53,92.0,350.83,1.25,356.0,946.23,
2010,7,11,8,26.18,72.27,350.0,472.27,147.0,355.77,0.86,338.0,946.32,
2010,7,11,9,27.8,63.94,546.0,591.58,185.0,360.7,0.48,321.0,946.42,
2010,7,11,10,29.48,57.43,730.0,697.74,197.0,370.97,0.96,324.0,946.01,
2010,7,11,11,31.15,50.92,875.0,770.13,197.0,381.23,1.43,328.0,945.61,
2010,7,11,12,32.82,44.41,965.0,810.11,194.0,391.5,1.9,331.0,945.21,
2010,7,11,13,33.16,44.35,991.0,818.02,195.0,393.98,2.38,334.0,944.77,
2010,7,11,14,33.5,44.3,955.0,807.01,194.0,396.47,2.86,337.0,944.34,
2010,7,11,15,33.84,44.24,850.0,750.44,202.0,398.95,3.34,341.0,943.91,
2010,7,11,16,32.27,48.43,703.0,687.81,194.0,397.3,3.14,346.0,944.03,
2010,7,11,17,30.71,52.62,507.0,545.61,190.0,395.65,2.95,351.0,944.15,
2010,7,11,18,29.14,56.81,302.0,375.09,153.0,394.0,2.76,356.0,944.28,
2010,7,11,19,27.74,61.63,119.0,193.77,80.0,388.67,2.01,354.0,944.93,
2010,7,11,20,26.34,66.44,0.0,0.0,0.0,383.33,1.27,353.0,945.58,
2010,7,11,21,24.94,71.26,0.0,0.0,0.0,378.0,0.52,351.0,946.23,
2010,7,11,22,24.83,72.77,0.0,0.0,0.0,371.7,0.57,338.0,946.11,
2010,7,11,23,24.71,74.29,0.0,0.0,0.0,365.4,0.61,324.0,945.98,
2010,7,12,0,24.6,75.8,0.0,0.0,0.0,359.1,0.65,311.0,945.86,
2010,7,12,1,23.66,79.31,0.0,0.0,0.0,357.63,1.11,308.0,945.67,
2010,7,12,2,22.72,82.82,0.0,0.0,0.0,356.17,1.57,304.0,945.49,
2010,7,12,3,21.79,86.33,0.0,0.0,0.0,354.7,2.03,301.0,945.3,
2010,7,12,4,21.89,86.44,0.0,0.0,0.0,352.35,1.8,260.0,945.27,
2010,7,12,5,22.0,86.55,0.0,0.0,0.0,350.0,1.58,220.0,945.24,
2010,7,12,6,22.1,86.66,0.0,0.0,0.0,347.65,1.35,179.0,945.21,
2010,7,12,7,24.43,77.04,146.0,227.13,93.0,352.8,1.33,209.0,945.21,
2010,7,12,8,26.76,67.42,349.0,471.57,147.0,357.95,1.31,240.0,945.21,
2010,7,12,9,29.08,57.8,545.0,591.17,185.0,363.1,1.28,271.0,945.21,
2010,7,12,10,30.71,51.64,732.0,710.49,190.0,371.07,1.86,287.0,945.02,
2010,7,12,11,32.33,45.47,869.0,754.95,205.0,379.03,2.44,303.0,944.84,
2010,7,12,12,33.95,39.31,959.0,794.91,203.0,387.0,3.02,319.0,944.65,
2010,7,12,13,33.91,40.02,990.0,817.44,195.0,390.27,3.14,320.0,944.31,
2010,7,12,14,33.87,40.74,949.0,792.54,202.0,393.53,3.27,322.0,943.97,
2010,7,12,15,33.83,41.45,855.0,764.71,195.0,396.8,3.39,323.0,943.63,
2010,7,12,16,32.5,45.27,707.0,701.75,188.0,391.78,3.12,328.0,943.53,
2010,7,12,17,31.18,49.09,518.0,590.91,175.0,386.77,2.84,332.0,943.44,
2010,7,12,18,29.85,52.91,316.0,443.81,140.0,381.75,2.57,337.0,943.35,
2010,7,12,19,28.12,59.47,123.0,224.52,78.0,373.93,1.91,340.0,943.78,
2010,7,12,20,26.39,66.02,0.0,0.0,0.0,366.12,1.26,343.0,944.22,
2010,7,12,21,24.66,72.58,0.0,0.0,0.0,358.3,0.61,346.0,944.65,
2010,7,12,22,23.91,76.29,0.0,0.0,0.0,352.45,0.92,302.0,944.5,
2010,7,12,23,23.15,80.0,0.0,0.0,0.0,346.6,1.23,257.0,944.34,
2010,7,13,0,22.4,83.71,0.0,0.0,0.0,340.75,1.54,213.0,944.19,
2010,7,13,1,21.71,84.87,0.0,0.0,0.0,337.58,1.88,214.0,944.03,
2010,7,13,2,21.03,86.04,0.0,0.0,0.0,334.42,2.21,214.0,943.88,
2010,7,13,3,20.35,87.2,0.0,0.0,0.0,331.25,2.54,215.0,943.72,
2010,7,13,4,20.58,84.46,0.0,0.0,0.0,328.35,2.21,206.0,943.66,
2010,7,13,5,20.8,81.71,0.0,0.0,0.0,325.45,1.88,197.0,943.6,
2010,7,13,6,21.03,78.97,0.0,0.0,0.0,322.55,1.54,188.0,943.53,
2010,7,13,7,24.02,64.91,160.0,323.8,85.0,328.82,1.72,209.0,943.6,
2010,7,13,8,27.0,50.86,365.0,559.92,126.0,335.08,1.89,230.0,943.66,
2010,7,13,9,29.98,36.8,559.0,650.02,164.0,341.35,2.07,251.0,943.72,
2010,7,13,10,31.6,33.01,743.0,750.87,171.0,350.83,2.18,268.0,943.22,
2010,7,13,11,33.21,29.22,877.0,784.14,188.0,360.32,2.3,284.0,942.73,
2010,7,13,12,34.82,25.43,958.0,794.44,203.0,369.8,2.41,300.0,942.23,
2010,7,13,13,35.28,25.83,990.0,816.89,196.0,369.97,2.48,308.0,941.86,
2010,7,13,14,35.74,26.23,949.0,791.89,203.0,370.13,2.54,315.0,941.49,
2010,7,13,15,36.2,26.63,854.0,763.96,195.0,370.3,2.61,323.0,941.12,
2010,7,13,16,34.71,30.54,714.0,727.94,176.0,369.12,2.74,332.0,940.96,
2010,7,13,17,33.22,34.44,529.0,638.08,159.0,367.93,2.86,342.0,940.8,
2010,7,13,18,31.73,38.35,328.0,507.8,127.0,366.75,2.99,351.0,940.65,
2010,7,13,19,29.9,44.34,133.0,295.73,74.0,366.05,2.47,357.0,941.15,
2010,7,13,20,28.06,50.33,0.0,0.0,0.0,365.35,1.95,4.0,941.64,
2010,7,13,21,26.23,56.32,0.0,0.0,0.0,364.65,1.43,11.0,942.14,
2010,7,13,22,25.07,61.24,0.0,0.0,0.0,364.2,1.49,52.0,941.95,
2010,7,13,23,23.92,66.15,0.0,0.0,0.0,363.75,1.54,93.0,941.77,
2010,7,14,0,22.76,71.07,0.0,0.0,0.0,363.3,1.6,133.0,941.58,
2010,7,14,1,22.39,72.23,0.0,0.0,0.0,360.15,1.33,141.0,941.3,
2010,7,14,2,22.03,73.38,0.0,0.0,0.0,357.0,1.06,148.0,941.02,
2010,7,14,3,21.67,74.54,0.0,0.0,0.0,353.85,0.79,155.0,940.74,
2010,7,14,4,21.88,74.06,0.0,0.0,0.0,349.78,0.84,162.0,940.93,
2010,7,14,5,22.08,73.59,0.0,0.0,0.0,345.72,0.89,168.0,941.12,
2010,7,14,6,22.29,73.11,0.0,0.0,0.0,341.65,0.94,174.0,941.3,
2010,7,14,7,24.73,63.06,154.0,291.47,87.0,347.78,0.99,219.0,941.7,
2010,7,14,8,27.16,53.0,358.0,526.68,134.0,353.92,1.05,264.0,942.11,
2010,7,14,9,29.59,42.95,551.0,625.04,172.0,360.05,1.1,308.0,942.51,
2010,7,14,10,31.14,38.02,738.0,737.48,177.0,368.57,1.44,310.0,942.17,
2010,7,14,11,32.68,33.09,872.0,768.99,197.0,377.08,1.77,311.0,941.83,
2010,7,14,12,34.23,28.16,957.0,795.04,202.0,385.6,2.11,312.0,941.49,
2010,7,14,13,34.68,28.42,989.0,817.39,195.0,390.78,2.54,316.0,941.18,
2010,7,14,14,35.14,28.69,948.0,792.33,202.0,395.97,2.97,320.0,940.87,
2010,7,14,15,35.59,28.95,858.0,778.34,187.0,401.15,3.39,324.0,940.56,
2010,7,14,16,33.89,32.61,717.0,742.03,169.0,400.02,3.47,329.0,940.84,
2010,7,14,17,32.2,36.28,531.0,649.17,155.0,398.88,3.54,335.0,941.12,
2010,7,14,18,30.5,39.94,329.0,516.44,125.0,397.75,3.61,340.0,941.39,
2010,7,14,19,28.51,45.83,130.0,282.12,74.0,391.25,2.55,340.0,942.08,
2010,7,14,20,26.53,51.71,0.0,0.0,0.0,384.75,1.49,340.0,942.76,
2010,7,14,21,24.54,57.6,0.0,0.0,0.0,378.25,0.43,340.0,943.44,
2010,7,14,22,24.08,59.34,0.0,0.0,0.0,373.5,0.73,308.0,943.53,
2010,7,14,23,23.61,61.09,0.0,0.0,0.0,368.75,1.03,276.0,943.63,
2010,7,15,0,23.15,62.83,0.0,0.0,0.0,364.0,1.34,243.0,943.72,
2010,7,15,1,22.77,64.22,0.0,0.0,0.0,360.0,1.2,242.0,943.53,
2010,7,15,2,22.4,65.61,0.0,0.0,0.0,356.0,1.05,241.0,943.35,
2010,7,15,3,22.03,67.0,0.0,0.0,0.0,352.0,0.91,240.0,943.16,
2010,7,15,4,22.08,67.66,0.0,0.0,0.0,349.1,1.0,215.0,943.22,
2010,7,15,5,22.14,68.33,0.0,0.0,0.0,346.2,1.09,190.0,943.29,
2010,7,15,6,22.19,68.99,0.0,0.0,0.0,343.3,1.19,165.0,943.35,
2010,7,15,7,24.92,58.88,153.0,298.14,85.0,348.4,1.3,219.0,943.56,
2010,7,15,8,27.65,48.78,356.0,526.26,133.0,353.5,1.42,273.0,943.78,
2010,7,15,9,30.37,38.67,550.0,624.76,172.0,358.6,1.53,328.0,944.0,
2010,7,15,10,32.07,34.95,733.0,722.77,184.0,368.4,1.75,334.0,943.63,
2010,7,15,11,33.76,31.24,871.0,768.65,197.0,378.2,1.96,339.0,943.25,
2010,7,15,12,35.46,27.52,957.0,794.61,203.0,388.0,2.18,345.0,942.88,
2010,7,15,13,35.79,28.18,988.0,816.89,195.0,395.55,2.29,344.0,942.63,
2010,7,15,14,36.11,28.84,948.0,791.75,203.0,403.1,2.41,344.0,942.39,
2010,7,15,15,36.44,29.5,849.0,749.83,203.0,410.65,2.52,343.0,942.14,
2010,7,15,16,34.9,33.93,701.0,688.45,193.0,409.0,2.74,345.0,942.23,
2010,7,15,17,33.37,38.35,522.0,613.69,167.0,407.35,2.95,348.0,942.32,
2010,7,15,18,31.83,42.78,343.0,606.42,104.0,405.7,3.16,350.0,942.42,
2010,7,15,19,29.85,49.61,69.0,20.26,65.0,401.0,2.93,359.0,942.91,
2010,7,15,20,27.86,56.45,0.0,0.0,0.0,396.3,2.71,8.0,943.41,
2010,7,15,21,25.88,63.28,0.0,0.0,0.0,391.6,2.48,16.0,943.91,
2010,7,15,22,25.41,66.53,0.0,0.0,0.0,387.28,2.03,46.0,943.88,
2010,7,15,23,24.93,69.78,0.0,0.0,0.0,382.97,1.57,75.0,943.84,
2010,7,16,0,24.46,73.03,0.0,0.0,0.0,378.65,1.12,105.0,943.81,
2010,7,16,1,23.67,78.24,0.0,0.0,0.0,373.48,1.27,62.0,943.75,
2010,7,16,2,22.88,83.46,0.0,0.0,0.0,368.32,1.43,19.0,943.69,
2010,7,16,3,22.1,88.67,0.0,0.0,0.0,363.15,1.59,336.0,943.63,
2010,7,16,4,22.16,88.82,0.0,0.0,0.0,359.37,1.39,335.0,944.0,
2010,7,16,5,22.23,88.96,0.0,0.0,0.0,355.58,1.19,334.0,944.37,
2010,7,16,6,22.29,89.11,0.0,0.0,0.0,351.8,0.99,332.0,944.74,
2010,7,16,7,23.93,78.03,146.0,256.35,88.0,358.12,1.03,335.0,945.05,
2010,7,16,8,25.57,66.94,348.0,495.09,139.0,364.43,1.06,338.0,945.36,
2010,7,16,9,27.21,55.86,545.0,612.92,175.0,370.75,1.09,341.0,945.67,
2010,7,16,10,28.92,50.12,732.0,722.53,184.0,380.5,1.29,344.0,945.3,
2010,7,16,11,30.62,44.37,865.0,754.63,204.0,390.25,1.49,347.0,944.93,
2010,7,16,12,32.33,38.63,956.0,794.21,203.0,400.0,1.7,349.0,944.56,
2010,7,16,13,32.87,39.36,982.0,801.99,204.0,406.28,2.1,350.0,944.19,
2010,7,16,14,33.4,40.1,942.0,777.37,211.0,412.57,2.5,351.0,943.81,
2010,7,16,15,33.94,40.83,839.0,721.32,218.0,418.85,2.9,351.0,943.44,
2010,7,16,16,32.41,44.96,693.0,661.95,205.0,412.33,3.15,352.0,943.66,
2010,7,16,17,30.87,49.08,507.0,555.69,186.0,405.82,3.4,352.0,943.88,
2010,7,16,18,29.34,53.21,300.0,381.54,150.0,399.3,3.66,353.0,944.09,
2010,7,16,19,28.03,58.55,119.0,214.04,77.0,399.08,2.83,356.0,944.65,
2010,7,16,20,26.72,63.88,0.0,0.0,0.0,398.87,2.0,360.0,945.21,
2010,7,16,21,25.41,69.22,0.0,0.0,0.0,398.65,1.17,3.0,945.77,
2010,7,16,22,24.94,72.36,0.0,0.0,0.0,393.1,1.14,0.0,945.8,
2010,7,16,23,24.48,75.5,0.0,0.0,0.0,387.55,1.12,358.0,945.83,
2010,7,17,0,24.01,78.64,0.0,0.0,0.0,382.0,1.09,355.0,945.86,
2010,7,17,1,23.58,80.54,0.0,0.0,0.0,378.03,1.2,347.0,945.8,
2010,7,17,2,23.16,82.45,0.0,0.0,0.0,374.07,1.31,340.0,945.74,
2010,7,17,3,22.74,84.35,0.0,0.0,0.0,370.1,1.42,332.0,945.67,
2010,7,17,4,22.88,84.12,0.0,0.0,0.0,371.33,1.55,23.0,945.58,
2010,7,17,5,23.03,83.88,0.0,0.0,0.0,372.57,1.68,73.0,945.49,
2010,7,17,6,23.17,83.65,0.0,0.0,0.0,373.8,1.81,123.0,945.39,
2010,7,17,7,25.44,75.32,139.0,222.81,89.0,378.7,1.72,116.0,945.67,
2010,7,17,8,27.71,66.98,331.0,420.9,154.0,383.6,1.63,108.0,945.95,
2010,7,17,9,29.98,58.65,535.0,577.8,187.0,388.5,1.54,101.0,946.23,
2010,7,17,10,31.41,52.94,718.0,681.38,202.0,395.35,2.07,68.0,946.11,
2010,7,17,11,32.84,47.24,854.0,725.74,219.0,402.2,2.59,34.0,945.98,
2010,7,17,12,34.27,41.53,950.0,779.04,212.0,409.05,3.12,1.0,945.86,
2010,7,17,13,35.08,39.22,982.0,801.53,205.0,406.57,2.78,354.0,945.52,
2010,7,17,14,35.89,36.91,941.0,776.85,211.0,404.08,2.45,347.0,945.18,
2010,7,17,15,36.7,34.6,843.0,735.83,210.0,401.6,2.11,340.0,944.84,
2010,7,17,16,35.34,38.23,692.0,661.26,205.0,401.02,2.56,350.0,944.96,
2010,7,17,17,33.97,41.86,512.0,577.33,179.0,400.43,3.01,0.0,945.08,
2010,7,17,18,32.61,45.49,279.0,298.4,162.0,399.85,3.46,10.0,945.21,
2010,7,17,19,30.77,51.44,89.0,71.81,75.0,396.0,2.64,15.0,945.83,
2010,7,17,20,28.93,57.38,0.0,0.0,0.0,392.15,1.82,19.0,946.45,
2010,7,17,21,27.09,63.33,0.0,0.0,0.0,388.3,0.99,24.0,947.07,
2010,7,17,22,26.57,67.11,0.0,0.0,0.0,383.0,1.11,36.0,947.19,
2010,7,17,23,26.04,70.89,0.0,0.0,0.0,377.7,1.22,47.0,947.32,
2010,7,18,0,25.52,74.67,0.0,0.0,0.0,372.4,1.34,59.0,947.44,
2010,7,18,1,25.09,76.53,0.0,0.0,0.0,372.78,1.14,34.0,947.35,
2010,7,18,2,24.66,78.4,0.0,0.0,0.0,373.17,0.95,8.0,947.26,
2010,7,18,3,24.24,80.26,0.0,0.0,0.0,373.55,0.76,343.0,947.16,
2010,7,18,4,24.01,82.46,0.0,0.0,0.0,368.25,0.68,354.0,947.47,
2010,7,18,5,23.79,84.66,0.0,0.0,0.0,362.95,0.6,6.0,947.78,
2010,7,18,6,23.56,86.86,0.0,0.0,0.0,357.65,0.52,17.0,948.09,
2010,7,18,7,25.7,78.18,144.0,260.65,86.0,362.42,0.58,21.0,948.15,
2010,7,18,8,27.84,69.51,345.0,494.17,138.0,367.18,0.63,24.0,948.22,
2010,7,18,9,29.97,60.83,542.0,610.77,175.0,371.95,0.69,28.0,948.28,
2010,7,18,10,31.58,54.4,729.0,722.12,183.0,382.78,1.24,18.0,947.94,
2010,7,18,11,33.18,47.98,868.0,767.75,197.0,393.62,1.78,9.0,947.6,
2010,7,18,12,34.79,41.55,949.0,778.67,212.0,404.45,2.33,360.0,947.26,
2010,7,18,13,34.95,41.15,954.0,727.81,249.0,407.87,2.64,353.0,946.95,
2010,7,18,14,35.1,40.75,956.0,822.15,184.0,411.28,2.96,346.0,946.64,
2010,7,18,15,35.26,40.35,823.0,680.6,238.0,414.7,3.27,339.0,946.32,
2010,7,18,16,34.03,43.9,703.0,701.4,187.0,414.18,3.14,343.0,946.32,
2010,7,18,17,32.79,47.45,545.0,724.15,128.0,413.67,3.02,347.0,946.32,
2010,7,18,18,31.56,51.0,316.0,468.07,133.0,413.15,2.9,351.0,946.32,
2010,7,18,19,29.81,56.97,125.0,268.57,73.0,406.1,2.43,350.0,946.79,
2010,7,18,20,28.05,62.95,0.0,0.0,0.0,399.05,1.96,349.0,947.26,
2010,7,18,21,26.3,68.92,0.0,0.0,0.0,392.0,1.49,348.0,947.72,
2010,7,18,22,25.76,72.62,0.0,0.0,0.0,384.32,1.63,344.0,947.66,
2010,7,18,23,25.23,76.32,0.0,0.0,0.0,376.63,1.77,340.0,947.6,
2010,7,19,0,24.69,80.02,0.0,0.0,0.0,368.95,1.92,336.0,947.53,
2010,7,19,1,24.05,82.18,0.0,0.0,0.0,366.13,1.89,327.0,947.35,
2010,7,19,2,23.42,84.34,0.0,0.0,0.0,363.32,1.87,318.0,947.16,
2010,7,19,3,22.79,86.5,0.0,0.0,0.0,360.5,1.85,309.0,946.98,
2010,7,19,4,22.91,87.15,0.0,0.0,0.0,357.95,1.69,291.0,947.07,
2010,7,19,5,23.03,87.8,0.0,0.0,0.0,355.4,1.54,273.0,947.16,
2010,7,19,6,23.15,88.45,0.0,0.0,0.0,352.85,1.38,255.0,947.26,
2010,7,19,7,25.37,78.65,153.0,330.9,80.0,358.62,1.44,267.0,947.13,
2010,7,19,8,27.59,68.86,343.0,491.36,138.0,364.38,1.5,279.0,947.01,
2010,7,19,9,29.81,59.06,547.0,633.91,167.0,370.15,1.56,291.0,946.88,
2010,7,19,10,31.51,52.87,732.0,735.19,177.0,381.03,1.84,299.0,946.42,
2010,7,19,11,33.21,46.67,871.0,782.38,188.0,391.92,2.13,307.0,945.95,
2010,7,19,12,34.91,40.48,958.0,808.99,193.0,402.8,2.41,315.0,945.49,
2010,7,19,13,34.88,40.49,985.0,816.21,195.0,405.83,2.86,317.0,945.15,
2010,7,19,14,34.86,40.49,950.0,806.81,193.0,408.87,3.3,318.0,944.81,
2010,7,19,15,34.83,40.5,855.0,777.86,187.0,411.9,3.74,320.0,944.46,
2010,7,19,16,33.45,44.39,706.0,714.48,181.0,405.1,3.4,324.0,944.31,
2010,7,19,17,32.08,48.29,524.0,634.97,159.0,398.3,3.06,327.0,944.15,
2010,7,19,18,30.7,52.18,324.0,513.14,124.0,391.5,2.72,331.0,944.0,
2010,7,19,19,28.76,59.89,128.0,296.6,71.0,382.37,2.04,335.0,944.43,
2010,7,19,20,26.81,67.61,0.0,0.0,0.0,373.23,1.37,338.0,944.87,
2010,7,19,21,24.87,75.32,0.0,0.0,0.0,364.1,0.69,342.0,945.3,
2010,7,19,22,24.57,76.68,0.0,0.0,0.0,357.7,0.57,331.0,945.18,
2010,7,19,23,24.28,78.05,0.0,0.0,0.0,351.3,0.44,320.0,945.05,
2010,7,20,0,23.98,79.41,0.0,0.0,0.0,344.9,0.32,310.0,944.93,
2010,7,20,1,23.11,82.61,0.0,0.0,0.0,341.67,0.71,294.0,944.68,
2010,7,20,2,22.24,85.8,0.0,0.0,0.0,338.43,1.11,278.0,944.43,
2010,7,20,3,21.37,89.0,0.0,0.0,0.0,335.2,1.5,262.0,944.19,
2010,7,20,4,21.37,89.41,0.0,0.0,0.0,333.38,1.42,239.0,944.19,
2010,7,20,5,21.38,89.82,0.0,0.0,0.0,331.57,1.33,216.0,944.19,
2010,7,20,6,21.38,90.23,0.0,0.0,0.0,329.75,1.24,193.0,944.19,
2010,7,20,7,24.0,78.79,143.0,274.39,83.0,335.6,1.27,215.0,944.06,
2010,7,20,8,26.62,67.36,345.0,510.2,133.0,341.45,1.3,237.0,943.94,
2010,7,20,9,29.23,55.92,548.0,645.48,162.0,347.3,1.32,260.0,943.81,
2010,7,20,10,31.0,48.52,702.0,642.18,218.0,356.37,1.56,278.0,943.22,
2010,7,20,11,32.77,41.11,803.0,592.93,286.0,365.43,1.79,297.0,942.63,
2010,7,20,12,34.54,33.71,942.0,764.23,220.0,374.5,2.03,315.0,942.05,
2010,7,20,13,34.87,34.24,640.0,159.24,486.0,381.18,2.28,312.0,941.55,
2010,7,20,14,35.21,34.78,913.0,705.08,252.0,387.87,2.52,309.0,941.05,
2010,7,20,15,35.54,35.31,798.0,614.26,271.0,394.55,2.77,306.0,940.56,
2010,7,20,16,34.1,39.34,705.0,714.02,181.0,394.53,2.82,312.0,940.53,
2010,7,20,17,32.67,43.37,534.0,684.97,141.0,394.52,2.86,317.0,940.49,
2010,7,20,18,31.23,47.4,328.0,543.16,117.0,394.5,2.91,323.0,940.46,
2010,7,20,19,29.34,54.69,112.0,194.06,75.0,392.43,2.42,342.0,940.71,
2010,7,20,20,27.44,61.99,0.0,0.0,0.0,390.37,1.94,2.0,940.96,
2010,7,20,21,25.55,69.28,0.0,0.0,0.0,388.3,1.45,21.0,941.21,
2010,7,20,22,25.03,72.83,0.0,0.0,0.0,380.4,1.31,65.0,941.18,
2010,7,20,23,24.52,76.39,0.0,0.0,0.0,372.5,1.17,110.0,941.15,
2010,7,21,0,24.0,79.94,0.0,0.0,0.0,364.6,1.03,154.0,941.12,
2010,7,21,1,23.29,81.37,0.0,0.0,0.0,361.47,1.09,94.0,941.02,
2010,7,21,2,22.59,82.81,0.0,0.0,0.0,358.33,1.14,34.0,940.93,
2010,7,21,3,21.89,84.24,0.0,0.0,0.0,355.2,1.2,334.0,940.84,
2010,7,21,4,21.9,84.07,0.0,0.0,0.0,351.53,1.18,290.0,941.02,
2010,7,21,5,21.91,83.91,0.0,0.0,0.0,347.87,1.15,247.0,941.21,
2010,7,21,6,21.92,83.74,0.0,0.0,0.0,344.2,1.13,204.0,941.39,
2010,7,21,7,24.28,71.25,145.0,295.34,81.0,349.88,1.24,234.0,941.52,
2010,7,21,8,26.64,58.77,349.0,538.9,126.0,355.57,1.35,264.0,941.64,
2010,7,21,9,28.99,46.28,547.0,645.39,162.0,361.25,1.46,295.0,941.77,
2010,7,21,10,30.84,40.96,729.0,733.61,177.0,371.0,1.62,297.0,941.15,
2010,7,21,11,32.69,35.64,864.0,767.03,196.0,380.75,1.78,299.0,940.53,
2010,7,21,12,34.54,30.32,951.0,793.58,202.0,390.5,1.94,301.0,939.91,
2010,7,21,13,34.81,30.42,979.0,801.03,205.0,394.8,2.25,302.0,939.6,
2010,7,21,14,35.09,30.53,943.0,791.11,202.0,399.1,2.56,303.0,939.29,
2010,7,21,15,35.36,30.63,854.0,778.24,187.0,403.4,2.87,304.0,938.98,
2010,7,21,16,34.07,33.2,708.0,727.26,175.0,402.17,3.22,315.0,939.1,
2010,7,21,17,32.79,35.77,522.0,635.71,158.0,400.93,3.57,326.0,939.22,
2010,7,21,18,31.5,38.34,321.0,511.5,123.0,399.7,3.92,338.0,939.35,
2010,7,21,19,29.92,43.4,105.0,153.4,76.0,392.83,3.06,359.0,939.72,
2010,7,21,20,28.33,48.45,0.0,0.0,0.0,385.97,2.2,21.0,940.09,
2010,7,21,21,26.75,53.51,0.0,0.0,0.0,379.1,1.34,42.0,940.46,
2010,7,21,22,25.89,58.17,0.0,0.0,0.0,375.43,1.37,73.0,940.53,
2010,7,21,23,25.03,62.83,0.0,0.0,0.0,371.77,1.41,104.0,940.59,
2010,7,22,0,24.17,67.49,0.0,0.0,0.0,368.1,1.45,135.0,940.65,
2010,7,22,1,24.04,67.3,0.0,0.0,0.0,370.28,1.47,156.0,940.53,
2010,7,22,2,23.92,67.1,0.0,0.0,0.0,372.47,1.49,177.0,940.4,
2010,7,22,3,23.8,66.91,0.0,0.0,0.0,374.65,1.5,199.0,940.28,
2010,7,22,4,23.71,68.11,0.0,0.0,0.0,375.32,1.15,218.0,940.62,
2010,7,22,5,23.61,69.31,0.0,0.0,0.0,375.98,0.8,238.0,940.96,
2010,7,22,6,23.52,70.51,0.0,0.0,0.0,376.65,0.44,257.0,941.3,
2010,7,22,7,25.36,62.87,88.0,41.92,79.0,378.35,0.49,282.0,941.52,
2010,7,22,8,27.2,55.23,351.0,558.16,121.0,380.05,0.53,307.0,941.74,
2010,7,22,9,29.04,47.59,545.0,645.33,161.0,381.75,0.58,332.0,941.95,
2010,7,22,10,30.76,42.89,728.0,733.52,177.0,388.28,1.37,320.0,941.55,
2010,7,22,11,32.47,38.2,858.0,753.04,203.0,394.82,2.15,308.0,941.15,
2010,7,22,12,34.19,33.5,814.0,459.24,381.0,401.35,2.94,296.0,940.74,
2010,7,22,13,35.17,32.78,945.0,713.71,256.0,404.48,3.03,291.0,940.43,
2010,7,22,14,36.14,32.06,932.0,761.92,219.0,407.62,3.11,286.0,940.12,
2010,7,22,15,37.12,31.34,843.0,748.72,202.0,410.75,3.2,281.0,939.81,
2010,7,22,16,35.48,35.53,359.0,43.73,327.0,407.63,3.18,302.0,940.03,
2010,7,22,17,33.85,39.73,103.0,0.0,103.0,404.52,3.15,322.0,940.25,
2010,7,22,18,32.21,43.92,78.0,0.0,78.0,401.4,3.13,343.0,940.46,
2010,7,22,19,30.47,50.73,26.0,0.0,26.0,403.43,2.56,348.0,941.27,
2010,7,22,20,28.72,57.54,0.0,0.0,0.0,405.47,1.99,353.0,942.08,
2010,7,22,21,26.98,64.35,0.0,0.0,0.0,407.5,1.42,359.0,942.88,
2010,7,22,22,26.62,66.83,0.0,0.0,0.0,407.72,1.37,9.0,942.94,
2010,7,22,23,26.25,69.31,0.0,0.0,0.0,407.93,1.31,20.0,943.01,
2010,7,23,0,25.89,71.79,0.0,0.0,0.0,408.15,1.26,31.0,943.07,
2010,7,23,1,25.45,74.25,0.0,0.0,0.0,400.82,1.41,51.0,943.16,
2010,7,23,2,25.01,76.7,0.0,0.0,0.0,393.48,1.56,71.0,943.25,
2010,7,23,3,24.58,79.16,0.0,0.0,0.0,386.15,1.71,91.0,943.35,
2010,7,23,4,24.5,80.34,0.0,0.0,0.0,378.13,1.6,110.0,943.78,
2010,7,23,5,24.42,81.53,0.0,0.0,0.0,370.12,1.49,129.0,944.22,
2010,7,23,6,24.34,82.71,0.0,0.0,0.0,362.1,1.38,149.0,944.65,
2010,7,23,7,26.12,74.18,146.0,329.11,76.0,361.37,1.14,201.0,944.99,
2010,7,23,8,27.9,65.66,321.0,414.32,151.0,360.63,0.89,253.0,945.33,
2010,7,23,9,29.68,57.13,535.0,608.21,174.0,359.9,0.65,305.0,945.67,
2010,7,23,10,31.19,51.5,655.0,510.74,272.0,370.2,1.63,310.0,945.49,
2010,7,23,11,32.7,45.88,795.0,580.17,291.0,380.5,2.62,316.0,945.3,
2010,7,23,12,34.21,40.25,944.0,778.22,211.0,390.8,3.6,321.0,945.12,
2010,7,23,13,34.53,40.87,939.0,698.84,265.0,397.15,3.54,327.0,944.87,
2010,7,23,14,34.85,41.5,931.0,761.6,219.0,403.5,3.49,334.0,944.62,
2010,7,23,15,35.17,42.12,838.0,734.38,210.0,409.85,3.43,340.0,944.37,
2010,7,23,16,33.58,45.91,663.0,585.73,235.0,411.95,3.59,343.0,944.81,
2010,7,23,17,31.98,49.69,522.0,645.56,154.0,414.05,3.74,347.0,945.24,
2010,7,23,18,30.39,53.48,296.0,393.11,145.0,416.15,3.89,350.0,945.67,
2010,7,23,19,28.89,59.02,27.0,0.0,27.0,417.23,3.03,352.0,946.36,
2010,7,23,20,27.38,64.56,0.0,0.0,0.0,418.32,2.17,354.0,947.04,
2010,7,23,21,25.87,70.1,0.0,0.0,0.0,419.4,1.31,356.0,947.72,
2010,7,23,22,25.55,73.33,0.0,0.0,0.0,413.53,1.33,2.0,947.84,
2010,7,23,23,25.24,76.55,0.0,0.0,0.0,407.67,1.36,8.0,947.97,
2010,7,24,0,24.92,79.78,0.0,0.0,0.0,401.8,1.38,13.0,948.09,
2010,7,24,1,24.56,80.76,0.0,0.0,0.0,392.98,1.24,23.0,947.94,
2010,7,24,2,24.21,81.74,0.0,0.0,0.0,384.17,1.09,33.0,947.78,
2010,7,24,3,23.86,82.72,0.0,0.0,0.0,375.35,0.95,42.0,947.63,
2010,7,24,4,23.91,83.44,0.0,0.0,0.0,371.53,0.92,48.0,947.72,
2010,7,24,5,23.96,84.17,0.0,0.0,0.0,367.72,0.89,54.0,947.81,
2010,7,24,6,24.01,84.89,0.0,0.0,0.0,363.9,0.86,60.0,947.91,
2010,7,24,7,25.72,77.0,117.0,156.66,84.0,366.72,0.95,60.0,947.84,
2010,7,24,8,27.42,69.1,126.0,2.45,125.0,369.53,1.04,59.0,947.78,
2010,7,24,9,29.12,61.21,566.0,744.91,125.0,372.35,1.13,58.0,947.72,
2010,7,24,10,30.68,55.69,614.0,406.1,310.0,382.57,2.13,42.0,947.19,
2010,7,24,11,32.23,50.17,809.0,616.66,274.0,392.78,3.14,26.0,946.67,
2010,7,24,12,33.79,44.65,526.0,74.4,456.0,403.0,4.14,10.0,946.14,
2010,7,24,13,33.91,44.31,643.0,165.02,484.0,409.37,3.19,9.0,945.8,
2010,7,24,14,34.04,43.96,821.0,491.48,362.0,415.73,2.24,8.0,945.46,
2010,7,24,15,34.16,43.62,646.0,285.68,402.0,422.1,1.3,7.0,945.12,
2010,7,24,16,32.96,45.72,159.0,0.0,159.0,417.23,1.92,9.0,945.08,
2010,7,24,17,31.75,47.81,432.0,332.35,243.0,412.37,2.54,12.0,945.05,
2010,7,24,18,30.55,49.91,272.0,295.43,159.0,407.5,3.16,14.0,945.02,
2010,7,24,19,29.0,54.13,103.0,157.87,74.0,401.7,2.55,14.0,945.46,
2010,7,24,20,27.44,58.35,0.0,0.0,0.0,395.9,1.94,14.0,945.89,
2010,7,24,21,25.89,62.57,0.0,0.0,0.0,390.1,1.32,13.0,946.32,
2010,7,24,22,25.39,65.63,0.0,0.0,0.0,385.45,1.35,16.0,946.14,
2010,7,24,23,24.9,68.69,0.0,0.0,0.0,380.8,1.38,18.0,945.95,
2010,7,25,0,24.4,71.75,0.0,0.0,0.0,376.15,1.41,20.0,945.77,
2010,7,25,1,23.92,76.13,0.0,0.0,0.0,377.77,1.24,16.0,945.36,
2010,7,25,2,23.45,80.52,0.0,0.0,0.0,379.38,1.07,13.0,944.96,
2010,7,25,3,22.98,84.9,0.0,0.0,0.0,381.0,0.9,10.0,944.56,
2010,7,25,4,22.82,86.6,0.0,0.0,0.0,374.0,0.84,15.0,944.59,
2010,7,25,5,22.66,88.29,0.0,0.0,0.0,367.0,0.78,20.0,944.62,
2010,7,25,6,22.5,89.99,0.0,0.0,0.0,360.0,0.72,25.0,944.65,
2010,7,25,7,24.32,80.78,122.0,186.97,83.0,362.3,0.85,22.0,944.62,
2010,7,25,8,26.13,71.56,305.0,356.49,160.0,364.6,0.97,19.0,944.59,
2010,7,25,9,27.94,62.35,499.0,486.05,212.0,366.9,1.1,16.0,944.56,
2010,7,25,10,29.51,55.56,688.0,614.24,229.0,374.4,1.67,13.0,944.06,
2010,7,25,11,31.08,48.78,836.0,695.96,233.0,381.9,2.24,10.0,943.56,
2010,7,25,12,32.65,41.99,937.0,762.89,220.0,389.4,2.81,7.0,943.07,
2010,7,25,13,33.17,40.6,964.0,770.89,222.0,392.32,3.3,1.0,942.73,
2010,7,25,14,33.69,39.2,919.0,732.13,236.0,395.23,3.79,356.0,942.39,
2010,7,25,15,34.21,37.81,831.0,719.81,217.0,398.15,4.28,351.0,942.05,
2010,7,25,16,32.86,40.66,684.0,660.47,203.0,393.65,4.08,353.0,941.95,
2010,7,25,17,31.5,43.5,502.0,574.74,176.0,389.15,3.89,355.0,941.86,
2010,7,25,18,30.15,46.35,301.0,435.92,135.0,384.65,3.7,358.0,941.77,
2010,7,25,19,28.44,50.69,115.0,247.61,70.0,378.42,2.91,4.0,942.26,
2010,7,25,20,26.74,55.03,0.0,0.0,0.0,372.18,2.13,11.0,942.76,
2010,7,25,21,25.03,59.37,0.0,0.0,0.0,365.95,1.35,17.0,943.25,
2010,7,25,22,24.55,60.58,0.0,0.0,0.0,360.2,1.45,24.0,943.16,
2010,7,25,23,24.06,61.78,0.0,0.0,0.0,354.45,1.54,31.0,943.07,
2010,7,26,0,23.58,62.99,0.0,0.0,0.0,348.7,1.64,37.0,942.98,
2010,7,26,1,22.91,66.91,0.0,0.0,0.0,345.43,1.31,47.0,942.63,
2010,7,26,2,22.24,70.84,0.0,0.0,0.0,342.17,0.98,58.0,942.29,
2010,7,26,3,21.57,74.76,0.0,0.0,0.0,338.9,0.65,68.0,941.95,
2010,7,26,4,21.61,74.76,0.0,0.0,0.0,336.3,0.83,79.0,942.08,
2010,7,26,5,21.64,74.76,0.0,0.0,0.0,333.7,1.01,91.0,942.2,
2010,7,26,6,21.68,74.76,0.0,0.0,0.0,331.1,1.19,102.0,942.32,
2010,7,26,7,24.0,64.77,144.0,343.81,73.0,335.77,1.16,82.0,942.48,
2010,7,26,8,26.32,54.77,349.0,582.82,113.0,340.43,1.13,62.0,942.63,
2010,7,26,9,28.64,44.78,539.0,641.87,161.0,345.1,1.1,43.0,942.79,
2010,7,26,10,29.91,40.98,726.0,745.4,170.0,352.38,1.48,33.0,942.48,
2010,7,26,11,31.17,37.17,858.0,766.26,195.0,359.67,1.85,23.0,942.17,
2010,7,26,12,32.44,33.37,941.0,777.61,211.0,366.95,2.22,13.0,941.86,
2010,7,26,13,32.88,33.52,968.0,785.24,213.0,369.58,2.9,10.0,941.52,
2010,7,26,14,33.31,33.67,939.0,790.91,202.0,372.22,3.57,6.0,941.18,
2010,7,26,15,33.75,33.82,848.0,777.14,186.0,374.85,4.25,3.0,940.84,
2010,7,26,16,32.38,36.59,709.0,752.46,162.0,370.6,4.26,7.0,940.93,
2010,7,26,17,31.0,39.36,523.0,668.22,145.0,366.35,4.27,11.0,941.02,
2010,7,26,18,29.63,42.13,324.0,567.25,109.0,362.1,4.28,15.0,941.12,
2010,7,26,19,27.92,45.88,125.0,350.6,62.0,356.17,3.87,20.0,941.89,
2010,7,26,20,26.22,49.62,0.0,0.0,0.0,350.23,3.47,26.0,942.67,
2010,7,26,21,24.51,53.37,0.0,0.0,0.0,344.3,3.06,32.0,943.44,
2010,7,26,22,23.93,55.11,0.0,0.0,0.0,339.18,2.86,38.0,943.66,
2010,7,26,23,23.34,56.85,0.0,0.0,0.0,334.07,2.65,44.0,943.88,
2010,7,27,0,22.76,58.59,0.0,0.0,0.0,328.95,2.44,49.0,944.09,
2010,7,27,1,22.13,61.3,0.0,0.0,0.0,327.6,2.33,60.0,943.94,
2010,7,27,2,21.5,64.02,0.0,0.0,0.0,326.25,2.22,70.0,943.78,
2010,7,27,3,20.88,66.73,0.0,0.0,0.0,324.9,2.11,81.0,943.63,
2010,7,27,4,20.74,67.64,0.0,0.0,0.0,323.6,1.73,90.0,943.88,
2010,7,27,5,20.6,68.56,0.0,0.0,0.0,322.3,1.36,98.0,944.12,
2010,7,27,6,20.46,69.47,0.0,0.0,0.0,321.0,0.98,107.0,944.37,
2010,7,27,7,22.99,60.67,146.0,381.59,68.0,326.98,1.06,105.0,944.5,
2010,7,27,8,25.52,51.86,352.0,610.28,106.0,332.97,1.14,103.0,944.62,
2010,7,27,9,28.04,43.06,555.0,715.11,135.0,338.95,1.21,101.0,944.74,
2010,7,27,10,29.84,38.69,677.0,589.62,238.0,349.08,1.33,81.0,944.43,
2010,7,27,11,31.64,34.31,871.0,810.14,171.0,359.22,1.45,60.0,944.12,
2010,7,27,12,33.44,29.94,924.0,733.73,236.0,369.35,1.57,40.0,943.81,
2010,7,27,13,33.97,30.09,951.0,741.35,239.0,375.42,2.11,31.0,943.25,
2010,7,27,14,34.49,30.25,927.0,760.7,219.0,381.48,2.66,21.0,942.7,
2010,7,27,15,35.02,30.4,856.0,806.47,170.0,387.55,3.2,12.0,942.14,
2010,7,27,16,33.69,33.42,700.0,724.96,174.0,385.93,3.39,14.0,942.26,
2010,7,27,17,32.35,36.43,519.0,655.94,149.0,384.32,3.58,17.0,942.39,
2010,7,27,18,31.02,39.45,314.0,514.37,120.0,382.7,3.77,19.0,942.51,
2010,7,27,19,29.18,44.2,116.0,281.6,66.0,379.07,3.25,22.0,943.44,
2010,7,27,20,27.35,48.96,0.0,0.0,0.0,375.43,2.74,26.0,944.37,
2010,7,27,21,25.51,53.71,0.0,0.0,0.0,371.8,2.22,29.0,945.3,
2010,7,27,22,24.81,57.33,0.0,0.0,0.0,368.47,2.05,35.0,945.52,
2010,7,27,23,24.11,60.96,0.0,0.0,0.0,365.13,1.87,40.0,945.74,
2010,7,28,0,23.41,64.58,0.0,0.0,0.0,361.8,1.7,46.0,945.95,
2010,7,28,1,22.66,69.3,0.0,0.0,0.0,357.72,1.76,36.0,945.86,
2010,7,28,2,21.91,74.02,0.0,0.0,0.0,353.63,1.83,27.0,945.77,
2010,7,28,3,21.17,78.74,0.0,0.0,0.0,349.55,1.89,17.0,945.67,
2010,7,28,4,21.15,80.54,0.0,0.0,0.0,348.08,1.65,347.0,946.01,
2010,7,28,5,21.14,82.34,0.0,0.0,0.0,346.62,1.4,318.0,946.36,
2010,7,28,6,21.12,84.14,0.0,0.0,0.0,345.15,1.16,288.0,946.7,
2010,7,28,7,23.07,75.35,69.0,19.77,65.0,351.1,1.07,296.0,946.95,
2010,7,28,8,25.02,66.55,327.0,481.01,134.0,357.05,0.98,304.0,947.19,
2010,7,28,9,26.96,57.76,361.0,146.83,275.0,363.0,0.9,312.0,947.44,
2010,7,28,10,28.49,52.17,703.0,676.84,200.0,373.37,1.28,318.0,947.22,
2010,7,28,11,30.01,46.59,827.0,681.49,239.0,383.73,1.66,325.0,947.01,
2010,7,28,12,31.53,41.0,705.0,272.28,450.0,394.1,2.04,331.0,946.79,
2010,7,28,13,31.97,41.16,121.0,0.0,121.0,398.48,2.65,327.0,946.23,
2010,7,28,14,32.42,41.31,807.0,469.04,371.0,402.87,3.26,324.0,945.67,
2010,7,28,15,32.86,41.47,725.0,452.12,341.0,407.25,3.86,321.0,945.12,
2010,7,28,16,31.75,44.2,538.0,281.73,334.0,407.02,3.55,325.0,945.12,
2010,7,28,17,30.65,46.92,410.0,284.5,250.0,406.78,3.24,329.0,945.12,
2010,7,28,18,29.54,49.65,272.0,319.82,152.0,406.55,2.92,333.0,945.12,
2010,7,28,19,27.95,55.2,81.0,74.14,68.0,400.52,2.5,340.0,945.46,
2010,7,28,20,26.35,60.76,0.0,0.0,0.0,394.48,2.08,348.0,945.8,
2010,7,28,21,24.76,66.31,0.0,0.0,0.0,388.45,1.66,355.0,946.14,
2010,7,28,22,24.18,69.91,0.0,0.0,0.0,380.6,1.71,2.0,945.98,
2010,7,28,23,23.61,73.5,0.0,0.0,0.0,372.75,1.77,9.0,945.83,
2010,7,29,0,23.03,77.1,0.0,0.0,0.0,364.9,1.82,16.0,945.67,
2010,7,29,1,22.24,79.57,0.0,0.0,0.0,359.33,1.98,328.0,945.24,
2010,7,29,2,21.46,82.05,0.0,0.0,0.0,353.77,2.13,280.0,944.81,
2010,7,29,3,20.68,84.52,0.0,0.0,0.0,348.2,2.29,231.0,944.37,
2010,7,29,4,20.62,84.93,0.0,0.0,0.0,342.98,2.12,230.0,944.34,
2010,7,29,5,20.55,85.34,0.0,0.0,0.0,337.77,1.95,230.0,944.31,
2010,7,29,6,20.49,85.75,0.0,0.0,0.0,332.55,1.78,229.0,944.28,
2010,7,29,7,22.99,75.6,136.0,324.77,71.0,336.25,1.76,252.0,944.19,
2010,7,29,8,25.48,65.45,345.0,590.92,109.0,339.95,1.74,276.0,944.09,
2010,7,29,9,27.97,55.3,539.0,664.26,151.0,343.65,1.72,300.0,944.0,
2010,7,29,10,29.71,48.53,718.0,730.7,176.0,349.42,1.98,312.0,943.56,
2010,7,29,11,31.45,41.77,855.0,764.89,196.0,355.18,2.24,325.0,943.13,
2010,7,29,12,33.19,35.0,938.0,777.23,211.0,360.95,2.5,338.0,942.7,
2010,7,29,13,33.52,34.72,960.0,770.23,222.0,363.53,2.76,339.0,942.23,
2010,7,29,14,33.85,34.44,930.0,775.57,210.0,366.12,3.02,341.0,941.77,
2010,7,29,15,34.18,34.16,826.0,719.34,216.0,368.7,3.28,342.0,941.3,
2010,7,29,16,32.51,38.65,445.0,131.47,350.0,367.88,3.43,347.0,941.39,
2010,7,29,17,30.85,43.13,524.0,690.3,137.0,367.07,3.58,351.0,941.49,
2010,7,29,18,29.18,47.62,311.0,522.53,116.0,366.25,3.72,355.0,941.58,
2010,7,29,19,27.36,54.89,116.0,312.09,62.0,361.1,2.5,356.0,941.98,
2010,7,29,20,25.54,62.15,0.0,0.0,0.0,355.95,1.27,357.0,942.39,
2010,7,29,21,23.72,69.42,0.0,0.0,0.0,350.8,0.04,357.0,942.79,
2010,7,29,22,23.25,72.24,0.0,0.0,0.0,345.37,0.71,349.0,942.7,
2010,7,29,23,22.77,75.05,0.0,0.0,0.0,339.93,1.38,341.0,942.6,
2010,7,30,0,22.3,77.87,0.0,0.0,0.0,334.5,2.06,332.0,942.51,
2010,7,30,1,21.58,81.32,0.0,0.0,0.0,333.58,1.91,311.0,942.51,
2010,7,30,2,20.86,84.78,0.0,0.0,0.0,332.67,1.76,291.0,942.51,
2010,7,30,3,20.14,88.23,0.0,0.0,0.0,331.75,1.61,270.0,942.51,
2010,7,30,4,20.16,87.05,0.0,0.0,0.0,330.43,1.5,261.0,942.6,
2010,7,30,5,20.19,85.88,0.0,0.0,0.0,329.12,1.38,253.0,942.7,
2010,7,30,6,20.21,84.7,0.0,0.0,0.0,327.8,1.27,244.0,942.79,
2010,7,30,7,22.88,70.3,132.0,298.0,73.0,333.52,1.39,274.0,942.94,
2010,7,30,8,25.55,55.9,334.0,535.85,121.0,339.23,1.51,303.0,943.1,
2010,7,30,9,28.22,41.5,555.0,739.94,124.0,344.95,1.63,332.0,943.25,
2010,7,30,10,29.9,36.79,712.0,715.9,182.0,354.1,1.83,331.0,942.91,
2010,7,30,11,31.57,32.07,853.0,764.87,195.0,363.25,2.04,331.0,942.57,
2010,7,30,12,33.25,27.36,936.0,777.16,210.0,372.4,2.25,330.0,942.23,
2010,7,30,13,33.75,28.71,964.0,784.78,213.0,379.22,2.72,331.0,941.74,
2010,7,30,14,34.25,30.05,934.0,789.57,202.0,386.03,3.19,333.0,941.24,
2010,7,30,15,34.75,31.4,843.0,776.05,186.0,392.85,3.66,334.0,940.74,
2010,7,30,16,33.03,35.91,700.0,737.89,168.0,391.42,3.59,340.0,941.02,
2010,7,30,17,31.32,40.42,516.0,665.73,144.0,389.98,3.53,346.0,941.3,
2010,7,30,18,29.6,44.93,311.0,530.89,114.0,388.55,3.46,352.0,941.58,
2010,7,30,19,27.8,51.26,114.0,310.61,61.0,381.82,2.56,357.0,942.36,
2010,7,30,20,25.99,57.58,0.0,0.0,0.0,375.08,1.65,2.0,943.13,
2010,7,30,21,24.19,63.91,0.0,0.0,0.0,368.35,0.74,8.0,943.91,
2010,7,30,22,23.98,65.74,0.0,0.0,0.0,361.87,1.1,24.0,943.88,
2010,7,30,23,23.76,67.58,0.0,0.0,0.0,355.38,1.45,40.0,943.84,
2010,7,31,0,23.55,69.41,0.0,0.0,0.0,348.9,1.81,56.0,943.81,
2010,7,31,1,22.92,73.73,0.0,0.0,0.0,347.03,1.79,73.0,943.53,
2010,7,31,2,22.29,78.05,0.0,0.0,0.0,345.17,1.77,89.0,943.25,
2010,7,31,3,21.67,82.37,0.0,0.0,0.0,343.3,1.75,105.0,942.98,
2010,7,31,4,21.8,82.77,0.0,0.0,0.0,341.73,1.57,111.0,943.22,
2010,7,31,5,21.94,83.16,0.0,0.0,0.0,340.17,1.38,118.0,943.47,
2010,7,31,6,22.07,83.56,0.0,0.0,0.0,338.6,1.2,124.0,943.72,
2010,7,31,7,24.11,74.81,133.0,326.84,69.0,344.65,1.08,92.0,944.0,
2010,7,31,8,26.15,66.07,338.0,566.23,114.0,350.7,0.96,60.0,944.28,
2010,7,31,9,28.19,57.32,536.0,662.85,151.0,356.75,0.84,29.0,944.56,
2010,7,31,10,30.04,50.43,718.0,743.02,169.0,366.28,1.21,19.0,944.19,
2010,7,31,11,31.89,43.55,852.0,764.87,195.0,375.82,1.59,9.0,943.81,
2010,7,31,12,33.74,36.66,935.0,776.05,211.0,385.35,1.96,360.0,943.44,
2010,7,31,13,34.01,37.16,957.0,770.1,221.0,388.32,2.44,357.0,943.07,
2010,7,31,14,34.27,37.65,933.0,789.61,202.0,391.28,2.91,354.0,942.7,
2010,7,31,15,34.54,38.15,837.0,760.82,194.0,394.25,3.39,350.0,942.32,
2010,7,31,16,33.06,41.37,698.0,736.82,168.0,395.82,3.26,356.0,942.32,
2010,7,31,17,28.45,53.35,517.0,677.0,140.0,403.63,2.0,1.0,942.32,
2010,7,31,18,27.88,54.75,312.0,547.61,110.0,397.33,1.97,6.0,942.32,
2010,7,31,19,27.3,56.15,113.0,309.25,61.0,391.03,1.94,14.0,942.85,
2010,7,31,20,26.72,57.55,0.0,0.0,0.0,384.73,1.91,21.0,943.38,
2010,7,31,21,26.14,58.96,0.0,0.0,0.0,378.44,1.88,28.0,943.91,
2010,7,31,22,25.56,60.36,0.0,0.0,0.0,372.14,1.85,46.0,943.84,
2010,7,31,23,24.98,61.76,0.0,0.0,0.0,365.84,1.81,65.0,943.78,
2007,8,1,0,24.4,63.16,0.0,0.0,0.0,359.54,1.78,83.0,943.72,
2007,8,1,1,23.82,64.57,0.0,0.0,0.0,353.24,1.75,134.0,942.54,
2007,8,1,2,23.24,65.97,0.0,0.0,0.0,346.95,1.72,141.0,942.2,
2007,8,1,3,22.66,67.37,0.0,0.0,0.0,340.65,1.69,147.0,941.86,
2007,8,1,4,22.08,68.77,0.0,0.0,0.0,334.35,1.66,147.0,941.86,
2007,8,1,5,21.5,70.17,0.0,0.0,0.0,328.05,1.63,147.0,941.86,
2007,8,1,6,20.92,71.58,0.0,0.0,0.0,321.75,1.6,147.0,941.86,
2007,8,1,7,20.34,72.98,140.0,408.01,61.0,315.46,1.57,132.0,942.01,
2007,8,1,8,19.77,74.38,343.0,604.54,105.0,309.16,1.54,116.0,942.17,
2007,8,1,9,31.47,38.16,544.0,707.92,134.0,339.05,1.42,101.0,942.32,
2007,8,1,10,33.51,32.25,724.0,770.27,156.0,348.9,1.13,83.0,941.8,
2007,8,1,11,35.56,26.33,862.0,803.37,173.0,358.75,0.83,66.0,941.27,
2007,8,1,12,37.6,20.42,955.0,842.58,170.0,368.6,0.54,48.0,940.74,
2007,8,1,13,38.16,20.09,978.0,836.1,180.0,377.15,1.09,25.0,940.22,
2007,8,1,14,38.71,19.76,947.0,841.63,169.0,385.7,1.64,2.0,939.69,
2007,8,1,15,39.27,19.43,855.0,828.58,156.0,394.25,2.19,338.0,939.16,
2007,8,1,16,37.57,22.98,703.0,765.08,154.0,392.43,2.94,348.0,939.13,
2007,8,1,17,35.87,26.54,515.0,674.03,141.0,390.62,3.69,358.0,939.1,
2007,8,1,18,34.17,30.09,306.0,521.01,115.0,388.8,4.44,8.0,939.07,
2007,8,1,19,32.06,33.58,113.0,338.22,57.0,379.22,3.8,20.0,939.66,
2007,8,1,20,29.94,37.07,0.0,0.0,0.0,369.63,3.16,33.0,940.25,
2007,8,1,21,27.82,40.56,0.0,0.0,0.0,360.05,2.52,46.0,940.84,
2007,8,1,22,26.66,42.42,0.0,0.0,0.0,354.92,2.39,69.0,940.71,
2007,8,1,23,25.5,44.29,0.0,0.0,0.0,349.78,2.26,93.0,940.59,
2007,8,2,0,24.35,46.15,0.0,0.0,0.0,344.65,2.12,117.0,940.46,
2007,8,2,1,23.62,48.97,0.0,0.0,0.0,339.55,2.16,134.0,940.4,
2007,8,2,2,22.89,51.78,0.0,0.0,0.0,334.45,2.19,151.0,940.34,
2007,8,2,3,22.16,54.6,0.0,0.0,0.0,329.35,2.22,168.0,940.28,
2007,8,2,4,21.96,56.95,0.0,0.0,0.0,328.8,2.28,170.0,940.43,
2007,8,2,5,21.75,59.29,0.0,0.0,0.0,328.25,2.33,173.0,940.59,
2007,8,2,6,21.55,61.64,0.0,0.0,0.0,327.7,2.39,175.0,940.74,
2007,8,2,7,24.6,54.52,122.0,261.2,72.0,333.83,2.07,197.0,941.27,
2007,8,2,8,27.65,47.41,322.0,497.75,127.0,339.97,1.76,220.0,941.8,
2007,8,2,9,30.7,40.29,521.0,613.01,167.0,346.1,1.45,243.0,942.32,
2007,8,2,10,32.07,36.27,704.0,703.89,186.0,357.55,2.13,269.0,942.2,
2007,8,2,11,33.43,32.24,847.0,761.44,195.0,369.0,2.82,295.0,942.08,
2007,8,2,12,34.8,28.22,949.0,827.64,179.0,380.45,3.5,321.0,941.95,
2007,8,2,13,35.81,27.46,982.0,849.86,172.0,383.25,3.85,327.0,941.33,
2007,8,2,14,36.83,26.7,941.0,826.67,178.0,386.05,4.2,334.0,940.71,
2007,8,2,15,37.84,25.94,841.0,786.2,179.0,388.85,4.55,341.0,940.09,
2007,8,2,16,35.65,32.48,687.0,712.53,177.0,391.28,4.62,346.0,940.49,
2007,8,2,17,33.46,39.01,93.0,0.0,93.0,393.72,4.69,352.0,940.9,
2007,8,2,18,31.27,45.55,291.0,447.52,128.0,396.15,4.76,357.0,941.3,
2007,8,2,19,29.5,51.48,110.0,319.18,58.0,395.25,3.96,4.0,941.95,
2007,8,2,20,27.73,57.4,0.0,0.0,0.0,394.35,3.16,11.0,942.6,
2007,8,2,21,25.96,63.33,0.0,0.0,0.0,393.45,2.36,18.0,943.25,
2007,8,2,22,25.79,64.19,0.0,0.0,0.0,382.82,1.88,43.0,943.29,
2007,8,2,23,25.62,65.06,0.0,0.0,0.0,372.18,1.39,68.0,943.32,
2007,8,3,0,25.45,65.92,0.0,0.0,0.0,361.55,0.91,93.0,943.35,
2007,8,3,1,24.14,74.8,0.0,0.0,0.0,359.6,0.82,68.0,943.38,
2007,8,3,2,22.84,83.68,0.0,0.0,0.0,357.65,0.74,43.0,943.41,
2007,8,3,3,21.54,92.56,0.0,0.0,0.0,355.7,0.65,18.0,943.44,
2007,8,3,4,21.56,91.22,0.0,0.0,0.0,350.02,0.6,350.0,943.88,
2007,8,3,5,21.58,89.89,0.0,0.0,0.0,344.33,0.55,322.0,944.31,
2007,8,3,6,21.61,88.55,0.0,0.0,0.0,338.65,0.5,295.0,944.74,
2007,8,3,7,23.74,79.42,119.0,253.69,71.0,345.2,0.66,316.0,945.12,
2007,8,3,8,25.87,70.3,320.0,495.1,127.0,351.75,0.82,338.0,945.49,
2007,8,3,9,28.0,61.17,527.0,646.08,155.0,358.3,0.98,359.0,945.86,
2007,8,3,10,29.94,53.72,706.0,716.23,180.0,369.13,1.27,355.0,945.55,
2007,8,3,11,31.87,46.28,854.0,788.41,180.0,379.97,1.57,351.0,945.24,
2007,8,3,12,33.81,38.83,943.0,813.77,187.0,390.8,1.86,346.0,944.93,
2007,8,3,13,34.19,39.33,980.0,850.03,171.0,399.8,2.37,345.0,944.77,
2007,8,3,14,34.57,39.84,940.0,825.83,179.0,408.8,2.88,343.0,944.62,
2007,8,3,15,34.95,40.34,839.0,785.37,179.0,417.8,3.39,341.0,944.46,
2007,8,3,16,33.61,44.14,685.0,711.61,177.0,415.5,3.57,347.0,944.59,
2007,8,3,17,32.26,47.93,497.0,615.65,158.0,413.2,3.74,353.0,944.71,
2007,8,3,18,30.91,51.73,282.0,414.62,132.0,410.9,3.92,359.0,944.84,
2007,8,3,19,29.21,57.99,101.0,255.97,60.0,404.62,3.37,360.0,945.52,
2007,8,3,20,27.51,64.26,0.0,0.0,0.0,398.33,2.83,360.0,946.2,
2007,8,3,21,25.8,70.52,0.0,0.0,0.0,392.05,2.29,360.0,946.88,
2007,8,3,22,25.01,75.51,0.0,0.0,0.0,385.7,1.96,2.0,947.04,
2007,8,3,23,24.22,80.5,0.0,0.0,0.0,379.35,1.63,5.0,947.19,
2007,8,4,0,23.43,85.49,0.0,0.0,0.0,373.0,1.3,7.0,947.35,
2007,8,4,1,22.88,88.19,0.0,0.0,0.0,368.95,1.29,359.0,947.41,
2007,8,4,2,22.33,90.89,0.0,0.0,0.0,364.9,1.29,350.0,947.47,
2007,8,4,3,21.78,93.59,0.0,0.0,0.0,360.85,1.28,342.0,947.53,
2007,8,4,4,21.75,94.02,0.0,0.0,0.0,356.63,1.13,358.0,947.63,
2007,8,4,5,21.72,94.45,0.0,0.0,0.0,352.42,0.98,14.0,947.72,
2007,8,4,6,21.7,94.88,0.0,0.0,0.0,348.2,0.83,30.0,947.81,
2007,8,4,7,23.96,83.77,118.0,256.72,70.0,351.98,0.96,33.0,947.91,
2007,8,4,8,26.22,72.67,320.0,502.74,125.0,355.77,1.09,37.0,948.0,
2007,8,4,9,28.48,61.56,528.0,656.72,151.0,359.55,1.23,41.0,948.09,
2007,8,4,10,30.58,52.96,705.0,716.36,180.0,367.98,1.93,34.0,947.57,
2007,8,4,11,32.69,44.37,849.0,774.49,188.0,376.42,2.63,27.0,947.04,
2007,8,4,12,34.79,35.77,946.0,827.91,178.0,384.85,3.32,20.0,946.51,
2007,8,4,13,35.03,34.78,974.0,835.51,180.0,384.92,3.77,17.0,946.23,
2007,8,4,14,35.27,33.78,943.0,840.25,170.0,384.98,4.21,14.0,945.95,
2007,8,4,15,35.51,32.79,846.0,813.21,164.0,385.05,4.65,10.0,945.67,
2007,8,4,16,34.3,35.63,690.0,737.44,165.0,380.7,4.56,12.0,945.58,
2007,8,4,17,33.09,38.48,498.0,625.45,155.0,376.35,4.46,13.0,945.49,
2007,8,4,18,31.88,41.32,291.0,470.43,122.0,372.0,4.37,14.0,945.39,
2007,8,4,19,29.85,47.86,102.0,279.64,58.0,366.2,3.52,17.0,945.8,
2007,8,4,20,27.82,54.41,0.0,0.0,0.0,360.4,2.66,20.0,946.2,
2007,8,4,21,25.78,60.95,0.0,0.0,0.0,354.6,1.81,23.0,946.6,
2007,8,4,22,25.09,64.5,0.0,0.0,0.0,348.67,1.68,46.0,946.45,
2007,8,4,23,24.4,68.06,0.0,0.0,0.0,342.73,1.56,69.0,946.29,
2007,8,5,0,23.72,71.61,0.0,0.0,0.0,336.8,1.43,91.0,946.14,
2007,8,5,1,22.97,74.14,0.0,0.0,0.0,334.78,1.48,118.0,945.8,
2007,8,5,2,22.23,76.66,0.0,0.0,0.0,332.77,1.53,144.0,945.46,
2007,8,5,3,21.49,79.19,0.0,0.0,0.0,330.75,1.57,170.0,945.12,
2007,8,5,4,21.31,79.12,0.0,0.0,0.0,328.35,1.59,169.0,944.9,
2007,8,5,5,21.12,79.06,0.0,0.0,0.0,325.95,1.6,169.0,944.68,
2007,8,5,6,20.94,78.99,0.0,0.0,0.0,323.55,1.61,169.0,944.46,
2007,8,5,7,24.36,67.3,118.0,270.66,68.0,329.73,1.18,158.0,944.43,
2007,8,5,8,27.78,55.62,323.0,531.22,118.0,335.92,0.75,148.0,944.4,
2007,8,5,9,31.2,43.93,529.0,667.44,147.0,342.1,0.32,138.0,944.37,
2007,8,5,10,33.3,37.79,707.0,728.82,174.0,351.45,1.11,96.0,943.63,
2007,8,5,11,35.39,31.64,852.0,787.54,181.0,360.8,1.9,54.0,942.88,
2007,8,5,12,37.49,25.5,945.0,827.02,179.0,370.15,2.69,12.0,942.14,
2007,8,5,13,37.92,25.63,982.0,864.21,162.0,370.97,3.24,10.0,941.55,
2007,8,5,14,38.34,25.75,936.0,825.37,178.0,371.78,3.79,8.0,940.96,
2007,8,5,15,38.77,25.88,840.0,798.21,172.0,372.6,4.34,6.0,940.37,
2007,8,5,16,37.13,30.1,688.0,736.73,165.0,375.0,4.36,9.0,940.25,
2007,8,5,17,35.49,34.32,500.0,648.24,146.0,377.4,4.37,13.0,940.12,
2007,8,5,18,33.85,38.54,270.0,370.13,138.0,379.8,4.39,16.0,940.0,
2007,8,5,19,31.53,46.76,108.0,369.1,51.0,374.08,3.5,22.0,940.37,
2007,8,5,20,29.21,54.97,0.0,0.0,0.0,368.37,2.62,28.0,940.74,
2007,8,5,21,26.89,63.19,0.0,0.0,0.0,362.65,1.74,34.0,941.12,
2007,8,5,22,26.14,68.07,0.0,0.0,0.0,359.55,1.59,73.0,941.12,
2007,8,5,23,25.38,72.96,0.0,0.0,0.0,356.45,1.43,113.0,941.12,
2007,8,6,0,24.63,77.84,0.0,0.0,0.0,353.35,1.28,152.0,941.12,
2007,8,6,1,23.8,80.56,0.0,0.0,0.0,349.18,1.27,176.0,941.05,
2007,8,6,2,22.97,83.27,0.0,0.0,0.0,345.02,1.26,200.0,940.99,
2007,8,6,3,22.14,85.99,0.0,0.0,0.0,340.85,1.26,224.0,940.93,
2007,8,6,4,21.92,88.75,0.0,0.0,0.0,338.45,1.46,241.0,941.21,
2007,8,6,5,21.7,91.51,0.0,0.0,0.0,336.05,1.66,259.0,941.49,
2007,8,6,6,21.48,94.27,0.0,0.0,0.0,333.65,1.86,276.0,941.77,
2007,8,6,7,22.82,86.45,111.0,224.68,70.0,340.72,2.16,287.0,942.05,
2007,8,6,8,24.17,78.64,73.0,0.0,73.0,347.78,2.46,298.0,942.32,
2007,8,6,9,25.52,70.82,163.0,0.0,163.0,354.85,2.76,309.0,942.6,
2007,8,6,10,26.71,64.88,278.0,8.22,272.0,365.98,3.22,313.0,942.36,
2007,8,6,11,27.89,58.93,375.0,19.99,358.0,377.12,3.68,317.0,942.11,
2007,8,6,12,29.08,52.99,832.0,530.95,341.0,388.25,4.14,320.0,941.86,
2007,8,6,13,29.66,51.9,971.0,834.97,180.0,390.28,4.25,321.0,941.49,
2007,8,6,14,30.24,50.82,877.0,662.14,270.0,392.32,4.36,321.0,941.12,
2007,8,6,15,30.82,49.73,838.0,798.78,171.0,394.35,4.47,321.0,940.74,
2007,8,6,16,29.64,52.43,690.0,748.81,160.0,391.92,4.26,324.0,940.62,
2007,8,6,17,28.46,55.12,495.0,634.54,150.0,389.48,4.05,328.0,940.49,
2007,8,6,18,27.28,57.82,287.0,477.49,118.0,387.05,3.83,332.0,940.37,
2007,8,6,19,25.99,62.95,97.0,270.76,56.0,383.18,3.33,341.0,940.8,
2007,8,6,20,24.7,68.09,0.0,0.0,0.0,379.32,2.83,349.0,941.24,
2007,8,6,21,23.41,73.22,0.0,0.0,0.0,375.45,2.33,358.0,941.67,
2007,8,6,22,23.26,74.99,0.0,0.0,0.0,371.58,1.96,6.0,941.52,
2007,8,6,23,23.1,76.75,0.0,0.0,0.0,367.72,1.6,13.0,941.36,
2007,8,7,0,22.95,78.52,0.0,0.0,0.0,363.85,1.23,21.0,941.21,
2007,8,7,1,22.23,80.58,0.0,0.0,0.0,364.08,1.15,52.0,941.05,
2007,8,7,2,21.52,82.65,0.0,0.0,0.0,364.32,1.08,84.0,940.9,
2007,8,7,3,20.81,84.71,0.0,0.0,0.0,364.55,1.01,116.0,940.74,
2007,8,7,4,21.11,83.47,0.0,0.0,0.0,363.1,0.94,110.0,940.71,
2007,8,7,5,21.41,82.23,0.0,0.0,0.0,361.65,0.87,105.0,940.68,
2007,8,7,6,21.71,80.99,0.0,0.0,0.0,360.2,0.8,99.0,940.65,
2007,8,7,7,23.28,73.65,77.0,55.49,67.0,362.4,0.95,74.0,940.77,
2007,8,7,8,24.85,66.32,335.0,628.37,95.0,364.6,1.1,49.0,940.9,
2007,8,7,9,26.42,58.98,509.0,597.72,169.0,366.8,1.26,24.0,941.02,
2007,8,7,10,27.63,53.35,714.0,767.7,155.0,374.18,1.39,9.0,940.71,
2007,8,7,11,28.84,47.71,857.0,815.03,165.0,381.57,1.53,353.0,940.4,
2007,8,7,12,30.05,42.08,951.0,856.73,160.0,388.95,1.67,338.0,940.09,
2007,8,7,13,30.53,41.01,979.0,863.84,162.0,391.25,2.82,337.0,939.84,
2007,8,7,14,31.02,39.93,947.0,869.92,151.0,393.55,3.98,336.0,939.6,
2007,8,7,15,31.5,38.86,849.0,840.23,149.0,395.85,5.13,335.0,939.35,
2007,8,7,16,29.88,43.4,694.0,775.21,147.0,393.03,5.11,340.0,939.63,
2007,8,7,17,28.26,47.94,508.0,703.96,127.0,390.22,5.09,345.0,939.91,
2007,8,7,18,26.63,52.48,300.0,569.55,100.0,387.4,5.08,350.0,940.18,
2007,8,7,19,25.1,58.61,102.0,350.54,50.0,382.22,4.16,351.0,940.87,
2007,8,7,20,23.57,64.74,0.0,0.0,0.0,377.03,3.24,352.0,941.55,
2007,8,7,21,22.03,70.87,0.0,0.0,0.0,371.85,2.32,353.0,942.23,
2007,8,7,22,21.69,74.18,0.0,0.0,0.0,368.18,1.97,346.0,942.29,
2007,8,7,23,21.35,77.49,0.0,0.0,0.0,364.52,1.62,339.0,942.36,
2007,8,8,0,21.02,80.8,0.0,0.0,0.0,360.85,1.27,333.0,942.42,
2007,8,8,1,20.63,83.6,0.0,0.0,0.0,368.17,1.23,334.0,942.45,
2007,8,8,2,20.25,86.41,0.0,0.0,0.0,375.48,1.19,335.0,942.48,
2007,8,8,3,19.86,89.21,0.0,0.0,0.0,382.8,1.14,336.0,942.51,
2007,8,8,4,19.87,90.02,0.0,0.0,0.0,374.58,1.15,331.0,942.57,
2007,8,8,5,19.87,90.83,0.0,0.0,0.0,366.37,1.16,326.0,942.63,
2007,8,8,6,19.88,91.64,0.0,0.0,0.0,358.15,1.17,321.0,942.7,
2007,8,8,7,21.56,81.62,118.0,303.47,64.0,357.6,1.24,323.0,942.91,
2007,8,8,8,23.25,71.61,323.0,565.88,108.0,357.05,1.31,326.0,943.13,
2007,8,8,9,24.93,61.59,529.0,689.53,138.0,356.5,1.38,328.0,943.35,
2007,8,8,10,26.83,54.01,713.0,766.65,156.0,365.35,1.82,328.0,942.94,
2007,8,8,11,28.72,46.44,856.0,815.33,165.0,374.2,2.26,327.0,942.54,
2007,8,8,12,30.62,38.86,955.0,871.18,152.0,383.05,2.7,327.0,942.14,
2007,8,8,13,31.43,36.65,973.0,849.42,171.0,383.43,3.17,326.0,941.8,
2007,8,8,14,32.25,34.45,941.0,854.08,161.0,383.82,3.64,325.0,941.46,
2007,8,8,15,33.06,32.24,843.0,825.38,157.0,384.2,4.11,325.0,941.12,
2007,8,8,16,31.64,36.22,692.0,774.85,147.0,381.2,4.16,333.0,941.21,
2007,8,8,17,30.22,40.2,503.0,690.58,131.0,378.2,4.2,341.0,941.3,
2007,8,8,18,28.79,44.18,289.0,519.68,108.0,375.2,4.25,350.0,941.39,
2007,8,8,19,27.03,51.13,95.0,303.08,51.0,369.52,3.51,358.0,942.14,
2007,8,8,20,25.26,58.08,0.0,0.0,0.0,363.83,2.78,7.0,942.88,
2007,8,8,21,23.49,65.03,0.0,0.0,0.0,358.15,2.04,16.0,943.63,
2007,8,8,22,22.88,69.16,0.0,0.0,0.0,354.5,1.82,33.0,943.6,
2007,8,8,23,22.27,73.28,0.0,0.0,0.0,350.85,1.6,51.0,943.56,
2007,8,9,0,21.67,77.41,0.0,0.0,0.0,347.2,1.38,68.0,943.53,
2007,8,9,1,21.76,76.13,0.0,0.0,0.0,346.42,1.14,59.0,943.5,
2007,8,9,2,21.86,74.86,0.0,0.0,0.0,345.63,0.9,50.0,943.47,
2007,8,9,3,21.95,73.58,0.0,0.0,0.0,344.85,0.66,42.0,943.44,
2007,8,9,4,21.54,76.65,0.0,0.0,0.0,342.35,0.66,17.0,943.75,
2007,8,9,5,21.13,79.71,0.0,0.0,0.0,339.85,0.66,353.0,944.06,
2007,8,9,6,20.72,82.78,0.0,0.0,0.0,337.35,0.66,328.0,944.37,
2007,8,9,7,22.67,74.65,115.0,296.02,63.0,341.43,0.9,331.0,944.5,
2007,8,9,8,24.62,66.52,316.0,534.49,114.0,345.52,1.14,334.0,944.62,
2007,8,9,9,26.57,58.39,527.0,688.18,138.0,349.6,1.38,338.0,944.74,
2007,8,9,10,28.21,50.98,700.0,727.0,173.0,360.42,1.97,337.0,944.31,
2007,8,9,11,29.85,43.58,846.0,787.28,180.0,371.23,2.56,336.0,943.88,
2007,8,9,12,31.49,36.17,948.0,856.36,160.0,382.05,3.14,336.0,943.44,
2007,8,9,13,32.02,35.56,966.0,833.94,180.0,386.93,3.43,338.0,942.85,
2007,8,9,14,32.55,34.96,920.0,796.54,194.0,391.82,3.71,339.0,942.26,
2007,8,9,15,33.08,34.35,538.0,151.98,412.0,396.7,4.0,341.0,941.67,
2007,8,9,16,31.23,40.69,672.0,708.95,175.0,400.15,4.16,339.0,942.2,
2007,8,9,17,29.38,47.02,510.0,738.74,114.0,403.6,4.31,337.0,942.73,
2007,8,9,18,27.52,53.36,150.0,34.75,138.0,407.05,4.47,334.0,943.25,
2007,8,9,19,26.08,60.45,95.0,317.07,50.0,405.38,3.67,335.0,943.94,
2007,8,9,20,24.64,67.54,0.0,0.0,0.0,403.72,2.88,337.0,944.62,
2007,8,9,21,23.2,74.63,0.0,0.0,0.0,402.05,2.08,338.0,945.3,
2007,8,9,22,23.09,76.16,0.0,0.0,0.0,394.6,1.71,25.0,944.96,
2007,8,9,23,22.98,77.68,0.0,0.0,0.0,387.15,1.33,73.0,944.62,
2007,8,10,0,22.87,79.21,0.0,0.0,0.0,379.7,0.95,121.0,944.28,
2007,8,10,1,22.05,84.19,0.0,0.0,0.0,381.92,1.04,178.0,944.03,
2007,8,10,2,21.24,89.16,0.0,0.0,0.0,384.13,1.13,235.0,943.78,
2007,8,10,3,20.42,94.14,0.0,0.0,0.0,386.35,1.21,291.0,943.53,
2007,8,10,4,19.94,96.09,0.0,0.0,0.0,383.67,1.15,233.0,943.56,
2007,8,10,5,19.46,98.05,0.0,0.0,0.0,380.98,1.09,174.0,943.6,
2007,8,10,6,18.99,100.0,0.0,0.0,0.0,378.3,1.03,116.0,943.63,
2007,8,10,7,19.13,100.0,60.0,23.07,56.0,379.17,1.31,111.0,943.81,
2007,8,10,8,19.28,100.0,207.0,109.07,166.0,380.03,1.6,107.0,944.0,
2007,8,10,9,19.43,100.0,277.0,49.69,249.0,380.9,1.88,103.0,944.19,
2007,8,10,10,19.9,98.2,423.0,102.32,349.0,385.07,2.14,100.0,944.09,
2007,8,10,11,20.37,96.39,566.0,175.28,418.0,389.23,2.41,98.0,944.0,
2007,8,10,12,20.84,94.59,812.0,497.51,355.0,393.4,2.68,96.0,943.91,
2007,8,10,13,21.42,92.32,940.0,762.11,223.0,392.45,2.0,62.0,943.25,
2007,8,10,14,21.99,90.04,899.0,739.91,226.0,391.5,1.31,29.0,942.6,
2007,8,10,15,22.57,87.77,466.0,79.81,400.0,390.55,0.63,355.0,941.95,
2007,8,10,16,22.2,88.24,465.0,180.35,339.0,390.7,1.03,1.0,942.14,
2007,8,10,17,21.82,88.7,396.0,303.75,234.0,390.85,1.43,8.0,942.32,
2007,8,10,18,21.44,89.17,188.0,108.09,151.0,391.0,1.82,15.0,942.51,
2007,8,10,19,20.96,91.76,88.0,266.97,51.0,390.98,1.58,14.0,943.07,
2007,8,10,20,20.47,94.36,0.0,0.0,0.0,390.97,1.34,13.0,943.63,
2007,8,10,21,19.98,96.95,0.0,0.0,0.0,390.95,1.1,12.0,944.19,
2007,8,10,22,20.09,97.83,0.0,0.0,0.0,393.28,1.02,355.0,944.15,
2007,8,10,23,20.2,98.71,0.0,0.0,0.0,395.62,0.93,338.0,944.12,
2007,8,11,0,20.31,99.59,0.0,0.0,0.0,397.95,0.84,321.0,944.09,
2007,8,11,1,20.76,98.33,0.0,0.0,0.0,398.85,1.09,320.0,943.72,
2007,8,11,2,21.22,97.06,0.0,0.0,0.0,399.75,1.35,319.0,943.35,
2007,8,11,3,21.67,95.8,0.0,0.0,0.0,400.65,1.6,318.0,942.98,
2007,8,11,4,21.68,95.43,0.0,0.0,0.0,402.37,1.42,319.0,942.98,
2007,8,11,5,21.69,95.06,0.0,0.0,0.0,404.08,1.23,321.0,942.98,
2007,8,11,6,21.71,94.69,0.0,0.0,0.0,405.8,1.05,322.0,942.98,
2007,8,11,7,22.38,88.4,59.0,23.38,55.0,407.28,0.84,280.0,943.19,
2007,8,11,8,23.05,82.11,316.0,550.99,110.0,408.77,0.63,238.0,943.41,
2007,8,11,9,23.72,75.82,529.0,712.21,129.0,410.25,0.43,195.0,943.63,
2007,8,11,10,24.1,72.43,715.0,792.74,143.0,403.27,0.63,203.0,943.44,
2007,8,11,11,24.47,69.04,859.0,842.5,149.0,396.28,0.84,210.0,943.25,
2007,8,11,12,24.85,65.65,954.0,885.58,142.0,389.3,1.05,217.0,943.07,
2007,8,11,13,26.15,61.08,982.0,893.45,143.0,385.7,1.0,241.0,942.63,
2007,8,11,14,27.46,56.5,940.0,868.2,152.0,382.1,0.96,265.0,942.2,
2007,8,11,15,28.76,51.93,836.0,824.46,156.0,378.5,0.91,289.0,941.77,
2007,8,11,16,27.66,55.69,681.0,758.44,153.0,377.13,1.09,295.0,941.83,
2007,8,11,17,26.56,59.45,500.0,710.59,123.0,375.77,1.27,301.0,941.89,
2007,8,11,18,25.45,63.21,286.0,548.34,100.0,374.4,1.45,306.0,941.95,
2007,8,11,19,24.24,68.8,88.0,303.3,47.0,369.95,1.25,300.0,942.29,
2007,8,11,20,23.02,74.39,0.0,0.0,0.0,365.5,1.04,294.0,942.63,
2007,8,11,21,21.8,79.98,0.0,0.0,0.0,361.05,0.84,288.0,942.98,
2007,8,11,22,21.41,82.96,0.0,0.0,0.0,356.03,1.03,248.0,942.79,
2007,8,11,23,21.02,85.93,0.0,0.0,0.0,351.02,1.23,207.0,942.6,
2007,8,12,0,20.63,88.91,0.0,0.0,0.0,346.0,1.42,166.0,942.42,
2007,8,12,1,20.47,84.0,0.0,0.0,0.0,341.55,1.5,172.0,942.2,
2007,8,12,2,20.31,79.08,0.0,0.0,0.0,337.1,1.58,177.0,941.98,
2007,8,12,3,20.15,74.17,0.0,0.0,0.0,332.65,1.66,183.0,941.77,
2007,8,12,4,19.98,74.42,0.0,0.0,0.0,329.4,1.76,181.0,941.8,
2007,8,12,5,19.81,74.67,0.0,0.0,0.0,326.15,1.86,178.0,941.83,
2007,8,12,6,19.65,74.92,0.0,0.0,0.0,322.9,1.96,176.0,941.86,
2007,8,12,7,22.46,65.99,114.0,337.75,57.0,329.57,1.86,189.0,942.11,
2007,8,12,8,25.28,57.05,323.0,607.81,97.0,336.23,1.76,202.0,942.36,
2007,8,12,9,28.1,48.12,532.0,735.99,120.0,342.9,1.66,215.0,942.6,
2007,8,12,10,29.33,44.16,713.0,791.84,143.0,352.97,1.71,236.0,942.17,
2007,8,12,11,30.55,40.21,849.0,814.43,164.0,363.03,1.76,257.0,941.74,
2007,8,12,12,31.78,36.25,943.0,855.53,160.0,373.1,1.81,278.0,941.3,
2007,8,12,13,32.2,36.91,966.0,848.23,171.0,377.3,2.15,284.0,940.62,
2007,8,12,14,32.61,37.57,933.0,853.55,160.0,381.5,2.49,290.0,939.94,
2007,8,12,15,33.03,38.23,825.0,796.32,170.0,385.7,2.83,295.0,939.25,
2007,8,12,16,31.2,44.01,682.0,771.31,147.0,391.33,2.47,300.0,939.6,
2007,8,12,17,29.36,49.8,487.0,663.28,137.0,396.97,2.12,306.0,939.94,
2007,8,12,18,27.52,55.58,251.0,360.11,130.0,402.6,1.77,311.0,940.28,
2007,8,12,19,25.99,59.97,38.0,7.59,37.0,401.75,1.72,295.0,941.05,
2007,8,12,20,24.46,64.37,0.0,0.0,0.0,400.9,1.67,279.0,941.83,
2007,8,12,21,22.92,68.76,0.0,0.0,0.0,400.05,1.63,263.0,942.6,
2007,8,12,22,22.69,69.76,0.0,0.0,0.0,391.65,1.66,240.0,942.42,
2007,8,12,23,22.46,70.77,0.0,0.0,0.0,383.25,1.68,216.0,942.23,
2007,8,13,0,22.23,71.77,0.0,0.0,0.0,374.85,1.71,193.0,942.05,
2007,8,13,1,21.7,73.41,0.0,0.0,0.0,364.13,1.79,203.0,942.05,
2007,8,13,2,21.18,75.04,0.0,0.0,0.0,353.42,1.87,213.0,942.05,
2007,8,13,3,20.66,76.68,0.0,0.0,0.0,342.7,1.94,222.0,942.05,
2007,8,13,4,20.38,79.31,0.0,0.0,0.0,339.5,1.72,217.0,942.23,
2007,8,13,5,20.1,81.94,0.0,0.0,0.0,336.3,1.5,211.0,942.42,
2007,8,13,6,19.83,84.57,0.0,0.0,0.0,333.1,1.28,206.0,942.6,
2007,8,13,7,21.73,75.03,113.0,342.44,56.0,337.78,1.27,229.0,942.98,
2007,8,13,8,23.64,65.48,322.0,616.59,94.0,342.47,1.26,253.0,943.35,
2007,8,13,9,25.54,55.94,527.0,722.3,124.0,347.15,1.24,276.0,943.72,
2007,8,13,10,26.7,51.44,707.0,778.43,148.0,355.8,1.45,293.0,943.5,
2007,8,13,11,27.86,46.93,848.0,813.69,165.0,364.45,1.66,309.0,943.29,
2007,8,13,12,29.02,42.43,937.0,839.63,170.0,373.1,1.88,325.0,943.07,
2007,8,13,13,29.25,43.7,959.0,832.81,180.0,377.92,2.06,326.0,942.88,
2007,8,13,14,29.48,44.98,931.0,853.28,160.0,382.73,2.24,327.0,942.7,
2007,8,13,15,29.71,46.25,835.0,837.58,148.0,387.55,2.43,327.0,942.51,
2007,8,13,16,28.49,50.5,686.0,797.39,135.0,390.8,2.73,334.0,942.57,
2007,8,13,17,27.26,54.76,491.0,697.5,125.0,394.05,3.03,341.0,942.63,
2007,8,13,18,26.03,59.01,278.0,534.95,100.0,397.3,3.34,347.0,942.7,
2007,8,13,19,24.68,65.13,82.0,281.0,46.0,392.47,3.14,353.0,943.38,
2007,8,13,20,23.33,71.26,0.0,0.0,0.0,387.63,2.93,359.0,944.06,
2007,8,13,21,21.98,77.38,0.0,0.0,0.0,382.8,2.73,5.0,944.74,
2007,8,13,22,21.95,78.93,0.0,0.0,0.0,375.85,2.28,17.0,944.68,
2007,8,13,23,21.91,80.47,0.0,0.0,0.0,368.9,1.82,29.0,944.62,
2007,8,14,0,21.88,82.02,0.0,0.0,0.0,361.95,1.37,41.0,944.56,
2007,8,14,1,20.9,85.46,0.0,0.0,0.0,355.68,1.09,37.0,944.43,
2007,8,14,2,19.93,88.9,0.0,0.0,0.0,349.42,0.81,32.0,944.31,
2007,8,14,3,18.96,92.34,0.0,0.0,0.0,343.15,0.54,28.0,944.19,
2007,8,14,4,18.96,93.02,0.0,0.0,0.0,341.33,0.53,7.0,944.31,
2007,8,14,5,18.96,93.71,0.0,0.0,0.0,339.52,0.53,346.0,944.43,
2007,8,14,6,18.96,94.39,0.0,0.0,0.0,337.7,0.52,325.0,944.56,
2007,8,14,7,20.8,84.6,101.0,243.71,61.0,343.53,0.97,332.0,944.9,
2007,8,14,8,22.65,74.82,269.0,337.22,145.0,349.37,1.43,339.0,945.24,
2007,8,14,9,24.49,65.03,483.0,539.5,183.0,355.2,1.88,346.0,945.58,
2007,8,14,10,25.8,59.28,732.0,880.84,101.0,367.03,2.06,354.0,945.33,
2007,8,14,11,27.11,53.54,842.0,798.65,173.0,378.87,2.25,1.0,945.08,
2007,8,14,12,28.42,47.79,940.0,854.43,161.0,390.7,2.44,8.0,944.84,
2007,8,14,13,29.06,47.0,967.0,862.37,162.0,393.75,2.78,5.0,944.4,
2007,8,14,14,29.7,46.21,933.0,867.49,151.0,396.8,3.11,2.0,943.97,
2007,8,14,15,30.34,45.42,829.0,822.91,156.0,399.85,3.45,359.0,943.53,
2007,8,14,16,29.13,48.65,676.0,770.01,146.0,396.57,3.52,359.0,943.53,
2007,8,14,17,27.91,51.88,485.0,682.37,129.0,393.28,3.6,360.0,943.53,
2007,8,14,18,26.69,55.11,272.0,513.07,103.0,390.0,3.67,360.0,943.53,
2007,8,14,19,25.13,61.33,77.0,257.11,45.0,384.18,3.16,2.0,943.97,
2007,8,14,20,23.57,67.56,0.0,0.0,0.0,378.37,2.65,4.0,944.4,
2007,8,14,21,22.0,73.78,0.0,0.0,0.0,372.55,2.14,6.0,944.84,
2007,8,14,22,22.1,74.79,0.0,0.0,0.0,366.45,1.68,22.0,944.71,
2007,8,14,23,22.19,75.81,0.0,0.0,0.0,360.35,1.23,39.0,944.59,
2007,8,15,0,22.29,76.82,0.0,0.0,0.0,354.25,0.77,56.0,944.46,
2007,8,15,1,21.46,78.96,0.0,0.0,0.0,349.88,0.69,76.0,944.28,
2007,8,15,2,20.63,81.09,0.0,0.0,0.0,345.52,0.61,95.0,944.09,
2007,8,15,3,19.8,83.23,0.0,0.0,0.0,341.15,0.52,115.0,943.91,
2007,8,15,4,19.53,85.45,0.0,0.0,0.0,338.92,0.66,138.0,943.97,
2007,8,15,5,19.26,87.68,0.0,0.0,0.0,336.68,0.79,162.0,944.03,
2007,8,15,6,18.99,89.9,0.0,0.0,0.0,334.45,0.92,186.0,944.09,
2007,8,15,7,21.36,80.65,110.0,352.27,53.0,339.98,0.88,231.0,944.34,
2007,8,15,8,23.74,71.4,318.0,612.63,94.0,345.52,0.84,276.0,944.59,
2007,8,15,9,26.12,62.15,526.0,732.62,120.0,351.05,0.8,321.0,944.84,
2007,8,15,10,27.59,55.6,700.0,764.08,154.0,361.58,1.22,323.0,944.37,
2007,8,15,11,29.05,49.05,848.0,826.64,157.0,372.12,1.65,326.0,943.91,
2007,8,15,12,30.52,42.5,929.0,825.36,178.0,382.65,2.07,328.0,943.44,
2007,8,15,13,31.16,40.09,945.0,804.07,196.0,385.2,2.62,328.0,942.85,
2007,8,15,14,31.79,37.68,917.0,822.89,177.0,387.75,3.17,327.0,942.26,
2007,8,15,15,32.43,35.27,826.0,822.93,155.0,390.3,3.72,326.0,941.67,
2007,8,15,16,30.95,38.55,680.0,796.46,134.0,387.08,3.7,330.0,941.7,
2007,8,15,17,29.46,41.83,487.0,705.74,121.0,383.87,3.68,333.0,941.74,
2007,8,15,18,27.97,45.11,274.0,549.14,95.0,380.65,3.66,337.0,941.77,
2007,8,15,19,25.87,52.34,76.0,273.33,43.0,373.9,3.05,333.0,942.32,
2007,8,15,20,23.76,59.56,0.0,0.0,0.0,367.15,2.44,328.0,942.88,
2007,8,15,21,21.65,66.79,0.0,0.0,0.0,360.4,1.83,324.0,943.44,
2007,8,15,22,21.25,67.95,0.0,0.0,0.0,353.03,1.61,302.0,943.56,
2007,8,15,23,20.85,69.1,0.0,0.0,0.0,345.67,1.39,280.0,943.69,
2007,8,16,0,20.46,70.26,0.0,0.0,0.0,338.3,1.17,258.0,943.81,
2007,8,16,1,20.05,72.07,0.0,0.0,0.0,334.0,1.22,257.0,943.6,
2007,8,16,2,19.65,73.87,0.0,0.0,0.0,329.7,1.26,255.0,943.38,
2007,8,16,3,19.25,75.68,0.0,0.0,0.0,325.4,1.31,254.0,943.16,
2007,8,16,4,19.19,77.85,0.0,0.0,0.0,322.15,1.4,251.0,943.35,
2007,8,16,5,19.13,80.03,0.0,0.0,0.0,318.9,1.49,248.0,943.53,
2007,8,16,6,19.07,82.2,0.0,0.0,0.0,315.65,1.57,245.0,943.72,
2007,8,16,7,21.29,73.32,108.0,338.61,54.0,319.78,1.72,258.0,944.0,
2007,8,16,8,23.52,64.45,316.0,610.64,94.0,323.92,1.88,272.0,944.28,
2007,8,16,9,25.74,55.57,519.0,707.98,128.0,328.05,2.03,285.0,944.56,
2007,8,16,10,27.02,50.95,698.0,763.21,154.0,335.38,2.39,296.0,944.34,
2007,8,16,11,28.29,46.32,838.0,798.44,172.0,342.72,2.74,306.0,944.12,
2007,8,16,12,29.57,41.7,927.0,824.85,178.0,350.05,3.1,316.0,943.91,
2007,8,16,13,29.88,41.96,953.0,832.7,179.0,354.3,3.28,322.0,943.5,
2007,8,16,14,30.2,42.23,915.0,822.71,177.0,358.55,3.45,327.0,943.1,
2007,8,16,15,30.51,42.49,819.0,808.27,162.0,362.8,3.63,333.0,942.7,
2007,8,16,16,29.13,47.88,670.0,767.55,146.0,361.53,3.7,337.0,942.79,
2007,8,16,17,27.75,53.27,479.0,680.99,128.0,360.27,3.77,342.0,942.88,
2007,8,16,18,26.37,58.66,267.0,517.9,100.0,359.0,3.83,346.0,942.98,
2007,8,16,19,24.61,67.44,71.0,239.47,43.0,356.22,3.45,350.0,943.69,
2007,8,16,20,22.85,76.22,0.0,0.0,0.0,353.43,3.06,353.0,944.4,
2007,8,16,21,21.09,85.0,0.0,0.0,0.0,350.65,2.68,357.0,945.12,
2007,8,16,22,20.95,86.34,0.0,0.0,0.0,347.15,2.32,7.0,945.18,
2007,8,16,23,20.81,87.67,0.0,0.0,0.0,343.65,1.96,17.0,945.24,
2007,8,17,0,20.67,89.01,0.0,0.0,0.0,340.15,1.6,27.0,945.3,
2007,8,17,1,20.3,89.1,0.0,0.0,0.0,338.03,1.55,48.0,945.05,
2007,8,17,2,19.94,89.18,0.0,0.0,0.0,335.92,1.51,70.0,944.81,
2007,8,17,3,19.57,89.27,0.0,0.0,0.0,333.8,1.46,91.0,944.56,
2007,8,17,4,19.18,91.41,0.0,0.0,0.0,334.15,1.59,95.0,944.68,
2007,8,17,5,18.79,93.55,0.0,0.0,0.0,334.5,1.72,99.0,944.81,
2007,8,17,6,18.41,95.69,0.0,0.0,0.0,334.85,1.85,103.0,944.93,
2007,8,17,7,20.99,84.9,94.0,229.1,58.0,339.8,1.9,92.0,945.12,
2007,8,17,8,23.58,74.1,297.0,503.51,115.0,344.75,1.96,81.0,945.3,
2007,8,17,9,26.16,63.31,509.0,670.48,140.0,349.7,2.01,69.0,945.49,
2007,8,17,10,28.08,55.73,693.0,749.7,160.0,359.52,2.22,64.0,945.18,
2007,8,17,11,30.0,48.15,836.0,797.79,172.0,369.33,2.43,58.0,944.87,
2007,8,17,12,31.92,40.57,920.0,810.03,186.0,379.15,2.63,52.0,944.56,
2007,8,17,13,32.5,39.16,946.0,817.31,188.0,386.07,2.97,47.0,943.84,
2007,8,17,14,33.09,37.74,913.0,822.59,177.0,392.98,3.31,43.0,943.13,
2007,8,17,15,33.67,36.33,821.0,820.73,156.0,399.9,3.66,38.0,942.42,
2007,8,17,16,32.32,39.85,667.0,766.43,146.0,398.22,3.78,35.0,942.36,
2007,8,17,17,30.97,43.37,475.0,679.46,127.0,396.53,3.91,32.0,942.29,
2007,8,17,18,29.62,46.89,258.0,479.82,105.0,394.85,4.04,29.0,942.23,
2007,8,17,19,28.1,51.88,65.0,203.45,42.0,389.92,3.54,32.0,942.7,
2007,8,17,20,26.58,56.87,0.0,0.0,0.0,384.98,3.05,35.0,943.16,
2007,8,17,21,25.05,61.86,0.0,0.0,0.0,380.05,2.55,38.0,943.63,
2007,8,17,22,24.54,66.3,0.0,0.0,0.0,374.97,2.19,50.0,943.63,
2007,8,17,23,24.03,70.74,0.0,0.0,0.0,369.88,1.83,63.0,943.63,
2007,8,18,0,23.53,75.18,0.0,0.0,0.0,364.8,1.46,76.0,943.63,
2007,8,18,1,22.65,79.98,0.0,0.0,0.0,356.45,1.2,102.0,943.44,
2007,8,18,2,21.78,84.79,0.0,0.0,0.0,348.1,0.94,128.0,943.25,
2007,8,18,3,20.91,89.59,0.0,0.0,0.0,339.75,0.68,155.0,943.07,
2007,8,18,4,20.81,91.09,0.0,0.0,0.0,337.58,1.13,169.0,943.22,
2007,8,18,5,20.71,92.58,0.0,0.0,0.0,335.42,1.58,183.0,943.38,
2007,8,18,6,20.61,94.08,0.0,0.0,0.0,333.25,2.03,197.0,943.53,
2007,8,18,7,23.06,83.44,101.0,303.63,54.0,339.05,1.98,211.0,943.81,
2007,8,18,8,25.51,72.81,287.0,459.16,122.0,344.85,1.94,224.0,944.09,
2007,8,18,9,27.96,62.17,491.0,601.73,161.0,350.65,1.89,237.0,944.37,
2007,8,18,10,29.72,55.54,681.0,710.76,177.0,361.35,2.17,250.0,943.81,
2007,8,18,11,31.47,48.92,826.0,770.67,186.0,372.05,2.46,263.0,943.25,
2007,8,18,12,33.23,42.29,918.0,809.56,186.0,382.75,2.74,276.0,942.7,
2007,8,18,13,33.17,42.86,939.0,802.97,196.0,390.3,3.15,291.0,942.48,
2007,8,18,14,33.11,43.42,910.0,821.41,177.0,397.85,3.55,307.0,942.26,
2007,8,18,15,33.05,43.99,806.0,778.85,177.0,405.4,3.96,322.0,942.05,
2007,8,18,16,31.67,48.32,654.0,726.97,162.0,404.35,3.71,334.0,941.95,
2007,8,18,17,30.28,52.65,460.0,619.05,145.0,403.3,3.47,347.0,941.86,
2007,8,18,18,28.89,56.98,246.0,425.11,112.0,402.25,3.23,359.0,941.77,
2007,8,18,19,27.46,62.72,61.0,183.33,41.0,400.83,2.75,4.0,942.11,
2007,8,18,20,26.02,68.46,0.0,0.0,0.0,399.42,2.28,10.0,942.45,
2007,8,18,21,24.58,74.2,0.0,0.0,0.0,398.0,1.81,15.0,942.79,
2007,8,18,22,24.12,77.54,0.0,0.0,0.0,394.47,1.67,31.0,942.57,
2007,8,18,23,23.66,80.88,0.0,0.0,0.0,390.93,1.54,46.0,942.36,
2007,8,19,0,23.2,84.22,0.0,0.0,0.0,387.4,1.41,61.0,942.14,
2007,8,19,1,22.72,85.4,0.0,0.0,0.0,375.07,1.32,91.0,941.8,
2007,8,19,2,22.24,86.57,0.0,0.0,0.0,362.73,1.24,120.0,941.46,
2007,8,19,3,21.76,87.75,0.0,0.0,0.0,350.4,1.16,150.0,941.12,
2007,8,19,4,21.62,88.43,0.0,0.0,0.0,351.07,1.44,163.0,941.02,
2007,8,19,5,21.47,89.1,0.0,0.0,0.0,351.73,1.72,177.0,940.93,
2007,8,19,6,21.33,89.78,0.0,0.0,0.0,352.4,2.0,190.0,940.84,
2007,8,19,7,23.62,79.95,26.0,0.0,26.0,357.77,1.99,212.0,941.12,
2007,8,19,8,25.91,70.13,234.0,221.14,155.0,363.13,1.97,233.0,941.39,
2007,8,19,9,28.2,60.3,471.0,525.19,184.0,368.5,1.96,254.0,941.67,
2007,8,19,10,29.71,54.75,689.0,748.0,160.0,376.02,2.46,264.0,941.24,
2007,8,19,11,31.22,49.21,815.0,742.25,200.0,383.53,2.95,273.0,940.8,
2007,8,19,12,32.73,43.66,850.0,622.92,288.0,391.05,3.45,282.0,940.37,
2007,8,19,13,33.1,42.82,898.0,693.29,258.0,393.83,3.68,288.0,939.94,
2007,8,19,14,33.46,41.97,490.0,67.42,430.0,396.62,3.91,293.0,939.5,
2007,8,19,15,33.83,41.13,380.0,31.06,355.0,399.4,4.14,298.0,939.07,
2007,8,19,16,32.18,45.99,87.0,0.0,87.0,398.48,3.81,310.0,939.1,
2007,8,19,17,30.53,50.85,370.0,290.84,223.0,397.57,3.49,321.0,939.13,
2007,8,19,18,28.87,55.71,34.0,0.0,34.0,396.65,3.16,333.0,939.16,
2007,8,19,19,27.25,62.53,53.0,123.73,40.0,397.58,2.8,340.0,939.84,
2007,8,19,20,25.63,69.34,0.0,0.0,0.0,398.52,2.43,348.0,940.53,
2007,8,19,21,24.01,76.16,0.0,0.0,0.0,399.45,2.07,355.0,941.21,
2007,8,19,22,23.39,80.76,0.0,0.0,0.0,393.42,1.79,356.0,941.21,
2007,8,19,23,22.76,85.36,0.0,0.0,0.0,387.38,1.52,357.0,941.21,
2007,8,20,0,22.14,89.96,0.0,0.0,0.0,381.35,1.24,358.0,941.21,
2007,8,20,1,21.63,91.75,0.0,0.0,0.0,375.17,1.27,343.0,941.08,
2007,8,20,2,21.13,93.54,0.0,0.0,0.0,368.98,1.31,327.0,940.96,
2007,8,20,3,20.63,95.33,0.0,0.0,0.0,362.8,1.34,311.0,940.84,
2007,8,20,4,20.52,96.61,0.0,0.0,0.0,358.4,1.3,315.0,941.02,
2007,8,20,5,20.41,97.9,0.0,0.0,0.0,354.0,1.26,319.0,941.21,
2007,8,20,6,20.31,99.18,0.0,0.0,0.0,349.6,1.23,323.0,941.39,
2007,8,20,7,22.08,89.94,60.0,46.64,53.0,353.12,1.48,327.0,941.7,
2007,8,20,8,23.85,80.7,182.0,81.66,153.0,356.63,1.72,331.0,942.01,
2007,8,20,9,25.62,71.46,146.0,0.0,146.0,360.15,1.97,335.0,942.32,
2007,8,20,10,27.0,64.68,207.0,0.0,207.0,369.03,2.44,334.0,941.86,
2007,8,20,11,28.37,57.89,453.0,68.95,396.0,377.92,2.9,332.0,941.39,
2007,8,20,12,29.75,51.11,872.0,686.54,254.0,386.8,3.37,330.0,940.93,
2007,8,20,13,30.15,50.31,954.0,861.1,161.0,388.7,3.62,332.0,940.25,
2007,8,20,14,30.56,49.51,905.0,820.33,177.0,390.6,3.88,333.0,939.56,
2007,8,20,15,30.96,48.71,812.0,819.13,155.0,392.5,4.14,335.0,938.88,
2007,8,20,16,29.45,53.51,657.0,763.51,145.0,387.47,4.28,340.0,938.91,
2007,8,20,17,27.94,58.3,469.0,697.28,119.0,382.43,4.42,345.0,938.94,
2007,8,20,18,26.43,63.1,255.0,523.29,94.0,377.4,4.57,349.0,938.98,
2007,8,20,19,24.91,70.06,60.0,237.68,36.0,370.07,3.76,353.0,939.44,
2007,8,20,20,23.38,77.03,0.0,0.0,0.0,362.73,2.95,356.0,939.91,
2007,8,20,21,21.85,83.99,0.0,0.0,0.0,355.4,2.14,359.0,940.37,
2007,8,20,22,21.84,84.72,0.0,0.0,0.0,348.3,1.55,346.0,940.06,
2007,8,20,23,21.83,85.45,0.0,0.0,0.0,341.2,0.96,333.0,939.75,
2007,8,21,0,21.82,86.18,0.0,0.0,0.0,334.1,0.37,320.0,939.44,
2007,8,21,1,20.81,90.04,0.0,0.0,0.0,329.3,0.79,291.0,939.01,
2007,8,21,2,19.81,93.89,0.0,0.0,0.0,324.5,1.21,262.0,938.57,
2007,8,21,3,18.8,97.75,0.0,0.0,0.0,319.7,1.63,234.0,938.14,
2007,8,21,4,18.76,98.5,0.0,0.0,0.0,316.6,1.6,232.0,938.11,
2007,8,21,5,18.72,99.25,0.0,0.0,0.0,313.5,1.56,231.0,938.08,
2007,8,21,6,18.68,100.0,0.0,0.0,0.0,310.4,1.53,230.0,938.05,
2007,8,21,7,20.93,87.65,97.0,311.36,51.0,315.87,1.71,240.0,938.05,
2007,8,21,8,23.19,75.3,305.0,603.43,92.0,321.33,1.89,251.0,938.05,
2007,8,21,9,25.45,62.95,514.0,726.26,120.0,326.8,2.07,261.0,938.05,
2007,8,21,10,26.88,55.35,718.0,877.19,101.0,334.55,2.74,271.0,937.67,
2007,8,21,11,28.3,47.76,868.0,934.92,97.0,342.3,3.42,280.0,937.3,
2007,8,21,12,29.73,40.16,917.0,822.86,178.0,350.05,4.1,289.0,936.93,
2007,8,21,13,30.41,39.54,918.0,759.83,220.0,351.75,4.18,294.0,936.43,
2007,8,21,14,31.08,38.92,884.0,763.93,208.0,353.45,4.27,299.0,935.94,
2007,8,21,15,31.76,38.3,789.0,749.5,190.0,355.15,4.36,304.0,935.44,
2007,8,21,16,29.95,45.53,648.0,737.22,156.0,354.45,4.39,318.0,935.63,
2007,8,21,17,28.14,52.75,461.0,672.15,126.0,353.75,4.41,332.0,935.81,
2007,8,21,18,26.33,59.98,250.0,510.22,95.0,353.05,4.44,346.0,936.0,
2007,8,21,19,24.76,68.26,55.0,206.59,35.0,350.57,3.71,355.0,936.65,
2007,8,21,20,23.18,76.54,0.0,0.0,0.0,348.08,2.97,5.0,937.3,
2007,8,21,21,21.6,84.82,0.0,0.0,0.0,345.6,2.23,15.0,937.95,
2007,8,21,22,21.16,88.07,0.0,0.0,0.0,342.28,1.77,39.0,937.8,
2007,8,21,23,20.72,91.33,0.0,0.0,0.0,338.97,1.3,62.0,937.64,
2007,8,22,0,20.29,94.58,0.0,0.0,0.0,335.65,0.83,86.0,937.49,
2007,8,22,1,20.3,91.08,0.0,0.0,0.0,336.68,0.88,27.0,937.33,
2007,8,22,2,20.32,87.59,0.0,0.0,0.0,337.72,0.94,328.0,937.18,
2007,8,22,3,20.33,84.09,0.0,0.0,0.0,338.75,0.99,269.0,937.02,
2007,8,22,4,19.79,86.37,0.0,0.0,0.0,336.1,1.13,282.0,937.27,
2007,8,22,5,19.24,88.66,0.0,0.0,0.0,333.45,1.27,295.0,937.52,
2007,8,22,6,18.7,90.94,0.0,0.0,0.0,330.8,1.41,308.0,937.77,
2007,8,22,7,20.55,82.7,94.0,302.66,50.0,334.73,1.78,316.0,938.29,
2007,8,22,8,22.41,74.47,253.0,322.09,140.0,338.67,2.16,324.0,938.82,
2007,8,22,9,24.27,66.23,422.0,366.33,224.0,342.6,2.54,333.0,939.35,
2007,8,22,10,25.33,60.07,631.0,564.56,235.0,348.07,3.02,332.0,939.32,
2007,8,22,11,26.4,53.92,664.0,363.45,365.0,353.53,3.5,332.0,939.29,
2007,8,22,12,27.46,47.76,858.0,659.63,267.0,359.0,3.99,331.0,939.25,
2007,8,22,13,27.73,47.22,887.0,678.83,265.0,362.95,4.27,339.0,939.07,
2007,8,22,14,28.01,46.69,849.0,669.85,258.0,366.9,4.55,347.0,938.88,
2007,8,22,15,28.28,46.15,769.0,695.74,215.0,370.85,4.83,354.0,938.7,
2007,8,22,16,26.82,51.77,647.0,748.39,150.0,368.65,5.03,357.0,939.04,
2007,8,22,17,25.36,57.4,457.0,669.0,126.0,366.45,5.24,0.0,939.38,
2007,8,22,18,23.89,63.02,246.0,506.94,94.0,364.25,5.45,4.0,939.72,
2007,8,22,19,22.63,68.9,51.0,183.63,34.0,358.22,4.89,8.0,940.53,
2007,8,22,20,21.37,74.78,0.0,0.0,0.0,352.18,4.33,12.0,941.33,
2007,8,22,21,20.1,80.66,0.0,0.0,0.0,346.15,3.77,17.0,942.14,
2007,8,22,22,19.86,83.54,0.0,0.0,0.0,343.22,3.39,18.0,942.08,
2007,8,22,23,19.62,86.42,0.0,0.0,0.0,340.28,3.02,20.0,942.01,
2007,8,23,0,19.39,89.3,0.0,0.0,0.0,337.35,2.65,21.0,941.95,
2007,8,23,1,19.05,91.31,0.0,0.0,0.0,337.07,2.51,26.0,941.83,
2007,8,23,2,18.72,93.31,0.0,0.0,0.0,336.78,2.36,32.0,941.7,
2007,8,23,3,18.38,95.32,0.0,0.0,0.0,336.5,2.22,37.0,941.58,
2007,8,23,4,18.39,95.79,0.0,0.0,0.0,338.07,2.28,40.0,941.52,
2007,8,23,5,18.39,96.26,0.0,0.0,0.0,339.63,2.34,44.0,941.46,
2007,8,23,6,18.4,96.73,0.0,0.0,0.0,341.2,2.4,47.0,941.39,
2007,8,23,7,19.93,86.98,92.0,307.66,48.0,348.53,2.69,50.0,941.52,
2007,8,23,8,21.46,77.22,290.0,530.57,105.0,355.87,2.97,52.0,941.64,
2007,8,23,9,22.99,67.47,502.0,688.99,131.0,363.2,3.26,55.0,941.77,
2007,8,23,10,24.51,61.18,674.0,720.57,170.0,367.58,3.68,53.0,941.36,
2007,8,23,11,26.03,54.89,816.0,768.92,185.0,371.97,4.11,51.0,940.96,
2007,8,23,12,27.55,48.6,903.0,794.38,193.0,376.35,4.54,49.0,940.56,
2007,8,23,13,28.39,45.6,923.0,786.74,204.0,381.58,4.64,46.0,940.12,
2007,8,23,14,29.22,42.61,892.0,804.9,184.0,386.82,4.75,44.0,939.69,
2007,8,23,15,30.06,39.61,791.0,775.28,176.0,392.05,4.86,41.0,939.25,
2007,8,23,16,28.81,43.16,634.0,708.29,166.0,392.27,5.18,34.0,938.98,
2007,8,23,17,27.56,46.72,433.0,568.15,154.0,392.48,5.5,28.0,938.7,
2007,8,23,18,26.31,50.27,218.0,351.57,114.0,392.7,5.82,21.0,938.42,
2007,8,23,19,24.9,56.26,46.0,147.25,33.0,387.4,5.2,23.0,939.01,
2007,8,23,20,23.49,62.24,0.0,0.0,0.0,382.1,4.58,25.0,939.6,
2007,8,23,21,22.08,68.23,0.0,0.0,0.0,376.8,3.96,28.0,940.18,
2007,8,23,22,21.79,72.02,0.0,0.0,0.0,371.08,3.6,26.0,940.06,
2007,8,23,23,21.49,75.82,0.0,0.0,0.0,365.37,3.24,24.0,939.94,
2007,8,24,0,21.2,79.61,0.0,0.0,0.0,359.65,2.88,22.0,939.81,
2007,8,24,1,20.69,81.95,0.0,0.0,0.0,348.75,2.57,32.0,939.78,
2007,8,24,2,20.19,84.29,0.0,0.0,0.0,337.85,2.25,42.0,939.75,
2007,8,24,3,19.69,86.63,0.0,0.0,0.0,326.95,1.93,51.0,939.72,
2007,8,24,4,19.75,88.23,0.0,0.0,0.0,327.0,1.84,65.0,939.63,
2007,8,24,5,19.81,89.84,0.0,0.0,0.0,327.05,1.75,78.0,939.53,
2007,8,24,6,19.88,91.44,0.0,0.0,0.0,327.1,1.66,91.0,939.44,
2007,8,24,7,22.33,80.31,85.0,248.86,50.0,335.63,1.81,102.0,939.6,
2007,8,24,8,24.79,69.19,125.0,11.54,121.0,344.17,1.97,113.0,939.75,
2007,8,24,9,27.24,58.06,333.0,149.14,253.0,352.7,2.12,123.0,939.91,
2007,8,24,10,29.37,50.54,665.0,693.98,181.0,360.78,2.17,134.0,939.35,
2007,8,24,11,31.51,43.03,631.0,304.19,382.0,368.87,2.21,144.0,938.79,
2007,8,24,12,33.64,35.51,887.0,751.5,217.0,376.95,2.25,154.0,938.23,
2007,8,24,13,34.8,32.51,872.0,652.81,277.0,382.5,3.01,162.0,937.15,
2007,8,24,14,35.95,29.5,719.0,374.06,391.0,388.05,3.77,169.0,936.06,
2007,8,24,15,37.11,26.5,673.0,444.19,322.0,393.6,4.54,177.0,934.97,
2007,8,24,16,35.37,31.48,532.0,386.42,278.0,395.07,3.65,160.0,934.97,
2007,8,24,17,33.63,36.45,355.0,287.3,215.0,396.53,2.75,142.0,934.97,
2007,8,24,18,31.89,41.43,184.0,198.82,126.0,398.0,1.86,124.0,934.97,
2007,8,24,19,30.25,48.36,40.0,119.16,30.0,402.98,2.72,135.0,935.69,
2007,8,24,20,28.61,55.3,0.0,0.0,0.0,407.97,3.58,146.0,936.4,
2007,8,24,21,26.97,62.23,0.0,0.0,0.0,412.95,4.44,157.0,937.11,
2007,8,24,22,26.75,64.41,0.0,0.0,0.0,412.17,4.65,156.0,937.3,
2007,8,24,23,26.53,66.6,0.0,0.0,0.0,411.38,4.86,155.0,937.49,
2007,8,25,0,26.32,68.78,0.0,0.0,0.0,410.6,5.08,154.0,937.67,
2007,8,25,1,25.04,74.5,0.0,0.0,0.0,398.1,5.22,151.0,938.08,
2007,8,25,2,23.77,80.22,0.0,0.0,0.0,385.6,5.37,148.0,938.48,
2007,8,25,3,22.49,85.94,0.0,0.0,0.0,373.1,5.52,145.0,938.88,
2007,8,25,4,22.8,82.52,0.0,0.0,0.0,371.43,6.1,143.0,939.1,
2007,8,25,5,23.1,79.09,0.0,0.0,0.0,369.77,6.68,142.0,939.32,
2007,8,25,6,23.41,75.67,0.0,0.0,0.0,368.1,7.26,141.0,939.53,
2007,8,25,7,27.04,62.5,66.0,101.25,52.0,369.18,7.91,141.0,939.84,
2007,8,25,8,30.68,49.34,201.0,145.21,151.0,370.27,8.57,141.0,940.15,
2007,8,25,9,34.32,36.17,229.0,24.33,216.0,371.35,9.23,142.0,940.46,
2007,8,25,10,35.97,30.72,337.0,40.27,309.0,379.75,9.23,145.0,940.43,
2007,8,25,11,37.61,25.27,672.0,390.72,353.0,388.15,9.23,148.0,940.4,
2007,8,25,12,39.26,19.82,534.0,102.33,443.0,396.55,9.23,151.0,940.37,
2007,8,25,13,39.29,20.3,759.0,397.17,398.0,401.98,8.35,151.0,940.28,
2007,8,25,14,39.33,20.78,604.0,191.06,437.0,407.42,7.48,151.0,940.18,
2007,8,25,15,39.36,21.26,281.0,3.81,278.0,412.85,6.61,151.0,940.09,
2007,8,25,16,38.09,22.08,352.0,70.35,306.0,411.08,5.86,142.0,940.37,
2007,8,25,17,36.82,22.89,191.0,14.48,184.0,409.32,5.11,134.0,940.65,
2007,8,25,18,35.55,23.71,132.0,52.16,117.0,407.55,4.36,125.0,940.93,
2007,8,25,19,34.58,23.31,31.0,50.32,27.0,403.7,4.55,125.0,941.8,
2007,8,25,20,33.61,22.9,0.0,0.0,0.0,399.85,4.74,125.0,942.67,
2007,8,25,21,32.64,22.5,0.0,0.0,0.0,396.0,4.94,125.0,943.53,
2007,8,25,22,32.48,22.96,0.0,0.0,0.0,388.52,5.11,129.0,943.81,
2007,8,25,23,32.32,23.42,0.0,0.0,0.0,381.03,5.29,133.0,944.09,
2007,8,26,0,32.16,23.88,0.0,0.0,0.0,373.55,5.46,137.0,944.37,
2007,8,26,1,30.41,26.38,0.0,0.0,0.0,363.78,5.16,138.0,944.43,
2007,8,26,2,28.67,28.87,0.0,0.0,0.0,354.02,4.86,140.0,944.5,
2007,8,26,3,26.92,31.37,0.0,0.0,0.0,344.25,4.55,142.0,944.56,
2007,8,26,4,26.92,31.3,0.0,0.0,0.0,340.35,4.62,143.0,944.87,
2007,8,26,5,26.92,31.24,0.0,0.0,0.0,336.45,4.68,144.0,945.18,
2007,8,26,6,26.92,31.17,0.0,0.0,0.0,332.55,4.74,146.0,945.49,
2007,8,26,7,28.94,28.63,73.0,161.9,51.0,335.3,5.29,147.0,945.86,
2007,8,26,8,30.96,26.08,284.0,526.09,104.0,338.05,5.84,149.0,946.23,
2007,8,26,9,32.98,23.54,486.0,638.77,146.0,340.8,6.39,151.0,946.6,
2007,8,26,10,34.71,21.06,665.0,706.75,175.0,346.87,5.91,153.0,946.14,
2007,8,26,11,36.43,18.57,805.0,754.03,191.0,352.93,5.44,154.0,945.67,
2007,8,26,12,38.16,16.09,892.0,779.06,201.0,359.0,4.97,156.0,945.21,
2007,8,26,13,38.72,16.05,906.0,757.96,219.0,363.12,4.46,151.0,944.5,
2007,8,26,14,39.28,16.0,875.0,774.79,200.0,367.23,3.94,146.0,943.78,
2007,8,26,15,39.84,15.96,777.0,759.07,182.0,371.35,3.43,141.0,943.07,
2007,8,26,16,38.55,17.8,620.0,693.56,169.0,368.43,3.33,132.0,943.07,
2007,8,26,17,37.26,19.65,410.0,512.98,164.0,365.52,3.22,123.0,943.07,
2007,8,26,18,35.96,21.49,204.0,324.69,112.0,362.6,3.12,114.0,943.07,
2007,8,26,19,34.38,21.98,35.0,106.65,27.0,358.48,3.52,119.0,943.6,
2007,8,26,20,32.8,22.47,0.0,0.0,0.0,354.37,3.93,123.0,944.12,
2007,8,26,21,31.22,22.96,0.0,0.0,0.0,350.25,4.33,128.0,944.65,
2007,8,26,22,31.06,22.0,0.0,0.0,0.0,346.38,4.61,135.0,944.77,
2007,8,26,23,30.9,21.04,0.0,0.0,0.0,342.52,4.88,141.0,944.9,
2007,8,27,0,30.74,20.08,0.0,0.0,0.0,338.65,5.16,148.0,945.02,
2007,8,27,1,29.82,21.11,0.0,0.0,0.0,333.9,4.89,150.0,944.93,
2007,8,27,2,28.91,22.13,0.0,0.0,0.0,329.15,4.63,152.0,944.84,
2007,8,27,3,28.0,23.16,0.0,0.0,0.0,324.4,4.36,154.0,944.74,
2007,8,27,4,27.43,24.9,0.0,0.0,0.0,321.48,4.31,155.0,944.9,
2007,8,27,5,26.85,26.64,0.0,0.0,0.0,318.57,4.27,157.0,945.05,
2007,8,27,6,26.28,28.38,0.0,0.0,0.0,315.65,4.22,158.0,945.21,
2007,8,27,7,28.51,26.67,81.0,254.67,47.0,318.73,4.51,161.0,945.46,
2007,8,27,8,30.75,24.97,277.0,497.14,108.0,321.82,4.8,163.0,945.7,
2007,8,27,9,32.99,23.26,488.0,662.05,137.0,324.9,5.09,165.0,945.95,
2007,8,27,10,34.65,20.76,659.0,692.98,180.0,330.95,4.8,169.0,945.49,
2007,8,27,11,36.32,18.27,816.0,794.23,171.0,337.0,4.51,172.0,945.02,
2007,8,27,12,37.98,15.77,921.0,879.5,143.0,343.05,4.22,176.0,944.56,
2007,8,27,13,38.36,15.23,946.0,887.4,144.0,344.48,3.79,174.0,943.72,
2007,8,27,14,38.73,14.68,894.0,846.5,159.0,345.92,3.36,173.0,942.88,
2007,8,27,15,39.11,14.14,785.0,799.4,161.0,347.35,2.92,171.0,942.05,
2007,8,27,16,37.82,15.95,610.0,666.52,179.0,344.6,2.43,167.0,942.01,
2007,8,27,17,36.53,17.75,406.0,510.96,163.0,341.85,1.93,163.0,941.98,
2007,8,27,18,35.23,19.56,198.0,308.18,112.0,339.1,1.43,158.0,941.95,
2007,8,27,19,32.86,21.89,34.6,133.39,25.2,336.42,1.9,155.0,942.48,
2007,8,27,20,30.49,24.22,0.0,0.0,0.0,333.73,2.36,152.0,943.01,
2007,8,27,21,28.12,26.55,0.0,0.0,0.0,331.05,2.83,148.0,943.53,
2007,8,27,22,27.47,26.39,0.0,0.0,0.0,329.18,3.22,154.0,943.53,
2007,8,27,23,26.82,26.24,0.0,0.0,0.0,327.32,3.62,159.0,943.53,
2007,8,28,0,26.18,26.08,0.0,0.0,0.0,325.45,4.01,165.0,943.53,
2007,8,28,1,25.93,24.09,0.0,0.0,0.0,321.97,3.98,167.0,943.38,
2007,8,28,2,25.69,22.11,0.0,0.0,0.0,318.48,3.95,169.0,943.22,
2007,8,28,3,25.44,20.12,0.0,0.0,0.0,315.0,3.92,171.0,943.07,
2007,8,28,4,25.3,20.46,0.0,0.0,0.0,313.58,3.94,171.0,943.13,
2007,8,28,5,25.16,20.81,0.0,0.0,0.0,312.17,3.96,171.0,943.19,
2007,8,28,6,25.03,21.15,0.0,0.0,0.0,310.75,3.99,171.0,943.25,
2007,8,28,7,27.94,20.3,77.0,228.8,47.0,315.65,4.11,174.0,943.53,
2007,8,28,8,30.85,19.46,275.0,497.43,107.0,320.55,4.24,176.0,943.81,
2007,8,28,9,33.76,18.61,479.0,626.84,148.0,325.45,4.37,179.0,944.09,
2007,8,28,10,35.56,16.04,664.0,718.35,169.0,333.05,4.4,185.0,943.56,
2007,8,28,11,37.37,13.47,814.0,793.95,171.0,340.65,4.44,192.0,943.04,
2007,8,28,12,39.17,10.9,896.0,805.95,185.0,348.25,4.47,198.0,942.51,
2007,8,28,13,39.41,11.13,920.0,813.46,187.0,349.0,4.03,199.0,941.86,
2007,8,28,14,39.66,11.35,878.0,802.04,184.0,349.75,3.59,201.0,941.21,
2007,8,28,15,39.9,11.58,774.0,770.67,175.0,350.5,3.14,203.0,940.56,
2007,8,28,16,38.41,14.1,622.0,727.9,154.0,348.23,2.45,203.0,940.56,
2007,8,28,17,36.91,16.63,424.0,612.89,135.0,345.97,1.75,204.0,940.56,
2007,8,28,18,35.41,19.15,211.0,411.35,98.0,343.7,1.05,205.0,940.56,
2007,8,28,19,32.98,21.57,33.0,151.81,23.0,341.17,1.55,189.0,941.02,
2007,8,28,20,30.54,24.0,0.0,0.0,0.0,338.63,2.06,174.0,941.49,
2007,8,28,21,28.1,26.42,0.0,0.0,0.0,336.1,2.57,158.0,941.95,
2007,8,28,22,27.64,25.86,0.0,0.0,0.0,334.8,3.08,163.0,941.92,
2007,8,28,23,27.18,25.31,0.0,0.0,0.0,333.5,3.59,168.0,941.89,
2007,8,29,0,26.73,24.75,0.0,0.0,0.0,332.2,4.1,173.0,941.86,
2007,8,29,1,26.72,23.81,0.0,0.0,0.0,330.65,4.31,175.0,941.61,
2007,8,29,2,26.72,22.86,0.0,0.0,0.0,329.1,4.52,177.0,941.36,
2007,8,29,3,26.72,21.92,0.0,0.0,0.0,327.55,4.73,179.0,941.12,
2007,8,29,4,26.92,23.18,0.0,0.0,0.0,326.68,4.67,181.0,941.43,
2007,8,29,5,27.12,24.43,0.0,0.0,0.0,325.82,4.6,184.0,941.74,
2007,8,29,6,27.32,25.69,0.0,0.0,0.0,324.95,4.54,187.0,942.05,
2007,8,29,7,29.55,24.88,77.0,248.59,45.0,329.97,4.62,192.0,942.32,
2007,8,29,8,31.78,24.08,276.0,512.65,104.0,334.98,4.7,197.0,942.6,
2007,8,29,9,34.01,23.27,484.0,659.82,137.0,340.0,4.79,202.0,942.88,
2007,8,29,10,35.43,21.98,658.0,704.59,174.0,347.65,4.78,212.0,942.48,
2007,8,29,11,36.84,20.69,799.0,752.85,191.0,355.3,4.78,222.0,942.08,
2007,8,29,12,38.26,19.4,889.0,791.16,193.0,362.95,4.77,231.0,941.67,
2007,8,29,13,38.2,21.0,912.0,798.12,195.0,364.07,4.41,247.0,941.12,
2007,8,29,14,38.14,22.59,879.0,816.47,175.0,365.18,4.05,262.0,940.56,
2007,8,29,15,38.08,24.19,774.0,784.39,167.0,366.3,3.68,278.0,940.0,
2007,8,29,16,36.07,28.3,611.0,700.9,163.0,368.35,3.44,293.0,940.15,
2007,8,29,17,34.06,32.4,405.0,536.98,154.0,370.4,3.2,308.0,940.31,
2007,8,29,18,32.04,36.51,214.0,455.05,91.0,372.45,2.95,323.0,940.46,
2007,8,29,19,30.4,39.64,24.0,65.34,20.0,369.53,2.63,325.0,941.18,
2007,8,29,20,28.75,42.76,0.0,0.0,0.0,366.62,2.32,328.0,941.89,
2007,8,29,21,27.1,45.89,0.0,0.0,0.0,363.7,2.0,330.0,942.6,
2007,8,29,22,26.76,47.25,0.0,0.0,0.0,359.98,1.85,303.0,942.7,
2007,8,29,23,26.41,48.6,0.0,0.0,0.0,356.27,1.71,275.0,942.79,
2007,8,30,0,26.07,49.96,0.0,0.0,0.0,352.55,1.56,248.0,942.88,
2007,8,30,1,25.54,52.62,0.0,0.0,0.0,347.37,1.64,235.0,942.63,
2007,8,30,2,25.02,55.29,0.0,0.0,0.0,342.18,1.72,222.0,942.39,
2007,8,30,3,24.5,57.95,0.0,0.0,0.0,337.0,1.81,208.0,942.14,
2007,8,30,4,24.1,61.17,0.0,0.0,0.0,334.57,1.82,207.0,942.48,
2007,8,30,5,23.7,64.39,0.0,0.0,0.0,332.13,1.83,206.0,942.82,
2007,8,30,6,23.3,67.61,0.0,0.0,0.0,329.7,1.83,205.0,943.16,
2007,8,30,7,25.24,59.68,75.0,237.47,45.0,334.47,1.97,223.0,943.56,
2007,8,30,8,27.18,51.76,264.0,450.08,114.0,339.23,2.1,241.0,943.97,
2007,8,30,9,29.12,43.83,472.0,612.91,151.0,344.0,2.23,259.0,944.37,
2007,8,30,10,30.45,38.88,653.0,690.79,180.0,353.2,2.77,269.0,944.09,
2007,8,30,11,31.78,33.93,801.0,764.94,185.0,362.4,3.31,280.0,943.81,
2007,8,30,12,33.11,28.98,882.0,777.47,200.0,371.6,3.85,290.0,943.53,
2007,8,30,13,33.35,29.3,900.0,770.46,210.0,379.17,4.06,294.0,943.07,
2007,8,30,14,33.6,29.62,858.0,758.9,206.0,386.73,4.26,298.0,942.6,
2007,8,30,15,33.84,29.94,759.0,742.49,187.0,394.3,4.47,302.0,942.14,
2007,8,30,16,32.11,33.66,598.0,662.62,177.0,393.78,4.14,314.0,942.39,
2007,8,30,17,30.38,37.38,400.0,535.33,152.0,393.27,3.81,326.0,942.63,
2007,8,30,18,28.65,41.1,221.0,549.22,75.0,392.75,3.48,338.0,942.88,
2007,8,30,19,27.19,46.53,21.0,53.09,18.0,393.42,2.97,340.0,943.56,
2007,8,30,20,25.73,51.95,0.0,0.0,0.0,394.08,2.46,342.0,944.25,
2007,8,30,21,24.26,57.38,0.0,0.0,0.0,394.75,1.96,344.0,944.93,
2007,8,30,22,24.08,58.82,0.0,0.0,0.0,390.13,1.62,347.0,944.99,
2007,8,30,23,23.9,60.27,0.0,0.0,0.0,385.52,1.28,351.0,945.05,
2007,8,31,0,23.73,61.71,0.0,0.0,0.0,380.9,0.94,354.0,945.12,
2007,8,31,1,23.2,63.9,0.0,0.0,0.0,372.83,0.86,28.0,944.93,
2007,8,31,2,22.68,66.09,0.0,0.0,0.0,364.77,0.79,61.0,944.74,
2007,8,31,3,22.16,68.28,0.0,0.0,0.0,356.7,0.72,95.0,944.56,
2007,8,31,4,21.98,70.49,0.0,0.0,0.0,350.78,0.61,89.0,944.68,
2007,8,31,5,21.8,72.7,0.0,0.0,0.0,344.87,0.51,84.0,944.81,
2007,8,31,6,21.63,74.91,0.0,0.0,0.0,338.95,0.4,79.0,944.93,
2007,8,31,7,23.26,66.41,68.0,185.59,45.0,342.45,0.65,52.0,945.27,
2007,8,31,8,24.9,57.92,270.0,498.46,105.0,345.95,0.9,26.0,945.61,
2007,8,31,9,26.53,49.42,470.0,611.65,151.0,349.45,1.14,359.0,945.95,
2007,8,31,10,28.03,43.85,651.0,690.11,180.0,359.47,1.74,353.0,945.64,
2007,8,31,11,29.52,38.28,790.0,738.54,197.0,369.48,2.34,346.0,945.33,
2007,8,31,12,31.02,32.71,870.0,748.88,215.0,379.5,2.94,340.0,945.02,
2007,8,31,13,31.31,32.94,835.0,600.41,299.0,384.02,3.24,340.0,944.43,
2007,8,31,14,31.61,33.17,854.0,758.21,205.0,388.53,3.54,341.0,943.84,
2007,8,31,15,31.9,33.4,755.0,742.0,186.0,393.05,3.85,341.0,943.25,
2007,8,31,16,30.2,39.13,594.0,661.95,176.0,387.75,4.04,348.0,943.5,
2007,8,31,17,25.36,55.6,409.0,594.73,136.0,370.9,3.83,354.0,943.75,
2007,8,31,18,25.04,57.73,207.0,463.06,86.0,370.1,3.63,1.0,944.0,
2007,8,31,19,24.72,59.86,20.0,57.97,17.0,369.3,3.43,7.0,944.68,
2007,8,31,20,24.4,61.99,0.0,0.0,0.0,368.5,3.23,13.0,945.36,
2007,8,31,21,24.07,64.12,0.0,0.0,0.0,367.71,3.03,19.0,946.05,
2007,8,31,22,23.75,66.26,0.0,0.0,0.0,366.91,2.83,23.0,946.08,
2007,8,31,23,23.43,68.39,0.0,0.0,0.0,366.11,2.63,27.0,946.11,
2011,9,1,0,23.1,70.52,0.0,0.0,0.0,365.31,2.43,31.0,946.14,
2011,9,1,1,22.78,72.65,0.0,0.0,0.0,364.51,2.23,46.0,940.56,
2011,9,1,2,22.46,74.78,0.0,0.0,0.0,363.72,2.03,79.0,940.46,
2011,9,1,3,22.14,76.91,0.0,0.0,0.0,362.92,1.83,111.0,940.37,
2011,9,1,4,21.81,79.04,0.0,0.0,0.0,362.12,1.63,85.0,940.34,
2011,9,1,5,21.49,81.17,0.0,0.0,0.0,361.32,1.43,59.0,940.31,
2011,9,1,6,21.17,83.3,0.0,0.0,0.0,360.52,1.23,34.0,940.28,
2011,9,1,7,20.84,85.44,59.0,115.21,45.0,359.72,1.03,11.0,940.53,
2011,9,1,8,20.52,87.57,91.0,0.0,91.0,358.93,0.83,348.0,940.77,
2011,9,1,9,26.2,62.34,323.0,150.2,245.0,359.2,0.87,324.0,941.02,
2011,9,1,10,27.96,55.43,598.0,517.46,246.0,368.28,1.3,307.0,940.62,
2011,9,1,11,29.71,48.51,806.0,796.96,168.0,377.37,1.73,290.0,940.22,
2011,9,1,12,31.46,41.6,837.0,660.53,261.0,386.45,2.17,273.0,939.81,
2011,9,1,13,32.07,40.21,934.0,893.43,139.0,391.07,3.03,276.0,939.41,
2011,9,1,14,32.68,38.82,706.0,386.99,376.0,395.68,3.89,279.0,939.01,
2011,9,1,15,33.29,37.43,583.0,292.17,360.0,400.3,4.74,282.0,938.6,
2011,9,1,16,31.46,42.84,483.0,318.72,283.0,401.8,3.83,302.0,938.85,
2011,9,1,17,29.62,48.24,246.0,83.56,208.0,403.3,2.91,322.0,939.1,
2011,9,1,18,27.79,53.65,115.0,46.74,103.0,404.8,2.0,342.0,939.35,
2011,9,1,19,26.32,58.72,15.0,42.6,13.0,396.62,1.77,342.0,940.25,
2011,9,1,20,24.86,63.78,0.0,0.0,0.0,388.43,1.55,343.0,941.15,
2011,9,1,21,23.4,68.85,0.0,0.0,0.0,380.25,1.32,343.0,942.05,
2011,9,1,22,22.81,70.65,0.0,0.0,0.0,371.07,1.38,334.0,942.54,
2011,9,1,23,22.22,72.46,0.0,0.0,0.0,361.88,1.44,325.0,943.04,
2011,9,2,0,21.64,74.26,0.0,0.0,0.0,352.7,1.5,316.0,943.53,
2011,9,2,1,20.91,77.85,0.0,0.0,0.0,349.98,1.49,317.0,943.75,
2011,9,2,2,20.19,81.44,0.0,0.0,0.0,347.27,1.49,318.0,943.97,
2011,9,2,3,19.47,85.03,0.0,0.0,0.0,344.55,1.48,319.0,944.19,
2011,9,2,4,19.29,87.24,0.0,0.0,0.0,344.15,1.26,320.0,944.22,
2011,9,2,5,19.1,89.46,0.0,0.0,0.0,343.75,1.03,320.0,944.25,
2011,9,2,6,18.92,91.67,0.0,0.0,0.0,343.35,0.81,321.0,944.28,
2011,9,2,7,20.32,84.17,69.0,226.69,42.0,348.08,1.45,324.0,944.4,
2011,9,2,8,21.72,76.67,271.0,529.9,98.0,352.82,2.09,328.0,944.53,
2011,9,2,9,23.12,69.17,470.0,628.52,145.0,357.55,2.73,331.0,944.65,
2011,9,2,10,24.49,62.73,666.0,761.12,150.0,363.15,2.65,332.0,944.19,
2011,9,2,11,25.86,56.29,763.0,666.58,231.0,368.75,2.57,332.0,943.72,
2011,9,2,12,27.22,49.85,638.0,240.4,429.0,374.35,2.5,333.0,943.25,
2011,9,2,13,27.47,48.37,774.0,465.68,361.0,376.47,3.77,332.0,942.98,
2011,9,2,14,27.72,46.88,521.0,111.84,426.0,378.58,5.03,331.0,942.7,
2011,9,2,15,27.97,45.4,149.0,0.0,149.0,380.7,6.3,330.0,942.42,
2011,9,2,16,26.09,53.47,207.0,1.6,206.0,379.75,5.65,336.0,942.7,
2011,9,2,17,24.2,61.55,192.0,24.42,181.0,378.8,4.99,343.0,942.98,
2011,9,2,18,22.32,69.62,76.0,3.97,75.0,377.85,4.33,349.0,943.25,
2011,9,2,19,21.31,76.83,11.0,23.76,10.0,373.92,3.1,348.0,943.91,
2011,9,2,20,20.31,84.03,0.0,0.0,0.0,369.98,1.88,346.0,944.56,
2011,9,2,21,19.31,91.24,0.0,0.0,0.0,366.05,0.65,345.0,945.21,
2011,9,2,22,19.1,93.09,0.0,0.0,0.0,362.18,0.69,342.0,945.08,
2011,9,2,23,18.89,94.94,0.0,0.0,0.0,358.32,0.72,338.0,944.96,
2011,9,3,0,18.69,96.79,0.0,0.0,0.0,354.45,0.76,334.0,944.84,
2011,9,3,1,18.46,95.91,0.0,0.0,0.0,362.38,0.58,337.0,944.74,
2011,9,3,2,18.24,95.03,0.0,0.0,0.0,370.32,0.41,339.0,944.65,
2011,9,3,3,18.01,94.15,0.0,0.0,0.0,378.25,0.23,342.0,944.56,
2011,9,3,4,17.92,93.83,0.0,0.0,0.0,381.13,0.54,337.0,944.5,
2011,9,3,5,17.82,93.52,0.0,0.0,0.0,384.02,0.84,333.0,944.43,
2011,9,3,6,17.73,93.2,0.0,0.0,0.0,386.9,1.14,328.0,944.37,
2011,9,3,7,18.37,88.97,12.0,0.0,12.0,386.82,1.43,324.0,944.56,
2011,9,3,8,19.0,84.74,129.0,21.59,122.0,386.73,1.72,319.0,944.74,
2011,9,3,9,19.64,80.51,501.0,794.45,92.0,386.65,2.01,314.0,944.93,
2011,9,3,10,20.78,71.25,656.0,732.65,161.0,380.85,2.65,312.0,944.84,
2011,9,3,11,21.92,62.0,570.0,226.24,390.0,375.05,3.29,310.0,944.74,
2011,9,3,12,23.06,52.74,338.0,6.92,332.0,369.25,3.93,308.0,944.65,
2011,9,3,13,23.67,50.94,787.0,500.08,345.0,362.9,4.07,303.0,944.25,
2011,9,3,14,24.27,49.13,868.0,832.07,164.0,356.55,4.21,298.0,943.84,
2011,9,3,15,24.87,47.33,722.1,721.87,176.45,350.2,4.34,293.0,943.44,
2011,9,3,16,23.68,52.01,599.0,728.1,148.0,348.4,3.67,301.0,943.75,
2011,9,3,17,22.48,56.7,384.0,529.16,148.0,346.6,2.99,309.0,944.06,
2011,9,3,18,21.29,61.38,184.0,371.87,92.0,344.8,2.32,316.0,944.37,
2011,9,3,19,20.32,66.99,10.0,0.0,10.0,337.45,2.41,317.0,944.99,
2011,9,3,20,19.35,72.6,0.0,0.0,0.0,330.1,2.5,317.0,945.61,
2011,9,3,21,18.38,78.21,0.0,0.0,0.0,322.75,2.59,318.0,946.23,
2011,9,3,22,18.12,80.45,0.0,0.0,0.0,316.35,2.43,298.0,946.17,
2011,9,3,23,17.87,82.69,0.0,0.0,0.0,309.95,2.27,277.0,946.11,
2011,9,4,0,17.62,84.93,0.0,0.0,0.0,303.55,2.11,257.0,946.05,
2011,9,4,1,17.22,86.95,0.0,0.0,0.0,299.32,2.18,248.0,945.83,
2011,9,4,2,16.83,88.97,0.0,0.0,0.0,295.08,2.25,240.0,945.61,
2011,9,4,3,16.43,90.99,0.0,0.0,0.0,290.85,2.32,231.0,945.39,
2011,9,4,4,16.17,92.55,0.0,0.0,0.0,288.82,2.26,229.0,945.49,
2011,9,4,5,15.9,94.12,0.0,0.0,0.0,286.78,2.21,228.0,945.58,
2011,9,4,6,15.64,95.68,0.0,0.0,0.0,284.75,2.15,226.0,945.67,
2011,9,4,7,17.87,84.88,69.0,262.56,39.0,289.33,2.29,247.0,945.95,
2011,9,4,8,20.1,74.07,274.0,577.87,88.0,293.92,2.43,269.0,946.23,
2011,9,4,9,22.33,63.27,486.0,729.7,112.0,298.5,2.57,290.0,946.51,
2011,9,4,10,23.58,57.18,672.0,803.54,131.0,306.8,2.45,302.0,946.36,
2011,9,4,11,24.82,51.1,820.0,872.51,128.0,315.1,2.34,314.0,946.2,
2011,9,4,12,26.06,45.01,917.0,934.14,110.0,323.4,2.22,326.0,946.05,
2011,9,4,13,26.61,44.15,929.0,908.26,129.0,329.58,2.56,330.0,945.61,
2011,9,4,14,27.16,43.28,879.0,879.34,138.0,335.77,2.9,334.0,945.18,
2011,9,4,15,27.71,42.42,778.0,876.2,119.0,341.95,3.24,338.0,944.74,
2011,9,4,16,26.44,47.44,611.0,796.38,121.0,340.32,2.92,339.0,944.99,
2011,9,4,17,25.16,52.45,413.0,704.38,102.0,338.68,2.61,340.0,945.24,
2011,9,4,18,23.89,57.47,201.0,543.96,69.0,337.05,2.29,341.0,945.49,
2011,9,4,19,22.55,64.68,0.0,0.0,0.0,334.57,2.0,344.0,946.2,
2011,9,4,20,21.22,71.89,0.0,0.0,0.0,332.08,1.71,347.0,946.91,
2011,9,4,21,19.89,79.1,0.0,0.0,0.0,329.6,1.42,350.0,947.63,
2011,9,4,22,19.35,82.63,0.0,0.0,0.0,326.45,1.25,349.0,947.6,
2011,9,4,23,18.82,86.16,0.0,0.0,0.0,323.3,1.07,349.0,947.57,
2011,9,5,0,18.29,89.69,0.0,0.0,0.0,320.15,0.9,349.0,947.53,
2011,9,5,1,17.76,90.31,0.0,0.0,0.0,317.62,1.3,38.0,947.5,
2011,9,5,2,17.23,90.93,0.0,0.0,0.0,315.08,1.71,87.0,947.47,
2011,9,5,3,16.7,91.55,0.0,0.0,0.0,312.55,2.11,136.0,947.44,
2011,9,5,4,16.24,92.31,0.0,0.0,0.0,310.72,1.92,141.0,947.57,
2011,9,5,5,15.78,93.07,0.0,0.0,0.0,308.88,1.73,146.0,947.69,
2011,9,5,6,15.33,93.83,0.0,0.0,0.0,307.05,1.54,151.0,947.81,
2011,9,5,7,18.39,80.82,68.0,268.27,38.0,311.5,1.08,144.0,948.22,
2011,9,5,8,21.45,67.81,272.0,575.82,88.0,315.95,0.62,136.0,948.62,
2011,9,5,9,24.51,54.8,484.0,727.13,113.0,320.4,0.15,129.0,949.02,
2011,9,5,10,25.97,48.4,680.0,848.15,111.0,330.08,0.66,77.0,948.81,
2011,9,5,11,27.43,42.01,818.0,872.81,128.0,339.77,1.16,25.0,948.59,
2011,9,5,12,28.88,35.61,909.0,917.45,119.0,349.45,1.67,333.0,948.37,
2011,9,5,13,29.17,36.17,931.0,924.03,120.0,353.55,2.13,343.0,948.15,
2011,9,5,14,29.45,36.74,880.0,894.9,129.0,357.65,2.6,353.0,947.94,
2011,9,5,15,29.73,37.3,766.0,843.27,135.0,361.75,3.06,3.0,947.72,
2011,9,5,16,28.36,42.17,606.0,795.29,120.0,358.85,2.81,4.0,947.97,
2011,9,5,17,26.98,47.05,406.0,688.77,105.0,355.95,2.57,5.0,948.22,
2011,9,5,18,25.6,51.92,195.0,525.46,70.0,353.05,2.32,6.0,948.46,
2011,9,5,19,24.3,57.87,0.0,0.0,0.0,349.97,2.46,11.0,949.15,
2011,9,5,20,23.0,63.83,0.0,0.0,0.0,346.88,2.61,15.0,949.83,
2011,9,5,21,21.71,69.78,0.0,0.0,0.0,343.8,2.76,20.0,950.51,
2011,9,5,22,21.04,74.08,0.0,0.0,0.0,339.97,2.47,36.0,950.64,
2011,9,5,23,20.37,78.37,0.0,0.0,0.0,336.13,2.19,52.0,950.76,
2011,9,6,0,19.71,82.67,0.0,0.0,0.0,332.3,1.9,67.0,950.88,
2011,9,6,1,19.05,84.76,0.0,0.0,0.0,328.55,1.67,81.0,950.79,
2011,9,6,2,18.39,86.84,0.0,0.0,0.0,324.8,1.44,95.0,950.7,
2011,9,6,3,17.73,88.93,0.0,0.0,0.0,321.05,1.21,109.0,950.6,
2011,9,6,4,17.45,88.83,0.0,0.0,0.0,319.23,1.1,115.0,950.6,
2011,9,6,5,17.17,88.74,0.0,0.0,0.0,317.42,0.98,122.0,950.6,
2011,9,6,6,16.9,88.64,0.0,0.0,0.0,315.6,0.87,128.0,950.6,
2011,9,6,7,19.67,79.42,64.0,246.83,37.0,320.07,1.1,112.0,950.95,
2011,9,6,8,22.43,70.19,266.0,551.7,91.0,324.53,1.33,97.0,951.29,
2011,9,6,9,25.2,60.97,474.0,687.16,125.0,329.0,1.56,81.0,951.63,
2011,9,6,10,26.99,54.45,659.0,773.43,142.0,339.77,1.86,65.0,951.19,
2011,9,6,11,28.78,47.92,806.0,840.17,144.0,350.53,2.17,48.0,950.76,
2011,9,6,12,30.56,41.4,897.0,883.22,139.0,361.3,2.47,31.0,950.33,
2011,9,6,13,30.8,41.59,918.0,890.79,139.0,365.13,2.78,22.0,949.98,
2011,9,6,14,31.04,41.79,866.0,861.58,146.0,368.97,3.09,13.0,949.64,
2011,9,6,15,31.28,41.98,761.0,842.31,134.0,372.8,3.39,4.0,949.3,
2011,9,6,16,29.62,47.34,595.0,764.61,131.0,368.63,3.08,6.0,949.43,
2011,9,6,17,27.96,52.69,401.0,684.48,105.0,364.47,2.77,8.0,949.55,
2011,9,6,18,26.3,58.05,189.0,510.6,70.0,360.3,2.46,10.0,949.67,
2011,9,6,19,24.98,63.55,0.0,0.0,0.0,356.53,2.62,17.0,950.26,
2011,9,6,20,23.66,69.06,0.0,0.0,0.0,352.77,2.79,24.0,950.85,
2011,9,6,21,22.35,74.56,0.0,0.0,0.0,349.0,2.95,32.0,951.44,
2011,9,6,22,21.58,79.15,0.0,0.0,0.0,345.0,2.85,48.0,951.35,
2011,9,6,23,20.81,83.75,0.0,0.0,0.0,341.0,2.75,64.0,951.26,
2011,9,7,0,20.05,88.34,0.0,0.0,0.0,337.0,2.65,81.0,951.16,
2011,9,7,1,19.69,88.33,0.0,0.0,0.0,334.78,2.09,90.0,950.85,
2011,9,7,2,19.34,88.33,0.0,0.0,0.0,332.57,1.54,100.0,950.54,
2011,9,7,3,18.98,88.32,0.0,0.0,0.0,330.35,0.98,110.0,950.23,
2011,9,7,4,18.53,89.73,0.0,0.0,0.0,329.0,0.91,115.0,950.11,
2011,9,7,5,18.07,91.15,0.0,0.0,0.0,327.65,0.83,120.0,949.98,
2011,9,7,6,17.62,92.56,0.0,0.0,0.0,326.3,0.76,124.0,949.86,
2011,9,7,7,20.48,81.26,62.0,233.78,37.0,331.02,0.85,110.0,950.05,
2011,9,7,8,23.34,69.96,263.0,539.95,93.0,335.73,0.94,96.0,950.23,
2011,9,7,9,26.2,58.66,474.0,700.26,120.0,340.45,1.03,82.0,950.42,
2011,9,7,10,28.07,50.52,664.0,801.82,130.0,351.23,1.54,61.0,949.92,
2011,9,7,11,29.94,42.38,803.0,839.18,144.0,362.02,2.04,41.0,949.43,
2011,9,7,12,31.8,34.24,894.0,882.72,139.0,372.8,2.54,20.0,948.93,
2011,9,7,13,31.87,33.76,919.0,906.72,129.0,373.7,2.94,13.0,948.43,
2011,9,7,14,31.94,33.28,876.0,909.76,119.0,374.6,3.34,7.0,947.94,
2011,9,7,15,32.0,32.8,757.0,841.4,134.0,375.5,3.74,360.0,947.44,
2011,9,7,16,30.31,37.31,597.0,791.64,120.0,369.78,3.27,4.0,947.41,
2011,9,7,17,28.61,41.83,396.0,682.51,104.0,364.07,2.81,8.0,947.38,
2011,9,7,18,26.92,46.34,185.0,512.73,68.0,358.35,2.34,12.0,947.35,
2011,9,7,19,25.42,51.07,0.0,0.0,0.0,352.42,2.43,21.0,947.72,
2011,9,7,20,23.93,55.8,0.0,0.0,0.0,346.48,2.51,31.0,948.09,
2011,9,7,21,22.44,60.53,0.0,0.0,0.0,340.55,2.59,40.0,948.46,
2011,9,7,22,21.63,63.53,0.0,0.0,0.0,335.4,2.02,60.0,948.15,
2011,9,7,23,20.82,66.53,0.0,0.0,0.0,330.25,1.45,80.0,947.84,
2011,9,8,0,20.02,69.53,0.0,0.0,0.0,325.1,0.88,100.0,947.53,
2011,9,8,1,19.66,70.81,0.0,0.0,0.0,320.52,0.8,111.0,947.35,
2011,9,8,2,19.3,72.09,0.0,0.0,0.0,315.93,0.73,122.0,947.16,
2011,9,8,3,18.94,73.37,0.0,0.0,0.0,311.35,0.65,133.0,946.98,
2011,9,8,4,19.04,72.48,0.0,0.0,0.0,309.0,0.82,137.0,946.91,
2011,9,8,5,19.14,71.59,0.0,0.0,0.0,306.65,0.99,141.0,946.85,
2011,9,8,6,19.24,70.7,0.0,0.0,0.0,304.3,1.16,144.0,946.79,
2011,9,8,7,21.19,65.47,60.0,220.13,37.0,308.57,1.07,120.0,947.07,
2011,9,8,8,23.13,60.23,259.0,528.05,94.0,312.83,0.97,96.0,947.35,
2011,9,8,9,25.08,55.0,466.0,671.79,128.0,317.1,0.88,71.0,947.63,
2011,9,8,10,26.97,47.23,651.0,758.12,148.0,327.4,1.33,55.0,947.04,
2011,9,8,11,28.85,39.46,788.0,793.52,167.0,337.7,1.77,38.0,946.45,
2011,9,8,12,30.73,31.69,876.0,834.17,165.0,348.0,2.22,22.0,945.86,
2011,9,8,13,31.1,30.99,896.0,841.03,166.0,348.32,2.5,16.0,945.3,
2011,9,8,14,31.47,30.28,854.0,843.75,155.0,348.63,2.77,11.0,944.74,
2011,9,8,15,31.84,29.58,741.0,794.38,156.0,348.95,3.05,5.0,944.19,
2011,9,8,16,30.08,34.83,586.0,760.62,131.0,344.27,2.87,6.0,944.12,
2011,9,8,17,28.32,40.08,389.0,666.4,107.0,339.58,2.69,8.0,944.06,
2011,9,8,18,26.56,45.33,180.0,497.13,69.0,334.9,2.51,10.0,944.0,
2011,9,8,19,24.7,51.06,0.0,0.0,0.0,330.12,2.21,23.0,944.31,
2011,9,8,20,22.85,56.78,0.0,0.0,0.0,325.33,1.9,36.0,944.62,
2011,9,8,21,21.0,62.51,0.0,0.0,0.0,320.55,1.6,49.0,944.93,
2011,9,8,22,20.37,63.25,0.0,0.0,0.0,315.87,1.59,71.0,944.59,
2011,9,8,23,19.75,64.0,0.0,0.0,0.0,311.18,1.57,93.0,944.25,
2011,9,9,0,19.13,64.74,0.0,0.0,0.0,306.5,1.56,115.0,943.91,
2011,9,9,1,18.17,68.05,0.0,0.0,0.0,304.05,1.4,124.0,943.66,
2011,9,9,2,17.22,71.35,0.0,0.0,0.0,301.6,1.25,133.0,943.41,
2011,9,9,3,16.26,74.66,0.0,0.0,0.0,299.15,1.09,142.0,943.16,
2011,9,9,4,15.64,75.17,0.0,0.0,0.0,297.73,0.99,145.0,943.1,
2011,9,9,5,15.02,75.68,0.0,0.0,0.0,296.32,0.9,149.0,943.04,
2011,9,9,6,14.4,76.19,0.0,0.0,0.0,294.9,0.8,152.0,942.98,
2011,9,9,7,18.06,66.27,58.0,225.45,35.0,300.63,0.67,147.0,943.25,
2011,9,9,8,21.72,56.35,258.0,535.35,92.0,306.37,0.53,141.0,943.53,
2011,9,9,9,25.38,46.43,469.0,697.0,120.0,312.1,0.4,136.0,943.81,
2011,9,9,10,27.39,39.46,655.0,785.24,136.0,321.67,0.69,94.0,943.38,
2011,9,9,11,29.4,32.48,794.0,823.23,152.0,331.23,0.97,52.0,942.94,
2011,9,9,12,31.4,25.51,878.0,850.08,156.0,340.8,1.26,10.0,942.51,
2011,9,9,13,32.16,24.99,897.0,855.84,157.0,341.88,1.65,0.0,941.86,
2011,9,9,14,32.92,24.48,850.0,842.68,155.0,342.97,2.04,350.0,941.21,
2011,9,9,15,33.67,23.96,744.0,823.36,141.0,344.05,2.43,340.0,940.56,
2011,9,9,16,31.75,29.88,581.0,759.53,130.0,339.43,2.49,345.0,940.56,
2011,9,9,17,29.83,35.81,384.0,664.34,106.0,334.82,2.56,349.0,940.56,
2011,9,9,18,27.91,41.73,174.0,485.5,68.0,330.2,2.62,354.0,940.56,
2011,9,9,19,25.72,48.86,0.0,0.0,0.0,326.95,2.0,10.0,941.15,
2011,9,9,20,23.53,56.0,0.0,0.0,0.0,323.7,1.37,26.0,941.74,
2011,9,9,21,21.35,63.13,0.0,0.0,0.0,320.45,0.74,42.0,942.32,
2011,9,9,22,20.64,64.4,0.0,0.0,0.0,316.45,0.89,79.0,942.2,
2011,9,9,23,19.93,65.66,0.0,0.0,0.0,312.45,1.04,117.0,942.08,
2011,9,10,0,19.22,66.93,0.0,0.0,0.0,308.45,1.19,154.0,941.95,
2011,9,10,1,18.53,66.79,0.0,0.0,0.0,307.32,1.72,165.0,941.77,
2011,9,10,2,17.85,66.66,0.0,0.0,0.0,306.18,2.25,175.0,941.58,
2011,9,10,3,17.16,66.52,0.0,0.0,0.0,305.05,2.79,186.0,941.39,
2011,9,10,4,16.99,67.05,0.0,0.0,0.0,303.53,2.7,194.0,941.74,
2011,9,10,5,16.82,67.57,0.0,0.0,0.0,302.02,2.62,201.0,942.08,
2011,9,10,6,16.65,68.1,0.0,0.0,0.0,300.5,2.54,209.0,942.42,
2011,9,10,7,19.82,61.25,54.0,190.86,35.0,307.02,2.22,231.0,942.94,
2011,9,10,8,22.99,54.4,250.0,494.05,98.0,313.53,1.9,253.0,943.47,
2011,9,10,9,26.16,47.55,456.0,646.24,134.0,320.05,1.59,275.0,944.0,
2011,9,10,10,27.8,42.24,642.0,742.74,153.0,329.08,2.13,291.0,943.81,
2011,9,10,11,29.44,36.93,782.0,791.43,167.0,338.12,2.68,307.0,943.63,
2011,9,10,12,31.07,31.62,865.0,817.71,173.0,347.15,3.23,323.0,943.44,
2011,9,10,13,31.53,32.19,894.0,855.73,157.0,347.03,3.5,324.0,943.13,
2011,9,10,14,31.99,32.75,837.0,811.21,171.0,346.92,3.77,324.0,942.82,
2011,9,10,15,32.44,33.32,671.5,654.86,194.6,346.8,4.04,325.0,942.51,
2011,9,10,16,30.44,41.29,570.0,729.64,140.0,344.18,3.36,331.0,943.04,
2011,9,10,17,28.43,49.25,373.0,623.63,115.0,341.57,2.68,337.0,943.56,
2011,9,10,18,26.43,57.22,166.0,449.96,70.0,338.95,2.0,343.0,944.09,
2011,9,10,19,24.96,63.35,0.0,0.0,0.0,335.27,1.6,348.0,944.77,
2011,9,10,20,23.49,69.49,0.0,0.0,0.0,331.58,1.19,353.0,945.46,
2011,9,10,21,22.03,75.62,0.0,0.0,0.0,327.9,0.79,357.0,946.14,
2011,9,10,22,21.22,79.1,0.0,0.0,0.0,322.93,0.96,52.0,946.11,
2011,9,10,23,20.42,82.58,0.0,0.0,0.0,317.97,1.13,106.0,946.08,
2011,9,11,0,19.62,86.06,0.0,0.0,0.0,313.0,1.3,161.0,946.05,
2011,9,11,1,19.48,85.31,0.0,0.0,0.0,312.07,1.49,178.0,946.11,
2011,9,11,2,19.35,84.57,0.0,0.0,0.0,311.13,1.68,195.0,946.17,
2011,9,11,3,19.21,83.82,0.0,0.0,0.0,310.2,1.88,213.0,946.23,
2011,9,11,4,18.88,83.7,0.0,0.0,0.0,307.45,2.17,203.0,946.32,
2011,9,11,5,18.55,83.58,0.0,0.0,0.0,304.7,2.46,193.0,946.42,
2011,9,11,6,18.22,83.46,0.0,0.0,0.0,301.95,2.76,183.0,946.51,
2011,9,11,7,20.65,73.0,53.0,195.75,34.0,305.73,2.5,203.0,946.76,
2011,9,11,8,23.08,62.54,252.0,520.92,93.0,309.52,2.23,223.0,947.01,
2011,9,11,9,25.51,52.08,461.0,681.74,123.0,313.3,1.97,243.0,947.26,
2011,9,11,10,27.23,45.91,646.0,770.09,141.0,322.93,2.39,272.0,946.91,
2011,9,11,11,28.95,39.75,792.0,836.95,144.0,332.57,2.81,300.0,946.57,
2011,9,11,12,30.67,33.58,867.0,832.59,165.0,342.2,3.23,329.0,946.23,
2011,9,11,13,30.82,34.41,890.0,854.51,157.0,346.55,3.08,333.0,945.92,
2011,9,11,14,30.97,35.24,837.0,824.78,163.0,350.9,2.92,336.0,945.61,
2011,9,11,15,31.11,36.07,630.8,587.29,205.55,355.25,2.77,340.0,945.3,
2011,9,11,16,29.36,42.08,568.0,742.09,134.0,352.4,2.75,343.0,945.49,
2011,9,11,17,27.6,48.09,368.0,621.15,114.0,349.55,2.74,346.0,945.67,
2011,9,11,18,25.85,54.1,153.0,374.4,75.0,346.7,2.72,349.0,945.86,
2011,9,11,19,24.34,60.89,0.0,0.0,0.0,341.57,2.24,349.0,946.39,
2011,9,11,20,22.84,67.67,0.0,0.0,0.0,336.43,1.77,349.0,946.91,
2011,9,11,21,21.34,74.46,0.0,0.0,0.0,331.3,1.3,349.0,947.44,
2011,9,11,22,20.7,77.09,0.0,0.0,0.0,327.08,0.93,302.0,947.35,
2011,9,11,23,20.07,79.71,0.0,0.0,0.0,322.87,0.57,255.0,947.26,
2011,9,12,0,19.44,82.34,0.0,0.0,0.0,318.65,0.21,209.0,947.16,
2011,9,12,1,18.9,83.26,0.0,0.0,0.0,316.17,0.74,184.0,946.91,
2011,9,12,2,18.36,84.18,0.0,0.0,0.0,313.68,1.27,160.0,946.67,
2011,9,12,3,17.82,85.1,0.0,0.0,0.0,311.2,1.81,136.0,946.42,
2011,9,12,4,17.22,86.36,0.0,0.0,0.0,310.18,1.48,139.0,946.36,
2011,9,12,5,16.62,87.63,0.0,0.0,0.0,309.17,1.15,141.0,946.29,
2011,9,12,6,16.02,88.89,0.0,0.0,0.0,308.15,0.83,144.0,946.23,
2011,9,12,7,19.49,75.19,53.0,211.48,33.0,316.03,0.83,119.0,946.57,
2011,9,12,8,22.95,61.49,261.0,607.7,77.0,323.92,0.84,94.0,946.91,
2011,9,12,9,26.42,47.79,293.0,123.66,232.0,331.8,0.84,69.0,947.26,
2011,9,12,10,28.13,41.29,390.0,110.24,318.0,342.32,1.22,57.0,946.79,
2011,9,12,11,29.84,34.8,733.0,648.2,233.0,352.83,1.6,46.0,946.32,
2011,9,12,12,31.55,28.3,835.0,740.48,213.0,363.35,1.97,35.0,945.86,
2011,9,12,13,31.86,28.85,872.0,806.5,183.0,365.38,2.32,29.0,945.12,
2011,9,12,14,32.16,29.39,833.0,825.0,162.0,367.42,2.67,24.0,944.37,
2011,9,12,15,32.46,29.94,719.0,775.14,161.0,369.45,3.02,18.0,943.63,
2011,9,12,16,30.65,35.6,557.0,711.72,144.0,363.83,2.82,17.0,943.69,
2011,9,12,17,28.83,41.27,363.0,618.68,113.0,358.22,2.62,16.0,943.75,
2011,9,12,18,27.01,46.93,157.0,437.8,68.0,352.6,2.41,15.0,943.81,
2011,9,12,19,25.55,52.36,0.0,0.0,0.0,347.77,2.18,22.0,944.31,
2011,9,12,20,24.09,57.8,0.0,0.0,0.0,342.93,1.94,30.0,944.81,
2011,9,12,21,22.63,63.23,0.0,0.0,0.0,338.1,1.71,37.0,945.3,
2011,9,12,22,21.75,67.83,0.0,0.0,0.0,333.35,1.25,51.0,944.96,
2011,9,12,23,20.88,72.44,0.0,0.0,0.0,328.6,0.79,66.0,944.62,
2011,9,13,0,20.01,77.04,0.0,0.0,0.0,323.85,0.33,80.0,944.28,
2011,9,13,1,19.18,81.18,0.0,0.0,0.0,320.77,0.37,84.0,943.97,
2011,9,13,2,18.36,85.33,0.0,0.0,0.0,317.68,0.41,89.0,943.66,
2011,9,13,3,17.53,89.47,0.0,0.0,0.0,314.6,0.46,94.0,943.35,
2011,9,13,4,17.65,89.63,0.0,0.0,0.0,312.83,0.48,102.0,943.32,
2011,9,13,5,17.77,89.78,0.0,0.0,0.0,311.07,0.51,111.0,943.29,
2011,9,13,6,17.89,89.94,0.0,0.0,0.0,309.3,0.54,120.0,943.25,
2011,9,13,7,20.3,81.91,49.0,184.65,32.0,313.1,0.66,103.0,943.41,
2011,9,13,8,22.72,73.88,247.0,516.14,92.0,316.9,0.79,85.0,943.56,
2011,9,13,9,25.13,65.85,456.0,680.58,122.0,320.7,0.91,68.0,943.72,
2011,9,13,10,26.84,59.19,644.0,782.56,135.0,330.9,1.43,46.0,943.32,
2011,9,13,11,28.54,52.54,790.0,851.06,136.0,341.1,1.95,23.0,942.91,
2011,9,13,12,30.24,45.88,870.0,862.83,148.0,351.3,2.47,1.0,942.51,
2011,9,13,13,30.34,45.96,888.0,869.82,148.0,357.95,2.87,358.0,941.98,
2011,9,13,14,30.43,46.03,834.0,838.87,155.0,364.6,3.28,354.0,941.46,
2011,9,13,15,30.52,46.11,722.0,803.52,147.0,371.25,3.68,351.0,940.93,
2011,9,13,16,28.85,52.14,559.0,738.24,134.0,369.22,3.12,354.0,941.02,
2011,9,13,17,27.17,58.18,360.0,626.22,110.0,367.18,2.56,357.0,941.12,
2011,9,13,18,25.5,64.21,153.0,438.92,66.0,365.15,2.0,0.0,941.21,
2011,9,13,19,24.25,69.93,0.0,0.0,0.0,359.85,1.76,4.0,941.74,
2011,9,13,20,23.0,75.66,0.0,0.0,0.0,354.55,1.51,8.0,942.26,
2011,9,13,21,21.75,81.38,0.0,0.0,0.0,349.25,1.27,12.0,942.79,
2011,9,13,22,21.09,85.11,0.0,0.0,0.0,345.25,0.99,19.0,942.57,
2011,9,13,23,20.44,88.84,0.0,0.0,0.0,341.25,0.72,26.0,942.36,
2011,9,14,0,19.79,92.57,0.0,0.0,0.0,337.25,0.44,33.0,942.14,
2011,9,14,1,19.29,94.74,0.0,0.0,0.0,335.47,0.68,33.0,941.89,
2011,9,14,2,18.8,96.91,0.0,0.0,0.0,333.68,0.91,33.0,941.64,
2011,9,14,3,18.31,99.08,0.0,0.0,0.0,331.9,1.14,33.0,941.39,
2011,9,14,4,17.92,99.39,0.0,0.0,0.0,328.17,1.1,50.0,941.39,
2011,9,14,5,17.52,99.69,0.0,0.0,0.0,324.43,1.05,68.0,941.39,
2011,9,14,6,17.13,100.0,0.0,0.0,0.0,320.7,1.01,85.0,941.39,
2011,9,14,7,19.71,89.83,45.0,145.16,32.0,323.45,1.3,78.0,941.58,
2011,9,14,8,22.3,79.66,234.0,439.87,103.0,326.2,1.59,71.0,941.77,
2011,9,14,9,24.88,69.49,444.0,628.85,137.0,328.95,1.88,64.0,941.95,
2011,9,14,10,26.76,61.77,624.0,711.74,163.0,339.62,2.13,51.0,941.61,
2011,9,14,11,28.64,54.04,774.0,804.71,158.0,350.28,2.39,38.0,941.27,
2011,9,14,12,30.51,46.32,866.0,862.61,147.0,360.95,2.65,25.0,940.93,
2011,9,14,13,31.31,44.5,884.0,868.79,148.0,368.47,2.79,23.0,940.12,
2011,9,14,14,32.1,42.69,829.0,838.03,154.0,375.98,2.93,22.0,939.32,
2011,9,14,15,32.89,40.87,706.0,757.77,167.0,383.5,3.08,20.0,938.51,
2011,9,14,16,31.03,46.18,544.0,695.2,147.0,380.28,2.82,19.0,938.79,
2011,9,14,17,29.16,51.49,343.0,555.39,124.0,377.07,2.57,18.0,939.07,
2011,9,14,18,27.29,56.8,139.0,352.13,71.0,373.85,2.32,17.0,939.35,
2011,9,14,19,26.05,61.75,0.0,0.0,0.0,368.53,2.13,21.0,940.03,
2011,9,14,20,24.82,66.69,0.0,0.0,0.0,363.22,1.94,25.0,940.71,
2011,9,14,21,23.59,71.64,0.0,0.0,0.0,357.9,1.75,29.0,941.39,
2011,9,14,22,23.03,75.9,0.0,0.0,0.0,353.6,1.63,30.0,941.43,
2011,9,14,23,22.47,80.17,0.0,0.0,0.0,349.3,1.51,31.0,941.46,
2011,9,15,0,21.92,84.43,0.0,0.0,0.0,345.0,1.39,33.0,941.49,
2011,9,15,1,21.02,89.01,0.0,0.0,0.0,342.32,1.55,358.0,941.64,
2011,9,15,2,20.13,93.59,0.0,0.0,0.0,339.63,1.71,323.0,941.8,
2011,9,15,3,19.24,98.17,0.0,0.0,0.0,336.95,1.88,288.0,941.95,
2011,9,15,4,19.34,96.98,0.0,0.0,0.0,335.02,1.84,273.0,942.14,
2011,9,15,5,19.43,95.78,0.0,0.0,0.0,333.08,1.8,259.0,942.32,
2011,9,15,6,19.53,94.59,0.0,0.0,0.0,331.15,1.77,245.0,942.51,
2011,9,15,7,21.11,87.75,38.0,91.92,30.0,335.8,1.66,248.0,943.01,
2011,9,15,8,22.69,80.92,210.0,311.55,118.0,340.45,1.56,252.0,943.5,
2011,9,15,9,24.27,74.08,441.0,628.09,136.0,345.1,1.46,256.0,944.0,
2011,9,15,10,26.12,66.54,632.0,752.0,147.0,354.0,1.37,277.0,943.78,
2011,9,15,11,27.96,59.0,771.0,803.95,158.0,362.9,1.27,298.0,943.56,
2011,9,15,12,29.8,51.46,863.0,861.23,148.0,371.8,1.17,319.0,943.35,
2011,9,15,13,30.67,49.1,880.0,867.81,148.0,374.53,1.2,329.0,942.48,
2011,9,15,14,31.53,46.73,829.0,853.45,145.0,377.27,1.22,339.0,941.61,
2011,9,15,15,32.39,44.37,716.0,814.78,140.0,380.0,1.24,349.0,940.74,
2011,9,15,16,30.79,49.61,545.0,720.36,137.0,378.98,1.47,356.0,941.12,
2011,9,15,17,29.18,54.84,344.0,585.54,116.0,377.97,1.7,2.0,941.49,
2011,9,15,18,27.58,60.08,131.0,319.17,71.0,376.95,1.93,9.0,941.86,
2011,9,15,19,26.13,66.36,0.0,0.0,0.0,376.95,1.68,14.0,942.79,
2011,9,15,20,24.68,72.65,0.0,0.0,0.0,376.95,1.43,19.0,943.72,
2011,9,15,21,23.24,78.93,0.0,0.0,0.0,376.95,1.19,24.0,944.65,
2011,9,15,22,23.22,79.63,0.0,0.0,0.0,371.4,1.25,72.0,944.56,
2011,9,15,23,23.2,80.33,0.0,0.0,0.0,365.85,1.31,121.0,944.46,
2011,9,16,0,23.19,81.03,0.0,0.0,0.0,360.3,1.37,170.0,944.37,
2011,9,16,1,22.43,84.4,0.0,0.0,0.0,352.85,1.6,182.0,944.22,
2011,9,16,2,21.67,87.77,0.0,0.0,0.0,345.4,1.83,195.0,944.06,
2011,9,16,3,20.91,91.14,0.0,0.0,0.0,337.95,2.06,207.0,943.91,
2011,9,16,4,20.78,89.6,0.0,0.0,0.0,335.45,1.54,204.0,944.03,
2011,9,16,5,20.65,88.06,0.0,0.0,0.0,332.95,1.02,201.0,944.15,
2011,9,16,6,20.53,86.52,0.0,0.0,0.0,330.45,0.5,197.0,944.28,
2011,9,16,7,22.37,81.45,36.0,82.85,29.0,333.93,0.63,255.0,944.77,
2011,9,16,8,24.2,76.37,220.0,379.14,109.0,337.42,0.75,312.0,945.27,
2011,9,16,9,26.04,71.3,421.0,544.55,158.0,340.9,0.88,9.0,945.77,
2011,9,16,10,27.73,64.03,612.0,682.09,174.0,349.85,1.23,356.0,945.55,
2011,9,16,11,29.42,56.77,768.0,803.23,158.0,358.8,1.58,342.0,945.33,
2011,9,16,12,31.11,49.5,854.0,845.38,155.0,367.75,1.93,329.0,945.12,
2011,9,16,13,31.5,48.22,876.0,866.87,148.0,372.12,2.13,332.0,944.4,
2011,9,16,14,31.89,46.95,816.0,820.17,162.0,376.48,2.34,335.0,943.69,
2011,9,16,15,32.28,45.67,704.0,784.3,153.0,380.85,2.54,338.0,942.98,
2011,9,16,16,30.59,51.48,534.0,690.79,146.0,381.87,2.19,344.0,943.35,
2011,9,16,17,28.89,57.28,333.0,548.88,122.0,382.88,1.84,351.0,943.72,
2011,9,16,18,27.19,63.09,130.0,344.55,67.0,383.9,1.49,357.0,944.09,
2011,9,16,19,25.99,68.88,0.0,0.0,0.0,386.02,1.65,354.0,944.77,
2011,9,16,20,24.79,74.67,0.0,0.0,0.0,388.13,1.81,351.0,945.46,
2011,9,16,21,23.59,80.46,0.0,0.0,0.0,390.25,1.97,348.0,946.14,
2011,9,16,22,23.43,82.23,0.0,0.0,0.0,384.57,1.4,342.0,946.17,
2011,9,16,23,23.28,84.01,0.0,0.0,0.0,378.88,0.83,336.0,946.2,
2011,9,17,0,23.13,85.78,0.0,0.0,0.0,373.2,0.26,330.0,946.23,
2011,9,17,1,22.19,89.12,0.0,0.0,0.0,366.12,0.55,306.0,946.08,
2011,9,17,2,21.26,92.46,0.0,0.0,0.0,359.03,0.83,282.0,945.92,
2011,9,17,3,20.33,95.8,0.0,0.0,0.0,351.95,1.12,258.0,945.77,
2011,9,17,4,20.08,95.69,0.0,0.0,0.0,348.8,1.3,248.0,945.77,
2011,9,17,5,19.83,95.57,0.0,0.0,0.0,345.65,1.48,237.0,945.77,
2011,9,17,6,19.59,95.46,0.0,0.0,0.0,342.5,1.66,227.0,945.77,
2011,9,17,7,21.63,88.68,37.0,109.84,28.0,347.42,1.4,244.0,946.2,
2011,9,17,8,23.67,81.89,200.0,279.11,119.0,352.33,1.15,260.0,946.64,
2011,9,17,9,25.71,75.11,343.0,262.33,217.0,357.25,0.9,277.0,947.07,
2011,9,17,10,27.09,68.73,522.0,394.18,270.0,367.38,1.51,291.0,946.76,
2011,9,17,11,28.47,62.34,748.0,743.06,186.0,377.52,2.12,305.0,946.45,
2011,9,17,12,29.84,55.96,846.0,828.23,164.0,387.65,2.73,318.0,946.14,
2011,9,17,13,30.25,54.3,867.0,850.43,156.0,391.62,2.66,315.0,945.52,
2011,9,17,14,30.65,52.65,807.0,804.24,169.0,395.58,2.59,311.0,944.9,
2011,9,17,15,31.05,50.99,586.3,560.74,194.85,399.55,2.52,307.0,944.28,
2011,9,17,16,29.59,56.61,521.0,649.99,159.0,394.48,2.24,317.0,944.37,
2011,9,17,17,28.12,62.23,319.0,495.48,131.0,389.42,1.95,326.0,944.46,
2011,9,17,18,26.65,67.85,120.0,287.03,69.0,384.35,1.67,335.0,944.56,
2011,9,17,19,25.6,72.3,0.0,0.0,0.0,385.28,1.42,343.0,944.9,
2011,9,17,20,24.56,76.75,0.0,0.0,0.0,386.22,1.17,350.0,945.24,
2011,9,17,21,23.52,81.2,0.0,0.0,0.0,387.15,0.92,357.0,945.58,
2011,9,17,22,23.26,83.06,0.0,0.0,0.0,386.2,1.23,307.0,945.36,
2011,9,17,23,23.01,84.91,0.0,0.0,0.0,385.25,1.53,256.0,945.15,
2011,9,18,0,22.76,86.77,0.0,0.0,0.0,384.3,1.83,206.0,944.93,
2011,9,18,1,22.05,86.83,0.0,0.0,0.0,369.28,2.03,208.0,944.46,
2011,9,18,2,21.35,86.9,0.0,0.0,0.0,354.27,2.22,210.0,944.0,
2011,9,18,3,20.64,86.96,0.0,0.0,0.0,339.25,2.41,211.0,943.53,
2011,9,18,4,20.47,85.94,0.0,0.0,0.0,337.78,2.48,200.0,943.25,
2011,9,18,5,20.3,84.92,0.0,0.0,0.0,336.32,2.55,189.0,942.98,
2011,9,18,6,20.13,83.9,0.0,0.0,0.0,334.85,2.62,178.0,942.7,
2011,9,18,7,22.81,73.76,35.0,100.79,27.0,338.87,2.97,192.0,942.94,
2011,9,18,8,25.5,63.62,210.0,344.2,111.0,342.88,3.31,205.0,943.19,
2011,9,18,9,28.18,53.48,385.0,410.37,189.0,346.9,3.66,219.0,943.44,
2011,9,18,10,29.46,48.0,554.0,498.1,237.0,356.65,3.65,239.0,943.01,
2011,9,18,11,30.74,42.53,690.0,568.25,262.0,366.4,3.64,259.0,942.57,
2011,9,18,12,32.02,37.05,288.0,2.44,286.0,376.15,3.63,278.0,942.14,
2011,9,18,13,31.87,38.38,844.0,787.02,189.0,380.13,3.5,289.0,941.39,
2011,9,18,14,31.72,39.71,803.0,803.4,169.0,384.12,3.37,299.0,940.65,
2011,9,18,15,31.56,41.04,537.0,309.97,322.0,388.1,3.24,309.0,939.91,
2011,9,18,16,29.41,46.67,515.0,648.38,157.0,383.15,2.95,314.0,940.37,
2011,9,18,17,27.26,52.31,197.0,77.45,168.0,378.2,2.66,318.0,940.84,
2011,9,18,18,25.11,57.94,72.0,40.58,65.0,373.25,2.37,323.0,941.3,
2011,9,18,19,24.18,61.2,0.0,0.0,0.0,371.48,2.46,314.0,941.92,
2011,9,18,20,23.25,64.45,0.0,0.0,0.0,369.72,2.56,305.0,942.54,
2011,9,18,21,22.33,67.71,0.0,0.0,0.0,367.95,2.65,296.0,943.16,
2011,9,18,22,22.08,70.45,0.0,0.0,0.0,360.8,2.61,297.0,943.32,
2011,9,18,23,21.83,73.18,0.0,0.0,0.0,353.65,2.57,298.0,943.47,
2011,9,19,0,21.58,75.92,0.0,0.0,0.0,346.5,2.52,299.0,943.63,
2011,9,19,1,21.08,79.95,0.0,0.0,0.0,341.35,2.53,303.0,943.97,
2011,9,19,2,20.59,83.99,0.0,0.0,0.0,336.2,2.54,307.0,944.31,
2011,9,19,3,20.1,88.02,0.0,0.0,0.0,331.05,2.55,312.0,944.65,
2011,9,19,4,19.97,89.06,0.0,0.0,0.0,328.82,2.49,313.0,945.05,
2011,9,19,5,19.84,90.09,0.0,0.0,0.0,326.58,2.42,315.0,945.46,
2011,9,19,6,19.72,91.13,0.0,0.0,0.0,324.35,2.36,316.0,945.86,
2011,9,19,7,20.94,85.23,36.0,130.22,26.0,327.83,1.97,339.0,946.29,
2011,9,19,8,22.16,79.33,223.0,438.57,98.0,331.32,1.59,2.0,946.73,
2011,9,19,9,23.38,73.43,428.0,610.65,138.0,334.8,1.2,25.0,947.16,
2011,9,19,10,24.6,66.93,610.0,707.18,162.0,342.0,1.47,18.0,946.98,
2011,9,19,11,25.82,60.42,750.0,770.66,172.0,349.2,1.73,11.0,946.79,
2011,9,19,12,27.03,53.92,839.0,826.71,164.0,356.4,2.0,4.0,946.6,
2011,9,19,13,27.5,53.05,854.0,832.93,164.0,360.88,2.36,4.0,946.17,
2011,9,19,14,27.96,52.18,798.0,802.6,168.0,365.37,2.72,4.0,945.74,
2011,9,19,15,28.42,51.31,686.0,764.78,159.0,369.85,3.08,4.0,945.3,
2011,9,19,16,26.88,55.4,519.0,685.14,144.0,366.83,2.81,9.0,945.7,
2011,9,19,17,25.34,59.48,321.0,560.41,114.0,363.82,2.54,14.0,946.11,
2011,9,19,18,23.8,63.57,119.0,346.65,61.0,360.8,2.28,18.0,946.51,
2011,9,19,19,22.79,66.54,0.0,0.0,0.0,355.83,2.26,25.0,947.16,
2011,9,19,20,21.78,69.5,0.0,0.0,0.0,350.87,2.24,32.0,947.81,
2011,9,19,21,20.78,72.47,0.0,0.0,0.0,345.9,2.22,38.0,948.46,
2011,9,19,22,20.41,74.26,0.0,0.0,0.0,341.45,2.11,45.0,948.4,
2011,9,19,23,20.05,76.05,0.0,0.0,0.0,337.0,2.0,52.0,948.34,
2011,9,20,0,19.69,77.84,0.0,0.0,0.0,332.55,1.89,58.0,948.28,
2011,9,20,1,19.34,80.45,0.0,0.0,0.0,332.0,2.06,65.0,948.03,
2011,9,20,2,19.0,83.05,0.0,0.0,0.0,331.45,2.23,71.0,947.78,
2011,9,20,3,18.65,85.66,0.0,0.0,0.0,330.9,2.4,78.0,947.53,
2011,9,20,4,18.15,87.87,0.0,0.0,0.0,329.53,2.31,84.0,947.57,
2011,9,20,5,17.65,90.09,0.0,0.0,0.0,328.17,2.22,91.0,947.6,
2011,9,20,6,17.16,92.3,0.0,0.0,0.0,326.8,2.12,98.0,947.63,
2011,9,20,7,19.31,83.24,34.0,121.29,25.0,329.93,1.95,98.0,947.84,
2011,9,20,8,21.47,74.17,225.0,463.9,94.0,333.07,1.78,98.0,948.06,
2011,9,20,9,23.62,65.11,428.0,622.69,134.0,336.2,1.61,98.0,948.28,
2011,9,20,10,25.52,56.65,614.0,734.29,151.0,345.53,1.8,80.0,947.78,
2011,9,20,11,27.42,48.19,755.0,799.43,158.0,354.87,1.99,61.0,947.29,
2011,9,20,12,29.31,39.73,826.0,795.88,179.0,364.2,2.18,43.0,946.79,
2011,9,20,13,29.99,38.71,845.0,816.24,172.0,368.78,2.41,32.0,945.95,
2011,9,20,14,30.66,37.69,789.0,786.46,175.0,373.37,2.65,20.0,945.12,
2011,9,20,15,31.33,36.67,692.0,807.86,139.0,377.95,2.88,9.0,944.28,
2011,9,20,16,29.54,40.46,514.0,682.03,144.0,374.2,2.89,13.0,944.46,
2011,9,20,17,27.74,44.25,314.0,546.23,115.0,370.45,2.9,16.0,944.65,
2011,9,20,18,25.94,48.04,111.0,314.58,60.0,366.7,2.91,20.0,944.84,
2011,9,20,19,24.65,52.14,0.0,0.0,0.0,360.98,2.52,30.0,945.3,
2011,9,20,20,23.37,56.24,0.0,0.0,0.0,355.27,2.13,40.0,945.77,
2011,9,20,21,22.09,60.34,0.0,0.0,0.0,349.55,1.74,50.0,946.23,
2011,9,20,22,21.29,64.79,0.0,0.0,0.0,345.0,1.45,64.0,946.17,
2011,9,20,23,20.5,69.23,0.0,0.0,0.0,340.45,1.17,78.0,946.11,
2011,9,21,0,19.71,73.68,0.0,0.0,0.0,335.9,0.88,92.0,946.05,
2011,9,21,1,19.31,77.34,0.0,0.0,0.0,332.17,0.97,109.0,946.01,
2011,9,21,2,18.92,81.01,0.0,0.0,0.0,328.43,1.07,127.0,945.98,
2011,9,21,3,18.53,84.67,0.0,0.0,0.0,324.7,1.16,144.0,945.95,
2011,9,21,4,18.36,85.13,0.0,0.0,0.0,322.3,1.14,169.0,946.23,
2011,9,21,5,18.19,85.58,0.0,0.0,0.0,319.9,1.13,193.0,946.51,
2011,9,21,6,18.02,86.04,0.0,0.0,0.0,317.5,1.12,218.0,946.79,
2011,9,21,7,20.01,80.34,31.0,111.74,23.0,321.62,0.8,247.0,947.22,
2011,9,21,8,22.01,74.63,217.0,425.4,98.0,325.73,0.48,277.0,947.66,
2011,9,21,9,24.0,68.93,418.0,585.91,143.0,329.85,0.17,306.0,948.09,
2011,9,21,10,25.58,62.64,600.0,691.59,166.0,341.33,0.64,317.0,947.69,
2011,9,21,11,27.16,56.35,739.0,754.53,178.0,352.82,1.12,328.0,947.29,
2011,9,21,12,28.73,50.06,818.0,779.64,187.0,364.3,1.6,340.0,946.88,
2011,9,21,13,29.49,48.23,836.0,799.44,180.0,369.07,2.64,342.0,946.11,
2011,9,21,14,30.24,46.41,785.0,784.35,176.0,373.83,3.68,344.0,945.33,
2011,9,21,15,30.99,44.58,668.0,733.9,169.0,378.6,4.72,346.0,944.56,
2011,9,21,16,29.02,51.24,506.0,667.75,147.0,376.72,3.68,345.0,944.99,
2011,9,21,17,27.04,57.89,306.0,523.33,118.0,374.83,2.65,344.0,945.43,
2011,9,21,18,25.07,64.55,106.0,293.16,60.0,372.95,1.61,342.0,945.86,
2011,9,21,19,23.83,70.59,0.0,0.0,0.0,371.75,1.42,338.0,946.51,
2011,9,21,20,22.59,76.62,0.0,0.0,0.0,370.55,1.23,333.0,947.16,
2011,9,21,21,21.35,82.66,0.0,0.0,0.0,369.35,1.03,328.0,947.81,
2011,9,21,22,20.98,84.75,0.0,0.0,0.0,371.03,1.4,320.0,947.81,
2011,9,21,23,20.61,86.85,0.0,0.0,0.0,372.72,1.76,312.0,947.81,
2011,9,22,0,20.25,88.94,0.0,0.0,0.0,374.4,2.12,303.0,947.81,
2011,9,22,1,19.67,90.42,0.0,0.0,0.0,360.27,2.08,307.0,947.84,
2011,9,22,2,19.1,91.9,0.0,0.0,0.0,346.13,2.04,310.0,947.88,
2011,9,22,3,18.52,93.38,0.0,0.0,0.0,332.0,2.0,314.0,947.91,
2011,9,22,4,18.53,94.27,0.0,0.0,0.0,338.5,1.83,313.0,948.03,
2011,9,22,5,18.53,95.15,0.0,0.0,0.0,345.0,1.67,312.0,948.15,
2011,9,22,6,18.54,96.04,0.0,0.0,0.0,351.5,1.5,311.0,948.28,
2011,9,22,7,19.4,90.65,26.0,57.99,22.0,358.77,1.34,312.0,948.56,
2011,9,22,8,20.27,85.27,187.0,259.88,115.0,366.03,1.18,312.0,948.84,
2011,9,22,9,21.13,79.88,318.0,218.63,216.0,373.3,1.02,312.0,949.12,
2011,9,22,10,22.68,71.02,601.0,704.56,161.0,377.35,1.38,320.0,948.65,
2011,9,22,11,24.22,62.17,740.0,768.72,171.0,381.4,1.75,328.0,948.19,
2011,9,22,12,25.76,53.31,814.0,779.44,186.0,385.45,2.11,336.0,947.72,
2011,9,22,13,26.37,52.64,809.0,724.96,217.0,387.07,2.44,339.0,947.07,
2011,9,22,14,26.98,51.96,737.0,642.39,241.0,388.68,2.76,342.0,946.42,
2011,9,22,15,27.58,51.29,648.0,676.74,191.0,390.3,3.09,346.0,945.77,
2011,9,22,16,26.11,57.1,344.0,161.43,258.0,385.97,2.63,346.0,945.95,
2011,9,22,17,24.63,62.92,324.0,674.86,85.0,381.63,2.18,347.0,946.14,
2011,9,22,18,23.15,68.73,93.0,210.94,61.0,377.3,1.72,348.0,946.32,
2011,9,22,19,21.96,74.61,0.0,0.0,0.0,371.4,1.64,351.0,946.79,
2011,9,22,20,20.77,80.5,0.0,0.0,0.0,365.5,1.55,353.0,947.26,
2011,9,22,21,19.58,86.38,0.0,0.0,0.0,359.6,1.46,356.0,947.72,
2011,9,22,22,19.61,87.12,0.0,0.0,0.0,353.88,1.15,7.0,947.38,
2011,9,22,23,19.64,87.87,0.0,0.0,0.0,348.17,0.85,17.0,947.04,
2011,9,23,0,19.67,88.61,0.0,0.0,0.0,342.45,0.54,28.0,946.7,
2011,9,23,1,19.4,90.26,0.0,0.0,0.0,339.63,0.59,21.0,946.45,
2011,9,23,2,19.14,91.9,0.0,0.0,0.0,336.82,0.64,14.0,946.2,
2011,9,23,3,18.87,93.55,0.0,0.0,0.0,334.0,0.69,6.0,945.95,
2011,9,23,4,18.75,93.46,0.0,0.0,0.0,334.27,0.73,44.0,946.01,
2011,9,23,5,18.63,93.36,0.0,0.0,0.0,334.53,0.77,81.0,946.08,
2011,9,23,6,18.52,93.27,0.0,0.0,0.0,334.8,0.81,119.0,946.14,
2011,9,23,7,19.73,87.78,27.0,90.45,21.0,340.65,0.66,97.0,946.2,
2011,9,23,8,20.95,82.29,113.0,29.16,105.0,346.5,0.51,75.0,946.26,
2011,9,23,9,22.16,76.8,213.0,36.66,196.0,352.35,0.36,54.0,946.32,
2011,9,23,10,23.51,70.3,504.0,382.99,266.0,358.48,1.04,27.0,945.83,
2011,9,23,11,24.85,63.81,650.0,495.37,285.0,364.62,1.72,360.0,945.33,
2011,9,23,12,26.19,57.31,764.0,635.89,254.0,370.75,2.4,332.0,944.84,
2011,9,23,13,26.45,56.2,805.0,723.62,217.0,371.13,2.88,335.0,944.28,
2011,9,23,14,26.71,55.08,767.0,752.83,189.0,371.52,3.36,337.0,943.72,
2011,9,23,15,26.96,53.97,658.0,730.64,168.0,371.9,3.83,340.0,943.16,
2011,9,23,16,25.08,62.15,412.0,342.92,231.0,371.68,3.73,343.0,943.69,
2011,9,23,17,23.2,70.34,285.0,455.53,126.0,371.47,3.62,345.0,944.22,
2011,9,23,18,21.32,78.52,57.0,34.13,52.0,371.25,3.52,348.0,944.74,
2011,9,23,19,20.63,82.0,0.0,0.0,0.0,375.43,2.89,342.0,945.67,
2011,9,23,20,19.94,85.47,0.0,0.0,0.0,379.62,2.27,335.0,946.6,
2011,9,23,21,19.25,88.95,0.0,0.0,0.0,383.8,1.64,329.0,947.53,
2011,9,23,22,19.37,88.41,0.0,0.0,0.0,384.55,1.63,326.0,947.16,
2011,9,23,23,19.49,87.87,0.0,0.0,0.0,385.3,1.62,323.0,946.79,
2011,9,24,0,19.61,87.33,0.0,0.0,0.0,386.05,1.61,320.0,946.42,
2011,9,24,1,19.06,89.23,0.0,0.0,0.0,381.93,1.71,328.0,945.8,
2011,9,24,2,18.52,91.14,0.0,0.0,0.0,377.82,1.8,336.0,945.18,
2011,9,24,3,17.98,93.04,0.0,0.0,0.0,373.7,1.89,344.0,944.56,
2011,9,24,4,17.88,93.21,0.0,0.0,0.0,373.25,1.49,341.0,944.46,
2011,9,24,5,17.78,93.37,0.0,0.0,0.0,372.8,1.08,339.0,944.37,
2011,9,24,6,17.68,93.54,0.0,0.0,0.0,372.35,0.68,336.0,944.28,
2011,9,24,7,18.52,88.57,31.0,157.04,21.0,372.17,0.86,323.0,944.56,
2011,9,24,8,19.37,83.6,219.0,493.34,85.0,371.98,1.04,310.0,944.84,
2011,9,24,9,20.21,78.63,416.0,616.33,132.0,371.8,1.23,296.0,945.12,
2011,9,24,10,21.64,70.5,478.0,318.61,281.0,374.08,1.75,302.0,944.87,
2011,9,24,11,23.06,62.37,455.0,121.35,366.0,376.37,2.28,306.0,944.62,
2011,9,24,12,24.48,54.24,616.0,291.87,383.0,378.65,2.8,312.0,944.37,
2011,9,24,13,24.75,52.69,778.0,653.05,250.0,371.03,3.04,315.0,944.15,
2011,9,24,14,25.02,51.15,779.0,812.18,159.0,363.42,3.28,319.0,943.94,
2011,9,24,15,25.29,49.6,596.1,597.94,197.9,355.8,3.52,323.0,943.72,
2011,9,24,16,23.97,54.95,501.0,713.34,128.0,351.38,3.04,329.0,944.06,
2011,9,24,17,22.64,60.31,307.0,619.31,94.0,346.97,2.57,335.0,944.4,
2011,9,24,18,21.31,65.66,100.0,360.99,49.0,342.55,2.1,340.0,944.74,
2011,9,24,19,20.69,68.59,0.0,0.0,0.0,338.25,2.17,355.0,945.39,
2011,9,24,20,20.07,71.53,0.0,0.0,0.0,333.95,2.23,10.0,946.05,
2011,9,24,21,19.46,74.46,0.0,0.0,0.0,329.65,2.3,25.0,946.7,
2011,9,24,22,18.43,78.34,0.0,0.0,0.0,324.95,2.18,52.0,946.48,
2011,9,24,23,17.41,82.21,0.0,0.0,0.0,320.25,2.06,79.0,946.26,
2011,9,25,0,16.39,86.09,0.0,0.0,0.0,315.55,1.93,105.0,946.05,
2011,9,25,1,15.83,87.81,0.0,0.0,0.0,310.53,1.83,109.0,945.95,
2011,9,25,2,15.27,89.54,0.0,0.0,0.0,305.52,1.72,113.0,945.86,
2011,9,25,3,14.71,91.26,0.0,0.0,0.0,300.5,1.61,117.0,945.77,
2011,9,25,4,14.32,91.14,0.0,0.0,0.0,297.43,1.7,122.0,945.89,
2011,9,25,5,13.93,91.02,0.0,0.0,0.0,294.37,1.78,127.0,946.01,
2011,9,25,6,13.54,90.9,0.0,0.0,0.0,291.3,1.86,132.0,946.14,
2011,9,25,7,16.66,80.99,27.0,114.75,20.0,295.2,2.23,121.0,946.45,
2011,9,25,8,19.77,71.08,218.0,498.4,84.0,299.1,2.59,111.0,946.76,
2011,9,25,9,22.89,61.17,423.0,663.95,119.0,303.0,2.95,100.0,947.07,
2011,9,25,10,24.83,51.83,604.0,757.54,138.0,313.78,3.14,89.0,946.67,
2011,9,25,11,26.76,42.5,733.0,780.85,163.0,324.57,3.33,78.0,946.26,
2011,9,25,12,28.69,33.16,793.0,746.35,200.0,335.35,3.52,67.0,945.86,
2011,9,25,13,29.05,33.37,806.0,750.86,202.0,340.72,3.54,58.0,945.43,
2011,9,25,14,29.41,33.59,762.0,765.53,181.0,346.08,3.55,50.0,944.99,
2011,9,25,15,29.76,33.8,655.0,756.16,155.0,351.45,3.57,41.0,944.56,
2011,9,25,16,28.22,38.17,488.0,671.89,140.0,351.23,3.56,43.0,944.62,
2011,9,25,17,26.68,42.55,292.0,548.97,106.0,351.02,3.54,45.0,944.68,
2011,9,25,18,25.14,46.92,92.0,308.66,50.0,350.8,3.53,47.0,944.74,
2011,9,25,19,24.26,49.36,0.0,0.0,0.0,349.83,3.37,57.0,945.15,
2011,9,25,20,23.38,51.8,0.0,0.0,0.0,348.87,3.21,66.0,945.55,
2011,9,25,21,22.51,54.24,0.0,0.0,0.0,347.9,3.05,76.0,945.95,
2011,9,25,22,22.03,56.23,0.0,0.0,0.0,344.97,2.79,80.0,945.86,
2011,9,25,23,21.55,58.23,0.0,0.0,0.0,342.03,2.53,83.0,945.77,
2011,9,26,0,21.07,60.22,0.0,0.0,0.0,339.1,2.28,87.0,945.67,
2011,9,26,1,20.42,65.29,0.0,0.0,0.0,335.0,2.42,85.0,945.64,
2011,9,26,2,19.77,70.37,0.0,0.0,0.0,330.9,2.56,84.0,945.61,
2011,9,26,3,19.12,75.44,0.0,0.0,0.0,326.8,2.7,83.0,945.58,
2011,9,26,4,18.66,79.19,0.0,0.0,0.0,325.42,2.14,88.0,945.86,
2011,9,26,5,18.2,82.93,0.0,0.0,0.0,324.03,1.57,93.0,946.14,
2011,9,26,6,17.75,86.68,0.0,0.0,0.0,322.65,1.01,99.0,946.42,
2011,9,26,7,19.83,78.76,24.0,85.74,19.0,324.67,1.1,97.0,946.76,
2011,9,26,8,21.92,70.85,203.0,409.66,94.0,326.68,1.2,95.0,947.1,
2011,9,26,9,24.0,62.93,408.0,602.32,134.0,328.7,1.3,93.0,947.44,
2011,9,26,10,25.79,56.31,588.0,701.04,159.0,336.68,1.57,86.0,947.07,
2011,9,26,11,27.58,49.7,734.0,795.61,156.0,344.67,1.84,78.0,946.7,
2011,9,26,12,29.36,43.08,803.0,790.42,178.0,352.65,2.11,71.0,946.32,
2011,9,26,13,29.56,43.03,824.0,825.97,163.0,355.58,2.67,50.0,946.05,
2011,9,26,14,29.76,42.98,774.0,824.39,152.0,358.52,3.22,30.0,945.77,
2011,9,26,15,29.95,42.93,654.0,769.23,149.0,361.45,3.78,10.0,945.49,
2011,9,26,16,28.06,48.79,485.0,682.3,135.0,362.05,3.33,13.0,945.92,
2011,9,26,17,26.16,54.65,280.0,503.46,112.0,362.65,2.88,15.0,946.36,
2011,9,26,18,24.26,60.51,81.0,229.23,51.0,363.25,2.43,17.0,946.79,
2011,9,26,19,23.3,64.64,0.0,0.0,0.0,360.27,2.39,20.0,947.5,
2011,9,26,20,22.34,68.77,0.0,0.0,0.0,357.28,2.35,23.0,948.22,
2011,9,26,21,21.38,72.9,0.0,0.0,0.0,354.3,2.32,26.0,948.93,
2011,9,26,22,20.97,76.55,0.0,0.0,0.0,349.33,2.05,28.0,948.93,
2011,9,26,23,20.57,80.2,0.0,0.0,0.0,344.37,1.77,29.0,948.93,
2011,9,27,0,20.17,83.85,0.0,0.0,0.0,339.4,1.5,30.0,948.93,
2011,9,27,1,19.68,85.89,0.0,0.0,0.0,334.63,1.41,33.0,948.99,
2011,9,27,2,19.2,87.92,0.0,0.0,0.0,329.87,1.32,37.0,949.05,
2011,9,27,3,18.72,89.96,0.0,0.0,0.0,325.1,1.23,41.0,949.12,
2011,9,27,4,18.26,93.2,0.0,0.0,0.0,322.75,1.3,48.0,949.3,
2011,9,27,5,17.8,96.43,0.0,0.0,0.0,320.4,1.37,55.0,949.49,
2011,9,27,6,17.35,99.67,0.0,0.0,0.0,318.05,1.45,62.0,949.67,
2011,9,27,7,19.03,91.56,26.0,143.87,18.0,322.93,1.35,61.0,950.05,
2011,9,27,8,20.71,83.45,127.0,68.37,109.0,327.82,1.26,59.0,950.42,
2011,9,27,9,22.39,75.34,355.0,376.17,185.0,332.7,1.16,58.0,950.79,
2011,9,27,10,23.98,67.55,122.0,0.0,122.0,343.98,1.71,51.0,950.29,
2011,9,27,11,25.56,59.75,108.0,0.0,108.0,355.27,2.27,44.0,949.8,
2011,9,27,12,27.14,51.96,456.0,85.15,389.0,366.55,2.83,37.0,949.3,
2011,9,27,13,27.43,50.85,828.0,856.68,146.0,368.2,2.81,32.0,948.81,
2011,9,27,14,27.71,49.74,781.0,870.66,128.0,369.85,2.79,28.0,948.31,
2011,9,27,15,27.99,48.63,659.0,811.67,130.0,371.5,2.77,23.0,947.81,
2011,9,27,16,26.55,53.02,488.0,718.51,123.0,368.32,2.4,24.0,948.06,
2011,9,27,17,25.11,57.4,286.0,572.19,98.0,365.13,2.02,25.0,948.31,
2011,9,27,18,23.67,61.79,80.0,262.57,47.0,361.95,1.64,26.0,948.56,
2011,9,27,19,22.86,65.33,0.0,0.0,0.0,358.47,1.64,31.0,949.02,
2011,9,27,20,22.05,68.86,0.0,0.0,0.0,354.98,1.63,36.0,949.49,
2011,9,27,21,21.24,72.4,0.0,0.0,0.0,351.5,1.63,42.0,949.95,
2011,9,27,22,20.79,75.56,0.0,0.0,0.0,346.97,1.5,46.0,949.8,
2011,9,27,23,20.35,78.71,0.0,0.0,0.0,342.43,1.37,49.0,949.64,
2011,9,28,0,19.91,81.87,0.0,0.0,0.0,337.9,1.24,53.0,949.49,
2011,9,28,1,19.53,83.15,0.0,0.0,0.0,338.88,1.08,57.0,949.24,
2011,9,28,2,19.16,84.43,0.0,0.0,0.0,339.87,0.91,61.0,948.99,
2011,9,28,3,18.78,85.71,0.0,0.0,0.0,340.85,0.74,65.0,948.74,
2011,9,28,4,18.22,87.98,0.0,0.0,0.0,336.75,0.67,76.0,948.71,
2011,9,28,5,17.66,90.24,0.0,0.0,0.0,332.65,0.59,86.0,948.68,
2011,9,28,6,17.11,92.51,0.0,0.0,0.0,328.55,0.51,97.0,948.65,
2011,9,28,7,19.1,84.26,21.0,94.55,16.0,330.85,0.63,96.0,948.93,
2011,9,28,8,21.1,76.01,208.0,479.98,83.0,333.15,0.76,95.0,949.21,
2011,9,28,9,23.09,67.76,404.0,610.39,130.0,335.45,0.88,94.0,949.49,
2011,9,28,10,24.36,61.6,591.0,739.96,143.0,346.85,1.29,76.0,949.08,
2011,9,28,11,25.63,55.45,722.0,778.44,162.0,358.25,1.69,58.0,948.68,
2011,9,28,12,26.9,49.29,794.0,789.29,176.0,369.65,2.1,40.0,948.28,
2011,9,28,13,27.1,48.94,810.0,808.2,170.0,368.47,2.19,28.0,947.88,
2011,9,28,14,27.29,48.59,751.0,776.67,172.0,367.28,2.28,16.0,947.47,
2011,9,28,15,27.48,48.24,647.0,779.03,143.0,366.1,2.37,4.0,947.07,
2011,9,28,16,26.12,52.03,487.0,743.53,113.0,362.07,2.37,7.0,947.41,
2011,9,28,17,24.75,55.81,276.0,537.97,102.0,358.03,2.37,11.0,947.75,
2011,9,28,18,23.38,59.6,79.0,290.45,44.0,354.0,2.37,14.0,948.09,
2011,9,28,19,22.41,63.27,0.0,0.0,0.0,348.05,2.36,22.0,948.43,
2011,9,28,20,21.45,66.94,0.0,0.0,0.0,342.1,2.34,30.0,948.77,
2011,9,28,21,20.49,70.61,0.0,0.0,0.0,336.15,2.33,38.0,949.12,
2011,9,28,22,19.97,73.74,0.0,0.0,0.0,331.4,2.26,52.0,949.02,
2011,9,28,23,19.46,76.87,0.0,0.0,0.0,326.65,2.18,67.0,948.93,
2011,9,29,0,18.95,80.0,0.0,0.0,0.0,321.9,2.11,81.0,948.84,
2011,9,29,1,18.34,83.28,0.0,0.0,0.0,322.55,1.71,89.0,948.56,
2011,9,29,2,17.74,86.57,0.0,0.0,0.0,323.2,1.31,96.0,948.28,
2011,9,29,3,17.14,89.85,0.0,0.0,0.0,323.85,0.91,104.0,948.0,
2011,9,29,4,16.73,91.68,0.0,0.0,0.0,322.37,0.83,110.0,948.0,
2011,9,29,5,16.32,93.52,0.0,0.0,0.0,320.88,0.74,117.0,948.0,
2011,9,29,6,15.92,95.35,0.0,0.0,0.0,319.4,0.66,124.0,948.0,
2011,9,29,7,18.19,85.54,17.0,59.84,14.0,323.58,0.77,120.0,948.22,
2011,9,29,8,20.47,75.74,157.0,178.6,111.0,327.77,0.88,116.0,948.43,
2011,9,29,9,22.74,65.93,336.0,322.99,192.0,331.95,0.99,111.0,948.65,
2011,9,29,10,24.22,59.89,464.0,317.21,273.0,343.67,1.54,78.0,948.19,
2011,9,29,11,25.7,53.86,619.0,458.24,291.0,355.38,2.09,44.0,947.72,
2011,9,29,12,27.18,47.82,649.0,390.22,345.0,367.1,2.63,10.0,947.26,
2011,9,29,13,27.17,48.8,560.0,208.22,396.0,370.9,2.8,1.0,946.76,
2011,9,29,14,27.16,49.78,563.0,276.67,358.0,374.7,2.96,352.0,946.26,
2011,9,29,15,27.15,50.76,613.0,666.5,185.0,378.5,3.12,342.0,945.77,
2011,9,29,16,25.94,55.23,256.0,58.23,227.0,377.82,2.86,355.0,945.95,
2011,9,29,17,24.72,59.71,278.0,584.32,92.0,377.13,2.6,7.0,946.14,
2011,9,29,18,23.5,64.18,31.0,0.0,31.0,376.45,2.34,20.0,946.32,
2011,9,29,19,22.67,67.96,0.0,0.0,0.0,372.17,2.27,29.0,946.82,
2011,9,29,20,21.84,71.75,0.0,0.0,0.0,367.88,2.19,39.0,947.32,
2011,9,29,21,21.01,75.53,0.0,0.0,0.0,363.6,2.11,48.0,947.81,
2011,9,29,22,20.58,78.79,0.0,0.0,0.0,355.85,2.05,60.0,947.63,
2011,9,29,23,20.15,82.04,0.0,0.0,0.0,348.1,1.98,71.0,947.44,
2011,9,30,0,19.72,85.3,0.0,0.0,0.0,340.35,1.92,83.0,947.26,
2011,9,30,1,18.97,88.79,0.0,0.0,0.0,337.18,1.78,101.0,947.13,
2011,9,30,2,18.22,92.27,0.0,0.0,0.0,334.02,1.65,119.0,947.01,
2011,9,30,3,17.47,95.76,0.0,0.0,0.0,330.85,1.52,137.0,946.88,
2011,9,30,4,17.11,97.17,0.0,0.0,0.0,328.85,1.43,139.0,947.01,
2011,9,30,5,16.74,98.59,0.0,0.0,0.0,326.85,1.33,142.0,947.13,
2011,9,30,6,16.38,100.0,0.0,0.0,0.0,324.85,1.24,144.0,947.26,
2011,9,30,7,18.7,89.72,19.0,105.55,14.0,326.55,1.27,135.0,947.57,
2011,9,30,8,21.01,79.43,207.0,510.47,77.0,328.25,1.3,126.0,947.88,
2011,9,30,9,23.33,69.15,403.0,630.17,124.0,329.95,1.32,117.0,948.19,
2011,9,30,10,24.31,63.36,480.4,535.85,159.55,338.32,1.52,71.0,947.88,
2011,9,30,11,25.29,57.56,703.0,733.02,181.0,346.68,1.72,25.0,947.57,
2011,9,30,12,26.27,51.77,764.0,713.47,211.0,355.05,1.92,338.0,947.26,
2011,9,30,13,26.21,52.27,765.0,689.34,225.0,359.02,1.6,342.0,946.85,
2011,9,30,14,26.15,52.77,721.0,702.09,204.0,362.98,1.27,347.0,946.45,
2011,9,30,15,26.08,53.27,608.0,665.26,184.0,366.95,0.95,351.0,946.05,
2011,9,30,16,24.95,57.02,458.0,647.05,139.0,363.95,1.23,11.0,946.23,
2011,9,30,17,21.33,73.56,257.0,469.34,110.0,352.59,1.38,30.0,946.42,
2011,9,30,18,21.37,71.73,69.0,245.03,42.0,350.7,1.36,50.0,946.6,
2011,9,30,19,21.41,69.9,0.0,0.0,0.0,348.82,1.34,62.0,947.01,
2011,9,30,20,21.46,68.07,0.0,0.0,0.0,346.94,1.32,74.0,947.41,
2011,9,30,21,21.5,66.24,0.0,0.0,0.0,345.05,1.3,86.0,947.81,
2011,9,30,22,21.54,64.41,0.0,0.0,0.0,343.17,1.28,90.0,947.6,
2011,9,30,23,21.58,62.58,0.0,0.0,0.0,341.29,1.26,95.0,947.38,
2014,10,1,0,21.63,60.75,0.0,0.0,0.0,339.4,1.24,99.0,947.16,
2014,10,1,1,21.67,58.92,0.0,0.0,0.0,337.52,1.22,155.0,949.24,
2014,10,1,2,21.71,57.09,0.0,0.0,0.0,335.63,1.2,155.0,949.08,
2014,10,1,3,21.75,55.27,0.0,0.0,0.0,333.75,1.18,156.0,948.93,
2014,10,1,4,21.8,53.44,0.0,0.0,0.0,331.87,1.16,157.0,949.05,
2014,10,1,5,21.84,51.61,0.0,0.0,0.0,329.98,1.14,158.0,949.18,
2014,10,1,6,21.88,49.78,0.0,0.0,0.0,328.1,1.12,158.0,949.3,
2014,10,1,7,21.92,47.95,2.0,0.0,2.0,326.21,1.1,159.0,949.67,
2014,10,1,8,21.97,46.12,196.0,440.93,85.0,324.33,1.08,160.0,950.05,
2014,10,1,9,25.32,45.56,291.0,193.35,206.0,333.8,0.79,161.0,950.42,
2014,10,1,10,27.04,40.81,173.0,0.0,173.0,337.95,1.31,162.0,949.98,
2014,10,1,11,28.76,36.07,724.0,825.76,139.0,342.1,1.83,163.0,949.55,
2014,10,1,12,30.48,31.32,797.0,836.49,152.0,346.25,2.36,165.0,949.12,
2014,10,1,13,30.57,32.88,619.0,322.19,368.0,348.4,2.01,192.0,948.62,
2014,10,1,14,30.66,34.43,673.0,563.01,261.0,350.55,1.66,220.0,948.12,
2014,10,1,15,30.75,35.99,594.0,627.66,197.0,352.7,1.31,248.0,947.63,
2014,10,1,16,29.03,43.24,447.0,612.7,148.0,352.8,1.54,298.0,947.81,
2014,10,1,17,27.32,50.5,280.0,671.86,73.0,352.9,1.78,348.0,948.0,
2014,10,1,18,25.61,57.75,36.0,19.04,34.0,353.0,2.01,38.0,948.19,
2014,10,1,19,24.45,62.63,0.0,0.0,0.0,346.67,2.04,64.0,948.62,
2014,10,1,20,23.3,67.51,0.0,0.0,0.0,340.33,2.06,89.0,949.05,
2014,10,1,21,22.14,72.39,0.0,0.0,0.0,334.0,2.08,114.0,949.49,
2014,10,1,22,21.8,75.07,0.0,0.0,0.0,331.12,2.23,129.0,949.43,
2014,10,1,23,21.47,77.76,0.0,0.0,0.0,328.23,2.38,145.0,949.36,
2014,10,2,0,21.13,80.44,0.0,0.0,0.0,325.35,2.52,160.0,949.3,
2014,10,2,1,21.14,77.24,0.0,0.0,0.0,329.18,2.67,167.0,948.87,
2014,10,2,2,21.15,74.05,0.0,0.0,0.0,333.02,2.82,174.0,948.43,
2014,10,2,3,21.16,70.85,0.0,0.0,0.0,336.85,2.97,181.0,948.0,
2014,10,2,4,20.29,75.12,0.0,0.0,0.0,331.87,2.85,185.0,948.31,
2014,10,2,5,19.42,79.38,0.0,0.0,0.0,326.88,2.73,189.0,948.62,
2014,10,2,6,18.55,83.65,0.0,0.0,0.0,321.9,2.61,193.0,948.93,
2014,10,2,7,20.67,77.15,2.0,0.0,2.0,324.13,2.72,200.0,949.36,
2014,10,2,8,22.78,70.65,172.0,289.4,100.0,326.37,2.83,207.0,949.8,
2014,10,2,9,24.9,64.15,146.0,4.58,144.0,328.6,2.94,214.0,950.23,
2014,10,2,10,25.98,60.61,434.0,260.16,280.0,337.08,3.26,234.0,950.23,
2014,10,2,11,27.06,57.08,471.0,166.03,354.0,345.57,3.57,254.0,950.23,
2014,10,2,12,28.14,53.54,645.0,400.24,338.0,354.05,3.89,273.0,950.23,
2014,10,2,13,27.98,53.82,433.0,69.7,379.0,358.23,3.49,275.0,949.61,
2014,10,2,14,27.81,54.09,719.0,724.73,192.0,362.42,3.1,276.0,948.99,
2014,10,2,15,27.65,54.37,491.0,323.42,288.0,366.6,2.7,278.0,948.37,
2014,10,2,16,26.3,60.13,370.0,320.91,215.0,363.37,2.4,306.0,948.4,
2014,10,2,17,24.95,65.9,173.0,118.81,137.0,360.13,2.11,334.0,948.43,
2014,10,2,18,23.6,71.66,42.0,60.02,36.0,356.9,1.81,1.0,948.46,
2014,10,2,19,22.84,75.46,0.0,0.0,0.0,351.58,1.87,23.0,948.87,
2014,10,2,20,22.07,79.25,0.0,0.0,0.0,346.27,1.94,45.0,949.27,
2014,10,2,21,21.31,83.05,0.0,0.0,0.0,340.95,2.0,66.0,949.67,
2014,10,2,22,21.03,85.17,0.0,0.0,0.0,338.68,1.78,87.0,949.46,
2014,10,2,23,20.75,87.28,0.0,0.0,0.0,336.42,1.56,107.0,949.24,
2014,10,3,0,20.47,89.4,0.0,0.0,0.0,334.15,1.34,128.0,949.02,
2014,10,3,1,19.31,92.93,0.0,0.0,0.0,330.58,1.38,141.0,948.65,
2014,10,3,2,18.14,96.47,0.0,0.0,0.0,327.02,1.43,153.0,948.28,
2014,10,3,3,16.98,100.0,0.0,0.0,0.0,323.45,1.48,166.0,947.91,
2014,10,3,4,16.88,100.0,0.0,0.0,0.0,324.37,1.41,159.0,948.0,
2014,10,3,5,16.78,100.0,0.0,0.0,0.0,325.28,1.34,153.0,948.09,
2014,10,3,6,16.67,100.0,0.0,0.0,0.0,326.2,1.27,147.0,948.19,
2014,10,3,7,18.57,92.34,0.0,0.0,0.0,328.1,1.45,157.0,948.53,
2014,10,3,8,20.46,84.67,201.0,520.72,73.0,330.0,1.63,167.0,948.87,
2014,10,3,9,22.36,77.01,414.0,747.85,90.0,331.9,1.81,177.0,949.21,
2014,10,3,10,22.57,74.03,602.0,866.64,92.0,336.97,2.44,223.0,948.9,
2014,10,3,11,22.79,71.04,639.0,553.54,251.0,342.03,3.07,269.0,948.59,
2014,10,3,12,23.0,68.06,768.0,764.12,185.0,347.1,3.7,315.0,948.28,
2014,10,3,13,23.09,65.82,802.0,852.88,145.0,350.17,3.71,326.0,948.15,
2014,10,3,14,23.18,63.59,726.0,763.98,174.0,353.23,3.71,338.0,948.03,
2014,10,3,15,23.28,61.35,620.0,764.27,144.0,356.3,3.72,350.0,947.91,
2014,10,3,16,22.15,65.67,462.0,738.5,109.0,346.55,3.0,354.0,947.94,
2014,10,3,17,21.03,69.99,262.0,604.17,82.0,336.8,2.28,359.0,947.97,
2014,10,3,18,19.91,74.31,58.0,252.93,34.0,327.05,1.56,4.0,948.0,
2014,10,3,19,19.08,79.47,0.0,0.0,0.0,320.53,1.4,8.0,948.31,
2014,10,3,20,18.26,84.64,0.0,0.0,0.0,314.02,1.25,11.0,948.62,
2014,10,3,21,17.43,89.8,0.0,0.0,0.0,307.5,1.09,15.0,948.93,
2014,10,3,22,17.13,92.63,0.0,0.0,0.0,303.68,1.03,13.0,948.81,
2014,10,3,23,16.83,95.46,0.0,0.0,0.0,299.87,0.98,10.0,948.68,
2014,10,4,0,16.53,98.29,0.0,0.0,0.0,296.05,0.92,8.0,948.56,
2014,10,4,1,16.01,97.51,0.0,0.0,0.0,294.27,0.92,324.0,948.28,
2014,10,4,2,15.48,96.73,0.0,0.0,0.0,292.48,0.92,280.0,948.0,
2014,10,4,3,14.96,95.95,0.0,0.0,0.0,290.7,0.92,236.0,947.72,
2014,10,4,4,14.67,95.21,0.0,0.0,0.0,288.17,0.91,242.0,947.69,
2014,10,4,5,14.37,94.47,0.0,0.0,0.0,285.63,0.91,248.0,947.66,
2014,10,4,6,14.07,93.73,0.0,0.0,0.0,283.1,0.9,254.0,947.63,
2014,10,4,7,16.06,86.01,0.0,0.0,0.0,287.05,0.68,291.0,947.84,
2014,10,4,8,18.05,78.29,163.0,259.47,100.0,291.0,0.46,328.0,948.06,
2014,10,4,9,20.05,70.57,376.0,551.15,139.0,294.95,0.23,5.0,948.28,
2014,10,4,10,21.25,62.82,584.0,794.9,119.0,299.28,1.0,2.0,947.84,
2014,10,4,11,22.46,55.08,726.0,880.74,112.0,303.62,1.76,359.0,947.41,
2014,10,4,12,23.66,47.33,780.0,819.64,158.0,307.95,2.52,357.0,946.98,
2014,10,4,13,23.9,46.42,785.0,808.16,166.0,310.75,2.65,358.0,946.64,
2014,10,4,14,24.13,45.52,743.0,848.33,134.0,313.55,2.78,358.0,946.29,
2014,10,4,15,24.37,44.61,617.0,776.75,137.0,316.35,2.91,359.0,945.95,
2014,10,4,16,22.88,51.37,457.0,735.73,109.0,314.48,2.63,0.0,946.2,
2014,10,4,17,21.39,58.13,259.0,621.45,77.0,312.62,2.35,1.0,946.45,
2014,10,4,18,19.91,64.89,51.0,189.23,34.0,310.75,2.07,2.0,946.7,
2014,10,4,19,19.04,69.67,0.0,0.0,0.0,307.18,1.59,16.0,946.95,
2014,10,4,20,18.17,74.45,0.0,0.0,0.0,303.62,1.1,30.0,947.19,
2014,10,4,21,17.3,79.23,0.0,0.0,0.0,300.05,0.62,43.0,947.44,
2014,10,4,22,16.85,81.75,0.0,0.0,0.0,297.1,0.74,77.0,947.19,
2014,10,4,23,16.41,84.26,0.0,0.0,0.0,294.15,0.87,111.0,946.95,
2014,10,5,0,15.96,86.78,0.0,0.0,0.0,291.2,0.99,145.0,946.7,
2014,10,5,1,15.85,86.13,0.0,0.0,0.0,290.03,1.17,139.0,946.51,
2014,10,5,2,15.75,85.49,0.0,0.0,0.0,288.87,1.35,133.0,946.32,
2014,10,5,3,15.64,84.84,0.0,0.0,0.0,287.7,1.53,127.0,946.14,
2014,10,5,4,15.11,86.48,0.0,0.0,0.0,286.82,1.67,137.0,946.11,
2014,10,5,5,14.57,88.13,0.0,0.0,0.0,285.93,1.82,147.0,946.08,
2014,10,5,6,14.03,89.77,0.0,0.0,0.0,285.05,1.96,157.0,946.05,
2014,10,5,7,16.49,80.46,0.0,0.0,0.0,288.9,1.54,160.0,946.26,
2014,10,5,8,18.95,71.14,194.0,504.65,73.0,292.75,1.13,162.0,946.48,
2014,10,5,9,21.41,61.83,412.0,773.29,82.0,296.6,0.72,164.0,946.7,
2014,10,5,10,22.62,55.84,583.0,808.34,113.0,303.12,0.99,109.0,946.23,
2014,10,5,11,23.84,49.85,726.0,894.26,106.0,309.63,1.26,53.0,945.77,
2014,10,5,12,25.06,43.86,803.0,923.51,106.0,316.15,1.53,357.0,945.3,
2014,10,5,13,25.15,44.24,800.0,881.13,129.0,323.22,1.65,352.0,944.87,
2014,10,5,14,25.24,44.61,753.0,907.16,106.0,330.28,1.77,347.0,944.43,
2014,10,5,15,25.34,44.99,634.0,874.24,98.0,337.35,1.89,342.0,944.0,
2014,10,5,16,24.05,50.26,465.0,816.22,83.0,336.57,1.92,351.0,944.09,
2014,10,5,17,22.77,55.52,253.0,604.54,79.0,335.78,1.94,0.0,944.19,
2014,10,5,18,21.49,60.79,43.0,129.68,32.0,335.0,1.97,9.0,944.28,
2014,10,5,19,20.53,65.25,0.0,0.0,0.0,330.17,2.1,41.0,944.56,
2014,10,5,20,19.58,69.7,0.0,0.0,0.0,325.33,2.23,72.0,944.84,
2014,10,5,21,18.62,74.16,0.0,0.0,0.0,320.5,2.36,104.0,945.12,
2014,10,5,22,18.13,77.18,0.0,0.0,0.0,315.7,2.0,119.0,944.9,
2014,10,5,23,17.64,80.21,0.0,0.0,0.0,310.9,1.65,135.0,944.68,
2014,10,6,0,17.15,83.23,0.0,0.0,0.0,306.1,1.3,151.0,944.46,
2014,10,6,1,16.85,82.61,0.0,0.0,0.0,306.22,1.53,154.0,944.09,
2014,10,6,2,16.56,81.98,0.0,0.0,0.0,306.33,1.76,157.0,943.72,
2014,10,6,3,16.26,81.36,0.0,0.0,0.0,306.45,1.99,160.0,943.35,
2014,10,6,4,16.07,82.76,0.0,0.0,0.0,307.67,2.22,163.0,943.35,
2014,10,6,5,15.87,84.16,0.0,0.0,0.0,308.88,2.46,166.0,943.35,
2014,10,6,6,15.67,85.56,0.0,0.0,0.0,310.1,2.69,169.0,943.35,
2014,10,6,7,17.8,80.1,0.0,0.0,0.0,314.28,2.67,177.0,943.75,
2014,10,6,8,19.93,74.65,188.0,477.39,75.0,318.47,2.65,186.0,944.15,
2014,10,6,9,22.07,69.19,380.0,602.2,125.0,322.65,2.63,194.0,944.56,
2014,10,6,10,23.4,63.96,506.0,503.58,215.0,331.83,2.67,213.0,944.19,
2014,10,6,11,24.73,58.72,711.0,848.51,126.0,341.02,2.7,231.0,943.81,
2014,10,6,12,26.06,53.49,782.0,860.68,136.0,350.2,2.73,250.0,943.44,
2014,10,6,13,26.34,52.27,775.0,805.73,165.0,355.45,2.73,258.0,943.07,
2014,10,6,14,26.62,51.04,733.0,845.41,134.0,360.7,2.72,266.0,942.7,
2014,10,6,15,26.9,49.82,607.0,772.72,137.0,365.95,2.72,274.0,942.32,
2014,10,6,16,25.04,57.76,443.0,719.18,110.0,363.58,2.4,294.0,942.73,
2014,10,6,17,23.18,65.71,244.0,569.3,83.0,361.22,2.09,313.0,943.13,
2014,10,6,18,21.33,73.65,44.0,187.88,29.0,358.85,1.78,333.0,943.53,
2014,10,6,19,20.35,79.86,0.0,0.0,0.0,353.47,1.5,347.0,944.09,
2014,10,6,20,19.37,86.06,0.0,0.0,0.0,348.08,1.23,1.0,944.65,
2014,10,6,21,18.39,92.27,0.0,0.0,0.0,342.7,0.95,15.0,945.21,
2014,10,6,22,18.32,93.66,0.0,0.0,0.0,339.53,0.85,68.0,945.08,
2014,10,6,23,18.25,95.05,0.0,0.0,0.0,336.37,0.74,121.0,944.96,
2014,10,7,0,18.18,96.44,0.0,0.0,0.0,333.2,0.63,174.0,944.84,
2014,10,7,1,17.75,96.04,0.0,0.0,0.0,330.7,0.86,185.0,944.74,
2014,10,7,2,17.32,95.63,0.0,0.0,0.0,328.2,1.09,196.0,944.65,
2014,10,7,3,16.89,95.23,0.0,0.0,0.0,325.7,1.32,208.0,944.56,
2014,10,7,4,16.6,96.08,0.0,0.0,0.0,320.98,1.12,200.0,944.68,
2014,10,7,5,16.3,96.94,0.0,0.0,0.0,316.27,0.92,192.0,944.81,
2014,10,7,6,16.0,97.79,0.0,0.0,0.0,311.55,0.72,184.0,944.93,
2014,10,7,7,18.26,87.52,0.0,0.0,0.0,312.65,1.15,188.0,945.15,
2014,10,7,8,20.52,77.25,157.0,265.39,95.0,313.75,1.59,193.0,945.36,
2014,10,7,9,22.78,66.98,371.0,568.89,132.0,314.85,2.03,197.0,945.58,
2014,10,7,10,24.59,58.87,578.0,818.45,108.0,321.63,1.97,208.0,945.08,
2014,10,7,11,26.4,50.76,707.0,847.51,126.0,328.42,1.91,218.0,944.59,
2014,10,7,12,28.21,42.65,789.0,905.71,113.0,335.2,1.85,229.0,944.09,
2014,10,7,13,28.38,42.47,786.0,863.65,136.0,343.48,1.67,241.0,943.53,
2014,10,7,14,28.54,42.28,731.0,859.57,126.0,351.77,1.49,254.0,942.98,
2014,10,7,15,28.71,42.1,607.0,798.84,125.0,360.05,1.31,266.0,942.42,
2014,10,7,16,27.19,48.09,431.0,678.95,120.0,358.95,1.55,307.0,942.42,
2014,10,7,17,25.67,54.07,226.0,471.55,95.0,357.85,1.79,348.0,942.42,
2014,10,7,18,24.15,60.06,38.0,133.53,28.0,356.75,2.03,29.0,942.42,
2014,10,7,19,22.58,67.19,0.0,0.0,0.0,346.57,2.05,64.0,942.73,
2014,10,7,20,21.01,74.32,0.0,0.0,0.0,336.38,2.06,100.0,943.04,
2014,10,7,21,19.44,81.45,0.0,0.0,0.0,326.2,2.08,135.0,943.35,
2014,10,7,22,19.43,79.83,0.0,0.0,0.0,324.48,1.72,147.0,943.19,
2014,10,7,23,19.41,78.21,0.0,0.0,0.0,322.77,1.36,160.0,943.04,
2014,10,8,0,19.4,76.59,0.0,0.0,0.0,321.05,0.99,173.0,942.88,
2014,10,8,1,19.25,71.45,0.0,0.0,0.0,318.63,1.77,176.0,942.88,
2014,10,8,2,19.09,66.32,0.0,0.0,0.0,316.22,2.54,180.0,942.88,
2014,10,8,3,18.94,61.18,0.0,0.0,0.0,313.8,3.31,184.0,942.88,
2014,10,8,4,19.01,59.33,0.0,0.0,0.0,312.53,3.47,183.0,942.91,
2014,10,8,5,19.08,57.49,0.0,0.0,0.0,311.27,3.62,183.0,942.94,
2014,10,8,6,19.15,55.64,0.0,0.0,0.0,310.0,3.78,182.0,942.98,
2014,10,8,7,21.49,51.4,0.0,0.0,0.0,312.53,3.77,185.0,943.19,
2014,10,8,8,23.83,47.15,177.0,429.51,78.0,315.07,3.77,188.0,943.41,
2014,10,8,9,26.17,42.91,377.0,621.48,118.0,317.6,3.77,190.0,943.63,
2014,10,8,10,27.87,38.72,586.0,879.75,84.0,323.32,3.65,198.0,943.16,
2014,10,8,11,29.57,34.54,695.0,817.19,138.0,329.03,3.54,206.0,942.7,
2014,10,8,12,31.27,30.35,765.0,830.02,149.0,334.75,3.42,214.0,942.23,
2014,10,8,13,30.64,32.62,769.0,818.03,157.0,334.82,3.35,231.0,941.98,
2014,10,8,14,30.01,34.89,719.0,828.16,140.0,334.88,3.28,248.0,941.74,
2014,10,8,15,29.39,37.16,596.0,768.57,136.0,334.95,3.21,265.0,941.49,
2014,10,8,16,27.03,46.11,424.0,664.3,123.0,330.72,2.86,286.0,941.86,
2014,10,8,17,24.67,55.05,126.0,47.65,113.0,326.48,2.5,307.0,942.23,
2014,10,8,18,22.31,64.0,41.0,228.63,25.0,322.25,2.14,328.0,942.6,
2014,10,8,19,21.28,69.24,0.0,0.0,0.0,319.32,1.93,335.0,943.16,
2014,10,8,20,20.26,74.47,0.0,0.0,0.0,316.38,1.72,342.0,943.72,
2014,10,8,21,19.23,79.71,0.0,0.0,0.0,313.45,1.52,349.0,944.28,
2014,10,8,22,18.63,83.5,0.0,0.0,0.0,311.22,1.48,49.0,944.12,
2014,10,8,23,18.02,87.28,0.0,0.0,0.0,308.98,1.44,108.0,943.97,
2014,10,9,0,17.42,91.07,0.0,0.0,0.0,306.75,1.41,168.0,943.81,
2014,10,9,1,16.9,92.34,0.0,0.0,0.0,306.98,1.31,168.0,943.5,
2014,10,9,2,16.39,93.62,0.0,0.0,0.0,307.22,1.22,167.0,943.19,
2014,10,9,3,15.87,94.89,0.0,0.0,0.0,307.45,1.13,166.0,942.88,
2014,10,9,4,15.65,95.07,0.0,0.0,0.0,306.37,0.94,168.0,943.07,
2014,10,9,5,15.43,95.24,0.0,0.0,0.0,305.28,0.75,171.0,943.25,
2014,10,9,6,15.21,95.42,0.0,0.0,0.0,304.2,0.57,173.0,943.44,
2014,10,9,7,17.85,85.83,0.0,0.0,0.0,306.88,0.55,186.0,944.09,
2014,10,9,8,20.49,76.24,175.0,435.46,76.0,309.57,0.53,199.0,944.74,
2014,10,9,9,23.14,66.65,372.0,607.23,121.0,312.25,0.51,212.0,945.39,
2014,10,9,10,24.6,59.86,544.0,696.72,149.0,319.47,0.89,228.0,945.08,
2014,10,9,11,26.06,53.07,680.0,774.75,155.0,326.68,1.27,245.0,944.77,
2014,10,9,12,27.52,46.28,772.0,872.74,128.0,333.9,1.66,262.0,944.46,
2014,10,9,13,27.62,45.71,772.0,845.84,143.0,338.62,2.14,274.0,943.84,
2014,10,9,14,27.71,45.15,710.0,812.17,146.0,343.33,2.63,286.0,943.22,
2014,10,9,15,27.81,44.58,614.0,879.29,92.0,348.05,3.12,298.0,942.6,
2014,10,9,16,25.79,51.94,425.0,696.15,113.0,344.95,2.8,312.0,943.04,
2014,10,9,17,23.77,59.31,226.0,537.51,82.0,341.85,2.49,326.0,943.47,
2014,10,9,18,21.76,66.67,32.0,122.86,24.0,338.75,2.18,340.0,943.91,
2014,10,9,19,20.72,72.37,0.0,0.0,0.0,334.25,2.28,352.0,944.43,
2014,10,9,20,19.69,78.08,0.0,0.0,0.0,329.75,2.38,3.0,944.96,
2014,10,9,21,18.65,83.78,0.0,0.0,0.0,325.25,2.48,14.0,945.49,
2014,10,9,22,18.22,87.06,0.0,0.0,0.0,322.48,1.91,57.0,945.46,
2014,10,9,23,17.8,90.33,0.0,0.0,0.0,319.72,1.34,101.0,945.43,
2014,10,10,0,17.37,93.61,0.0,0.0,0.0,316.95,0.77,144.0,945.39,
2014,10,10,1,17.07,92.27,0.0,0.0,0.0,317.03,0.7,150.0,945.08,
2014,10,10,2,16.78,90.92,0.0,0.0,0.0,317.12,0.63,157.0,944.77,
2014,10,10,3,16.48,89.58,0.0,0.0,0.0,317.2,0.55,164.0,944.46,
2014,10,10,4,16.04,91.73,0.0,0.0,0.0,316.88,0.52,160.0,944.37,
2014,10,10,5,15.6,93.87,0.0,0.0,0.0,316.57,0.5,156.0,944.28,
2014,10,10,6,15.15,96.02,0.0,0.0,0.0,316.25,0.47,152.0,944.19,
2014,10,10,7,17.96,84.83,0.0,0.0,0.0,319.15,0.4,164.0,944.65,
2014,10,10,8,20.77,73.63,185.0,553.15,61.0,322.05,0.32,176.0,945.12,
2014,10,10,9,23.58,62.44,372.0,626.94,115.0,324.95,0.25,188.0,945.58,
2014,10,10,10,24.85,57.49,546.0,720.84,140.0,335.9,0.63,212.0,945.08,
2014,10,10,11,26.13,52.54,697.0,858.02,119.0,346.85,1.01,235.0,944.59,
2014,10,10,12,27.41,47.59,760.0,842.38,142.0,357.8,1.39,258.0,944.09,
2014,10,10,13,27.03,49.24,541.0,232.71,369.0,363.13,2.02,271.0,943.97,
2014,10,10,14,26.64,50.88,643.0,590.09,236.0,368.47,2.65,284.0,943.84,
2014,10,10,15,26.26,52.53,384.0,156.25,292.0,373.8,3.28,297.0,943.72,
2014,10,10,16,24.56,58.77,232.0,65.42,203.0,372.98,2.7,309.0,944.22,
2014,10,10,17,22.86,65.02,156.0,144.49,118.0,372.17,2.11,322.0,944.71,
2014,10,10,18,21.16,71.26,20.0,33.17,18.0,371.35,1.53,334.0,945.21,
2014,10,10,19,20.18,76.74,0.0,0.0,0.0,365.18,1.67,22.0,945.74,
2014,10,10,20,19.21,82.21,0.0,0.0,0.0,359.02,1.82,70.0,946.26,
2014,10,10,21,18.23,87.69,0.0,0.0,0.0,352.85,1.96,118.0,946.79,
2014,10,10,22,17.87,89.7,0.0,0.0,0.0,343.47,1.69,127.0,946.51,
2014,10,10,23,17.5,91.7,0.0,0.0,0.0,334.08,1.42,136.0,946.23,
2014,10,11,0,17.14,93.71,0.0,0.0,0.0,324.7,1.14,144.0,945.95,
2014,10,11,1,16.48,94.28,0.0,0.0,0.0,320.47,1.18,147.0,945.52,
2014,10,11,2,15.83,94.84,0.0,0.0,0.0,316.23,1.22,150.0,945.08,
2014,10,11,3,15.17,95.41,0.0,0.0,0.0,312.0,1.26,152.0,944.65,
2014,10,11,4,14.89,94.63,0.0,0.0,0.0,309.98,1.31,151.0,944.43,
2014,10,11,5,14.61,93.84,0.0,0.0,0.0,307.97,1.37,150.0,944.22,
2014,10,11,6,14.33,93.06,0.0,0.0,0.0,305.95,1.42,149.0,944.0,
2014,10,11,7,17.54,82.06,0.0,0.0,0.0,309.7,1.66,155.0,944.12,
2014,10,11,8,20.74,71.07,166.0,398.25,78.0,313.45,1.89,162.0,944.25,
2014,10,11,9,23.95,60.07,353.0,541.25,133.0,317.2,2.12,169.0,944.37,
2014,10,11,10,25.75,52.03,548.0,745.31,131.0,330.72,2.74,190.0,944.0,
2014,10,11,11,27.56,44.0,602.0,524.17,251.0,344.23,3.37,211.0,943.63,
2014,10,11,12,29.36,35.96,770.0,900.8,113.0,357.75,3.99,232.0,943.25,
2014,10,11,13,29.72,33.31,719.0,690.17,212.0,365.55,3.06,233.0,942.48,
2014,10,11,14,30.07,30.65,276.0,8.76,270.0,373.35,2.13,235.0,941.7,
2014,10,11,15,30.43,28.0,313.0,63.36,276.0,381.15,1.2,236.0,940.93,
2014,10,11,16,28.83,31.58,192.0,25.09,181.0,378.48,1.8,222.0,940.59,
2014,10,11,17,27.23,35.16,114.0,38.74,104.0,375.82,2.4,208.0,940.25,
2014,10,11,18,25.64,38.74,18.0,36.03,16.0,373.15,2.99,194.0,939.91,
2014,10,11,19,25.04,38.72,0.0,0.0,0.0,363.52,2.88,183.0,939.78,
2014,10,11,20,24.44,38.7,0.0,0.0,0.0,353.88,2.77,173.0,939.66,
2014,10,11,21,23.84,38.68,0.0,0.0,0.0,344.25,2.66,163.0,939.53,
2014,10,11,22,24.7,37.12,0.0,0.0,0.0,348.2,2.5,171.0,939.53,
2014,10,11,23,25.56,35.57,0.0,0.0,0.0,352.15,2.33,179.0,939.53,
2014,10,12,0,26.42,34.01,0.0,0.0,0.0,356.1,2.17,187.0,939.53,
2014,10,12,1,24.75,41.34,0.0,0.0,0.0,355.02,1.97,188.0,940.15,
2014,10,12,2,23.08,48.67,0.0,0.0,0.0,353.93,1.78,189.0,940.77,
2014,10,12,3,21.41,56.0,0.0,0.0,0.0,352.85,1.59,191.0,941.39,
2014,10,12,4,20.68,60.2,0.0,0.0,0.0,355.52,1.84,197.0,941.64,
2014,10,12,5,19.94,64.41,0.0,0.0,0.0,358.18,2.09,203.0,941.89,
2014,10,12,6,19.2,68.61,0.0,0.0,0.0,360.85,2.34,209.0,942.14,
2014,10,12,7,20.33,67.36,0.0,0.0,0.0,357.87,2.68,207.0,942.29,
2014,10,12,8,21.46,66.12,70.0,9.19,68.0,354.88,3.02,205.0,942.45,
2014,10,12,9,22.59,64.87,33.0,0.0,33.0,351.9,3.35,203.0,942.6,
2014,10,12,10,23.95,59.59,519.0,631.6,168.0,352.88,2.89,209.0,942.14,
2014,10,12,11,25.32,54.31,667.0,770.76,154.0,353.87,2.43,215.0,941.67,
2014,10,12,12,26.69,49.03,773.0,929.61,99.0,354.85,1.97,221.0,941.21,
2014,10,12,13,25.98,52.83,776.0,917.73,106.0,357.97,2.26,236.0,940.87,
2014,10,12,14,25.27,56.63,62.0,0.0,62.0,361.08,2.54,252.0,940.53,
2014,10,12,15,24.57,60.43,245.0,15.54,236.0,364.2,2.83,268.0,940.18,
2014,10,12,16,22.48,70.8,78.0,0.0,78.0,370.48,3.21,272.0,941.21,
2014,10,12,17,20.39,81.16,139.0,106.6,112.0,376.77,3.59,277.0,942.23,
2014,10,12,18,18.3,91.53,11.0,0.0,11.0,383.05,3.97,281.0,943.25,
2014,10,12,19,17.95,92.26,0.0,0.0,0.0,383.08,2.98,293.0,943.94,
2014,10,12,20,17.61,93.0,0.0,0.0,0.0,383.12,1.99,305.0,944.62,
2014,10,12,21,17.26,93.73,0.0,0.0,0.0,383.15,0.99,317.0,945.3,
2014,10,12,22,17.32,93.5,0.0,0.0,0.0,378.08,1.31,315.0,945.46,
2014,10,12,23,17.39,93.26,0.0,0.0,0.0,373.02,1.63,313.0,945.61,
2014,10,13,0,17.45,93.03,0.0,0.0,0.0,367.95,1.94,312.0,945.77,
2014,10,13,1,16.61,93.94,0.0,0.0,0.0,361.87,1.8,312.0,945.77,
2014,10,13,2,15.76,94.86,0.0,0.0,0.0,355.78,1.65,313.0,945.77,
2014,10,13,3,14.92,95.77,0.0,0.0,0.0,349.7,1.5,314.0,945.77,
2014,10,13,4,14.68,96.2,0.0,0.0,0.0,346.33,1.23,309.0,945.8,
2014,10,13,5,14.44,96.64,0.0,0.0,0.0,342.97,0.96,304.0,945.83,
2014,10,13,6,14.2,97.07,0.0,0.0,0.0,339.6,0.69,300.0,945.86,
2014,10,13,7,15.24,91.83,0.0,0.0,0.0,339.5,0.79,301.0,946.08,
2014,10,13,8,16.28,86.58,173.0,517.52,62.0,339.4,0.89,303.0,946.29,
2014,10,13,9,17.33,81.34,382.0,756.01,80.0,339.3,0.99,304.0,946.51,
2014,10,13,10,18.51,71.78,562.0,851.55,92.0,335.8,1.23,304.0,945.98,
2014,10,13,11,19.69,62.22,694.0,899.46,99.0,332.3,1.47,305.0,945.46,
2014,10,13,12,20.87,52.66,777.0,965.71,81.0,328.8,1.71,305.0,944.93,
2014,10,13,13,21.28,50.13,741.0,798.05,162.0,326.85,1.7,296.0,944.28,
2014,10,13,14,21.68,47.6,692.0,820.02,138.0,324.9,1.68,288.0,943.63,
2014,10,13,15,22.09,45.07,563.0,733.01,142.0,322.95,1.67,280.0,942.98,
2014,10,13,16,20.71,50.43,404.0,685.84,110.0,320.27,1.88,302.0,943.04,
2014,10,13,17,19.33,55.78,207.0,523.14,77.0,317.58,2.08,325.0,943.1,
2014,10,13,18,17.95,61.14,14.0,21.69,13.0,314.9,2.29,348.0,943.16,
2014,10,13,19,17.45,64.12,0.0,0.0,0.0,312.18,2.17,359.0,943.35,
2014,10,13,20,16.96,67.09,0.0,0.0,0.0,309.47,2.04,11.0,943.53,
2014,10,13,21,16.46,70.07,0.0,0.0,0.0,306.75,1.92,22.0,943.72,
2014,10,13,22,15.71,75.07,0.0,0.0,0.0,304.65,1.61,54.0,943.13,
2014,10,13,23,14.95,80.08,0.0,0.0,0.0,302.55,1.31,85.0,942.54,
2014,10,14,0,14.2,85.08,0.0,0.0,0.0,300.45,1.01,116.0,941.95,
2014,10,14,1,13.85,84.78,0.0,0.0,0.0,299.52,0.83,127.0,941.33,
2014,10,14,2,13.51,84.49,0.0,0.0,0.0,298.58,0.66,137.0,940.71,
2014,10,14,3,13.16,84.19,0.0,0.0,0.0,297.65,0.48,147.0,940.09,
2014,10,14,4,13.26,85.92,0.0,0.0,0.0,300.15,0.88,158.0,940.0,
2014,10,14,5,13.36,87.64,0.0,0.0,0.0,302.65,1.27,168.0,939.91,
2014,10,14,6,13.46,89.37,0.0,0.0,0.0,305.15,1.67,179.0,939.81,
2014,10,14,7,14.34,88.86,0.0,0.0,0.0,312.47,1.94,221.0,940.46,
2014,10,14,8,15.21,88.34,27.0,0.0,27.0,319.78,2.22,264.0,941.12,
2014,10,14,9,16.09,87.83,83.0,0.0,83.0,327.1,2.5,306.0,941.77,
2014,10,14,10,15.38,91.29,203.0,5.47,200.0,333.68,3.23,299.0,941.89,
2014,10,14,11,14.67,94.74,60.0,0.0,60.0,340.27,3.97,291.0,942.01,
2014,10,14,12,13.96,98.2,66.0,0.0,66.0,346.85,4.7,283.0,942.14,
2014,10,14,13,13.94,97.91,67.0,0.0,67.0,349.43,4.69,274.0,942.11,
2014,10,14,14,13.92,97.61,384.0,80.49,330.0,352.02,4.67,265.0,942.08,
2014,10,14,15,13.9,97.32,179.0,0.0,179.0,354.6,4.65,255.0,942.05,
2014,10,14,16,13.43,93.85,167.0,11.8,162.0,346.58,4.13,256.0,942.39,
2014,10,14,17,12.97,90.38,36.0,0.0,36.0,338.57,3.62,257.0,942.73,
2014,10,14,18,12.51,86.91,13.0,24.11,12.0,330.55,3.1,258.0,943.07,
2014,10,14,19,12.67,84.9,0.0,0.0,0.0,320.65,3.34,262.0,943.6,
2014,10,14,20,12.83,82.89,0.0,0.0,0.0,310.75,3.57,265.0,944.12,
2014,10,14,21,12.99,80.88,0.0,0.0,0.0,300.85,3.81,269.0,944.65,
2014,10,14,22,13.46,80.55,0.0,0.0,0.0,300.7,3.55,273.0,944.71,
2014,10,14,23,13.93,80.21,0.0,0.0,0.0,300.55,3.3,277.0,944.77,
2014,10,15,0,14.4,79.88,0.0,0.0,0.0,300.4,3.05,281.0,944.84,
2014,10,15,1,14.28,79.04,0.0,0.0,0.0,304.52,3.04,281.0,944.68,
2014,10,15,2,14.17,78.19,0.0,0.0,0.0,308.63,3.04,281.0,944.53,
2014,10,15,3,14.05,77.35,0.0,0.0,0.0,312.75,3.03,282.0,944.37,
2014,10,15,4,13.96,79.34,0.0,0.0,0.0,312.22,2.93,280.0,944.65,
2014,10,15,5,13.87,81.34,0.0,0.0,0.0,311.68,2.82,278.0,944.93,
2014,10,15,6,13.78,83.33,0.0,0.0,0.0,311.15,2.72,276.0,945.21,
2014,10,15,7,14.83,79.09,0.0,0.0,0.0,310.35,3.14,281.0,945.77,
2014,10,15,8,15.88,74.86,140.0,274.17,83.0,309.55,3.56,286.0,946.32,
2014,10,15,9,16.93,70.62,334.0,502.11,137.0,308.75,3.99,292.0,946.88,
2014,10,15,10,17.76,65.94,408.0,282.95,254.0,312.1,4.06,297.0,946.88,
2014,10,15,11,18.6,61.25,360.0,68.88,315.0,315.45,4.12,302.0,946.88,
2014,10,15,12,19.43,56.57,434.0,106.74,358.0,318.8,4.19,306.0,946.88,
2014,10,15,13,19.7,56.91,635.0,485.76,287.0,324.92,4.21,307.0,946.57,
2014,10,15,14,19.96,57.24,622.0,595.92,225.0,331.03,4.22,307.0,946.26,
2014,10,15,15,20.23,57.58,585.0,885.3,85.0,337.15,4.23,308.0,945.95,
2014,10,15,16,18.98,64.27,373.0,565.51,136.0,325.33,3.58,306.0,946.26,
2014,10,15,17,17.74,70.96,206.0,594.03,64.0,313.52,2.92,303.0,946.57,
2014,10,15,18,16.5,77.65,11.0,0.0,11.0,301.7,2.26,301.0,946.88,
2014,10,15,19,15.82,82.93,0.0,0.0,0.0,296.03,2.29,288.0,947.44,
2014,10,15,20,15.13,88.21,0.0,0.0,0.0,290.37,2.31,275.0,948.0,
2014,10,15,21,14.45,93.49,0.0,0.0,0.0,284.7,2.33,261.0,948.56,
2014,10,15,22,14.52,94.49,0.0,0.0,0.0,283.73,2.16,246.0,948.53,
2014,10,15,23,14.6,95.5,0.0,0.0,0.0,282.77,1.98,230.0,948.5,
2014,10,16,0,14.67,96.5,0.0,0.0,0.0,281.8,1.81,215.0,948.46,
2014,10,16,1,14.31,97.06,0.0,0.0,0.0,282.55,1.98,205.0,948.19,
2014,10,16,2,13.94,97.61,0.0,0.0,0.0,283.3,2.15,195.0,947.91,
2014,10,16,3,13.58,98.17,0.0,0.0,0.0,284.05,2.32,185.0,947.63,
2014,10,16,4,13.37,98.6,0.0,0.0,0.0,283.72,2.34,179.0,947.63,
2014,10,16,5,13.16,99.02,0.0,0.0,0.0,283.38,2.35,174.0,947.63,
2014,10,16,6,12.95,99.45,0.0,0.0,0.0,283.05,2.37,168.0,947.63,
2014,10,16,7,15.29,90.99,0.0,0.0,0.0,286.48,2.19,170.0,947.91,
2014,10,16,8,17.63,82.52,163.0,498.61,61.0,289.92,2.01,173.0,948.19,
2014,10,16,9,19.98,74.06,371.0,748.56,80.0,293.35,1.83,175.0,948.46,
2014,10,16,10,21.41,67.72,552.0,864.2,85.0,300.9,1.64,179.0,948.12,
2014,10,16,11,22.85,61.39,687.0,930.45,83.0,308.45,1.45,182.0,947.78,
2014,10,16,12,24.29,55.05,757.0,939.75,92.0,316.0,1.26,186.0,947.44,
2014,10,16,13,24.85,53.64,759.0,927.16,99.0,321.63,0.91,191.0,946.82,
2014,10,16,14,25.41,52.22,687.0,858.65,119.0,327.27,0.57,196.0,946.2,
2014,10,16,15,25.97,50.81,562.0,792.81,118.0,332.9,0.22,200.0,945.58,
2014,10,16,16,24.51,57.09,392.0,699.89,102.0,329.67,1.02,166.0,945.7,
2014,10,16,17,23.05,63.38,195.0,524.77,72.0,326.43,1.82,132.0,945.83,
2014,10,16,18,21.59,69.66,0.0,0.0,0.0,323.2,2.62,98.0,945.95,
2014,10,16,19,20.29,75.14,0.0,0.0,0.0,320.17,2.56,114.0,946.32,
2014,10,16,20,19.0,80.63,0.0,0.0,0.0,317.13,2.49,129.0,946.7,
2014,10,16,21,17.7,86.11,0.0,0.0,0.0,314.1,2.43,144.0,947.07,
2014,10,16,22,17.21,88.08,0.0,0.0,0.0,311.1,2.28,149.0,947.01,
2014,10,16,23,16.73,90.05,0.0,0.0,0.0,308.1,2.13,153.0,946.95,
2014,10,17,0,16.24,92.02,0.0,0.0,0.0,305.1,1.99,158.0,946.88,
2014,10,17,1,15.97,91.22,0.0,0.0,0.0,303.32,2.17,159.0,946.85,
2014,10,17,2,15.7,90.42,0.0,0.0,0.0,301.53,2.35,160.0,946.82,
2014,10,17,3,15.43,89.62,0.0,0.0,0.0,299.75,2.54,162.0,946.79,
2014,10,17,4,15.19,88.63,0.0,0.0,0.0,297.8,2.57,162.0,946.95,
2014,10,17,5,14.95,87.65,0.0,0.0,0.0,295.85,2.61,162.0,947.1,
2014,10,17,6,14.71,86.66,0.0,0.0,0.0,293.9,2.65,162.0,947.26,
2014,10,17,7,17.07,79.55,0.0,0.0,0.0,295.7,2.86,164.0,947.72,
2014,10,17,8,19.43,72.44,154.0,437.35,66.0,297.5,3.08,165.0,948.19,
2014,10,17,9,21.8,65.33,359.0,693.29,92.0,299.3,3.3,167.0,948.65,
2014,10,17,10,23.9,57.79,526.0,749.32,124.0,306.23,3.46,174.0,948.28,
2014,10,17,11,26.01,50.26,652.0,792.26,141.0,313.17,3.63,181.0,947.91,
2014,10,17,12,28.11,42.72,715.0,789.19,160.0,320.1,3.79,188.0,947.53,
2014,10,17,13,28.43,42.64,724.0,805.9,154.0,323.75,3.65,190.0,947.16,
2014,10,17,14,28.74,42.56,664.0,785.6,148.0,327.4,3.5,193.0,946.79,
2014,10,17,15,29.06,42.48,548.0,750.93,131.0,331.05,3.35,196.0,946.42,
2014,10,17,16,26.9,49.88,377.0,637.13,116.0,327.15,3.33,182.0,946.6,
2014,10,17,17,24.74,57.29,188.0,504.83,72.0,323.25,3.31,169.0,946.79,
2014,10,17,18,22.59,64.69,0.0,0.0,0.0,319.35,3.28,156.0,946.98,
2014,10,17,19,21.46,65.33,0.0,0.0,0.0,315.48,3.36,158.0,947.41,
2014,10,17,20,20.34,65.98,0.0,0.0,0.0,311.62,3.43,160.0,947.84,
2014,10,17,21,19.21,66.62,0.0,0.0,0.0,307.75,3.5,163.0,948.28,
2014,10,17,22,19.25,63.38,0.0,0.0,0.0,305.05,3.18,165.0,948.37,
2014,10,17,23,19.28,60.15,0.0,0.0,0.0,302.35,2.86,166.0,948.46,
2014,10,18,0,19.32,56.91,0.0,0.0,0.0,299.65,2.54,168.0,948.56,
2014,10,18,1,19.14,54.11,0.0,0.0,0.0,297.55,2.91,170.0,948.65,
2014,10,18,2,18.97,51.31,0.0,0.0,0.0,295.45,3.28,171.0,948.74,
2014,10,18,3,18.79,48.51,0.0,0.0,0.0,293.35,3.66,172.0,948.84,
2014,10,18,4,18.5,47.36,0.0,0.0,0.0,292.17,3.65,171.0,948.99,
2014,10,18,5,18.21,46.2,0.0,0.0,0.0,290.98,3.65,169.0,949.15,
2014,10,18,6,17.91,45.05,0.0,0.0,0.0,289.8,3.64,167.0,949.3,
2014,10,18,7,19.91,44.56,0.0,0.0,0.0,292.38,3.5,168.0,949.71,
2014,10,18,8,21.91,44.07,147.0,394.27,69.0,294.97,3.36,169.0,950.11,
2014,10,18,9,23.91,43.58,346.0,631.77,105.0,297.55,3.21,170.0,950.51,
2014,10,18,10,25.76,38.45,514.0,707.9,137.0,304.32,3.47,175.0,950.08,
2014,10,18,11,27.62,33.32,641.0,763.08,152.0,311.08,3.73,180.0,949.64,
2014,10,18,12,29.47,28.19,706.0,774.12,165.0,317.85,3.99,185.0,949.21,
2014,10,18,13,29.89,27.8,715.0,791.2,159.0,322.15,3.61,187.0,948.56,
2014,10,18,14,30.31,27.42,652.0,757.48,158.0,326.45,3.23,189.0,947.91,
2014,10,18,15,30.74,27.03,540.0,735.55,135.0,330.75,2.86,190.0,947.26,
2014,10,18,16,28.25,33.84,370.0,624.71,117.0,327.27,2.47,164.0,947.47,
2014,10,18,17,25.76,40.64,176.0,430.68,79.0,323.78,2.08,138.0,947.69,
2014,10,18,18,23.27,47.45,0.0,0.0,0.0,320.3,1.7,112.0,947.91,
2014,10,18,19,22.11,48.07,0.0,0.0,0.0,316.78,2.12,122.0,948.31,
2014,10,18,20,20.94,48.7,0.0,0.0,0.0,313.27,2.55,132.0,948.71,
2014,10,18,21,19.78,49.32,0.0,0.0,0.0,309.75,2.98,142.0,949.12,
2014,10,18,22,19.6,47.52,0.0,0.0,0.0,306.55,2.74,147.0,949.05,
2014,10,18,23,19.41,45.73,0.0,0.0,0.0,303.35,2.5,151.0,948.99,
2014,10,19,0,19.23,43.93,0.0,0.0,0.0,300.15,2.26,155.0,948.93,
2014,10,19,1,19.75,38.85,0.0,0.0,0.0,297.43,2.72,156.0,948.99,
2014,10,19,2,20.28,33.77,0.0,0.0,0.0,294.72,3.17,157.0,949.05,
2014,10,19,3,20.8,28.69,0.0,0.0,0.0,292.0,3.63,157.0,949.12,
2014,10,19,4,20.38,28.54,0.0,0.0,0.0,288.5,3.61,156.0,949.27,
2014,10,19,5,19.96,28.38,0.0,0.0,0.0,285.0,3.59,155.0,949.43,
2014,10,19,6,19.54,28.23,0.0,0.0,0.0,281.5,3.57,154.0,949.58,
2014,10,19,7,21.19,29.98,0.0,0.0,0.0,282.57,3.49,154.0,950.08,
2014,10,19,8,22.84,31.73,145.0,396.02,68.0,283.63,3.41,153.0,950.57,
2014,10,19,9,24.5,33.48,339.0,608.79,109.0,284.7,3.32,153.0,951.07,
2014,10,19,10,26.23,29.36,504.0,682.91,143.0,290.53,3.55,155.0,950.7,
2014,10,19,11,27.97,25.23,620.0,695.85,177.0,296.37,3.77,157.0,950.33,
2014,10,19,12,29.71,21.11,691.0,732.94,182.0,302.2,4.0,159.0,949.95,
2014,10,19,13,30.19,20.42,692.0,720.45,189.0,306.2,3.57,157.0,949.12,
2014,10,19,14,30.67,19.72,640.0,728.94,168.0,310.2,3.14,155.0,948.28,
2014,10,19,15,31.15,19.03,524.0,683.22,151.0,314.2,2.72,153.0,947.44,
2014,10,19,16,28.78,23.1,359.0,586.96,124.0,311.08,2.92,143.0,947.63,
2014,10,19,17,26.41,27.16,172.0,425.88,78.0,307.97,3.13,133.0,947.81,
2014,10,19,18,24.04,31.23,0.0,0.0,0.0,304.85,3.34,122.0,948.0,
2014,10,19,19,22.97,30.56,0.0,0.0,0.0,302.02,3.44,129.0,948.53,
2014,10,19,20,21.9,29.88,0.0,0.0,0.0,299.18,3.55,135.0,949.05,
2014,10,19,21,20.83,29.21,0.0,0.0,0.0,296.35,3.66,142.0,949.58,
2014,10,19,22,20.47,29.32,0.0,0.0,0.0,293.93,3.21,146.0,949.67,
2014,10,19,23,20.1,29.44,0.0,0.0,0.0,291.52,2.76,151.0,949.77,
2014,10,20,0,19.74,29.55,0.0,0.0,0.0,289.1,2.32,156.0,949.86,
2014,10,20,1,19.56,29.66,0.0,0.0,0.0,288.5,2.7,158.0,949.71,
2014,10,20,2,19.39,29.76,0.0,0.0,0.0,287.9,3.08,160.0,949.55,
2014,10,20,3,19.21,29.87,0.0,0.0,0.0,287.3,3.46,162.0,949.39,
2014,10,20,4,18.69,31.46,0.0,0.0,0.0,285.95,3.45,162.0,949.49,
2014,10,20,5,18.17,33.05,0.0,0.0,0.0,284.6,3.43,161.0,949.58,
2014,10,20,6,17.64,34.64,0.0,0.0,0.0,283.25,3.42,161.0,949.67,
2014,10,20,7,19.49,36.28,0.0,0.0,0.0,285.75,3.26,162.0,950.17,
2014,10,20,8,21.34,37.91,138.0,361.23,69.0,288.25,3.11,163.0,950.67,
2014,10,20,9,23.19,39.55,333.0,596.09,110.0,290.75,2.95,164.0,951.16,
2014,10,20,10,25.44,35.15,500.0,680.44,143.0,298.02,2.57,172.0,950.76,
2014,10,20,11,27.69,30.75,631.0,760.56,150.0,305.28,2.19,179.0,950.36,
2014,10,20,12,29.94,26.35,708.0,814.42,146.0,312.55,1.81,187.0,949.95,
2014,10,20,13,30.42,26.81,723.0,860.69,126.0,317.87,1.5,224.0,949.15,
2014,10,20,14,30.9,27.28,652.0,794.85,141.0,323.18,1.2,260.0,948.34,
2014,10,20,15,31.39,27.74,527.0,718.63,138.0,328.5,0.9,296.0,947.53,
2014,10,20,16,28.88,35.64,358.0,606.37,118.0,324.85,1.61,330.0,947.66,
2014,10,20,17,26.37,43.53,167.0,420.76,76.0,321.2,2.32,3.0,947.78,
2014,10,20,18,23.87,51.43,0.0,0.0,0.0,317.55,3.03,36.0,947.91,
2014,10,20,19,22.5,54.37,0.0,0.0,0.0,316.13,2.74,69.0,948.22,
2014,10,20,20,21.14,57.31,0.0,0.0,0.0,314.72,2.44,101.0,948.53,
2014,10,20,21,19.77,60.25,0.0,0.0,0.0,313.3,2.14,133.0,948.84,
2014,10,20,22,19.09,62.47,0.0,0.0,0.0,311.22,1.72,142.0,948.77,
2014,10,20,23,18.42,64.7,0.0,0.0,0.0,309.13,1.31,151.0,948.71,
2014,10,21,0,17.74,66.92,0.0,0.0,0.0,307.05,0.9,160.0,948.65,
2014,10,21,1,17.44,68.15,0.0,0.0,0.0,306.1,1.42,165.0,948.53,
2014,10,21,2,17.14,69.37,0.0,0.0,0.0,305.15,1.94,170.0,948.4,
2014,10,21,3,16.84,70.6,0.0,0.0,0.0,304.2,2.47,175.0,948.28,
2014,10,21,4,16.34,74.28,0.0,0.0,0.0,302.37,2.53,181.0,948.65,
2014,10,21,5,15.83,77.97,0.0,0.0,0.0,300.53,2.6,186.0,949.02,
2014,10,21,6,15.32,81.65,0.0,0.0,0.0,298.7,2.66,192.0,949.39,
2014,10,21,7,17.72,76.7,0.0,0.0,0.0,301.22,2.18,216.0,950.05,
2014,10,21,8,20.12,71.75,133.0,341.21,69.0,303.73,1.7,239.0,950.7,
2014,10,21,9,22.53,66.8,331.0,602.08,108.0,306.25,1.21,263.0,951.35,
2014,10,21,10,23.92,59.68,496.0,677.96,143.0,313.82,1.48,287.0,951.22,
2014,10,21,11,25.31,52.57,624.0,744.97,156.0,321.38,1.74,311.0,951.1,
2014,10,21,12,26.7,45.45,703.0,812.36,146.0,328.95,2.0,335.0,950.98,
2014,10,21,13,26.66,47.12,722.0,873.62,120.0,330.48,2.35,340.0,950.76,
2014,10,21,14,26.61,48.79,644.0,778.65,147.0,332.02,2.71,344.0,950.54,
2014,10,21,15,26.57,50.46,516.0,691.25,145.0,333.55,3.06,349.0,950.33,
2014,10,21,16,24.62,59.23,352.0,592.94,120.0,328.58,2.56,348.0,950.95,
2014,10,21,17,22.67,67.99,162.0,410.59,75.0,323.62,2.05,347.0,951.57,
2014,10,21,18,20.72,76.76,0.0,0.0,0.0,318.65,1.54,346.0,952.19,
2014,10,21,19,19.69,81.74,0.0,0.0,0.0,313.83,1.51,331.0,952.62,
2014,10,21,20,18.67,86.72,0.0,0.0,0.0,309.02,1.48,315.0,953.05,
2014,10,21,21,17.64,91.7,0.0,0.0,0.0,304.2,1.45,299.0,953.49,
2014,10,21,22,17.57,89.91,0.0,0.0,0.0,300.1,1.64,293.0,953.3,
2014,10,21,23,17.51,88.11,0.0,0.0,0.0,296.0,1.83,286.0,953.12,
2014,10,22,0,17.44,86.32,0.0,0.0,0.0,291.9,2.03,279.0,952.93,
2014,10,22,1,17.04,83.28,0.0,0.0,0.0,291.95,2.19,273.0,952.5,
2014,10,22,2,16.65,80.25,0.0,0.0,0.0,292.0,2.35,266.0,952.06,
2014,10,22,3,16.25,77.21,0.0,0.0,0.0,292.05,2.51,260.0,951.63,
2014,10,22,4,16.12,74.35,0.0,0.0,0.0,292.57,2.43,263.0,951.69,
2014,10,22,5,15.98,71.48,0.0,0.0,0.0,293.08,2.35,267.0,951.75,
2014,10,22,6,15.84,68.62,0.0,0.0,0.0,293.6,2.28,270.0,951.81,
2014,10,22,7,18.04,64.05,0.0,0.0,0.0,298.02,2.16,294.0,952.43,
2014,10,22,8,20.24,59.47,131.0,347.62,67.0,302.43,2.04,317.0,953.05,
2014,10,22,9,22.45,54.9,326.0,589.12,110.0,306.85,1.92,341.0,953.67,
2014,10,22,10,23.04,53.05,494.0,689.01,138.0,312.92,2.47,346.0,953.4,
2014,10,22,11,23.64,51.2,619.0,743.6,155.0,318.98,3.02,351.0,953.12,
2014,10,22,12,24.24,49.35,691.0,783.86,157.0,325.05,3.57,356.0,952.84,
2014,10,22,13,24.55,50.58,710.0,842.88,133.0,328.35,3.59,354.0,951.78,
2014,10,22,14,24.86,51.8,645.0,804.79,135.0,331.65,3.61,352.0,950.73,
2014,10,22,15,25.18,53.03,511.0,689.67,144.0,334.95,3.63,350.0,949.67,
2014,10,22,16,23.32,61.17,358.0,656.68,104.0,329.3,3.2,351.0,950.2,
2014,10,22,17,21.46,69.3,161.0,428.78,72.0,323.65,2.76,352.0,950.73,
2014,10,22,18,19.61,77.44,0.0,0.0,0.0,318.0,2.33,353.0,951.26,
2014,10,22,19,18.6,83.72,0.0,0.0,0.0,312.57,1.79,356.0,951.78,
2014,10,22,20,17.59,90.01,0.0,0.0,0.0,307.13,1.26,358.0,952.31,
2014,10,22,21,16.58,96.29,0.0,0.0,0.0,301.7,0.72,360.0,952.84,
2014,10,22,22,16.17,97.53,0.0,0.0,0.0,301.58,0.76,5.0,952.81,
2014,10,22,23,15.77,98.76,0.0,0.0,0.0,301.47,0.81,11.0,952.78,
2014,10,23,0,15.36,100.0,0.0,0.0,0.0,301.35,0.86,16.0,952.74,
2014,10,23,1,15.31,97.44,0.0,0.0,0.0,300.3,0.63,39.0,952.09,
2014,10,23,2,15.26,94.87,0.0,0.0,0.0,299.25,0.41,63.0,951.44,
2014,10,23,3,15.21,92.31,0.0,0.0,0.0,298.2,0.19,86.0,950.79,
2014,10,23,4,14.8,91.82,0.0,0.0,0.0,299.88,0.46,98.0,950.82,
2014,10,23,5,14.39,91.32,0.0,0.0,0.0,301.57,0.72,109.0,950.85,
2014,10,23,6,13.98,90.83,0.0,0.0,0.0,303.25,0.98,120.0,950.88,
2014,10,23,7,15.43,87.3,0.0,0.0,0.0,302.47,0.77,121.0,951.22,
2014,10,23,8,16.87,83.77,133.0,387.54,63.0,301.68,0.57,123.0,951.57,
2014,10,23,9,18.32,80.24,323.0,597.97,106.0,300.9,0.36,124.0,951.91,
2014,10,23,10,19.54,69.69,487.0,674.89,141.0,302.63,0.65,81.0,951.38,
2014,10,23,11,20.76,59.13,611.0,729.32,159.0,304.37,0.95,38.0,950.85,
2014,10,23,12,21.98,48.58,682.0,768.27,162.0,306.1,1.24,356.0,950.33,
2014,10,23,13,22.29,47.57,694.0,798.47,151.0,306.05,1.43,356.0,949.61,
2014,10,23,14,22.59,46.56,637.0,789.96,140.0,306.0,1.61,356.0,948.9,
2014,10,23,15,22.9,45.55,512.0,712.64,136.0,305.95,1.79,357.0,948.19,
2014,10,23,16,21.17,53.51,353.0,653.82,103.0,302.58,1.99,359.0,948.28,
2014,10,23,17,19.44,61.47,159.0,442.69,69.0,299.22,2.19,0.0,948.37,
2014,10,23,18,17.71,69.43,0.0,0.0,0.0,295.85,2.39,2.0,948.46,
2014,10,23,19,16.45,77.01,0.0,0.0,0.0,293.97,2.3,20.0,948.77,
2014,10,23,20,15.2,84.6,0.0,0.0,0.0,292.08,2.21,39.0,949.08,
2014,10,23,21,13.94,92.18,0.0,0.0,0.0,290.2,2.12,57.0,949.39,
2014,10,23,22,13.64,92.82,0.0,0.0,0.0,287.62,1.77,85.0,949.02,
2014,10,23,23,13.35,93.46,0.0,0.0,0.0,285.03,1.43,114.0,948.65,
2014,10,24,0,13.05,94.1,0.0,0.0,0.0,282.45,1.08,142.0,948.28,
2014,10,24,1,12.41,93.3,0.0,0.0,0.0,280.72,1.43,153.0,947.78,
2014,10,24,2,11.78,92.49,0.0,0.0,0.0,278.98,1.78,164.0,947.29,
2014,10,24,3,11.14,91.69,0.0,0.0,0.0,277.25,2.14,175.0,946.79,
2014,10,24,4,10.44,93.72,0.0,0.0,0.0,275.97,1.88,171.0,946.82,
2014,10,24,5,9.73,95.76,0.0,0.0,0.0,274.68,1.61,166.0,946.85,
2014,10,24,6,9.02,97.79,0.0,0.0,0.0,273.4,1.35,162.0,946.88,
2014,10,24,7,12.05,88.71,0.0,0.0,0.0,277.1,1.19,161.0,947.22,
2014,10,24,8,15.08,79.64,128.0,372.61,62.0,280.8,1.02,161.0,947.57,
2014,10,24,9,18.11,70.56,319.0,595.89,105.0,284.5,0.86,160.0,947.91,
2014,10,24,10,20.06,59.46,483.0,674.33,140.0,292.4,0.79,181.0,947.44,
2014,10,24,11,22.02,48.35,600.0,701.85,168.0,300.3,0.72,201.0,946.98,
2014,10,24,12,23.97,37.25,663.0,712.33,184.0,308.2,0.65,221.0,946.51,
2014,10,24,13,24.28,37.47,678.0,754.94,168.0,311.17,1.0,265.0,945.95,
2014,10,24,14,24.59,37.68,628.0,773.27,145.0,314.13,1.35,309.0,945.39,
2014,10,24,15,24.9,37.9,502.0,684.34,144.0,317.1,1.7,353.0,944.84,
2014,10,24,16,22.75,46.42,347.0,637.58,106.0,313.07,2.12,7.0,945.15,
2014,10,24,17,20.6,54.93,157.0,457.05,66.0,309.03,2.54,20.0,945.46,
2014,10,24,18,18.46,63.45,0.0,0.0,0.0,305.0,2.97,34.0,945.77,
2014,10,24,19,17.37,67.02,0.0,0.0,0.0,301.38,2.95,59.0,946.14,
2014,10,24,20,16.28,70.59,0.0,0.0,0.0,297.77,2.93,85.0,946.51,
2014,10,24,21,15.19,74.16,0.0,0.0,0.0,294.15,2.91,110.0,946.88,
2014,10,24,22,14.64,76.62,0.0,0.0,0.0,291.32,2.32,119.0,946.73,
2014,10,24,23,14.09,79.08,0.0,0.0,0.0,288.48,1.73,128.0,946.57,
2014,10,25,0,13.54,81.54,0.0,0.0,0.0,285.65,1.14,137.0,946.42,
2014,10,25,1,12.96,81.15,0.0,0.0,0.0,285.83,1.17,139.0,946.23,
2014,10,25,2,12.38,80.77,0.0,0.0,0.0,286.02,1.19,141.0,946.05,
2014,10,25,3,11.8,80.38,0.0,0.0,0.0,286.2,1.21,143.0,945.86,
2014,10,25,4,11.37,80.7,0.0,0.0,0.0,284.7,1.19,144.0,945.95,
2014,10,25,5,10.94,81.02,0.0,0.0,0.0,283.2,1.16,144.0,946.05,
2014,10,25,6,10.5,81.34,0.0,0.0,0.0,281.7,1.13,145.0,946.14,
2014,10,25,7,13.42,73.87,0.0,0.0,0.0,283.82,0.99,142.0,946.51,
2014,10,25,8,16.33,66.4,134.0,466.55,53.0,285.93,0.85,139.0,946.88,
2014,10,25,9,19.25,58.93,314.0,582.54,107.0,288.05,0.7,137.0,947.26,
2014,10,25,10,21.56,50.91,476.0,659.91,143.0,296.47,0.91,123.0,946.98,
2014,10,25,11,23.88,42.88,602.0,726.35,158.0,304.88,1.11,109.0,946.7,
2014,10,25,12,26.2,34.86,659.0,711.03,184.0,313.3,1.31,95.0,946.42,
2014,10,25,13,26.5,35.62,677.0,767.44,162.0,318.18,1.68,81.0,946.2,
2014,10,25,14,26.79,36.39,627.0,785.33,140.0,323.07,2.06,67.0,945.98,
2014,10,25,15,27.09,37.15,502.0,707.55,135.0,327.95,2.43,53.0,945.77,
2014,10,25,16,25.08,42.62,340.0,623.53,107.0,324.93,2.51,52.0,946.08,
2014,10,25,17,23.07,48.1,151.0,435.96,66.0,321.92,2.6,52.0,946.39,
2014,10,25,18,21.06,53.57,0.0,0.0,0.0,318.9,2.69,51.0,946.7,
2014,10,25,19,19.91,55.6,0.0,0.0,0.0,314.1,2.74,67.0,947.16,
2014,10,25,20,18.75,57.62,0.0,0.0,0.0,309.3,2.78,82.0,947.63,
2014,10,25,21,17.6,59.65,0.0,0.0,0.0,304.5,2.83,98.0,948.09,
2014,10,25,22,16.89,62.13,0.0,0.0,0.0,301.78,2.34,106.0,948.19,
2014,10,25,23,16.18,64.6,0.0,0.0,0.0,299.07,1.86,115.0,948.28,
2014,10,26,0,15.47,67.08,0.0,0.0,0.0,296.35,1.38,123.0,948.37,
2014,10,26,1,14.57,71.37,0.0,0.0,0.0,295.77,1.58,126.0,948.12,
2014,10,26,2,13.68,75.67,0.0,0.0,0.0,295.18,1.78,129.0,947.88,
2014,10,26,3,12.78,79.96,0.0,0.0,0.0,294.6,1.99,132.0,947.63,
2014,10,26,4,12.43,81.14,0.0,0.0,0.0,292.78,1.94,135.0,947.69,
2014,10,26,5,12.08,82.32,0.0,0.0,0.0,290.97,1.89,138.0,947.75,
2014,10,26,6,11.73,83.5,0.0,0.0,0.0,289.15,1.85,141.0,947.81,
2014,10,26,7,14.37,77.44,0.0,0.0,0.0,290.9,1.55,142.0,948.15,
2014,10,26,8,17.01,71.39,96.0,152.86,70.0,292.65,1.26,144.0,948.5,
2014,10,26,9,19.66,65.33,279.0,401.1,138.0,294.4,0.97,146.0,948.84,
2014,10,26,10,21.69,57.99,447.0,543.38,175.0,303.18,1.01,142.0,948.53,
2014,10,26,11,23.72,50.64,556.0,565.04,213.0,311.97,1.05,139.0,948.22,
2014,10,26,12,25.75,43.3,640.0,658.47,203.0,320.75,1.09,136.0,947.91,
2014,10,26,13,25.56,44.63,651.0,685.56,194.0,327.95,1.61,82.0,947.6,
2014,10,26,14,25.36,45.97,599.0,691.94,173.0,335.15,2.13,29.0,947.29,
2014,10,26,15,25.17,47.3,479.0,620.27,160.0,342.35,2.65,336.0,946.98,
2014,10,26,16,23.25,55.5,126.0,5.41,124.0,340.6,2.43,338.0,947.29,
2014,10,26,17,21.34,63.7,109.0,146.67,81.0,338.85,2.22,341.0,947.6,
2014,10,26,18,19.43,71.9,0.0,0.0,0.0,337.1,2.0,344.0,947.91,
2014,10,26,19,19.18,73.23,0.0,0.0,0.0,333.3,1.54,351.0,948.19,
2014,10,26,20,18.92,74.56,0.0,0.0,0.0,329.5,1.08,357.0,948.46,
2014,10,26,21,18.67,75.89,0.0,0.0,0.0,325.7,0.62,4.0,948.74,
2014,10,26,22,18.04,78.82,0.0,0.0,0.0,320.77,0.6,311.0,948.65,
2014,10,26,23,17.4,81.74,0.0,0.0,0.0,315.83,0.57,257.0,948.56,
2014,10,27,0,16.77,84.67,0.0,0.0,0.0,310.9,0.55,204.0,948.46,
2014,10,27,1,15.76,89.04,0.0,0.0,0.0,308.15,0.69,200.0,948.28,
2014,10,27,2,14.76,93.42,0.0,0.0,0.0,305.4,0.82,195.0,948.09,
2014,10,27,3,13.75,97.79,0.0,0.0,0.0,302.65,0.95,191.0,947.91,
2014,10,27,4,13.49,97.4,0.0,0.0,0.0,301.38,1.39,192.0,947.97,
2014,10,27,5,13.23,97.0,0.0,0.0,0.0,300.12,1.83,193.0,948.03,
2014,10,27,6,12.97,96.61,0.0,0.0,0.0,298.85,2.26,194.0,948.09,
2014,10,27,7,15.4,88.95,0.0,0.0,0.0,301.0,1.75,207.0,948.46,
2014,10,27,8,17.83,81.29,85.0,102.08,68.0,303.15,1.24,221.0,948.84,
2014,10,27,9,20.27,73.63,296.0,517.65,116.0,305.3,0.73,234.0,949.21,
2014,10,27,10,21.66,66.64,477.0,704.91,127.0,312.67,0.92,274.0,948.59,
2014,10,27,11,23.05,59.65,611.0,804.59,126.0,320.03,1.11,314.0,947.97,
2014,10,27,12,24.44,52.66,677.0,817.55,138.0,327.4,1.3,354.0,947.35,
2014,10,27,13,24.5,52.61,694.0,878.93,112.0,328.38,1.75,354.0,946.85,
2014,10,27,14,24.56,52.56,620.0,796.76,133.0,329.37,2.21,353.0,946.36,
2014,10,27,15,24.63,52.51,502.0,754.98,117.0,330.35,2.66,353.0,945.86,
2014,10,27,16,22.91,59.65,272.0,309.4,159.0,327.48,2.45,2.0,945.98,
2014,10,27,17,21.19,66.8,141.0,401.25,66.0,324.62,2.23,10.0,946.11,
2014,10,27,18,19.47,73.94,0.0,0.0,0.0,321.75,2.01,18.0,946.23,
2014,10,27,19,18.34,79.07,0.0,0.0,0.0,317.5,1.61,41.0,946.36,
2014,10,27,20,17.22,84.19,0.0,0.0,0.0,313.25,1.2,63.0,946.48,
2014,10,27,21,16.09,89.32,0.0,0.0,0.0,309.0,0.8,86.0,946.6,
2014,10,27,22,15.66,90.7,0.0,0.0,0.0,306.25,1.03,103.0,946.32,
2014,10,27,23,15.23,92.08,0.0,0.0,0.0,303.5,1.25,119.0,946.05,
2014,10,28,0,14.8,93.46,0.0,0.0,0.0,300.75,1.48,136.0,945.77,
2014,10,28,1,14.29,95.64,0.0,0.0,0.0,301.2,1.34,146.0,945.58,
2014,10,28,2,13.77,97.82,0.0,0.0,0.0,301.65,1.2,156.0,945.39,
2014,10,28,3,13.26,100.0,0.0,0.0,0.0,302.1,1.06,166.0,945.21,
2014,10,28,4,13.16,100.0,0.0,0.0,0.0,301.78,0.98,167.0,945.12,
2014,10,28,5,13.05,100.0,0.0,0.0,0.0,301.47,0.91,168.0,945.02,
2014,10,28,6,12.94,100.0,0.0,0.0,0.0,301.15,0.83,169.0,944.93,
2014,10,28,7,15.1,93.23,0.0,0.0,0.0,301.85,0.74,173.0,945.21,
2014,10,28,8,17.26,86.47,120.0,404.94,54.0,302.55,0.66,178.0,945.49,
2014,10,28,9,19.43,79.7,305.0,596.1,100.0,303.25,0.58,182.0,945.77,
2014,10,28,10,20.66,72.5,470.0,690.41,130.0,311.38,0.9,127.0,945.24,
2014,10,28,11,21.9,65.3,597.0,761.85,141.0,319.52,1.21,71.0,944.71,
2014,10,28,12,23.14,58.1,669.0,801.62,144.0,327.65,1.53,16.0,944.19,
2014,10,28,13,23.32,57.21,693.0,890.91,107.0,328.37,1.89,16.0,943.91,
2014,10,28,14,23.5,56.32,624.0,837.13,116.0,329.08,2.25,16.0,943.63,
2014,10,28,15,23.68,55.43,490.0,713.93,129.0,329.8,2.61,16.0,943.35,
2014,10,28,16,22.06,61.46,327.0,614.81,105.0,328.82,2.45,20.0,943.47,
2014,10,28,17,20.44,67.48,138.0,404.38,64.0,327.83,2.29,24.0,943.6,
2014,10,28,18,18.82,73.51,0.0,0.0,0.0,326.85,2.12,28.0,943.72,
2014,10,28,19,17.76,78.21,0.0,0.0,0.0,321.0,2.15,48.0,944.0,
2014,10,28,20,16.71,82.92,0.0,0.0,0.0,315.15,2.17,69.0,944.28,
2014,10,28,21,15.65,87.62,0.0,0.0,0.0,309.3,2.19,90.0,944.56,
2014,10,28,22,15.28,89.88,0.0,0.0,0.0,305.95,1.67,102.0,944.5,
2014,10,28,23,14.9,92.13,0.0,0.0,0.0,302.6,1.15,115.0,944.43,
2014,10,29,0,14.53,94.39,0.0,0.0,0.0,299.25,0.63,127.0,944.37,
2014,10,29,1,14.65,91.33,0.0,0.0,0.0,300.22,0.93,133.0,944.19,
2014,10,29,2,14.77,88.27,0.0,0.0,0.0,301.18,1.23,140.0,944.0,
2014,10,29,3,14.89,85.21,0.0,0.0,0.0,302.15,1.53,146.0,943.81,
2014,10,29,4,13.95,89.3,0.0,0.0,0.0,300.32,1.32,149.0,943.91,
2014,10,29,5,13.01,93.39,0.0,0.0,0.0,298.48,1.12,153.0,944.0,
2014,10,29,6,12.07,97.48,0.0,0.0,0.0,296.65,0.91,156.0,944.09,
2014,10,29,7,14.55,89.1,0.0,0.0,0.0,297.37,0.72,153.0,944.62,
2014,10,29,8,17.03,80.71,110.0,326.19,58.0,298.08,0.52,150.0,945.15,
2014,10,29,9,19.52,72.33,303.0,602.82,98.0,298.8,0.33,147.0,945.67,
2014,10,29,10,21.02,64.88,464.0,675.67,134.0,306.43,0.77,112.0,945.43,
2014,10,29,11,22.53,57.43,587.0,733.62,151.0,314.07,1.21,77.0,945.18,
2014,10,29,12,24.03,49.98,653.0,759.33,159.0,321.7,1.66,41.0,944.93,
2014,10,29,13,23.97,49.66,677.0,844.86,125.0,325.45,1.92,40.0,944.71,
2014,10,29,14,23.9,49.35,616.0,819.94,122.0,329.2,2.19,38.0,944.5,
2014,10,29,15,23.84,49.03,485.0,712.0,128.0,332.95,2.46,36.0,944.28,
2014,10,29,16,22.17,55.42,324.0,621.82,102.0,330.18,2.46,34.0,944.71,
2014,10,29,17,20.5,61.82,135.0,413.06,61.0,327.42,2.46,32.0,945.15,
2014,10,29,18,18.83,68.21,0.0,0.0,0.0,324.65,2.46,30.0,945.58,
2014,10,29,19,17.79,72.03,0.0,0.0,0.0,318.18,2.58,46.0,946.14,
2014,10,29,20,16.75,75.86,0.0,0.0,0.0,311.72,2.7,62.0,946.7,
2014,10,29,21,15.71,79.68,0.0,0.0,0.0,305.25,2.83,78.0,947.26,
2014,10,29,22,15.24,81.73,0.0,0.0,0.0,302.32,2.58,92.0,947.47,
2014,10,29,23,14.76,83.79,0.0,0.0,0.0,299.38,2.33,107.0,947.69,
2014,10,30,0,14.29,85.84,0.0,0.0,0.0,296.45,2.08,122.0,947.91,
2014,10,30,1,13.58,87.47,0.0,0.0,0.0,299.57,2.27,129.0,947.81,
2014,10,30,2,12.87,89.09,0.0,0.0,0.0,302.68,2.45,135.0,947.72,
2014,10,30,3,12.16,90.72,0.0,0.0,0.0,305.8,2.63,142.0,947.63,
2014,10,30,4,11.68,91.34,0.0,0.0,0.0,302.13,2.36,143.0,947.88,
2014,10,30,5,11.2,91.97,0.0,0.0,0.0,298.47,2.08,144.0,948.12,
2014,10,30,6,10.72,92.59,0.0,0.0,0.0,294.8,1.81,145.0,948.37,
2014,10,30,7,13.43,85.53,0.0,0.0,0.0,295.85,1.4,144.0,948.77,
2014,10,30,8,16.14,78.47,106.0,308.01,58.0,296.9,0.99,142.0,949.18,
2014,10,30,9,18.86,71.41,296.0,579.96,101.0,297.95,0.58,141.0,949.58,
2014,10,30,10,20.68,61.76,459.0,673.08,133.0,306.47,1.14,112.0,949.3,
2014,10,30,11,22.51,52.12,582.0,732.1,150.0,314.98,1.69,83.0,949.02,
2014,10,30,12,24.33,42.47,642.0,730.37,170.0,323.5,2.25,54.0,948.74,
2014,10,30,13,24.42,42.16,659.0,787.36,148.0,327.25,2.49,47.0,948.4,
2014,10,30,14,24.5,41.86,602.0,777.36,137.0,331.0,2.73,40.0,948.06,
2014,10,30,15,24.59,41.55,473.0,671.74,139.0,334.75,2.97,32.0,947.72,
2014,10,30,16,22.89,45.72,320.0,620.38,101.0,333.98,2.9,32.0,948.12,
2014,10,30,17,21.2,49.89,131.0,399.13,61.0,333.22,2.83,33.0,948.53,
2014,10,30,18,19.51,54.06,0.0,0.0,0.0,332.45,2.76,33.0,948.93,
2014,10,30,19,18.46,56.92,0.0,0.0,0.0,327.37,2.77,43.0,949.36,
2014,10,30,20,17.41,59.79,0.0,0.0,0.0,322.28,2.79,54.0,949.8,
2014,10,30,21,16.36,62.65,0.0,0.0,0.0,317.2,2.8,65.0,950.23,
2014,10,30,22,15.47,66.87,0.0,0.0,0.0,310.2,2.08,83.0,950.17,
2014,10,30,23,14.59,71.08,0.0,0.0,0.0,303.2,1.36,102.0,950.11,
2014,10,31,0,13.7,75.3,0.0,0.0,0.0,296.2,0.63,120.0,950.05,
2014,10,31,1,13.05,76.58,0.0,0.0,0.0,295.35,0.57,131.0,949.8,
2014,10,31,2,12.41,77.87,0.0,0.0,0.0,294.5,0.5,143.0,949.55,
2014,10,31,3,11.76,79.15,0.0,0.0,0.0,293.65,0.43,154.0,949.3,
2014,10,31,4,11.4,80.32,0.0,0.0,0.0,291.97,0.48,155.0,949.33,
2014,10,31,5,11.04,81.49,0.0,0.0,0.0,290.28,0.54,156.0,949.36,
2014,10,31,6,10.68,82.66,0.0,0.0,0.0,288.6,0.59,157.0,949.39,
2014,10,31,7,13.25,76.29,0.0,0.0,0.0,290.82,0.45,152.0,949.83,
2014,10,31,8,15.82,69.93,102.0,302.12,56.0,293.03,0.3,147.0,950.26,
2014,10,31,9,18.4,63.56,290.0,565.61,102.0,295.25,0.15,142.0,950.7,
2014,10,31,10,19.96,56.42,450.0,647.54,139.0,302.85,0.68,105.0,950.39,
2014,10,31,11,21.52,49.29,574.0,716.89,154.0,310.45,1.2,69.0,950.08,
2014,10,31,12,23.08,42.15,637.0,729.05,169.0,318.05,1.72,32.0,949.77,
2014,10,31,13,23.2,41.6,651.0,770.92,154.0,321.48,1.98,29.0,949.36,
2014,10,31,14,23.31,41.04,591.0,747.59,147.0,324.92,2.24,27.0,948.96,
2014,10,31,15,23.43,40.49,474.0,695.62,131.0,328.35,2.5,24.0,948.56,
2014,10,31,16,21.57,46.15,314.0,604.46,103.0,322.22,2.39,23.0,948.84,
2014,10,31,17,16.24,66.52,126.0,378.59,61.0,305.56,1.61,22.0,949.12,
2014,10,31,18,16.14,67.26,0.0,0.0,0.0,304.42,1.67,21.0,949.39,
2014,10,31,19,16.04,68.01,0.0,0.0,0.0,303.27,1.73,33.0,949.8,
2014,10,31,20,15.93,68.75,0.0,0.0,0.0,302.13,1.8,45.0,950.2,
2014,10,31,21,15.83,69.49,0.0,0.0,0.0,300.99,1.86,57.0,950.6,
2014,10,31,22,15.73,70.24,0.0,0.0,0.0,299.84,1.92,73.0,950.6,
2014,10,31,23,15.63,70.98,0.0,0.0,0.0,298.7,1.98,90.0,950.6,
2009,11,1,0,15.52,71.72,0.0,0.0,0.0,297.55,2.04,107.0,950.6,
2009,11,1,1,15.42,72.47,0.0,0.0,0.0,296.41,2.11,190.0,947.47,
2009,11,1,2,15.32,73.21,0.0,0.0,0.0,295.26,2.17,194.0,947.04,
2009,11,1,3,15.22,73.95,0.0,0.0,0.0,294.12,2.23,198.0,946.6,
2009,11,1,4,15.11,74.7,0.0,0.0,0.0,292.97,2.29,202.0,946.36,
2009,11,1,5,15.01,75.44,0.0,0.0,0.0,291.83,2.36,206.0,946.11,
2009,11,1,6,14.91,76.18,0.0,0.0,0.0,290.69,2.42,210.0,945.86,
2009,11,1,7,14.81,76.93,0.0,0.0,0.0,289.54,2.48,220.0,946.05,
2009,11,1,8,14.7,77.67,106.0,406.71,47.0,288.4,2.54,231.0,946.23,
2009,11,1,9,20.65,58.6,294.0,625.22,91.0,293.75,2.92,242.0,946.42,
2009,11,1,10,21.7,56.2,466.0,756.09,109.0,300.18,3.86,255.0,946.14,
2009,11,1,11,22.75,53.79,595.0,829.5,116.0,306.62,4.79,268.0,945.86,
2009,11,1,12,23.81,51.39,656.0,825.73,133.0,313.05,5.72,281.0,945.58,
2009,11,1,13,23.58,54.14,650.0,784.43,151.0,315.1,5.77,284.0,945.02,
2009,11,1,14,23.35,56.9,608.0,848.81,111.0,317.15,5.81,287.0,944.46,
2009,11,1,15,23.11,59.65,488.0,793.81,103.0,319.2,5.85,290.0,943.91,
2009,11,1,16,21.57,67.63,321.0,691.25,85.0,316.65,5.22,289.0,944.37,
2009,11,1,17,20.04,75.61,132.0,510.49,48.0,314.1,4.59,289.0,944.84,
2009,11,1,18,18.5,83.59,0.0,0.0,0.0,311.55,3.96,288.0,945.3,
2009,11,1,19,17.89,86.6,0.0,0.0,0.0,310.02,3.89,284.0,945.89,
2009,11,1,20,17.28,89.62,0.0,0.0,0.0,308.48,3.81,279.0,946.48,
2009,11,1,21,16.67,92.63,0.0,0.0,0.0,306.95,3.74,274.0,947.07,
2009,11,1,22,16.73,92.87,0.0,0.0,0.0,307.8,3.7,273.0,946.95,
2009,11,1,23,16.79,93.12,0.0,0.0,0.0,308.65,3.66,272.0,946.82,
2009,11,2,0,16.85,93.36,0.0,0.0,0.0,309.5,3.61,271.0,946.7,
2009,11,2,1,16.53,92.95,0.0,0.0,0.0,312.68,3.41,272.0,946.32,
2009,11,2,2,16.21,92.55,0.0,0.0,0.0,315.87,3.21,272.0,945.95,
2009,11,2,3,15.89,92.14,0.0,0.0,0.0,319.05,3.01,273.0,945.58,
2009,11,2,4,15.53,93.43,0.0,0.0,0.0,322.1,3.0,272.0,945.67,
2009,11,2,5,15.17,94.73,0.0,0.0,0.0,325.15,2.99,271.0,945.77,
2009,11,2,6,14.81,96.02,0.0,0.0,0.0,328.2,2.98,270.0,945.86,
2009,11,2,7,15.99,89.64,0.0,0.0,0.0,327.02,3.23,274.0,946.11,
2009,11,2,8,17.17,83.26,63.0,56.55,55.0,325.83,3.48,277.0,946.36,
2009,11,2,9,18.36,76.88,291.0,632.73,88.0,324.65,3.72,280.0,946.6,
2009,11,2,10,19.35,68.13,462.0,754.09,109.0,321.7,3.95,283.0,946.17,
2009,11,2,11,20.35,59.38,587.0,812.87,121.0,318.75,4.18,286.0,945.74,
2009,11,2,12,21.35,50.63,655.0,839.23,127.0,315.8,4.41,290.0,945.3,
2009,11,2,13,21.59,49.73,665.0,871.95,114.0,314.7,4.51,292.0,944.65,
2009,11,2,14,21.84,48.83,607.0,861.7,106.0,313.6,4.62,295.0,944.0,
2009,11,2,15,22.08,47.93,483.0,792.02,102.0,312.5,4.72,297.0,943.35,
2009,11,2,16,20.66,54.31,318.0,698.86,82.0,308.73,3.99,292.0,943.44,
2009,11,2,17,19.23,60.68,129.0,515.22,46.0,304.97,3.26,287.0,943.53,
2009,11,2,18,17.81,67.06,0.0,0.0,0.0,301.2,2.54,282.0,943.63,
2009,11,2,19,17.08,69.98,0.0,0.0,0.0,297.9,2.52,268.0,943.78,
2009,11,2,20,16.36,72.89,0.0,0.0,0.0,294.6,2.5,254.0,943.94,
2009,11,2,21,15.64,75.81,0.0,0.0,0.0,291.3,2.48,240.0,944.09,
2009,11,2,22,15.76,76.21,0.0,0.0,0.0,288.88,2.63,237.0,943.91,
2009,11,2,23,15.87,76.61,0.0,0.0,0.0,286.47,2.79,233.0,943.72,
2009,11,3,0,15.99,77.01,0.0,0.0,0.0,284.05,2.94,230.0,943.53,
2009,11,3,1,15.63,77.27,0.0,0.0,0.0,282.87,2.96,231.0,943.04,
2009,11,3,2,15.28,77.54,0.0,0.0,0.0,281.68,2.97,232.0,942.54,
2009,11,3,3,14.93,77.8,0.0,0.0,0.0,280.5,2.99,233.0,942.05,
2009,11,3,4,14.77,78.85,0.0,0.0,0.0,279.7,3.09,236.0,941.95,
2009,11,3,5,14.62,79.9,0.0,0.0,0.0,278.9,3.19,238.0,941.86,
2009,11,3,6,14.47,80.95,0.0,0.0,0.0,278.1,3.28,241.0,941.77,
2009,11,3,7,15.94,76.29,0.0,0.0,0.0,280.22,3.73,247.0,941.98,
2009,11,3,8,17.41,71.63,99.0,384.45,46.0,282.33,4.18,252.0,942.2,
2009,11,3,9,18.89,66.97,290.0,653.03,83.0,284.45,4.63,258.0,942.42,
2009,11,3,10,19.74,62.21,462.0,777.89,101.0,290.37,5.27,264.0,942.2,
2009,11,3,11,20.59,57.44,585.0,825.85,115.0,296.28,5.9,269.0,941.98,
2009,11,3,12,21.45,52.68,643.0,809.68,137.0,302.2,6.54,275.0,941.77,
2009,11,3,13,21.53,52.04,647.0,810.84,138.0,306.18,6.44,276.0,941.15,
2009,11,3,14,21.61,51.4,596.0,831.4,116.0,310.17,6.34,276.0,940.53,
2009,11,3,15,21.69,50.76,481.0,804.75,97.0,314.15,6.25,276.0,939.91,
2009,11,3,16,20.15,57.68,313.0,685.53,84.0,311.25,5.82,278.0,940.46,
2009,11,3,17,18.61,64.59,128.0,532.55,44.0,308.35,5.39,279.0,941.02,
2009,11,3,18,17.07,71.51,0.0,0.0,0.0,305.45,4.97,281.0,941.58,
2009,11,3,19,16.4,75.92,0.0,0.0,0.0,302.43,4.95,278.0,942.26,
2009,11,3,20,15.74,80.34,0.0,0.0,0.0,299.42,4.94,274.0,942.94,
2009,11,3,21,15.08,84.75,0.0,0.0,0.0,296.4,4.92,271.0,943.63,
2009,11,3,22,15.15,87.29,0.0,0.0,0.0,296.55,4.72,269.0,943.56,
2009,11,3,23,15.22,89.82,0.0,0.0,0.0,296.7,4.52,268.0,943.5,
2009,11,4,0,15.3,92.36,0.0,0.0,0.0,296.85,4.32,266.0,943.44,
2009,11,4,1,14.98,94.04,0.0,0.0,0.0,312.65,4.72,268.0,943.07,
2009,11,4,2,14.66,95.72,0.0,0.0,0.0,328.45,5.12,271.0,942.7,
2009,11,4,3,14.35,97.4,0.0,0.0,0.0,344.25,5.52,274.0,942.32,
2009,11,4,4,14.27,97.71,0.0,0.0,0.0,349.2,5.63,273.0,942.29,
2009,11,4,5,14.2,98.03,0.0,0.0,0.0,354.15,5.75,273.0,942.26,
2009,11,4,6,14.13,98.34,0.0,0.0,0.0,359.1,5.86,273.0,942.23,
2009,11,4,7,14.61,96.9,0.0,0.0,0.0,359.55,6.26,273.0,942.63,
2009,11,4,8,15.09,95.45,10.0,0.0,10.0,360.0,6.66,273.0,943.04,
2009,11,4,9,15.57,94.01,170.0,86.22,143.0,360.45,7.06,273.0,943.44,
2009,11,4,10,15.82,87.67,178.0,8.69,174.0,353.28,6.96,274.0,943.35,
2009,11,4,11,16.07,81.32,91.0,0.0,91.0,346.12,6.85,275.0,943.25,
2009,11,4,12,16.32,74.98,198.0,0.0,198.0,338.95,6.74,276.0,943.16,
2009,11,4,13,16.82,67.9,408.0,142.72,319.0,331.28,6.87,279.0,942.76,
2009,11,4,14,17.33,60.81,407.0,209.3,287.0,323.62,6.99,282.0,942.36,
2009,11,4,15,17.83,53.73,426.0,542.94,169.0,315.95,7.12,286.0,941.95,
2009,11,4,16,16.52,58.59,302.0,635.44,92.0,303.73,6.69,286.0,942.54,
2009,11,4,17,15.21,63.46,120.0,466.17,48.0,291.52,6.25,286.0,943.13,
2009,11,4,18,13.9,68.32,0.0,0.0,0.0,279.3,5.82,286.0,943.72,
2009,11,4,19,13.49,68.41,0.0,0.0,0.0,277.37,5.78,283.0,944.22,
2009,11,4,20,13.08,68.5,0.0,0.0,0.0,275.43,5.74,280.0,944.71,
2009,11,4,21,12.67,68.59,0.0,0.0,0.0,273.5,5.7,277.0,945.21,
2009,11,4,22,12.6,70.04,0.0,0.0,0.0,276.27,5.79,281.0,945.33,
2009,11,4,23,12.52,71.49,0.0,0.0,0.0,279.03,5.89,285.0,945.46,
2009,11,5,0,12.45,72.94,0.0,0.0,0.0,281.8,5.99,288.0,945.58,
2009,11,5,1,11.95,76.21,0.0,0.0,0.0,288.87,5.73,291.0,945.3,
2009,11,5,2,11.45,79.48,0.0,0.0,0.0,295.93,5.47,295.0,945.02,
2009,11,5,3,10.96,82.75,0.0,0.0,0.0,303.0,5.21,298.0,944.74,
2009,11,5,4,10.75,84.97,0.0,0.0,0.0,315.15,5.28,299.0,944.9,
2009,11,5,5,10.54,87.18,0.0,0.0,0.0,327.3,5.34,300.0,945.05,
2009,11,5,6,10.34,89.4,0.0,0.0,0.0,339.45,5.41,301.0,945.21,
2009,11,5,7,10.9,89.05,0.0,0.0,0.0,338.05,5.74,302.0,945.64,
2009,11,5,8,11.46,88.71,50.0,30.61,46.0,336.65,6.08,302.0,946.08,
2009,11,5,9,12.02,88.36,247.0,407.37,121.0,335.25,6.41,302.0,946.51,
2009,11,5,10,12.34,84.65,469.0,877.13,69.0,329.08,6.51,304.0,946.6,
2009,11,5,11,12.66,80.95,397.0,206.83,281.0,322.92,6.6,305.0,946.7,
2009,11,5,12,12.99,77.24,671.0,979.54,67.0,316.75,6.69,307.0,946.79,
2009,11,5,13,12.98,79.02,409.0,148.5,317.0,318.38,6.79,306.0,946.36,
2009,11,5,14,12.97,80.79,330.0,86.06,281.0,320.02,6.89,306.0,945.92,
2009,11,5,15,12.95,82.57,42.0,0.0,42.0,321.65,6.99,306.0,945.49,
2009,11,5,16,12.56,84.01,99.0,0.0,99.0,328.27,6.67,306.0,946.05,
2009,11,5,17,12.17,85.44,107.0,337.18,56.0,334.88,6.34,306.0,946.6,
2009,11,5,18,11.78,86.88,0.0,0.0,0.0,341.5,6.01,306.0,947.16,
2009,11,5,19,11.98,85.86,0.0,0.0,0.0,341.88,5.47,302.0,947.5,
2009,11,5,20,12.18,84.83,0.0,0.0,0.0,342.27,4.92,298.0,947.84,
2009,11,5,21,12.38,83.81,0.0,0.0,0.0,342.65,4.37,295.0,948.19,
2009,11,5,22,12.75,83.7,0.0,0.0,0.0,336.83,4.17,293.0,948.25,
2009,11,5,23,13.12,83.58,0.0,0.0,0.0,331.02,3.97,291.0,948.31,
2009,11,6,0,13.49,83.47,0.0,0.0,0.0,325.2,3.77,288.0,948.37,
2009,11,6,1,13.21,85.48,0.0,0.0,0.0,325.45,3.64,289.0,948.22,
2009,11,6,2,12.93,87.49,0.0,0.0,0.0,325.7,3.52,289.0,948.06,
2009,11,6,3,12.65,89.5,0.0,0.0,0.0,325.95,3.39,290.0,947.91,
2009,11,6,4,12.64,90.32,0.0,0.0,0.0,325.68,3.21,283.0,947.88,
2009,11,6,5,12.63,91.15,0.0,0.0,0.0,325.42,3.03,276.0,947.84,
2009,11,6,6,12.63,91.97,0.0,0.0,0.0,325.15,2.86,269.0,947.81,
2009,11,6,7,13.55,89.75,0.0,0.0,0.0,321.72,4.07,269.0,948.0,
2009,11,6,8,14.48,87.52,91.0,401.4,40.0,318.28,5.29,268.0,948.19,
2009,11,6,9,15.41,85.3,279.0,654.73,79.0,314.85,6.51,268.0,948.37,
2009,11,6,10,16.32,80.84,133.0,0.0,133.0,311.53,6.6,269.0,947.84,
2009,11,6,11,17.24,76.39,518.0,585.53,192.0,308.22,6.69,269.0,947.32,
2009,11,6,12,18.16,71.93,490.0,328.16,289.0,304.9,6.79,270.0,946.79,
2009,11,6,13,18.35,70.2,293.0,27.62,276.0,311.07,7.2,270.0,946.05,
2009,11,6,14,18.55,68.46,343.0,106.1,283.0,317.23,7.6,270.0,945.3,
2009,11,6,15,18.74,66.73,280.0,111.6,228.0,323.4,8.01,271.0,944.56,
2009,11,6,16,17.74,72.47,160.0,52.54,143.0,322.37,7.4,272.0,944.84,
2009,11,6,17,16.73,78.2,112.0,431.99,48.0,321.33,6.79,273.0,945.12,
2009,11,6,18,15.73,83.94,0.0,0.0,0.0,320.3,6.18,274.0,945.39,
2009,11,6,19,15.32,85.75,0.0,0.0,0.0,314.45,6.47,275.0,945.8,
2009,11,6,20,14.92,87.56,0.0,0.0,0.0,308.6,6.76,277.0,946.2,
2009,11,6,21,14.51,89.37,0.0,0.0,0.0,302.75,7.05,278.0,946.6,
2009,11,6,22,14.53,88.29,0.0,0.0,0.0,303.42,6.82,283.0,946.51,
2009,11,6,23,14.55,87.21,0.0,0.0,0.0,304.08,6.6,287.0,946.42,
2009,11,7,0,14.58,86.13,0.0,0.0,0.0,304.75,6.37,292.0,946.32,
2009,11,7,1,14.19,85.46,0.0,0.0,0.0,308.8,5.99,294.0,946.08,
2009,11,7,2,13.8,84.79,0.0,0.0,0.0,312.85,5.61,296.0,945.83,
2009,11,7,3,13.41,84.12,0.0,0.0,0.0,316.9,5.23,299.0,945.58,
2009,11,7,4,13.03,84.54,0.0,0.0,0.0,326.77,5.26,296.0,945.52,
2009,11,7,5,12.65,84.96,0.0,0.0,0.0,336.63,5.28,294.0,945.46,
2009,11,7,6,12.27,85.38,0.0,0.0,0.0,346.5,5.31,292.0,945.39,
2009,11,7,7,12.62,84.0,0.0,0.0,0.0,345.97,6.04,292.0,945.7,
2009,11,7,8,12.97,82.63,57.0,72.9,48.0,345.43,6.76,292.0,946.01,
2009,11,7,9,13.33,81.25,97.0,3.32,96.0,344.9,7.49,292.0,946.32,
2009,11,7,10,13.64,76.72,234.0,58.03,208.0,340.77,7.54,295.0,945.98,
2009,11,7,11,13.96,72.19,511.0,573.56,194.0,336.63,7.58,297.0,945.64,
2009,11,7,12,14.28,67.66,460.0,262.97,300.0,332.5,7.63,299.0,945.3,
2009,11,7,13,14.2,66.91,430.0,194.6,311.0,326.3,7.52,297.0,944.59,
2009,11,7,14,14.12,66.15,110.0,0.0,110.0,320.1,7.41,294.0,943.88,
2009,11,7,15,14.03,65.4,219.0,34.61,203.0,313.9,7.3,292.0,943.16,
2009,11,7,16,13.28,68.54,182.0,103.04,149.0,312.73,7.08,289.0,943.38,
2009,11,7,17,12.54,71.68,18.0,0.0,18.0,311.57,6.86,286.0,943.6,
2009,11,7,18,11.79,74.82,0.0,0.0,0.0,310.4,6.65,283.0,943.81,
2009,11,7,19,11.87,73.61,0.0,0.0,0.0,314.92,6.87,283.0,943.78,
2009,11,7,20,11.95,72.4,0.0,0.0,0.0,319.43,7.09,283.0,943.75,
2009,11,7,21,12.03,71.19,0.0,0.0,0.0,323.95,7.31,282.0,943.72,
2009,11,7,22,12.33,71.24,0.0,0.0,0.0,319.62,7.31,284.0,943.44,
2009,11,7,23,12.63,71.28,0.0,0.0,0.0,315.28,7.31,287.0,943.16,
2009,11,8,0,12.93,71.33,0.0,0.0,0.0,310.95,7.31,289.0,942.88,
2009,11,8,1,12.35,77.53,0.0,0.0,0.0,311.58,7.46,293.0,942.48,
2009,11,8,2,11.78,83.73,0.0,0.0,0.0,312.22,7.6,297.0,942.08,
2009,11,8,3,11.21,89.93,0.0,0.0,0.0,312.85,7.75,301.0,941.67,
2009,11,8,4,11.05,93.17,0.0,0.0,0.0,320.27,7.69,303.0,941.67,
2009,11,8,5,10.89,96.42,0.0,0.0,0.0,327.68,7.63,306.0,941.67,
2009,11,8,6,10.74,99.66,0.0,0.0,0.0,335.1,7.57,308.0,941.67,
2009,11,8,7,11.09,99.04,0.0,0.0,0.0,337.97,8.12,311.0,942.32,
2009,11,8,8,11.44,98.43,88.0,450.47,34.0,340.83,8.67,314.0,942.98,
2009,11,8,9,11.79,97.81,154.0,70.51,133.0,343.7,9.21,317.0,943.63,
2009,11,8,10,12.04,90.72,403.0,571.96,149.0,339.72,8.68,318.0,943.94,
2009,11,8,11,12.29,83.64,481.0,473.89,221.0,335.73,8.14,319.0,944.25,
2009,11,8,12,12.54,76.55,636.0,875.22,107.0,331.75,7.6,320.0,944.56,
2009,11,8,13,12.79,74.76,643.0,892.07,101.0,329.5,7.37,319.0,944.31,
2009,11,8,14,13.04,72.96,577.0,837.06,110.0,327.25,7.15,318.0,944.06,
2009,11,8,15,13.28,71.17,458.0,780.29,100.0,325.0,6.92,317.0,943.81,
2009,11,8,16,12.73,72.2,292.0,659.28,83.0,320.0,6.2,315.0,944.34,
2009,11,8,17,12.18,73.22,107.0,435.99,45.0,315.0,5.47,313.0,944.87,
2009,11,8,18,11.63,74.25,0.0,0.0,0.0,310.0,4.74,310.0,945.39,
2009,11,8,19,11.47,73.67,0.0,0.0,0.0,309.17,4.69,309.0,945.92,
2009,11,8,20,11.32,73.08,0.0,0.0,0.0,308.33,4.63,307.0,946.45,
2009,11,8,21,11.16,72.5,0.0,0.0,0.0,307.5,4.57,305.0,946.98,
2009,11,8,22,11.27,72.43,0.0,0.0,0.0,306.05,4.43,307.0,947.07,
2009,11,8,23,11.37,72.36,0.0,0.0,0.0,304.6,4.3,308.0,947.16,
2009,11,9,0,11.48,72.29,0.0,0.0,0.0,303.15,4.17,310.0,947.26,
2009,11,9,1,11.23,70.88,0.0,0.0,0.0,291.22,4.02,311.0,946.88,
2009,11,9,2,10.99,69.48,0.0,0.0,0.0,279.28,3.87,313.0,946.51,
2009,11,9,3,10.75,68.07,0.0,0.0,0.0,267.35,3.72,314.0,946.14,
2009,11,9,4,10.32,70.91,0.0,0.0,0.0,263.65,3.6,316.0,946.6,
2009,11,9,5,9.89,73.74,0.0,0.0,0.0,259.95,3.47,317.0,947.07,
2009,11,9,6,9.47,76.58,0.0,0.0,0.0,256.25,3.34,318.0,947.53,
2009,11,9,7,10.73,72.47,0.0,0.0,0.0,256.5,3.55,317.0,948.0,
2009,11,9,8,11.99,68.35,80.0,352.55,39.0,256.75,3.77,316.0,948.46,
2009,11,9,9,13.25,64.24,267.0,642.76,78.0,257.0,3.99,315.0,948.93,
2009,11,9,10,13.85,58.35,443.0,820.18,82.0,263.85,4.27,314.0,948.84,
2009,11,9,11,14.46,52.47,563.0,844.58,103.0,270.7,4.55,312.0,948.74,
2009,11,9,12,15.07,46.58,282.0,26.65,266.0,277.55,4.83,310.0,948.65,
2009,11,9,13,15.26,47.41,486.0,334.61,284.0,272.32,4.73,308.0,948.03,
2009,11,9,14,15.46,48.24,546.0,710.92,152.0,267.08,4.63,305.0,947.41,
2009,11,9,15,15.65,49.07,337.0,265.73,216.0,261.85,4.54,303.0,946.79,
2009,11,9,16,14.3,56.98,253.0,414.2,123.0,259.63,3.79,300.0,946.88,
2009,11,9,17,12.96,64.9,59.0,43.05,53.0,257.42,3.05,298.0,946.98,
2009,11,9,18,11.61,72.81,0.0,0.0,0.0,255.2,2.3,295.0,947.07,
2009,11,9,19,10.76,79.19,0.0,0.0,0.0,254.77,2.18,282.0,947.29,
2009,11,9,20,9.92,85.57,0.0,0.0,0.0,254.33,2.06,269.0,947.5,
2009,11,9,21,9.07,91.95,0.0,0.0,0.0,253.9,1.93,255.0,947.72,
2009,11,9,22,9.07,92.96,0.0,0.0,0.0,253.38,2.03,243.0,947.57,
2009,11,9,23,9.06,93.96,0.0,0.0,0.0,252.87,2.13,230.0,947.41,
2009,11,10,0,9.06,94.97,0.0,0.0,0.0,252.35,2.23,217.0,947.26,
2009,11,10,1,8.76,93.89,0.0,0.0,0.0,252.08,2.27,213.0,946.82,
2009,11,10,2,8.46,92.81,0.0,0.0,0.0,251.82,2.31,208.0,946.39,
2009,11,10,3,8.16,91.73,0.0,0.0,0.0,251.55,2.34,204.0,945.95,
2009,11,10,4,7.95,91.17,0.0,0.0,0.0,249.87,2.4,201.0,945.86,
2009,11,10,5,7.74,90.6,0.0,0.0,0.0,248.18,2.45,198.0,945.77,
2009,11,10,6,7.54,90.04,0.0,0.0,0.0,246.5,2.5,195.0,945.67,
2009,11,10,7,9.64,82.8,0.0,0.0,0.0,247.8,2.39,197.0,945.89,
2009,11,10,8,11.75,75.57,76.0,337.09,38.0,249.1,2.28,200.0,946.11,
2009,11,10,9,13.86,68.33,260.0,620.12,80.0,250.4,2.17,202.0,946.32,
2009,11,10,10,15.6,60.81,426.0,735.85,105.0,256.87,2.35,222.0,945.92,
2009,11,10,11,17.35,53.29,556.0,826.73,109.0,263.33,2.54,241.0,945.52,
2009,11,10,12,19.1,45.77,624.0,856.67,113.0,269.8,2.73,261.0,945.12,
2009,11,10,13,19.31,45.24,625.0,843.51,119.0,271.9,2.72,270.0,944.62,
2009,11,10,14,19.52,44.7,568.0,833.66,109.0,274.0,2.71,279.0,944.12,
2009,11,10,15,19.72,44.17,448.0,763.31,103.0,276.1,2.7,288.0,943.63,
2009,11,10,16,18.36,51.62,284.0,640.31,85.0,273.35,2.33,294.0,943.88,
2009,11,10,17,17.01,59.06,100.0,402.56,45.0,270.6,1.96,300.0,944.12,
2009,11,10,18,15.65,66.51,0.0,0.0,0.0,267.85,1.59,307.0,944.37,
2009,11,10,19,13.88,73.46,0.0,0.0,0.0,265.9,1.6,264.0,944.84,
2009,11,10,20,12.11,80.41,0.0,0.0,0.0,263.95,1.6,222.0,945.3,
2009,11,10,21,10.34,87.36,0.0,0.0,0.0,262.0,1.61,180.0,945.77,
2009,11,10,22,9.65,90.09,0.0,0.0,0.0,259.9,1.86,176.0,945.74,
2009,11,10,23,8.96,92.82,0.0,0.0,0.0,257.8,2.11,173.0,945.7,
2009,11,11,0,8.27,95.55,0.0,0.0,0.0,255.7,2.36,169.0,945.67,
2009,11,11,1,7.99,94.14,0.0,0.0,0.0,255.08,2.31,168.0,945.43,
2009,11,11,2,7.71,92.72,0.0,0.0,0.0,254.47,2.27,167.0,945.18,
2009,11,11,3,7.44,91.31,0.0,0.0,0.0,253.85,2.22,166.0,944.93,
2009,11,11,4,7.21,89.8,0.0,0.0,0.0,252.32,2.28,165.0,944.99,
2009,11,11,5,6.98,88.28,0.0,0.0,0.0,250.78,2.33,164.0,945.05,
2009,11,11,6,6.75,86.77,0.0,0.0,0.0,249.25,2.39,162.0,945.12,
2009,11,11,7,9.03,81.36,0.0,0.0,0.0,250.67,2.38,163.0,945.49,
2009,11,11,8,11.32,75.94,70.0,293.11,38.0,252.08,2.38,164.0,945.86,
2009,11,11,9,13.61,70.53,256.0,614.3,80.0,253.5,2.37,164.0,946.23,
2009,11,11,10,16.27,58.82,424.0,747.09,101.0,260.0,2.16,177.0,946.05,
2009,11,11,11,18.93,47.12,546.0,797.39,118.0,266.5,1.95,189.0,945.86,
2009,11,11,12,21.6,35.41,607.0,798.16,134.0,273.0,1.74,201.0,945.67,
2009,11,11,13,21.79,35.11,618.0,828.7,124.0,274.2,1.62,220.0,945.36,
2009,11,11,14,21.99,34.82,558.0,804.35,118.0,275.4,1.5,240.0,945.05,
2009,11,11,15,22.18,34.52,442.0,746.62,107.0,276.6,1.38,259.0,944.74,
2009,11,11,16,20.34,42.83,281.0,640.02,84.0,273.4,1.29,302.0,945.08,
2009,11,11,17,18.51,51.13,98.0,410.53,43.0,270.2,1.2,346.0,945.43,
2009,11,11,18,16.67,59.44,0.0,0.0,0.0,267.0,1.12,29.0,945.77,
2009,11,11,19,14.87,64.31,0.0,0.0,0.0,265.37,1.45,67.0,946.23,
2009,11,11,20,13.07,69.17,0.0,0.0,0.0,263.73,1.79,104.0,946.7,
2009,11,11,21,11.27,74.04,0.0,0.0,0.0,262.1,2.12,142.0,947.16,
2009,11,11,22,10.23,76.87,0.0,0.0,0.0,260.08,2.23,147.0,947.16,
2009,11,11,23,9.19,79.71,0.0,0.0,0.0,258.07,2.34,153.0,947.16,
2009,11,12,0,8.15,82.54,0.0,0.0,0.0,256.05,2.44,158.0,947.16,
2009,11,12,1,7.69,79.9,0.0,0.0,0.0,255.18,2.51,161.0,947.19,
2009,11,12,2,7.24,77.27,0.0,0.0,0.0,254.32,2.57,163.0,947.22,
2009,11,12,3,6.79,74.63,0.0,0.0,0.0,253.45,2.63,166.0,947.26,
2009,11,12,4,6.63,72.65,0.0,0.0,0.0,253.13,2.67,166.0,947.53,
2009,11,12,5,6.47,70.68,0.0,0.0,0.0,252.82,2.71,166.0,947.81,
2009,11,12,6,6.32,68.7,0.0,0.0,0.0,252.5,2.74,165.0,948.09,
2009,11,12,7,8.41,66.81,0.0,0.0,0.0,254.62,2.8,165.0,948.46,
2009,11,12,8,10.5,64.91,68.0,284.01,38.0,256.73,2.86,165.0,948.84,
2009,11,12,9,12.59,63.02,249.0,590.59,82.0,258.85,2.91,165.0,949.21,
2009,11,12,10,15.92,53.66,413.0,707.14,110.0,264.7,2.68,171.0,948.87,
2009,11,12,11,19.25,44.3,541.0,795.71,117.0,270.55,2.45,176.0,948.53,
2009,11,12,12,22.59,34.94,599.0,781.29,139.0,276.4,2.22,181.0,948.19,
2009,11,12,13,22.99,34.76,613.0,827.12,123.0,278.15,2.05,193.0,947.88,
2009,11,12,14,23.4,34.58,554.0,802.15,118.0,279.9,1.88,205.0,947.57,
2009,11,12,15,23.8,34.4,436.0,731.8,110.0,281.65,1.71,216.0,947.26,
2009,11,12,16,21.89,41.66,273.0,603.46,89.0,278.42,1.59,193.0,947.47,
2009,11,12,17,19.98,48.92,92.0,350.03,46.0,275.18,1.46,170.0,947.69,
2009,11,12,18,18.07,56.18,0.0,0.0,0.0,271.95,1.34,146.0,947.91,
2009,11,12,19,15.74,62.03,0.0,0.0,0.0,270.35,1.92,151.0,948.25,
2009,11,12,20,13.41,67.89,0.0,0.0,0.0,268.75,2.5,156.0,948.59,
2009,11,12,21,11.08,73.74,0.0,0.0,0.0,267.15,3.08,160.0,948.93,
2009,11,12,22,10.99,70.04,0.0,0.0,0.0,265.4,3.39,163.0,948.87,
2009,11,12,23,10.89,66.35,0.0,0.0,0.0,263.65,3.71,166.0,948.81,
2009,11,13,0,10.8,62.65,0.0,0.0,0.0,261.9,4.03,169.0,948.74,
2009,11,13,1,10.62,58.6,0.0,0.0,0.0,260.93,4.0,170.0,948.77,
2009,11,13,2,10.44,54.55,0.0,0.0,0.0,259.97,3.96,171.0,948.81,
2009,11,13,3,10.26,50.5,0.0,0.0,0.0,259.0,3.93,172.0,948.84,
2009,11,13,4,10.27,49.34,0.0,0.0,0.0,258.1,4.02,172.0,948.93,
2009,11,13,5,10.28,48.18,0.0,0.0,0.0,257.2,4.11,172.0,949.02,
2009,11,13,6,10.3,47.02,0.0,0.0,0.0,256.3,4.21,173.0,949.12,
2009,11,13,7,12.38,46.04,0.0,0.0,0.0,258.35,4.16,174.0,949.55,
2009,11,13,8,14.46,45.06,61.0,235.05,37.0,260.4,4.11,175.0,949.98,
2009,11,13,9,16.55,44.08,246.0,587.7,82.0,262.45,4.07,177.0,950.42,
2009,11,13,10,19.43,39.48,377.0,529.84,152.0,270.3,3.79,182.0,950.23,
2009,11,13,11,22.32,34.88,558.0,909.25,77.0,278.15,3.52,187.0,950.05,
2009,11,13,12,25.21,30.28,576.0,699.16,167.0,286.0,3.24,192.0,949.86,
2009,11,13,13,25.76,29.05,584.0,713.34,164.0,289.02,3.01,197.0,949.52,
2009,11,13,14,26.32,27.81,491.0,536.91,201.0,292.03,2.77,203.0,949.18,
2009,11,13,15,26.87,26.58,380.0,467.95,173.0,295.05,2.54,208.0,948.84,
2009,11,13,16,23.93,35.62,171.0,105.92,139.0,291.58,2.66,196.0,949.02,
2009,11,13,17,20.98,44.67,82.0,248.14,50.0,288.12,2.78,183.0,949.21,
2009,11,13,18,18.04,53.71,0.0,0.0,0.0,284.65,2.9,170.0,949.39,
2009,11,13,19,16.77,54.99,0.0,0.0,0.0,282.13,3.11,170.0,949.71,
2009,11,13,20,15.51,56.26,0.0,0.0,0.0,279.62,3.32,169.0,950.02,
2009,11,13,21,14.24,57.54,0.0,0.0,0.0,277.1,3.53,169.0,950.33,
2009,11,13,22,14.3,53.81,0.0,0.0,0.0,274.47,3.77,170.0,950.36,
2009,11,13,23,14.36,50.07,0.0,0.0,0.0,271.83,4.02,172.0,950.39,
2009,11,14,0,14.42,46.34,0.0,0.0,0.0,269.2,4.26,173.0,950.42,
2009,11,14,1,14.09,45.34,0.0,0.0,0.0,268.13,4.28,173.0,950.2,
2009,11,14,2,13.76,44.33,0.0,0.0,0.0,267.07,4.29,173.0,949.98,
2009,11,14,3,13.44,43.33,0.0,0.0,0.0,266.0,4.3,173.0,949.77,
2009,11,14,4,13.26,41.13,0.0,0.0,0.0,263.77,4.36,173.0,949.8,
2009,11,14,5,13.08,38.92,0.0,0.0,0.0,261.53,4.41,173.0,949.83,
2009,11,14,6,12.91,36.72,0.0,0.0,0.0,259.3,4.47,173.0,949.86,
2009,11,14,7,14.68,36.97,0.0,0.0,0.0,259.13,4.48,174.0,950.2,
2009,11,14,8,16.46,37.21,64.0,304.26,34.0,258.97,4.5,175.0,950.54,
2009,11,14,9,18.24,37.46,239.0,562.9,84.0,258.8,4.51,176.0,950.88,
2009,11,14,10,20.53,33.61,405.0,703.31,109.0,263.25,4.51,182.0,950.54,
2009,11,14,11,22.82,29.75,527.0,765.42,125.0,267.7,4.51,187.0,950.2,
2009,11,14,12,25.11,25.9,597.0,806.87,128.0,272.15,4.51,192.0,949.86,
2009,11,14,13,25.45,25.58,605.0,823.63,123.0,274.25,4.26,194.0,949.12,
2009,11,14,14,25.8,25.25,544.0,786.14,122.0,276.35,4.0,195.0,948.37,
2009,11,14,15,26.14,24.93,429.0,728.41,109.0,278.45,3.75,197.0,947.63,
2009,11,14,16,23.79,29.46,266.0,587.85,90.0,274.98,3.68,190.0,947.63,
2009,11,14,17,21.44,33.98,88.0,339.67,45.0,271.52,3.61,183.0,947.63,
2009,11,14,18,19.09,38.51,0.0,0.0,0.0,268.05,3.54,176.0,947.63,
2009,11,14,19,18.05,37.41,0.0,0.0,0.0,265.27,3.82,177.0,948.15,
2009,11,14,20,17.02,36.32,0.0,0.0,0.0,262.48,4.1,177.0,948.68,
2009,11,14,21,15.99,35.22,0.0,0.0,0.0,259.7,4.37,177.0,949.21,
2009,11,14,22,15.9,32.37,0.0,0.0,0.0,257.67,4.42,178.0,949.27,
2009,11,14,23,15.81,29.52,0.0,0.0,0.0,255.63,4.46,178.0,949.33,
2009,11,15,0,15.72,26.67,0.0,0.0,0.0,253.6,4.51,178.0,949.39,
2009,11,15,1,15.3,26.15,0.0,0.0,0.0,252.88,4.48,179.0,949.24,
2009,11,15,2,14.88,25.64,0.0,0.0,0.0,252.17,4.46,180.0,949.08,
2009,11,15,3,14.46,25.12,0.0,0.0,0.0,251.45,4.43,181.0,948.93,
2009,11,15,4,14.16,26.14,0.0,0.0,0.0,250.03,4.4,180.0,949.02,
2009,11,15,5,13.86,27.16,0.0,0.0,0.0,248.62,4.38,180.0,949.12,
2009,11,15,6,13.57,28.18,0.0,0.0,0.0,247.2,4.36,179.0,949.21,
2009,11,15,7,15.07,29.36,0.0,0.0,0.0,247.93,4.32,179.0,949.61,
2009,11,15,8,16.58,30.54,56.0,220.79,35.0,248.67,4.28,178.0,950.02,
2009,11,15,9,18.09,31.72,21.0,0.0,21.0,249.4,4.23,178.0,950.42,
2009,11,15,10,20.19,28.63,401.0,700.05,109.0,255.05,4.15,182.0,949.98,
2009,11,15,11,22.29,25.53,520.0,749.84,129.0,260.7,4.07,186.0,949.55,
2009,11,15,12,24.39,22.44,584.0,763.52,143.0,266.35,3.99,191.0,949.12,
2009,11,15,13,24.85,21.71,592.0,780.45,138.0,269.87,3.76,191.0,948.46,
2009,11,15,14,25.31,20.99,537.0,770.32,126.0,273.38,3.54,192.0,947.81,
2009,11,15,15,25.77,20.26,423.0,715.01,111.0,276.9,3.31,192.0,947.16,
2009,11,15,16,23.18,27.1,263.0,586.29,89.0,275.2,3.36,182.0,947.19,
2009,11,15,17,20.6,33.95,88.0,370.0,42.0,273.5,3.41,172.0,947.22,
2009,11,15,18,18.01,40.79,0.0,0.0,0.0,271.8,3.46,162.0,947.26,
2009,11,15,19,16.97,40.05,0.0,0.0,0.0,270.77,3.77,165.0,947.75,
2009,11,15,20,15.93,39.3,0.0,0.0,0.0,269.73,4.07,168.0,948.25,
2009,11,15,21,14.89,38.56,0.0,0.0,0.0,268.7,4.37,171.0,948.74,
2009,11,15,22,15.06,35.47,0.0,0.0,0.0,267.77,4.43,171.0,948.81,
2009,11,15,23,15.23,32.38,0.0,0.0,0.0,266.83,4.49,172.0,948.87,
2009,11,16,0,15.4,29.29,0.0,0.0,0.0,265.9,4.55,172.0,948.93,
2009,11,16,1,15.54,28.42,0.0,0.0,0.0,266.45,4.53,172.0,948.65,
2009,11,16,2,15.68,27.56,0.0,0.0,0.0,267.0,4.51,171.0,948.37,
2009,11,16,3,15.82,26.69,0.0,0.0,0.0,267.55,4.48,171.0,948.09,
2009,11,16,4,15.64,26.71,0.0,0.0,0.0,267.43,4.53,171.0,948.22,
2009,11,16,5,15.46,26.73,0.0,0.0,0.0,267.32,4.57,171.0,948.34,
2009,11,16,6,15.28,26.75,0.0,0.0,0.0,267.2,4.62,171.0,948.46,
2009,11,16,7,16.59,26.97,0.0,0.0,0.0,270.32,4.61,172.0,948.9,
2009,11,16,8,17.9,27.18,62.0,381.88,27.0,273.43,4.6,173.0,949.33,
2009,11,16,9,19.22,27.4,195.0,302.17,114.0,276.55,4.59,173.0,949.77,
2009,11,16,10,21.04,25.1,64.0,0.0,64.0,282.0,4.51,177.0,949.43,
2009,11,16,11,22.86,22.79,379.0,241.44,254.0,287.45,4.42,181.0,949.08,
2009,11,16,12,24.68,20.49,111.0,0.0,111.0,292.9,4.33,184.0,948.74,
2009,11,16,13,25.38,20.24,395.0,172.92,295.0,294.82,3.94,187.0,948.28,
2009,11,16,14,26.09,19.98,514.0,676.89,155.0,296.73,3.55,190.0,947.81,
2009,11,16,15,26.79,19.73,179.0,13.84,173.0,298.65,3.16,193.0,947.35,
2009,11,16,16,24.5,25.36,270.0,659.28,76.0,296.93,3.14,184.0,947.66,
2009,11,16,17,22.22,31.0,49.0,40.93,44.0,295.22,3.11,174.0,947.97,
2009,11,16,18,19.93,36.63,0.0,0.0,0.0,293.5,3.09,165.0,948.28,
2009,11,16,19,18.92,37.28,0.0,0.0,0.0,291.37,3.29,165.0,948.68,
2009,11,16,20,17.92,37.93,0.0,0.0,0.0,289.23,3.49,166.0,949.08,
2009,11,16,21,16.91,38.58,0.0,0.0,0.0,287.1,3.7,166.0,949.49,
2009,11,16,22,16.63,37.6,0.0,0.0,0.0,282.1,3.85,166.0,949.46,
2009,11,16,23,16.34,36.62,0.0,0.0,0.0,277.1,4.0,166.0,949.43,
2009,11,17,0,16.06,35.64,0.0,0.0,0.0,272.1,4.15,166.0,949.39,
2009,11,17,1,16.05,34.7,0.0,0.0,0.0,268.97,4.16,168.0,949.36,
2009,11,17,2,16.04,33.77,0.0,0.0,0.0,265.83,4.17,169.0,949.33,
2009,11,17,3,16.03,32.83,0.0,0.0,0.0,262.7,4.18,171.0,949.3,
2009,11,17,4,15.75,32.33,0.0,0.0,0.0,262.83,4.17,170.0,949.36,
2009,11,17,5,15.47,31.84,0.0,0.0,0.0,262.97,4.16,170.0,949.43,
2009,11,17,6,15.19,31.34,0.0,0.0,0.0,263.1,4.15,169.0,949.49,
2009,11,17,7,16.42,32.48,0.0,0.0,0.0,267.73,4.13,170.0,949.86,
2009,11,17,8,17.65,33.61,46.0,147.37,33.0,272.37,4.11,171.0,950.23,
2009,11,17,9,18.89,34.75,182.0,245.78,117.0,277.0,4.08,172.0,950.6,
2009,11,17,10,20.82,31.22,277.0,190.37,199.0,282.85,3.88,177.0,950.2,
2009,11,17,11,22.76,27.69,414.0,350.14,234.0,288.7,3.68,183.0,949.8,
2009,11,17,12,24.7,24.16,573.0,746.81,147.0,294.55,3.48,188.0,949.39,
2009,11,17,13,24.95,24.61,420.0,229.59,288.0,298.38,3.3,197.0,949.18,
2009,11,17,14,25.2,25.06,388.0,244.65,259.0,302.22,3.13,206.0,948.96,
2009,11,17,15,25.45,25.51,345.0,362.19,189.0,306.05,2.95,215.0,948.74,
2009,11,17,16,23.45,32.71,229.0,383.78,117.0,303.95,2.67,199.0,948.93,
2009,11,17,17,21.46,39.92,71.0,191.54,48.0,301.85,2.38,182.0,949.12,
2009,11,17,18,19.46,47.12,0.0,0.0,0.0,299.75,2.1,166.0,949.3,
2009,11,17,19,18.06,49.68,0.0,0.0,0.0,297.05,2.31,167.0,949.58,
2009,11,17,20,16.67,52.25,0.0,0.0,0.0,294.35,2.53,169.0,949.86,
2009,11,17,21,15.27,54.81,0.0,0.0,0.0,291.65,2.74,170.0,950.14,
2009,11,17,22,15.2,54.74,0.0,0.0,0.0,291.6,2.81,173.0,950.2,
2009,11,17,23,15.13,54.68,0.0,0.0,0.0,291.55,2.88,176.0,950.26,
2009,11,18,0,15.06,54.61,0.0,0.0,0.0,291.5,2.95,180.0,950.33,
2009,11,18,1,15.03,51.2,0.0,0.0,0.0,295.37,2.93,180.0,950.33,
2009,11,18,2,15.01,47.79,0.0,0.0,0.0,299.23,2.91,180.0,950.33,
2009,11,18,3,14.99,44.38,0.0,0.0,0.0,303.1,2.88,181.0,950.33,
2009,11,18,4,14.94,43.98,0.0,0.0,0.0,309.2,2.74,182.0,950.48,
2009,11,18,5,14.89,43.57,0.0,0.0,0.0,315.3,2.6,183.0,950.64,
2009,11,18,6,14.85,43.17,0.0,0.0,0.0,321.4,2.46,185.0,950.79,
2009,11,18,7,15.05,46.33,0.0,0.0,0.0,323.63,2.31,188.0,951.26,
2009,11,18,8,15.26,49.49,31.0,35.38,28.0,325.87,2.17,191.0,951.72,
2009,11,18,9,15.47,52.65,99.0,15.33,95.0,328.1,2.03,194.0,952.19,
2009,11,18,10,16.8,50.09,333.0,406.32,168.0,331.93,1.69,204.0,951.75,
2009,11,18,11,18.14,47.54,143.0,0.0,143.0,335.77,1.36,213.0,951.32,
2009,11,18,12,19.48,44.98,97.0,0.0,97.0,339.6,1.02,222.0,950.88,
2009,11,18,13,19.52,44.86,144.0,0.0,144.0,341.73,1.05,229.0,950.48,
2009,11,18,14,19.57,44.74,204.0,7.63,200.0,343.87,1.08,235.0,950.08,
2009,11,18,15,19.61,44.62,153.0,4.67,151.0,346.0,1.1,242.0,949.67,
2009,11,18,16,18.59,51.11,33.0,0.0,33.0,343.6,1.02,234.0,949.92,
2009,11,18,17,17.57,57.59,46.0,33.87,42.0,341.2,0.93,226.0,950.17,
2009,11,18,18,16.55,64.08,0.0,0.0,0.0,338.8,0.84,218.0,950.42,
2009,11,18,19,15.84,67.34,0.0,0.0,0.0,334.4,1.11,203.0,950.67,
2009,11,18,20,15.14,70.6,0.0,0.0,0.0,330.0,1.38,189.0,950.91,
2009,11,18,21,14.44,73.86,0.0,0.0,0.0,325.6,1.66,175.0,951.16,
2009,11,18,22,13.94,75.56,0.0,0.0,0.0,319.15,1.58,171.0,951.07,
2009,11,18,23,13.44,77.27,0.0,0.0,0.0,312.7,1.51,168.0,950.98,
2009,11,19,0,12.94,78.97,0.0,0.0,0.0,306.25,1.43,164.0,950.88,
2009,11,19,1,12.12,82.31,0.0,0.0,0.0,301.47,1.43,168.0,951.07,
2009,11,19,2,11.3,85.65,0.0,0.0,0.0,296.68,1.43,171.0,951.26,
2009,11,19,3,10.49,88.99,0.0,0.0,0.0,291.9,1.43,175.0,951.44,
2009,11,19,4,9.95,90.61,0.0,0.0,0.0,286.98,1.34,176.0,951.72,
2009,11,19,5,9.41,92.22,0.0,0.0,0.0,282.07,1.24,177.0,952.0,
2009,11,19,6,8.87,93.84,0.0,0.0,0.0,277.15,1.14,178.0,952.28,
2009,11,19,7,10.95,87.38,0.0,0.0,0.0,277.42,1.35,176.0,952.84,
2009,11,19,8,13.04,80.93,40.0,122.83,30.0,277.68,1.55,174.0,953.4,
2009,11,19,9,15.13,74.47,236.0,687.74,59.0,277.95,1.75,173.0,953.95,
2009,11,19,10,16.87,66.16,384.0,690.68,106.0,287.48,1.53,187.0,953.83,
2009,11,19,11,18.61,57.85,512.0,783.15,115.0,297.02,1.31,202.0,953.71,
2009,11,19,12,20.36,49.54,591.0,873.07,99.0,306.55,1.09,216.0,953.58,
2009,11,19,13,20.52,48.65,595.0,860.24,106.0,308.32,0.98,270.0,953.27,
2009,11,19,14,20.68,47.76,542.0,863.14,92.0,310.08,0.88,323.0,952.96,
2009,11,19,15,20.84,46.87,418.0,745.1,101.0,311.85,0.77,17.0,952.65,
2009,11,19,16,19.21,54.4,257.0,609.19,82.0,306.52,1.17,30.0,953.15,
2009,11,19,17,17.57,61.92,79.0,335.53,40.0,301.18,1.57,43.0,953.64,
2009,11,19,18,15.94,69.45,0.0,0.0,0.0,295.85,1.97,56.0,954.14,
2009,11,19,19,14.74,73.74,0.0,0.0,0.0,289.65,2.03,78.0,954.67,
2009,11,19,20,13.55,78.02,0.0,0.0,0.0,283.45,2.08,100.0,955.19,
2009,11,19,21,12.35,82.31,0.0,0.0,0.0,277.25,2.14,122.0,955.72,
2009,11,19,22,11.85,83.55,0.0,0.0,0.0,275.08,2.21,129.0,955.66,
2009,11,19,23,11.35,84.79,0.0,0.0,0.0,272.92,2.28,136.0,955.6,
2009,11,20,0,10.85,86.03,0.0,0.0,0.0,270.75,2.34,144.0,955.54,
2009,11,20,1,10.37,87.62,0.0,0.0,0.0,271.03,2.48,148.0,955.44,
2009,11,20,2,9.89,89.22,0.0,0.0,0.0,271.32,2.62,151.0,955.35,
2009,11,20,3,9.42,90.81,0.0,0.0,0.0,271.6,2.76,155.0,955.26,
2009,11,20,4,9.08,89.59,0.0,0.0,0.0,269.98,2.87,156.0,955.29,
2009,11,20,5,8.74,88.37,0.0,0.0,0.0,268.37,2.99,157.0,955.32,
2009,11,20,6,8.41,87.15,0.0,0.0,0.0,266.75,3.1,159.0,955.35,
2009,11,20,7,10.2,81.76,0.0,0.0,0.0,267.8,3.14,160.0,955.66,
2009,11,20,8,11.99,76.38,40.0,153.73,28.0,268.85,3.19,161.0,955.97,
2009,11,20,9,13.78,70.99,216.0,531.76,81.0,269.9,3.23,162.0,956.28,
2009,11,20,10,16.39,61.64,381.0,689.29,106.0,275.9,3.11,167.0,955.97,
2009,11,20,11,19.0,52.3,500.0,740.91,127.0,281.9,2.99,172.0,955.66,
2009,11,20,12,21.62,42.95,576.0,812.24,121.0,287.9,2.87,178.0,955.35,
2009,11,20,13,21.97,42.55,585.0,829.61,116.0,288.92,2.76,186.0,955.01,
2009,11,20,14,22.33,42.16,526.0,790.72,116.0,289.93,2.66,194.0,954.67,
2009,11,20,15,22.68,41.76,408.0,706.94,109.0,290.95,2.55,203.0,954.33,
2009,11,20,16,21.1,49.16,248.0,554.13,90.0,287.8,2.25,190.0,954.57,
2009,11,20,17,19.52,56.56,77.0,314.52,41.0,284.65,1.95,177.0,954.82,
2009,11,20,18,17.94,63.96,0.0,0.0,0.0,281.5,1.66,164.0,955.07,
2009,11,20,19,16.27,69.03,0.0,0.0,0.0,281.13,2.11,166.0,955.44,
2009,11,20,20,14.6,74.09,0.0,0.0,0.0,280.77,2.57,167.0,955.81,
2009,11,20,21,12.93,79.16,0.0,0.0,0.0,280.4,3.02,169.0,956.19,
2009,11,20,22,12.69,78.46,0.0,0.0,0.0,278.32,3.14,172.0,956.12,
2009,11,20,23,12.45,77.76,0.0,0.0,0.0,276.23,3.26,175.0,956.06,
2009,11,21,0,12.21,77.06,0.0,0.0,0.0,274.15,3.38,177.0,956.0,
2009,11,21,1,11.99,75.73,0.0,0.0,0.0,270.95,3.2,178.0,955.78,
2009,11,21,2,11.78,74.41,0.0,0.0,0.0,267.75,3.02,178.0,955.57,
2009,11,21,3,11.57,73.08,0.0,0.0,0.0,264.55,2.84,179.0,955.35,
2009,11,21,4,11.31,73.7,0.0,0.0,0.0,263.7,2.69,180.0,955.54,
2009,11,21,5,11.05,74.33,0.0,0.0,0.0,262.85,2.54,181.0,955.72,
2009,11,21,6,10.79,74.95,0.0,0.0,0.0,262.0,2.39,183.0,955.91,
2009,11,21,7,12.49,72.12,0.0,0.0,0.0,263.77,2.19,188.0,956.4,
2009,11,21,8,14.2,69.3,28.0,40.14,25.0,265.53,2.0,193.0,956.9,
2009,11,21,9,15.91,66.47,217.0,571.03,74.0,267.3,1.81,198.0,957.4,
2009,11,21,10,17.59,60.94,377.0,687.78,105.0,273.72,1.96,225.0,957.18,
2009,11,21,11,19.27,55.4,504.0,779.98,114.0,280.13,2.12,251.0,956.96,
2009,11,21,12,20.95,49.87,599.0,951.69,69.0,286.55,2.28,277.0,956.74,
2009,11,21,13,20.8,52.8,582.0,828.77,116.0,287.87,2.85,287.0,956.31,
2009,11,21,14,20.65,55.74,517.0,761.97,124.0,289.18,3.42,297.0,955.88,
2009,11,21,15,20.49,58.67,393.0,632.51,127.0,290.5,3.99,306.0,955.44,
2009,11,21,16,18.77,68.79,235.0,473.34,101.0,288.32,3.35,309.0,955.91,
2009,11,21,17,17.05,78.92,56.0,106.39,44.0,286.13,2.72,312.0,956.37,
2009,11,21,18,15.33,89.04,0.0,0.0,0.0,283.95,2.08,314.0,956.84,
2009,11,21,19,14.49,92.69,0.0,0.0,0.0,283.32,1.94,304.0,957.33,
2009,11,21,20,13.66,96.35,0.0,0.0,0.0,282.68,1.81,293.0,957.83,
2009,11,21,21,12.83,100.0,0.0,0.0,0.0,282.05,1.67,282.0,958.33,
2009,11,21,22,12.7,100.0,0.0,0.0,0.0,280.13,1.71,277.0,958.33,
2009,11,21,23,12.57,100.0,0.0,0.0,0.0,278.22,1.75,272.0,958.33,
2009,11,22,0,12.44,100.0,0.0,0.0,0.0,276.3,1.79,268.0,958.33,
2009,11,22,1,11.99,100.0,0.0,0.0,0.0,275.7,1.72,255.0,958.02,
2009,11,22,2,11.54,100.0,0.0,0.0,0.0,275.1,1.66,243.0,957.71,
2009,11,22,3,11.1,100.0,0.0,0.0,0.0,274.5,1.59,231.0,957.4,
2009,11,22,4,10.83,100.0,0.0,0.0,0.0,282.77,1.49,222.0,957.4,
2009,11,22,5,10.57,100.0,0.0,0.0,0.0,291.03,1.38,214.0,957.4,
2009,11,22,6,10.31,100.0,0.0,0.0,0.0,299.3,1.28,205.0,957.4,
2009,11,22,7,11.51,98.76,0.0,0.0,0.0,314.75,1.2,223.0,957.86,
2009,11,22,8,12.71,97.52,14.0,0.0,14.0,330.2,1.11,241.0,958.33,
2009,11,22,9,13.92,96.28,224.0,676.07,57.0,345.65,1.02,259.0,958.79,
2009,11,22,10,14.76,88.43,371.0,673.4,107.0,342.1,1.24,284.0,958.48,
2009,11,22,11,15.6,80.58,479.0,674.53,144.0,338.55,1.46,308.0,958.17,
2009,11,22,12,16.44,72.73,524.0,612.24,185.0,335.0,1.68,333.0,957.86,
2009,11,22,13,17.02,68.04,531.0,615.03,187.0,323.57,1.86,340.0,957.33,
2009,11,22,14,17.6,63.34,460.0,516.45,195.0,312.13,2.03,348.0,956.81,
2009,11,22,15,18.18,58.65,335.0,365.82,182.0,300.7,2.21,355.0,956.28,
2009,11,22,16,16.63,66.69,177.0,167.16,130.0,293.62,2.1,1.0,956.5,
2009,11,22,17,15.07,74.72,66.0,206.81,43.0,286.53,2.0,7.0,956.71,
2009,11,22,18,13.52,82.76,0.0,0.0,0.0,279.45,1.89,12.0,956.93,
2009,11,22,19,12.38,88.51,0.0,0.0,0.0,276.0,1.83,31.0,957.24,
2009,11,22,20,11.25,94.25,0.0,0.0,0.0,272.55,1.77,50.0,957.55,
2009,11,22,21,10.11,100.0,0.0,0.0,0.0,269.1,1.71,69.0,957.86,
2009,11,22,22,9.74,100.0,0.0,0.0,0.0,266.62,1.86,90.0,957.77,
2009,11,22,23,9.36,100.0,0.0,0.0,0.0,264.13,2.0,112.0,957.67,
2009,11,23,0,8.99,100.0,0.0,0.0,0.0,261.65,2.15,133.0,957.58,
2009,11,23,1,8.55,100.0,0.0,0.0,0.0,264.08,2.1,139.0,957.3,
2009,11,23,2,8.12,100.0,0.0,0.0,0.0,266.52,2.04,146.0,957.02,
2009,11,23,3,7.69,100.0,0.0,0.0,0.0,268.95,1.99,152.0,956.74,
2009,11,23,4,7.1,99.85,0.0,0.0,0.0,265.75,2.02,153.0,956.65,
2009,11,23,5,6.52,99.7,0.0,0.0,0.0,262.55,2.05,154.0,956.56,
2009,11,23,6,5.94,99.55,0.0,0.0,0.0,259.35,2.08,154.0,956.47,
2009,11,23,7,7.8,96.02,0.0,0.0,0.0,261.7,2.08,155.0,956.65,
2009,11,23,8,9.66,92.48,33.0,146.62,23.0,264.05,2.08,155.0,956.84,
2009,11,23,9,11.53,88.95,204.0,513.02,79.0,266.4,2.08,156.0,957.02,
2009,11,23,10,13.84,78.68,365.0,658.67,109.0,272.52,1.89,165.0,956.56,
2009,11,23,11,16.15,68.41,491.0,749.98,121.0,278.63,1.69,173.0,956.09,
2009,11,23,12,18.46,58.14,556.0,766.47,134.0,284.75,1.49,182.0,955.63,
2009,11,23,13,18.76,54.82,575.0,826.68,115.0,283.97,1.36,183.0,955.07,
2009,11,23,14,19.06,51.51,517.0,787.38,115.0,283.18,1.22,184.0,954.51,
2009,11,23,15,19.36,48.19,403.0,713.88,106.0,282.4,1.09,185.0,953.95,
2009,11,23,16,17.77,55.11,246.0,579.97,84.0,278.6,1.26,163.0,953.92,
2009,11,23,17,16.19,62.02,74.0,328.03,38.0,274.8,1.42,140.0,953.89,
2009,11,23,18,14.6,68.94,0.0,0.0,0.0,271.0,1.59,118.0,953.86,
2009,11,23,19,13.71,70.52,0.0,0.0,0.0,270.02,1.92,131.0,953.83,
2009,11,23,20,12.82,72.11,0.0,0.0,0.0,269.03,2.26,143.0,953.8,
2009,11,23,21,11.93,73.69,0.0,0.0,0.0,268.05,2.59,155.0,953.77,
2009,11,23,22,11.92,71.36,0.0,0.0,0.0,266.43,2.84,161.0,953.49,
2009,11,23,23,11.91,69.03,0.0,0.0,0.0,264.82,3.09,166.0,953.21,
2009,11,24,0,11.91,66.7,0.0,0.0,0.0,263.2,3.34,171.0,952.93,
2009,11,24,1,11.18,67.27,0.0,0.0,0.0,260.45,3.21,174.0,952.87,
2009,11,24,2,10.46,67.84,0.0,0.0,0.0,257.7,3.09,177.0,952.81,
2009,11,24,3,9.74,68.41,0.0,0.0,0.0,254.95,2.97,181.0,952.74,
2009,11,24,4,9.6,67.91,0.0,0.0,0.0,254.85,2.93,180.0,952.81,
2009,11,24,5,9.47,67.41,0.0,0.0,0.0,254.75,2.9,180.0,952.87,
2009,11,24,6,9.34,66.91,0.0,0.0,0.0,254.65,2.87,180.0,952.93,
2009,11,24,7,10.8,63.56,0.0,0.0,0.0,256.13,2.89,181.0,953.24,
2009,11,24,8,12.27,60.21,30.0,123.09,22.0,257.62,2.91,183.0,953.55,
2009,11,24,9,13.74,56.86,186.0,386.95,93.0,259.1,2.94,185.0,953.86,
2009,11,24,10,16.14,50.17,373.0,729.23,92.0,264.83,2.74,202.0,953.46,
2009,11,24,11,18.54,43.49,485.0,734.52,125.0,270.57,2.54,219.0,953.05,
2009,11,24,12,20.95,36.8,556.0,779.87,129.0,276.3,2.34,236.0,952.65,
2009,11,24,13,21.12,35.67,572.0,825.43,115.0,275.97,2.45,254.0,952.28,
2009,11,24,14,21.29,34.53,516.0,799.08,110.0,275.63,2.55,273.0,951.91,
2009,11,24,15,21.45,33.4,400.0,712.68,105.0,275.3,2.65,291.0,951.53,
2009,11,24,16,19.32,42.21,243.0,569.18,85.0,272.0,2.24,294.0,951.66,
2009,11,24,17,17.2,51.03,69.0,276.81,39.0,268.7,1.83,297.0,951.78,
2009,11,24,18,15.07,59.84,0.0,0.0,0.0,265.4,1.42,300.0,951.91,
2009,11,24,19,14.34,63.35,0.0,0.0,0.0,264.08,1.59,272.0,952.28,
2009,11,24,20,13.62,66.86,0.0,0.0,0.0,262.77,1.76,243.0,952.65,
2009,11,24,21,12.89,70.37,0.0,0.0,0.0,261.45,1.93,214.0,953.02,
2009,11,24,22,12.45,74.76,0.0,0.0,0.0,260.25,2.05,214.0,953.09,
2009,11,24,23,12.01,79.16,0.0,0.0,0.0,259.05,2.16,214.0,953.15,
2009,11,25,0,11.58,83.55,0.0,0.0,0.0,257.85,2.28,214.0,953.21,
2009,11,25,1,11.0,85.93,0.0,0.0,0.0,256.75,2.27,211.0,952.96,
2009,11,25,2,10.43,88.32,0.0,0.0,0.0,255.65,2.26,207.0,952.71,
2009,11,25,3,9.86,90.7,0.0,0.0,0.0,254.55,2.25,203.0,952.47,
2009,11,25,4,9.67,90.51,0.0,0.0,0.0,254.58,2.29,199.0,952.4,
2009,11,25,5,9.49,90.33,0.0,0.0,0.0,254.62,2.34,195.0,952.34,
2009,11,25,6,9.31,90.14,0.0,0.0,0.0,254.65,2.39,191.0,952.28,
2009,11,25,7,11.06,83.98,0.0,0.0,0.0,257.7,2.29,192.0,952.59,
2009,11,25,8,12.82,77.83,22.0,32.35,20.0,260.75,2.18,194.0,952.9,
2009,11,25,9,14.58,71.67,92.0,16.87,88.0,263.8,2.08,196.0,953.21,
2009,11,25,10,16.27,64.38,343.0,562.71,128.0,270.07,2.61,218.0,952.96,
2009,11,25,11,17.96,57.09,346.0,217.68,240.0,276.33,3.14,240.0,952.71,
2009,11,25,12,19.66,49.8,459.0,405.84,238.0,282.6,3.67,262.0,952.47,
2009,11,25,13,19.7,49.06,421.0,277.7,268.0,287.57,3.58,266.0,951.84,
2009,11,25,14,19.75,48.33,294.0,88.98,249.0,292.53,3.49,271.0,951.22,
2009,11,25,15,19.79,47.59,281.0,196.64,200.0,297.5,3.39,276.0,950.6,
2009,11,25,16,18.3,54.28,255.0,684.87,66.0,297.75,2.98,278.0,950.88,
2009,11,25,17,16.81,60.97,55.0,130.71,41.0,298.0,2.57,280.0,951.16,
2009,11,25,18,15.32,67.66,0.0,0.0,0.0,298.25,2.17,282.0,951.44,
2009,11,25,19,15.08,67.4,0.0,0.0,0.0,299.77,2.2,269.0,951.57,
2009,11,25,20,14.85,67.14,0.0,0.0,0.0,301.28,2.24,256.0,951.69,
2009,11,25,21,14.61,66.88,0.0,0.0,0.0,302.8,2.28,243.0,951.81,
2009,11,25,22,14.31,68.84,0.0,0.0,0.0,300.9,2.26,234.0,951.63,
2009,11,25,23,14.01,70.8,0.0,0.0,0.0,299.0,2.25,225.0,951.44,
2009,11,26,0,13.72,72.76,0.0,0.0,0.0,297.1,2.23,216.0,951.26,
2009,11,26,1,13.57,77.37,0.0,0.0,0.0,293.93,2.28,224.0,950.95,
2009,11,26,2,13.42,81.99,0.0,0.0,0.0,290.77,2.33,232.0,950.64,
2009,11,26,3,13.28,86.6,0.0,0.0,0.0,287.6,2.37,240.0,950.33,
2009,11,26,4,12.81,89.93,0.0,0.0,0.0,283.93,2.42,238.0,950.26,
2009,11,26,5,12.35,93.25,0.0,0.0,0.0,280.27,2.46,236.0,950.2,
2009,11,26,6,11.89,96.58,0.0,0.0,0.0,276.6,2.51,234.0,950.14,
2009,11,26,7,13.03,93.0,0.0,0.0,0.0,275.28,2.79,237.0,950.42,
2009,11,26,8,14.18,89.42,24.0,85.19,19.0,273.97,3.06,240.0,950.7,
2009,11,26,9,15.33,85.84,194.0,504.58,76.0,272.65,3.34,243.0,950.98,
2009,11,26,10,16.33,78.12,353.0,641.37,110.0,278.1,4.17,250.0,950.64,
2009,11,26,11,17.33,70.41,480.0,746.07,119.0,283.55,5.01,256.0,950.29,
2009,11,26,12,18.33,62.69,557.0,819.69,113.0,289.0,5.85,262.0,949.95,
2009,11,26,13,18.41,62.4,548.0,738.59,143.0,290.08,5.58,266.0,949.46,
2009,11,26,14,18.49,62.11,503.0,756.79,122.0,291.17,5.31,270.0,948.96,
2009,11,26,15,18.57,61.82,392.0,685.34,111.0,292.25,5.05,275.0,948.46,
2009,11,26,16,16.98,69.31,247.0,626.74,75.0,288.58,4.19,281.0,948.99,
2009,11,26,17,15.4,76.79,69.0,302.04,37.0,284.92,3.34,287.0,949.52,
2009,11,26,18,13.81,84.28,0.0,0.0,0.0,281.25,2.48,293.0,950.05,
2009,11,26,19,12.96,87.56,0.0,0.0,0.0,280.08,2.3,289.0,950.51,
2009,11,26,20,12.11,90.85,0.0,0.0,0.0,278.92,2.12,285.0,950.98,
2009,11,26,21,11.26,94.13,0.0,0.0,0.0,277.75,1.94,280.0,951.44,
2009,11,26,22,11.33,94.76,0.0,0.0,0.0,276.88,1.91,278.0,951.5,
2009,11,26,23,11.4,95.4,0.0,0.0,0.0,276.02,1.88,275.0,951.57,
2009,11,27,0,11.48,96.03,0.0,0.0,0.0,275.15,1.85,272.0,951.63,
2009,11,27,1,11.05,96.93,0.0,0.0,0.0,281.12,1.79,252.0,951.47,
2009,11,27,2,10.62,97.83,0.0,0.0,0.0,287.08,1.73,232.0,951.32,
2009,11,27,3,10.19,98.73,0.0,0.0,0.0,293.05,1.67,212.0,951.16,
2009,11,27,4,9.7,99.15,0.0,0.0,0.0,301.9,1.6,200.0,951.19,
2009,11,27,5,9.22,99.58,0.0,0.0,0.0,310.75,1.54,188.0,951.22,
2009,11,27,6,8.74,100.0,0.0,0.0,0.0,319.6,1.48,176.0,951.26,
2009,11,27,7,9.46,99.56,0.0,0.0,0.0,324.12,1.51,169.0,951.57,
2009,11,27,8,10.19,99.13,19.0,35.97,17.0,328.63,1.54,162.0,951.88,
2009,11,27,9,10.92,98.69,195.0,537.49,71.0,333.15,1.57,155.0,952.19,
2009,11,27,10,12.85,87.38,334.0,548.25,128.0,332.48,1.58,160.0,951.47,
2009,11,27,11,14.78,76.07,372.0,301.55,227.0,331.82,1.59,165.0,950.76,
2009,11,27,12,16.72,64.76,514.0,632.81,173.0,331.15,1.6,170.0,950.05,
2009,11,27,13,17.27,60.97,423.0,293.13,263.0,322.32,1.63,175.0,949.21,
2009,11,27,14,17.83,57.17,433.0,450.86,207.0,313.48,1.66,179.0,948.37,
2009,11,27,15,18.38,53.38,301.0,269.47,191.0,304.65,1.68,183.0,947.53,
2009,11,27,16,17.26,58.77,178.0,197.79,124.0,302.45,1.72,171.0,947.19,
2009,11,27,17,16.15,64.15,71.0,343.23,35.0,300.25,1.76,160.0,946.85,
2009,11,27,18,15.03,69.54,0.0,0.0,0.0,298.05,1.79,148.0,946.51,
2009,11,27,19,13.87,73.2,0.0,0.0,0.0,296.75,2.34,157.0,946.32,
2009,11,27,20,12.72,76.86,0.0,0.0,0.0,295.45,2.89,166.0,946.14,
2009,11,27,21,11.57,80.52,0.0,0.0,0.0,294.15,3.43,174.0,945.95,
2009,11,27,22,11.68,77.7,0.0,0.0,0.0,291.52,3.54,179.0,945.77,
2009,11,27,23,11.78,74.89,0.0,0.0,0.0,288.88,3.65,184.0,945.58,
2009,11,28,0,11.89,72.07,0.0,0.0,0.0,286.25,3.75,189.0,945.39,
2009,11,28,1,11.45,74.37,0.0,0.0,0.0,282.82,3.65,192.0,945.39,
2009,11,28,2,11.02,76.67,0.0,0.0,0.0,279.38,3.55,195.0,945.39,
2009,11,28,3,10.59,78.97,0.0,0.0,0.0,275.95,3.45,198.0,945.39,
2009,11,28,4,10.38,78.67,0.0,0.0,0.0,272.15,3.39,198.0,945.24,
2009,11,28,5,10.17,78.36,0.0,0.0,0.0,268.35,3.33,197.0,945.08,
2009,11,28,6,9.97,78.06,0.0,0.0,0.0,264.55,3.27,196.0,944.93,
2009,11,28,7,11.41,73.35,0.0,0.0,0.0,263.7,3.24,197.0,944.84,
2009,11,28,8,12.86,68.63,27.0,190.21,17.0,262.85,3.2,197.0,944.74,
2009,11,28,9,14.31,63.92,192.0,536.03,70.0,262.0,3.17,197.0,944.65,
2009,11,28,10,16.15,56.75,348.0,649.36,106.0,265.42,3.6,206.0,943.72,
2009,11,28,11,17.99,49.57,469.0,715.61,127.0,268.83,4.03,215.0,942.79,
2009,11,28,12,19.83,42.4,548.0,802.02,118.0,272.25,4.46,224.0,941.86,
2009,11,28,13,20.28,38.75,557.0,806.04,119.0,272.48,4.76,225.0,940.59,
2009,11,28,14,20.73,35.11,493.0,727.19,130.0,272.72,5.06,226.0,939.32,
2009,11,28,15,21.18,31.46,329.0,378.83,175.0,272.95,5.37,226.0,938.05,
2009,11,28,16,19.65,37.46,107.0,14.72,103.0,271.43,4.74,227.0,937.86,
2009,11,28,17,18.13,43.46,37.0,28.87,34.0,269.92,4.11,228.0,937.67,
2009,11,28,18,16.6,49.46,0.0,0.0,0.0,268.4,3.49,229.0,937.49,
2009,11,28,19,15.48,62.24,0.0,0.0,0.0,273.42,4.0,237.0,938.01,
2009,11,28,20,14.37,75.03,0.0,0.0,0.0,278.43,4.5,245.0,938.54,
2009,11,28,21,13.25,87.81,0.0,0.0,0.0,283.45,5.01,253.0,939.07,
2009,11,28,22,12.96,91.32,0.0,0.0,0.0,293.37,5.38,256.0,938.98,
2009,11,28,23,12.67,94.84,0.0,0.0,0.0,303.28,5.76,259.0,938.88,
2009,11,29,0,12.39,98.35,0.0,0.0,0.0,313.2,6.14,262.0,938.79,
2009,11,29,1,11.74,96.88,0.0,0.0,0.0,319.95,6.03,268.0,938.88,
2009,11,29,2,11.09,95.41,0.0,0.0,0.0,326.7,5.92,275.0,938.98,
2009,11,29,3,10.45,93.94,0.0,0.0,0.0,333.45,5.81,282.0,939.07,
2009,11,29,4,9.96,92.42,0.0,0.0,0.0,335.15,5.96,283.0,939.6,
2009,11,29,5,9.47,90.9,0.0,0.0,0.0,336.85,6.12,284.0,940.12,
2009,11,29,6,8.98,89.38,0.0,0.0,0.0,338.55,6.28,285.0,940.65,
2009,11,29,7,9.09,85.69,0.0,0.0,0.0,336.67,6.38,280.0,941.43,
2009,11,29,8,9.2,81.99,17.0,40.34,15.0,334.78,6.49,276.0,942.2,
2009,11,29,9,9.32,78.3,133.0,146.96,100.0,332.9,6.59,271.0,942.98,
2009,11,29,10,9.55,75.98,69.0,0.0,69.0,322.17,7.06,275.0,943.1,
2009,11,29,11,9.78,73.67,228.0,33.68,212.0,311.43,7.53,280.0,943.22,
2009,11,29,12,10.02,71.35,273.0,44.98,249.0,300.7,8.0,284.0,943.35,
2009,11,29,13,10.34,68.32,480.0,484.22,218.0,289.17,8.24,285.0,943.25,
2009,11,29,14,10.66,65.29,65.0,0.0,65.0,277.63,8.48,286.0,943.16,
2009,11,29,15,10.97,62.26,142.0,4.94,140.0,266.1,8.72,287.0,943.07,
2009,11,29,16,10.15,66.43,152.0,107.22,123.0,260.38,8.19,285.0,943.84,
2009,11,29,17,9.32,70.6,56.0,155.23,40.0,254.67,7.66,284.0,944.62,
2009,11,29,18,8.5,74.77,0.0,0.0,0.0,248.95,7.13,282.0,945.39,
2009,11,29,19,8.02,79.16,0.0,0.0,0.0,253.67,6.95,282.0,946.2,
2009,11,29,20,7.55,83.56,0.0,0.0,0.0,258.38,6.76,282.0,947.01,
2009,11,29,21,7.07,87.95,0.0,0.0,0.0,263.1,6.58,281.0,947.81,
2009,11,29,22,7.24,89.4,0.0,0.0,0.0,277.98,6.76,285.0,948.09,
2009,11,29,23,7.41,90.84,0.0,0.0,0.0,292.87,6.94,288.0,948.37,
2009,11,30,0,7.58,92.29,0.0,0.0,0.0,307.75,7.12,292.0,948.65,
2009,11,30,1,7.43,92.99,0.0,0.0,0.0,311.42,6.76,296.0,948.81,
2009,11,30,2,7.28,93.7,0.0,0.0,0.0,315.08,6.41,300.0,948.96,
2009,11,30,3,7.13,94.4,0.0,0.0,0.0,318.75,6.06,304.0,949.12,
2009,11,30,4,7.13,93.91,0.0,0.0,0.0,318.03,5.73,303.0,949.43,
2009,11,30,5,7.13,93.43,0.0,0.0,0.0,317.32,5.41,302.0,949.74,
2009,11,30,6,7.12,92.94,0.0,0.0,0.0,316.6,5.09,301.0,950.05,
2009,11,30,7,7.79,90.97,0.0,0.0,0.0,312.57,5.73,302.0,950.64,
2009,11,30,8,8.46,88.99,3.0,0.0,3.0,308.53,6.38,303.0,951.22,
2009,11,30,9,9.13,87.02,174.0,424.25,80.0,304.5,7.02,304.0,951.81,
2009,11,30,10,9.79,78.26,249.0,201.78,175.0,296.17,7.06,306.0,951.94,
2009,11,30,11,10.46,69.49,339.0,226.56,232.0,287.83,7.1,307.0,952.06,
2009,11,30,12,11.12,60.73,403.0,273.08,258.0,279.5,7.14,309.0,952.19,
2009,11,30,13,11.22,58.31,500.0,575.31,190.0,281.2,6.81,308.0,951.69,
2009,11,30,14,11.32,55.89,188.0,6.06,185.0,282.9,6.48,306.0,951.19,
2009,11,30,15,11.43,53.47,372.0,609.78,126.0,284.6,6.15,305.0,950.7,
2009,11,30,16,10.5,59.29,87.0,3.71,86.0,277.1,5.17,301.0,951.22,
2009,11,30,17,8.21,82.1,63.0,254.11,37.0,258.92,2.87,297.0,951.75,
2009,11,30,18,8.05,81.54,0.0,0.0,0.0,256.28,2.93,293.0,952.28,
2009,11,30,19,7.88,80.99,0.0,0.0,0.0,253.64,2.99,285.0,952.65,
2009,11,30,20,7.72,80.43,0.0,0.0,0.0,251.0,3.05,276.0,953.02,
2009,11,30,21,7.55,79.88,0.0,0.0,0.0,248.37,3.12,267.0,953.4,
2009,11,30,22,7.39,79.32,0.0,0.0,0.0,245.73,3.18,259.0,953.27,
2009,11,30,23,7.22,78.77,0.0,0.0,0.0,243.09,3.24,251.0,953.15,
2005,12,1,0,7.06,78.22,0.0,0.0,0.0,240.45,3.3,243.0,953.02,
2005,12,1,1,6.89,77.66,0.0,0.0,0.0,237.82,3.36,191.0,947.41,
2005,12,1,2,6.73,77.11,0.0,0.0,0.0,235.18,3.42,188.0,947.19,
2005,12,1,3,6.56,76.55,0.0,0.0,0.0,232.54,3.48,185.0,946.98,
2005,12,1,4,6.4,76.0,0.0,0.0,0.0,229.9,3.54,188.0,946.76,
2005,12,1,5,6.23,75.44,0.0,0.0,0.0,227.27,3.6,190.0,946.54,
2005,12,1,6,6.07,74.89,0.0,0.0,0.0,224.63,3.66,193.0,946.32,
2005,12,1,7,5.9,74.33,0.0,0.0,0.0,221.99,3.72,198.0,946.73,
2005,12,1,8,5.74,73.78,0.0,0.0,0.0,219.35,3.78,202.0,947.13,
2005,12,1,9,9.93,59.62,111.0,205.81,66.0,229.6,3.81,207.0,947.53,
2005,12,1,10,11.49,54.99,301.0,601.84,82.0,235.28,4.27,216.0,946.98,
2005,12,1,11,13.06,50.36,439.0,719.8,101.0,240.97,4.73,225.0,946.42,
2005,12,1,12,14.62,45.73,540.0,849.54,91.0,246.65,5.19,234.0,945.86,
2005,12,1,13,15.11,45.44,576.0,924.16,80.0,250.37,5.3,231.0,945.21,
2005,12,1,14,15.6,45.14,526.0,840.82,111.0,254.08,5.42,229.0,944.56,
2005,12,1,15,16.1,44.85,449.0,930.26,75.0,257.8,5.53,227.0,943.91,
2005,12,1,16,14.93,49.81,216.0,253.38,148.0,257.5,5.02,228.0,944.19,
2005,12,1,17,13.76,54.76,134.0,944.25,38.0,257.2,4.51,230.0,944.46,
2005,12,1,18,12.59,59.72,0.0,0.0,0.0,256.9,4.0,231.0,944.74,
2005,12,1,19,12.14,63.19,0.0,0.0,0.0,256.68,3.87,232.0,945.52,
2005,12,1,20,11.69,66.67,0.0,0.0,0.0,256.47,3.73,233.0,946.29,
2005,12,1,21,11.25,70.14,0.0,0.0,0.0,256.25,3.6,234.0,947.07,
2005,12,1,22,11.34,71.0,0.0,0.0,0.0,256.45,3.64,234.0,947.32,
2005,12,1,23,11.43,71.86,0.0,0.0,0.0,256.65,3.67,235.0,947.57,
2005,12,2,0,11.51,72.72,0.0,0.0,0.0,256.85,3.71,235.0,947.81,
2005,12,2,1,11.32,73.11,0.0,0.0,0.0,256.45,3.83,235.0,947.63,
2005,12,2,2,11.12,73.51,0.0,0.0,0.0,256.05,3.96,236.0,947.44,
2005,12,2,3,10.93,73.9,0.0,0.0,0.0,255.65,4.08,237.0,947.26,
2005,12,2,4,10.92,75.77,0.0,0.0,0.0,256.87,4.18,241.0,947.57,
2005,12,2,5,10.91,77.65,0.0,0.0,0.0,258.08,4.29,245.0,947.88,
2005,12,2,6,10.9,79.52,0.0,0.0,0.0,259.3,4.39,249.0,948.19,
2005,12,2,7,11.73,79.63,0.0,0.0,0.0,262.52,4.56,251.0,948.81,
2005,12,2,8,12.55,79.73,0.0,0.0,0.0,265.73,4.73,253.0,949.43,
2005,12,2,9,13.37,79.84,108.0,194.63,66.0,268.95,4.9,256.0,950.05,
2005,12,2,10,14.09,76.2,305.0,648.02,71.0,277.1,5.75,263.0,949.98,
2005,12,2,11,14.8,72.57,436.0,717.4,101.0,285.25,6.6,270.0,949.92,
2005,12,2,12,15.52,68.93,519.0,756.41,121.0,293.4,7.45,277.0,949.86,
2005,12,2,13,15.83,67.11,546.0,778.05,130.0,288.93,6.66,277.0,949.55,
2005,12,2,14,16.14,65.28,515.0,790.82,126.0,284.47,5.88,277.0,949.24,
2005,12,2,15,16.46,63.46,309.0,239.54,213.0,280.0,5.09,277.0,948.93,
2005,12,2,16,15.15,71.22,265.0,549.58,118.0,278.8,4.25,277.0,949.46,
2005,12,2,17,13.84,78.97,121.0,692.24,51.0,277.6,3.41,278.0,949.98,
2005,12,2,18,12.53,86.73,0.0,0.0,0.0,276.4,2.57,278.0,950.51,
2005,12,2,19,12.11,89.66,0.0,0.0,0.0,274.78,2.47,266.0,950.95,
2005,12,2,20,11.68,92.59,0.0,0.0,0.0,273.17,2.38,254.0,951.38,
2005,12,2,21,11.26,95.52,0.0,0.0,0.0,271.55,2.29,242.0,951.81,
2005,12,2,22,10.89,97.01,0.0,0.0,0.0,268.43,2.3,229.0,951.69,
2005,12,2,23,10.52,98.51,0.0,0.0,0.0,265.32,2.31,217.0,951.57,
2005,12,3,0,10.14,100.0,0.0,0.0,0.0,262.2,2.32,204.0,951.44,
2005,12,3,1,9.97,100.0,0.0,0.0,0.0,263.58,2.4,207.0,951.38,
2005,12,3,2,9.79,100.0,0.0,0.0,0.0,264.97,2.49,211.0,951.32,
2005,12,3,3,9.62,100.0,0.0,0.0,0.0,266.35,2.58,214.0,951.26,
2005,12,3,4,9.29,100.0,0.0,0.0,0.0,263.15,2.57,210.0,951.01,
2005,12,3,5,8.96,100.0,0.0,0.0,0.0,259.95,2.56,205.0,950.76,
2005,12,3,6,8.62,100.0,0.0,0.0,0.0,256.75,2.55,201.0,950.51,
2005,12,3,7,9.97,96.04,0.0,0.0,0.0,256.42,2.58,202.0,950.7,
2005,12,3,8,11.32,92.07,0.0,0.0,0.0,256.08,2.61,202.0,950.88,
2005,12,3,9,12.67,88.11,111.0,230.05,62.0,255.75,2.63,203.0,951.07,
2005,12,3,10,14.09,80.17,300.0,633.38,73.0,260.63,3.63,221.0,950.67,
2005,12,3,11,15.52,72.23,431.0,701.92,105.0,265.52,4.62,240.0,950.26,
2005,12,3,12,16.94,64.29,526.0,801.67,106.0,270.4,5.61,258.0,949.86,
2005,12,3,13,16.99,61.2,541.0,762.1,135.0,271.03,5.11,257.0,949.15,
2005,12,3,14,17.04,58.12,510.0,774.98,130.0,271.67,4.61,256.0,948.43,
2005,12,3,15,17.1,55.03,437.0,860.88,93.0,272.3,4.11,254.0,947.72,
2005,12,3,16,15.47,63.45,310.0,971.18,51.0,268.88,3.55,259.0,947.75,
2005,12,3,17,13.85,71.86,121.0,685.36,52.0,265.47,3.0,264.0,947.78,
2005,12,3,18,12.22,80.28,0.0,0.0,0.0,262.05,2.44,268.0,947.81,
2005,12,3,19,11.53,86.02,0.0,0.0,0.0,259.73,2.47,265.0,948.19,
2005,12,3,20,10.84,91.77,0.0,0.0,0.0,257.42,2.5,263.0,948.56,
2005,12,3,21,10.15,97.51,0.0,0.0,0.0,255.1,2.52,260.0,948.93,
2005,12,3,22,10.23,98.34,0.0,0.0,0.0,254.53,2.58,255.0,948.77,
2005,12,3,23,10.32,99.17,0.0,0.0,0.0,253.97,2.63,250.0,948.62,
2005,12,4,0,10.4,100.0,0.0,0.0,0.0,253.4,2.69,245.0,948.46,
2005,12,4,1,10.02,100.0,0.0,0.0,0.0,252.1,2.68,239.0,948.0,
2005,12,4,2,9.63,100.0,0.0,0.0,0.0,250.8,2.66,234.0,947.53,
2005,12,4,3,9.24,100.0,0.0,0.0,0.0,249.5,2.65,228.0,947.07,
2005,12,4,4,9.17,100.0,0.0,0.0,0.0,251.9,2.63,228.0,946.88,
2005,12,4,5,9.1,100.0,0.0,0.0,0.0,254.3,2.6,228.0,946.7,
2005,12,4,6,9.03,100.0,0.0,0.0,0.0,256.7,2.58,228.0,946.51,
2005,12,4,7,10.07,97.82,0.0,0.0,0.0,261.58,2.65,231.0,946.73,
2005,12,4,8,11.11,95.63,0.0,0.0,0.0,266.47,2.73,233.0,946.95,
2005,12,4,9,12.14,93.45,108.0,223.52,61.0,271.35,2.8,236.0,947.16,
2005,12,4,10,13.2,85.81,289.0,573.41,85.0,276.85,3.7,248.0,946.64,
2005,12,4,11,14.25,78.18,426.0,688.31,108.0,282.35,4.6,260.0,946.11,
2005,12,4,12,15.31,70.54,427.0,389.08,224.0,287.85,5.5,272.0,945.58,
2005,12,4,13,15.28,70.68,492.0,555.65,197.0,291.2,5.34,273.0,944.9,
2005,12,4,14,15.25,70.81,441.0,468.42,212.0,294.55,5.17,274.0,944.22,
2005,12,4,15,15.22,70.95,305.0,233.36,212.0,297.9,5.01,275.0,943.53,
2005,12,4,16,14.41,75.3,253.0,477.44,126.0,304.17,4.39,275.0,943.91,
2005,12,4,17,13.6,79.64,120.0,687.69,51.0,310.43,3.77,274.0,944.28,
2005,12,4,18,12.79,83.99,0.0,0.0,0.0,316.7,3.14,274.0,944.65,
2005,12,4,19,12.48,86.93,0.0,0.0,0.0,317.33,3.11,273.0,945.05,
2005,12,4,20,12.17,89.87,0.0,0.0,0.0,317.97,3.08,272.0,945.46,
2005,12,4,21,11.87,92.81,0.0,0.0,0.0,318.6,3.05,271.0,945.86,
2005,12,4,22,11.86,95.21,0.0,0.0,0.0,321.05,2.79,266.0,945.7,
2005,12,4,23,11.86,97.6,0.0,0.0,0.0,323.5,2.53,261.0,945.55,
2005,12,5,0,11.85,100.0,0.0,0.0,0.0,325.95,2.28,256.0,945.39,
2005,12,5,1,11.75,100.0,0.0,0.0,0.0,331.32,2.32,254.0,945.05,
2005,12,5,2,11.64,100.0,0.0,0.0,0.0,336.68,2.37,253.0,944.71,
2005,12,5,3,11.54,100.0,0.0,0.0,0.0,342.05,2.41,251.0,944.37,
2005,12,5,4,11.43,100.0,0.0,0.0,0.0,343.67,2.32,248.0,944.15,
2005,12,5,5,11.33,100.0,0.0,0.0,0.0,345.28,2.23,246.0,943.94,
2005,12,5,6,11.22,100.0,0.0,0.0,0.0,346.9,2.14,243.0,943.72,
2005,12,5,7,11.88,99.7,0.0,0.0,0.0,347.28,2.54,248.0,944.03,
2005,12,5,8,12.54,99.4,0.0,0.0,0.0,347.67,2.95,253.0,944.34,
2005,12,5,9,13.2,99.1,110.0,255.27,57.0,348.05,3.35,257.0,944.65,
2005,12,5,10,13.78,92.52,268.0,455.81,107.0,336.88,3.51,264.0,944.56,
2005,12,5,11,14.37,85.93,308.0,213.2,210.0,325.72,3.66,271.0,944.46,
2005,12,5,12,14.95,79.35,275.0,59.65,244.0,314.55,3.82,278.0,944.37,
2005,12,5,13,15.02,76.42,237.0,18.9,227.0,316.63,3.66,278.0,943.97,
2005,12,5,14,15.09,73.49,261.0,47.18,238.0,318.72,3.49,277.0,943.56,
2005,12,5,15,15.17,70.56,331.0,321.95,203.0,320.8,3.32,277.0,943.16,
2005,12,5,16,14.05,77.41,236.0,372.99,137.0,317.37,2.84,287.0,943.5,
2005,12,5,17,12.93,84.25,119.0,669.35,52.0,313.93,2.36,298.0,943.84,
2005,12,5,18,11.81,91.1,0.0,0.0,0.0,310.5,1.88,308.0,944.19,
2005,12,5,19,11.65,91.89,0.0,0.0,0.0,300.05,1.76,323.0,944.93,
2005,12,5,20,11.49,92.69,0.0,0.0,0.0,289.6,1.64,337.0,945.67,
2005,12,5,21,11.33,93.48,0.0,0.0,0.0,279.15,1.52,352.0,946.42,
2005,12,5,22,11.27,93.24,0.0,0.0,0.0,276.52,1.2,28.0,946.67,
2005,12,5,23,11.22,93.0,0.0,0.0,0.0,273.88,0.88,64.0,946.91,
2005,12,6,0,11.16,92.76,0.0,0.0,0.0,271.25,0.57,100.0,947.16,
2005,12,6,1,10.52,92.19,0.0,0.0,0.0,273.68,0.66,103.0,947.26,
2005,12,6,2,9.87,91.62,0.0,0.0,0.0,276.12,0.76,106.0,947.35,
2005,12,6,3,9.22,91.05,0.0,0.0,0.0,278.55,0.86,109.0,947.44,
2005,12,6,4,8.85,90.99,0.0,0.0,0.0,292.78,1.02,106.0,947.6,
2005,12,6,5,8.48,90.92,0.0,0.0,0.0,307.02,1.19,103.0,947.75,
2005,12,6,6,8.11,90.86,0.0,0.0,0.0,321.25,1.35,100.0,947.91,
2005,12,6,7,9.16,92.53,0.0,0.0,0.0,325.0,1.2,102.0,948.65,
2005,12,6,8,10.21,94.19,0.0,0.0,0.0,328.75,1.04,104.0,949.39,
2005,12,6,9,11.25,95.86,107.0,248.73,56.0,332.5,0.88,106.0,950.14,
2005,12,6,10,12.19,87.9,280.0,544.54,89.0,326.45,1.01,82.0,950.17,
2005,12,6,11,13.12,79.95,418.0,671.19,111.0,320.4,1.14,59.0,950.2,
2005,12,6,12,14.06,71.99,308.0,104.31,254.0,314.35,1.27,35.0,950.23,
2005,12,6,13,14.07,70.22,476.0,506.1,209.0,311.87,1.53,36.0,950.02,
2005,12,6,14,14.08,68.46,401.0,335.19,238.0,309.38,1.79,36.0,949.8,
2005,12,6,15,14.1,66.69,421.0,781.39,111.0,306.9,2.06,36.0,949.58,
2005,12,6,16,12.94,72.36,268.0,596.33,110.0,303.07,2.02,35.0,950.11,
2005,12,6,17,11.78,78.04,127.0,830.33,44.0,299.23,1.99,35.0,950.64,
2005,12,6,18,10.62,83.71,0.0,0.0,0.0,295.4,1.96,34.0,951.16,
2005,12,6,19,9.62,88.8,0.0,0.0,0.0,288.48,1.92,46.0,951.88,
2005,12,6,20,8.62,93.88,0.0,0.0,0.0,281.57,1.88,59.0,952.59,
2005,12,6,21,7.63,98.97,0.0,0.0,0.0,274.65,1.83,71.0,953.3,
2005,12,6,22,6.98,99.31,0.0,0.0,0.0,268.83,1.97,91.0,953.43,
2005,12,6,23,6.33,99.66,0.0,0.0,0.0,263.02,2.11,110.0,953.55,
2005,12,7,0,5.68,100.0,0.0,0.0,0.0,257.2,2.25,130.0,953.67,
2005,12,7,1,5.06,100.0,0.0,0.0,0.0,257.92,2.2,138.0,953.55,
2005,12,7,2,4.44,100.0,0.0,0.0,0.0,258.63,2.16,146.0,953.43,
2005,12,7,3,3.82,100.0,0.0,0.0,0.0,259.35,2.11,154.0,953.3,
2005,12,7,4,3.38,99.5,0.0,0.0,0.0,256.83,2.11,155.0,953.4,
2005,12,7,5,2.94,99.0,0.0,0.0,0.0,254.32,2.12,156.0,953.49,
2005,12,7,6,2.49,98.5,0.0,0.0,0.0,251.8,2.12,158.0,953.58,
2005,12,7,7,4.26,95.52,0.0,0.0,0.0,251.88,1.96,159.0,953.95,
2005,12,7,8,6.02,92.53,0.0,0.0,0.0,251.97,1.79,161.0,954.33,
2005,12,7,9,7.78,89.55,98.0,192.56,59.0,252.05,1.63,163.0,954.7,
2005,12,7,10,10.1,81.89,286.0,599.93,77.0,258.75,1.53,179.0,954.14,
2005,12,7,11,12.42,74.22,415.0,669.99,110.0,265.45,1.43,196.0,953.58,
2005,12,7,12,14.74,66.56,510.0,765.75,115.0,272.15,1.32,213.0,953.02,
2005,12,7,13,14.75,64.85,511.0,657.74,165.0,271.63,1.34,232.0,952.56,
2005,12,7,14,14.75,63.15,521.0,867.74,100.0,271.12,1.36,251.0,952.09,
2005,12,7,15,14.76,61.44,420.0,780.32,111.0,270.6,1.38,270.0,951.63,
2005,12,7,16,13.15,70.53,284.0,733.2,90.0,267.92,1.15,267.0,951.69,
2005,12,7,17,11.55,79.63,119.0,670.49,52.0,265.23,0.93,265.0,951.75,
2005,12,7,18,9.94,88.72,0.0,0.0,0.0,262.55,0.7,263.0,951.81,
2005,12,7,19,9.41,88.95,0.0,0.0,0.0,261.08,0.88,244.0,952.19,
2005,12,7,20,8.88,89.19,0.0,0.0,0.0,259.62,1.06,224.0,952.56,
2005,12,7,21,8.36,89.42,0.0,0.0,0.0,258.15,1.24,205.0,952.93,
2005,12,7,22,8.16,89.38,0.0,0.0,0.0,256.7,1.31,217.0,953.05,
2005,12,7,23,7.97,89.35,0.0,0.0,0.0,255.25,1.38,229.0,953.18,
2005,12,8,0,7.77,89.31,0.0,0.0,0.0,253.8,1.45,241.0,953.3,
2005,12,8,1,6.79,89.65,0.0,0.0,0.0,250.77,1.51,240.0,953.24,
2005,12,8,2,5.81,89.99,0.0,0.0,0.0,247.73,1.58,239.0,953.18,
2005,12,8,3,4.83,90.33,0.0,0.0,0.0,244.7,1.64,238.0,953.12,
2005,12,8,4,4.86,91.95,0.0,0.0,0.0,243.7,1.66,242.0,953.24,
2005,12,8,5,4.89,93.58,0.0,0.0,0.0,242.7,1.69,247.0,953.36,
2005,12,8,6,4.92,95.2,0.0,0.0,0.0,241.7,1.71,252.0,953.49,
2005,12,8,7,6.57,93.27,0.0,0.0,0.0,243.2,1.62,257.0,953.77,
2005,12,8,8,8.21,91.33,0.0,0.0,0.0,244.7,1.54,261.0,954.05,
2005,12,8,9,9.85,89.4,101.0,229.88,55.0,246.2,1.45,266.0,954.33,
2005,12,8,10,10.95,83.23,274.0,531.68,90.0,252.27,2.34,285.0,953.89,
2005,12,8,11,12.06,77.07,404.0,617.88,124.0,258.33,3.24,304.0,953.46,
2005,12,8,12,13.16,70.9,322.0,134.22,253.0,264.4,4.14,323.0,953.02,
2005,12,8,13,13.47,69.6,228.0,15.25,220.0,268.28,4.52,326.0,952.22,
2005,12,8,14,13.77,68.29,134.0,0.0,134.0,272.17,4.9,329.0,951.41,
2005,12,8,15,14.08,66.99,182.0,17.71,175.0,276.05,5.28,332.0,950.6,
2005,12,8,16,12.61,76.2,111.0,7.57,109.0,275.83,4.71,332.0,950.76,
2005,12,8,17,11.15,85.4,112.0,540.03,58.0,275.62,4.14,333.0,950.91,
2005,12,8,18,9.68,94.61,0.0,0.0,0.0,275.4,3.57,334.0,951.07,
2005,12,8,19,9.42,93.64,0.0,0.0,0.0,276.0,3.47,332.0,951.47,
2005,12,8,20,9.16,92.68,0.0,0.0,0.0,276.6,3.37,331.0,951.88,
2005,12,8,21,8.91,91.71,0.0,0.0,0.0,277.2,3.27,329.0,952.28,
2005,12,8,22,9.0,94.47,0.0,0.0,0.0,294.42,4.03,336.0,952.31,
2005,12,8,23,9.09,97.24,0.0,0.0,0.0,311.63,4.79,344.0,952.34,
2005,12,9,0,9.17,100.0,0.0,0.0,0.0,328.85,5.54,351.0,952.37,
2005,12,9,1,8.3,100.0,0.0,0.0,0.0,325.6,4.69,357.0,952.56,
2005,12,9,2,7.42,100.0,0.0,0.0,0.0,322.35,3.83,4.0,952.74,
2005,12,9,3,6.55,100.0,0.0,0.0,0.0,319.1,2.98,10.0,952.93,
2005,12,9,4,6.2,100.0,0.0,0.0,0.0,316.1,2.76,8.0,953.24,
2005,12,9,5,5.85,100.0,0.0,0.0,0.0,313.1,2.54,5.0,953.55,
2005,12,9,6,5.49,100.0,0.0,0.0,0.0,310.1,2.32,2.0,953.86,
2005,12,9,7,6.32,97.27,0.0,0.0,0.0,306.05,2.96,358.0,954.36,
2005,12,9,8,7.15,94.54,0.0,0.0,0.0,302.0,3.6,355.0,954.85,
2005,12,9,9,7.98,91.81,87.0,141.59,59.0,297.95,4.25,351.0,955.35,
2005,12,9,10,8.33,87.44,263.0,476.93,99.0,290.13,5.09,352.0,954.98,
2005,12,9,11,8.68,83.07,418.0,707.02,99.0,282.32,5.93,352.0,954.6,
2005,12,9,12,9.03,78.7,477.0,624.51,157.0,274.5,6.77,352.0,954.23,
2005,12,9,13,8.97,80.38,97.0,0.0,97.0,277.37,6.65,352.0,953.89,
2005,12,9,14,8.9,82.05,252.0,41.39,232.0,280.23,6.53,352.0,953.55,
2005,12,9,15,8.84,83.73,416.0,764.85,114.0,283.1,6.41,352.0,953.21,
2005,12,9,16,8.41,87.36,168.0,94.63,143.0,289.6,5.91,353.0,953.46,
2005,12,9,17,7.99,90.99,84.0,179.71,66.0,296.1,5.41,354.0,953.71,
2005,12,9,18,7.56,94.62,0.0,0.0,0.0,302.6,4.91,355.0,953.95,
2005,12,9,19,7.56,95.06,0.0,0.0,0.0,309.3,4.37,356.0,954.11,
2005,12,9,20,7.56,95.5,0.0,0.0,0.0,316.0,3.83,358.0,954.26,
2005,12,9,21,7.57,95.94,0.0,0.0,0.0,322.7,3.28,359.0,954.42,
2005,12,9,22,7.69,96.37,0.0,0.0,0.0,323.07,2.96,356.0,954.26,
2005,12,9,23,7.82,96.81,0.0,0.0,0.0,323.43,2.63,353.0,954.11,
2005,12,10,0,7.94,97.24,0.0,0.0,0.0,323.8,2.3,350.0,953.95,
2005,12,10,1,7.77,98.16,0.0,0.0,0.0,325.55,2.71,359.0,953.77,
2005,12,10,2,7.6,99.08,0.0,0.0,0.0,327.3,3.11,8.0,953.58,
2005,12,10,3,7.43,100.0,0.0,0.0,0.0,329.05,3.52,17.0,953.4,
2005,12,10,4,7.34,100.0,0.0,0.0,0.0,329.92,3.59,19.0,953.61,
2005,12,10,5,7.25,100.0,0.0,0.0,0.0,330.78,3.66,22.0,953.83,
2005,12,10,6,7.16,100.0,0.0,0.0,0.0,331.65,3.72,24.0,954.05,
2005,12,10,7,7.62,99.64,0.0,0.0,0.0,329.32,3.8,25.0,954.39,
2005,12,10,8,8.08,99.29,0.0,0.0,0.0,326.98,3.88,26.0,954.73,
2005,12,10,9,8.53,98.93,45.0,5.12,44.0,324.65,3.96,28.0,955.07,
2005,12,10,10,8.74,93.65,124.0,17.56,118.0,318.75,3.84,24.0,954.73,
2005,12,10,11,8.96,88.37,59.0,0.0,59.0,312.85,3.73,21.0,954.39,
2005,12,10,12,9.17,83.09,334.0,160.52,252.0,306.95,3.61,17.0,954.05,
2005,12,10,13,9.01,86.67,269.0,44.05,246.0,299.07,3.62,15.0,953.18,
2005,12,10,14,8.85,90.25,215.0,14.51,208.0,291.18,3.63,13.0,952.31,
2005,12,10,15,8.7,93.83,416.0,763.1,115.0,283.3,3.64,11.0,951.44,
2005,12,10,16,7.8,95.89,291.0,806.37,78.0,280.0,3.27,5.0,951.69,
2005,12,10,17,6.91,97.94,98.0,328.58,65.0,276.7,2.91,358.0,951.94,
2005,12,10,18,6.02,100.0,0.0,0.0,0.0,273.4,2.54,351.0,952.19,
2005,12,10,19,5.79,100.0,0.0,0.0,0.0,275.58,2.48,343.0,952.53,
2005,12,10,20,5.56,100.0,0.0,0.0,0.0,277.77,2.43,335.0,952.87,
2005,12,10,21,5.33,100.0,0.0,0.0,0.0,279.95,2.37,328.0,953.21,
2005,12,10,22,5.5,99.23,0.0,0.0,0.0,284.68,2.42,324.0,953.18,
2005,12,10,23,5.68,98.46,0.0,0.0,0.0,289.42,2.46,321.0,953.15,
2005,12,11,0,5.85,97.69,0.0,0.0,0.0,294.15,2.51,318.0,953.12,
2005,12,11,1,5.42,97.76,0.0,0.0,0.0,302.13,2.25,321.0,952.62,
2005,12,11,2,4.98,97.84,0.0,0.0,0.0,310.12,2.0,325.0,952.12,
2005,12,11,3,4.55,97.91,0.0,0.0,0.0,318.1,1.74,328.0,951.63,
2005,12,11,4,4.4,98.61,0.0,0.0,0.0,318.35,1.73,326.0,951.6,
2005,12,11,5,4.25,99.3,0.0,0.0,0.0,318.6,1.72,323.0,951.57,
2005,12,11,6,4.1,100.0,0.0,0.0,0.0,318.85,1.71,320.0,951.53,
2005,12,11,7,5.03,99.62,0.0,0.0,0.0,318.25,1.95,321.0,951.91,
2005,12,11,8,5.96,99.25,0.0,0.0,0.0,317.65,2.19,321.0,952.28,
2005,12,11,9,6.89,98.87,77.0,98.3,58.0,317.05,2.43,321.0,952.65,
2005,12,11,10,7.07,96.04,280.0,624.05,68.0,308.42,2.61,323.0,952.43,
2005,12,11,11,7.25,93.22,297.0,210.04,203.0,299.78,2.79,326.0,952.22,
2005,12,11,12,7.43,90.39,389.0,302.32,235.0,291.15,2.97,328.0,952.0,
2005,12,11,13,7.47,91.58,277.0,51.82,250.0,281.87,3.31,333.0,951.47,
2005,12,11,14,7.51,92.76,382.0,288.53,243.0,272.58,3.65,337.0,950.95,
2005,12,11,15,7.55,93.95,370.0,507.42,170.0,263.3,3.99,342.0,950.42,
2005,12,11,16,6.34,95.78,184.0,140.04,147.0,263.92,3.31,339.0,950.7,
2005,12,11,17,5.14,97.62,11.0,0.0,11.0,264.53,2.64,336.0,950.98,
2005,12,11,18,3.94,99.45,0.0,0.0,0.0,265.15,1.97,333.0,951.26,
2005,12,11,19,4.39,97.14,0.0,0.0,0.0,273.75,1.89,324.0,951.69,
2005,12,11,20,4.84,94.83,0.0,0.0,0.0,282.35,1.81,316.0,952.12,
2005,12,11,21,5.3,92.52,0.0,0.0,0.0,290.95,1.72,308.0,952.56,
2005,12,11,22,5.15,93.83,0.0,0.0,0.0,299.37,1.78,303.0,952.5,
2005,12,11,23,5.01,95.14,0.0,0.0,0.0,307.78,1.83,298.0,952.43,
2005,12,12,0,4.86,96.45,0.0,0.0,0.0,316.2,1.89,293.0,952.37,
2005,12,12,1,4.65,97.43,0.0,0.0,0.0,314.68,2.29,299.0,952.25,
2005,12,12,2,4.43,98.41,0.0,0.0,0.0,313.17,2.68,305.0,952.12,
2005,12,12,3,4.22,99.39,0.0,0.0,0.0,311.65,3.08,312.0,952.0,
2005,12,12,4,3.98,99.59,0.0,0.0,0.0,310.63,3.07,312.0,952.0,
2005,12,12,5,3.74,99.8,0.0,0.0,0.0,309.62,3.06,312.0,952.0,
2005,12,12,6,3.5,100.0,0.0,0.0,0.0,308.6,3.05,313.0,952.0,
2005,12,12,7,4.61,97.72,0.0,0.0,0.0,307.17,3.12,312.0,952.28,
2005,12,12,8,5.71,95.43,0.0,0.0,0.0,305.73,3.2,311.0,952.56,
2005,12,12,9,6.81,93.15,103.0,308.63,44.0,304.3,3.27,310.0,952.84,
2005,12,12,10,7.1,90.48,229.0,313.81,123.0,295.88,3.45,313.0,952.59,
2005,12,12,11,7.4,87.81,166.0,8.97,162.0,287.47,3.64,315.0,952.34,
2005,12,12,12,7.69,85.14,70.0,0.0,70.0,279.05,3.82,317.0,952.09,
2005,12,12,13,7.85,86.69,137.0,0.0,137.0,277.7,3.9,320.0,951.53,
2005,12,12,14,8.0,88.24,195.0,6.23,192.0,276.35,3.98,323.0,950.98,
2005,12,12,15,8.16,89.79,232.0,73.61,203.0,275.0,4.06,326.0,950.42,
2005,12,12,16,7.47,91.37,134.0,26.48,127.0,279.82,3.61,321.0,950.73,
2005,12,12,17,6.79,92.94,71.0,88.87,62.0,284.63,3.16,316.0,951.04,
2005,12,12,18,6.1,94.52,0.0,0.0,0.0,289.45,2.72,312.0,951.35,
2005,12,12,19,6.0,94.52,0.0,0.0,0.0,301.0,2.5,307.0,951.53,
2005,12,12,20,5.9,94.51,0.0,0.0,0.0,312.55,2.28,302.0,951.72,
2005,12,12,21,5.8,94.51,0.0,0.0,0.0,324.1,2.06,298.0,951.91,
2005,12,12,22,5.74,95.81,0.0,0.0,0.0,321.93,1.99,292.0,951.63,
2005,12,12,23,5.68,97.12,0.0,0.0,0.0,319.77,1.92,287.0,951.35,
2005,12,13,0,5.62,98.42,0.0,0.0,0.0,317.6,1.85,281.0,951.07,
2005,12,13,1,5.89,93.3,0.0,0.0,0.0,319.98,1.76,297.0,950.7,
2005,12,13,2,6.15,88.18,0.0,0.0,0.0,322.37,1.67,312.0,950.33,
2005,12,13,3,6.42,83.06,0.0,0.0,0.0,324.75,1.59,327.0,949.95,
2005,12,13,4,6.41,80.1,0.0,0.0,0.0,324.95,1.58,322.0,949.95,
2005,12,13,5,6.4,77.13,0.0,0.0,0.0,325.15,1.58,316.0,949.95,
2005,12,13,6,6.39,74.17,0.0,0.0,0.0,325.35,1.57,311.0,949.95,
2005,12,13,7,6.9,78.12,0.0,0.0,0.0,325.05,1.58,302.0,950.11,
2005,12,13,8,7.41,82.07,0.0,0.0,0.0,324.75,1.59,293.0,950.26,
2005,12,13,9,7.91,86.02,61.0,42.3,53.0,324.45,1.6,283.0,950.42,
2005,12,13,10,8.8,79.89,250.0,440.56,102.0,311.25,1.6,307.0,949.89,
2005,12,13,11,9.68,73.75,423.0,785.52,74.0,298.05,1.61,330.0,949.36,
2005,12,13,12,10.57,67.62,513.0,836.61,89.0,284.85,1.61,353.0,948.84,
2005,12,13,13,10.75,65.0,536.0,816.59,112.0,276.05,1.74,7.0,948.0,
2005,12,13,14,10.93,62.37,455.0,561.66,185.0,267.25,1.86,21.0,947.16,
2005,12,13,15,11.12,59.75,143.0,2.54,142.0,258.45,1.99,36.0,946.32,
2005,12,13,16,9.64,67.46,176.0,117.13,145.0,258.12,1.88,48.0,946.54,
2005,12,13,17,8.17,75.16,121.0,677.49,52.0,257.78,1.77,60.0,946.76,
2005,12,13,18,6.7,82.87,0.0,0.0,0.0,257.45,1.67,72.0,946.98,
2005,12,13,19,5.84,86.48,0.0,0.0,0.0,254.07,1.89,91.0,947.26,
2005,12,13,20,4.98,90.1,0.0,0.0,0.0,250.68,2.12,110.0,947.53,
2005,12,13,21,4.12,93.71,0.0,0.0,0.0,247.3,2.34,128.0,947.81,
2005,12,13,22,3.74,94.25,0.0,0.0,0.0,242.18,2.47,133.0,947.6,
2005,12,13,23,3.36,94.79,0.0,0.0,0.0,237.07,2.6,138.0,947.38,
2005,12,14,0,2.97,95.33,0.0,0.0,0.0,231.95,2.73,143.0,947.16,
2005,12,14,1,2.62,90.47,0.0,0.0,0.0,231.43,2.8,148.0,946.98,
2005,12,14,2,2.26,85.6,0.0,0.0,0.0,230.92,2.86,153.0,946.79,
2005,12,14,3,1.91,80.74,0.0,0.0,0.0,230.4,2.92,158.0,946.6,
2005,12,14,4,1.64,79.51,0.0,0.0,0.0,229.97,2.8,162.0,946.88,
2005,12,14,5,1.37,78.27,0.0,0.0,0.0,229.53,2.68,165.0,947.16,
2005,12,14,6,1.1,77.04,0.0,0.0,0.0,229.1,2.55,168.0,947.44,
2005,12,14,7,2.49,75.43,0.0,0.0,0.0,229.57,2.44,172.0,947.88,
2005,12,14,8,3.87,73.81,0.0,0.0,0.0,230.03,2.33,175.0,948.31,
2005,12,14,9,5.25,72.2,92.0,235.05,48.0,230.5,2.22,179.0,948.74,
2005,12,14,10,7.4,65.71,271.0,592.48,73.0,235.28,1.8,202.0,948.5,
2005,12,14,11,9.54,59.23,421.0,783.62,74.0,240.07,1.37,226.0,948.25,
2005,12,14,12,11.69,52.74,511.0,834.52,89.0,244.85,0.95,249.0,948.0,
2005,12,14,13,11.95,52.23,544.0,864.05,96.0,246.52,1.24,274.0,947.57,
2005,12,14,14,12.2,51.72,523.0,913.88,84.0,248.18,1.53,300.0,947.13,
2005,12,14,15,12.46,51.21,433.0,888.49,83.0,249.85,1.82,326.0,946.7,
2005,12,14,16,10.58,61.33,292.0,807.4,78.0,247.3,1.94,346.0,947.26,
2005,12,14,17,8.7,71.45,128.0,819.39,44.0,244.75,2.06,5.0,947.81,
2005,12,14,18,6.82,81.57,0.0,0.0,0.0,242.2,2.18,25.0,948.37,
2005,12,14,19,5.83,86.55,0.0,0.0,0.0,240.58,2.12,51.0,948.93,
2005,12,14,20,4.83,91.52,0.0,0.0,0.0,238.97,2.06,77.0,949.49,
2005,12,14,21,3.84,96.5,0.0,0.0,0.0,237.35,2.0,103.0,950.05,
2005,12,14,22,3.63,95.35,0.0,0.0,0.0,236.33,2.05,117.0,950.11,
2005,12,14,23,3.43,94.19,0.0,0.0,0.0,235.32,2.09,130.0,950.17,
2005,12,15,0,3.22,93.04,0.0,0.0,0.0,234.3,2.14,144.0,950.23,
2005,12,15,1,2.33,94.36,0.0,0.0,0.0,233.15,2.11,149.0,950.14,
2005,12,15,2,1.44,95.67,0.0,0.0,0.0,232.0,2.07,154.0,950.05,
2005,12,15,3,0.55,96.99,0.0,0.0,0.0,230.85,2.04,158.0,949.95,
2005,12,15,4,0.24,96.13,0.0,0.0,0.0,229.77,2.06,159.0,950.11,
2005,12,15,5,-0.06,95.28,0.0,0.0,0.0,228.68,2.09,160.0,950.26,
2005,12,15,6,-0.37,94.42,0.0,0.0,0.0,227.6,2.11,161.0,950.42,
2005,12,15,7,1.42,91.24,0.0,0.0,0.0,228.47,1.93,163.0,950.85,
2005,12,15,8,3.2,88.05,0.0,0.0,0.0,229.33,1.74,166.0,951.29,
2005,12,15,9,4.98,84.87,90.0,232.01,47.0,230.2,1.56,169.0,951.72,
2005,12,15,10,7.38,75.14,269.0,592.42,72.0,235.1,1.2,202.0,951.53,
2005,12,15,11,9.77,65.41,419.0,781.51,74.0,240.0,0.84,235.0,951.35,
2005,12,15,12,12.17,55.68,518.0,881.78,73.0,244.9,0.48,269.0,951.16,
2005,12,15,13,12.28,55.46,534.0,814.9,112.0,246.68,0.74,282.0,950.7,
2005,12,15,14,12.38,55.23,511.0,847.68,104.0,248.47,1.01,296.0,950.23,
2005,12,15,15,12.49,55.01,443.0,956.67,66.0,250.25,1.27,309.0,949.77,
2005,12,15,16,10.35,66.89,292.0,805.91,78.0,247.4,1.56,328.0,949.89,
2005,12,15,17,8.21,78.76,129.0,822.98,44.0,244.55,1.86,346.0,950.02,
2005,12,15,18,6.07,90.64,0.0,0.0,0.0,241.7,2.15,5.0,950.14,
2005,12,15,19,5.93,87.13,0.0,0.0,0.0,240.43,1.79,38.0,950.39,
2005,12,15,20,5.79,83.63,0.0,0.0,0.0,239.17,1.43,71.0,950.64,
2005,12,15,21,5.65,80.12,0.0,0.0,0.0,237.9,1.08,103.0,950.88,
2005,12,15,22,4.54,83.8,0.0,0.0,0.0,236.37,1.56,126.0,950.6,
2005,12,15,23,3.44,87.49,0.0,0.0,0.0,234.83,2.05,149.0,950.33,
2005,12,16,0,2.33,91.17,0.0,0.0,0.0,233.3,2.54,172.0,950.05,
2005,12,16,1,1.95,89.87,0.0,0.0,0.0,231.12,2.45,177.0,949.8,
2005,12,16,2,1.56,88.56,0.0,0.0,0.0,228.93,2.36,182.0,949.55,
2005,12,16,3,1.17,87.26,0.0,0.0,0.0,226.75,2.28,187.0,949.3,
2005,12,16,4,1.01,88.48,0.0,0.0,0.0,225.43,2.3,187.0,949.21,
2005,12,16,5,0.86,89.7,0.0,0.0,0.0,224.12,2.33,188.0,949.12,
2005,12,16,6,0.7,90.92,0.0,0.0,0.0,222.8,2.36,189.0,949.02,
2005,12,16,7,2.41,89.83,0.0,0.0,0.0,223.5,2.3,194.0,949.27,
2005,12,16,8,4.12,88.73,0.0,0.0,0.0,224.2,2.25,199.0,949.52,
2005,12,16,9,5.83,87.64,88.0,223.35,47.0,224.9,2.19,203.0,949.77,
2005,12,16,10,7.91,78.66,267.0,589.16,72.0,229.25,2.66,227.0,949.33,
2005,12,16,11,9.98,69.69,409.0,724.69,90.0,233.6,3.12,251.0,948.9,
2005,12,16,12,12.06,60.71,509.0,833.75,89.0,237.95,3.59,276.0,948.46,
2005,12,16,13,12.29,57.2,534.0,813.79,113.0,239.18,3.79,280.0,947.63,
2005,12,16,14,12.52,53.69,511.0,845.81,105.0,240.42,4.0,285.0,946.79,
2005,12,16,15,12.75,50.18,434.0,887.57,84.0,241.65,4.21,290.0,945.95,
2005,12,16,16,11.25,60.87,301.0,883.01,66.0,239.68,3.65,289.0,946.51,
2005,12,16,17,9.76,71.57,130.0,835.34,43.0,237.72,3.09,288.0,947.07,
2005,12,16,18,8.27,82.26,0.0,0.0,0.0,235.75,2.54,287.0,947.63,
2005,12,16,19,7.55,88.17,0.0,0.0,0.0,234.85,2.47,278.0,948.12,
2005,12,16,20,6.82,94.09,0.0,0.0,0.0,233.95,2.41,270.0,948.62,
2005,12,16,21,6.1,100.0,0.0,0.0,0.0,233.05,2.34,262.0,949.12,
2005,12,16,22,5.97,100.0,0.0,0.0,0.0,233.53,2.34,258.0,949.05,
2005,12,16,23,5.85,100.0,0.0,0.0,0.0,234.02,2.33,254.0,948.99,
2005,12,17,0,5.72,100.0,0.0,0.0,0.0,234.5,2.32,250.0,948.93,
2005,12,17,1,5.08,100.0,0.0,0.0,0.0,232.07,2.33,236.0,948.56,
2005,12,17,2,4.43,100.0,0.0,0.0,0.0,229.63,2.34,221.0,948.19,
2005,12,17,3,3.79,100.0,0.0,0.0,0.0,227.2,2.34,207.0,947.81,
2005,12,17,4,3.57,100.0,0.0,0.0,0.0,227.73,2.34,206.0,948.03,
2005,12,17,5,3.35,100.0,0.0,0.0,0.0,228.27,2.34,204.0,948.25,
2005,12,17,6,3.13,100.0,0.0,0.0,0.0,228.8,2.33,202.0,948.46,
2005,12,17,7,4.61,100.0,0.0,0.0,0.0,231.22,2.08,205.0,949.12,
2005,12,17,8,6.09,100.0,0.0,0.0,0.0,233.63,1.83,207.0,949.77,
2005,12,17,9,7.56,100.0,81.0,170.43,50.0,236.05,1.57,209.0,950.42,
2005,12,17,10,9.07,90.92,272.0,646.39,59.0,242.37,1.8,247.0,950.17,
2005,12,17,11,10.58,81.83,407.0,724.32,89.0,248.68,2.03,285.0,949.92,
2005,12,17,12,12.09,72.75,516.0,880.8,73.0,255.0,2.26,323.0,949.67,
2005,12,17,13,12.29,70.18,521.0,752.52,132.0,255.82,2.11,329.0,949.21,
2005,12,17,14,12.48,67.6,522.0,912.49,84.0,256.63,1.97,335.0,948.74,
2005,12,17,15,12.68,65.03,443.0,955.15,66.0,257.45,1.82,341.0,948.28,
2005,12,17,16,11.03,75.11,293.0,805.75,78.0,256.63,1.86,354.0,948.81,
2005,12,17,17,9.39,85.2,131.0,837.21,43.0,255.82,1.9,7.0,949.33,
2005,12,17,18,7.75,95.28,0.0,0.0,0.0,255.0,1.94,20.0,949.86,
2005,12,17,19,7.49,93.53,0.0,0.0,0.0,255.37,1.86,52.0,950.39,
2005,12,17,20,7.23,91.77,0.0,0.0,0.0,255.73,1.77,85.0,950.91,
2005,12,17,21,6.98,90.02,0.0,0.0,0.0,256.1,1.68,117.0,951.44,
2005,12,17,22,6.1,93.35,0.0,0.0,0.0,253.33,1.87,128.0,951.57,
2005,12,17,23,5.22,96.67,0.0,0.0,0.0,250.57,2.05,139.0,951.69,
2005,12,18,0,4.33,100.0,0.0,0.0,0.0,247.8,2.23,150.0,951.81,
2005,12,18,1,3.97,99.18,0.0,0.0,0.0,246.75,2.34,151.0,951.47,
2005,12,18,2,3.6,98.35,0.0,0.0,0.0,245.7,2.45,152.0,951.13,
2005,12,18,3,3.24,97.53,0.0,0.0,0.0,244.65,2.55,153.0,950.79,
2005,12,18,4,2.9,96.33,0.0,0.0,0.0,242.5,2.64,154.0,950.88,
2005,12,18,5,2.56,95.12,0.0,0.0,0.0,240.35,2.73,154.0,950.98,
2005,12,18,6,2.21,93.92,0.0,0.0,0.0,238.2,2.81,154.0,951.07,
2005,12,18,7,3.48,91.35,0.0,0.0,0.0,239.12,2.92,153.0,951.38,
2005,12,18,8,4.74,88.78,0.0,0.0,0.0,240.03,3.03,153.0,951.69,
2005,12,18,9,6.0,86.21,84.0,210.76,46.0,240.95,3.13,152.0,952.0,
2005,12,18,10,8.46,77.37,262.0,575.93,73.0,245.45,2.97,153.0,951.63,
2005,12,18,11,10.93,68.52,421.0,821.95,61.0,249.95,2.8,154.0,951.26,
2005,12,18,12,13.39,59.68,504.0,816.3,94.0,254.45,2.63,154.0,950.88,
2005,12,18,13,13.69,57.17,521.0,752.95,132.0,257.67,2.48,163.0,950.29,
2005,12,18,14,13.99,54.67,530.0,964.36,67.0,260.88,2.33,172.0,949.71,
2005,12,18,15,14.29,52.16,408.0,716.13,125.0,264.1,2.18,181.0,949.12,
2005,12,18,16,12.5,60.55,302.0,885.53,65.0,263.6,2.01,156.0,949.18,
2005,12,18,17,10.71,68.95,126.0,706.42,51.0,263.1,1.85,130.0,949.24,
2005,12,18,18,8.92,77.34,0.0,0.0,0.0,262.6,1.68,105.0,949.3,
2005,12,18,19,8.14,80.0,0.0,0.0,0.0,264.07,2.11,118.0,949.58,
2005,12,18,20,7.36,82.65,0.0,0.0,0.0,265.53,2.55,132.0,949.86,
2005,12,18,21,6.58,85.31,0.0,0.0,0.0,267.0,2.98,145.0,950.14,
2005,12,18,22,6.33,83.99,0.0,0.0,0.0,265.47,3.28,150.0,950.17,
2005,12,18,23,6.08,82.66,0.0,0.0,0.0,263.93,3.58,156.0,950.2,
2005,12,19,0,5.82,81.34,0.0,0.0,0.0,262.4,3.88,162.0,950.23,
2005,12,19,1,5.53,77.2,0.0,0.0,0.0,257.9,4.0,164.0,950.23,
2005,12,19,2,5.23,73.06,0.0,0.0,0.0,253.4,4.13,166.0,950.23,
2005,12,19,3,4.94,68.92,0.0,0.0,0.0,248.9,4.26,168.0,950.23,
2005,12,19,4,4.94,67.69,0.0,0.0,0.0,250.6,4.23,169.0,950.23,
2005,12,19,5,4.94,66.45,0.0,0.0,0.0,252.3,4.2,170.0,950.23,
2005,12,19,6,4.93,65.22,0.0,0.0,0.0,254.0,4.17,171.0,950.23,
2005,12,19,7,5.98,65.16,0.0,0.0,0.0,257.45,4.06,171.0,950.67,
2005,12,19,8,7.03,65.09,0.0,0.0,0.0,260.9,3.94,171.0,951.1,
2005,12,19,9,8.08,65.03,88.0,257.27,42.0,264.35,3.83,171.0,951.53,
2005,12,19,10,9.53,59.64,252.0,510.85,85.0,268.22,3.73,177.0,951.19,
2005,12,19,11,10.98,54.25,306.0,263.13,191.0,272.08,3.62,183.0,950.85,
2005,12,19,12,12.43,48.86,356.0,229.23,241.0,275.95,3.52,190.0,950.51,
2005,12,19,13,12.2,48.76,221.0,13.55,214.0,279.67,3.42,192.0,950.14,
2005,12,19,14,11.96,48.67,219.0,18.74,210.0,283.38,3.32,195.0,949.77,
2005,12,19,15,11.73,48.57,47.0,0.0,47.0,287.1,3.23,198.0,949.39,
2005,12,19,16,10.68,54.59,206.0,215.98,148.0,295.08,3.08,190.0,949.67,
2005,12,19,17,9.64,60.6,92.0,214.31,69.0,303.07,2.93,182.0,949.95,
2005,12,19,18,8.59,66.62,0.0,0.0,0.0,311.05,2.79,174.0,950.23,
2005,12,19,19,8.24,68.65,0.0,0.0,0.0,312.77,3.01,173.0,950.64,
2005,12,19,20,7.89,70.67,0.0,0.0,0.0,314.48,3.24,173.0,951.04,
2005,12,19,21,7.54,72.7,0.0,0.0,0.0,316.2,3.46,172.0,951.44,
2005,12,19,22,7.62,73.17,0.0,0.0,0.0,316.13,3.5,171.0,951.57,
2005,12,19,23,7.7,73.63,0.0,0.0,0.0,316.07,3.54,170.0,951.69,
2005,12,20,0,7.78,74.1,0.0,0.0,0.0,316.0,3.59,169.0,951.81,
2005,12,20,1,7.14,73.75,0.0,0.0,0.0,313.45,3.43,163.0,951.78,
2005,12,20,2,6.49,73.4,0.0,0.0,0.0,310.9,3.28,156.0,951.75,
2005,12,20,3,5.84,73.05,0.0,0.0,0.0,308.35,3.13,150.0,951.72,
2005,12,20,4,5.55,74.92,0.0,0.0,0.0,310.77,3.04,149.0,951.88,
2005,12,20,5,5.27,76.8,0.0,0.0,0.0,313.18,2.95,147.0,952.03,
2005,12,20,6,4.98,78.67,0.0,0.0,0.0,315.6,2.86,146.0,952.19,
2005,12,20,7,5.88,77.75,0.0,0.0,0.0,315.67,2.89,145.0,952.68,
2005,12,20,8,6.77,76.83,0.0,0.0,0.0,315.73,2.93,145.0,953.18,
2005,12,20,9,7.66,75.91,92.0,315.67,36.0,315.8,2.97,144.0,953.67,
2005,12,20,10,8.76,71.1,266.0,629.31,61.0,315.72,3.01,145.0,953.4,
2005,12,20,11,9.86,66.28,402.0,708.38,93.0,315.63,3.05,146.0,953.12,
2005,12,20,12,10.96,61.47,475.0,670.35,139.0,315.55,3.09,147.0,952.84,
2005,12,20,13,11.23,59.07,306.0,91.02,259.0,316.25,2.91,140.0,952.43,
2005,12,20,14,11.5,56.67,202.0,10.4,197.0,316.95,2.74,134.0,952.03,
2005,12,20,15,11.77,54.27,371.0,506.98,170.0,317.65,2.57,127.0,951.63,
2005,12,20,16,11.1,56.93,240.0,382.11,137.0,318.4,2.53,124.0,952.15,
2005,12,20,17,10.44,59.59,93.0,221.05,69.0,319.15,2.5,120.0,952.68,
2005,12,20,18,9.78,62.25,0.0,0.0,0.0,319.9,2.47,116.0,953.21,
2005,12,20,19,9.29,64.38,0.0,0.0,0.0,312.0,2.51,120.0,953.8,
2005,12,20,20,8.79,66.52,0.0,0.0,0.0,304.1,2.54,124.0,954.39,
2005,12,20,21,8.3,68.65,0.0,0.0,0.0,296.2,2.58,127.0,954.98,
2005,12,20,22,7.7,72.46,0.0,0.0,0.0,283.25,2.62,131.0,955.19,
2005,12,20,23,7.11,76.26,0.0,0.0,0.0,270.3,2.66,134.0,955.41,
2005,12,21,0,6.51,80.07,0.0,0.0,0.0,257.35,2.7,137.0,955.63,
2005,12,21,1,5.48,83.01,0.0,0.0,0.0,260.45,2.81,139.0,955.66,
2005,12,21,2,4.45,85.95,0.0,0.0,0.0,263.55,2.91,141.0,955.69,
2005,12,21,3,3.42,88.89,0.0,0.0,0.0,266.65,3.02,143.0,955.72,
2005,12,21,4,3.23,89.41,0.0,0.0,0.0,265.78,3.11,145.0,955.85,
2005,12,21,5,3.04,89.92,0.0,0.0,0.0,264.92,3.2,146.0,955.97,
2005,12,21,6,2.84,90.44,0.0,0.0,0.0,264.05,3.28,148.0,956.09,
2005,12,21,7,4.02,87.62,0.0,0.0,0.0,259.92,3.34,149.0,956.53,
2005,12,21,8,5.2,84.79,0.0,0.0,0.0,255.78,3.4,149.0,956.96,
2005,12,21,9,6.38,81.97,91.0,306.66,37.0,251.65,3.46,149.0,957.4,
2005,12,21,10,8.42,73.7,257.0,560.52,75.0,255.0,3.58,151.0,956.93,
2005,12,21,11,10.45,65.42,401.0,707.26,93.0,258.35,3.69,153.0,956.47,
2005,12,21,12,12.49,57.15,483.0,712.75,126.0,261.7,3.81,155.0,956.0,
2005,12,21,13,12.73,54.93,520.0,751.3,132.0,265.05,3.75,158.0,955.44,
2005,12,21,14,12.96,52.72,352.0,212.01,250.0,268.4,3.7,161.0,954.88,
2005,12,21,15,13.2,50.5,401.0,659.5,139.0,271.75,3.64,164.0,954.33,
2005,12,21,16,11.9,54.83,257.0,487.68,125.0,278.75,3.34,158.0,954.64,
2005,12,21,17,10.6,59.17,123.0,591.38,58.0,285.75,3.04,151.0,954.95,
2005,12,21,18,9.3,63.5,0.0,0.0,0.0,292.75,2.74,144.0,955.26,
2005,12,21,19,8.22,66.61,0.0,0.0,0.0,279.42,2.95,148.0,955.66,
2005,12,21,20,7.13,69.71,0.0,0.0,0.0,266.08,3.15,152.0,956.06,
2005,12,21,21,6.05,72.82,0.0,0.0,0.0,252.75,3.35,156.0,956.47,
2005,12,21,22,5.98,73.42,0.0,0.0,0.0,248.75,3.49,160.0,956.53,
2005,12,21,23,5.91,74.01,0.0,0.0,0.0,244.75,3.62,163.0,956.59,
2005,12,22,0,5.84,74.61,0.0,0.0,0.0,240.75,3.75,166.0,956.65,
2005,12,22,1,5.53,72.59,0.0,0.0,0.0,240.18,3.82,165.0,956.34,
2005,12,22,2,5.21,70.56,0.0,0.0,0.0,239.62,3.89,165.0,956.03,
2005,12,22,3,4.9,68.54,0.0,0.0,0.0,239.05,3.96,164.0,955.72,
2005,12,22,4,4.68,69.84,0.0,0.0,0.0,237.88,3.94,164.0,955.57,
2005,12,22,5,4.46,71.13,0.0,0.0,0.0,236.72,3.93,163.0,955.41,
2005,12,22,6,4.23,72.43,0.0,0.0,0.0,235.55,3.92,163.0,955.26,
2005,12,22,7,5.44,71.11,0.0,0.0,0.0,235.88,3.92,164.0,955.41,
2005,12,22,8,6.65,69.79,0.0,0.0,0.0,236.22,3.93,165.0,955.57,
2005,12,22,9,7.85,68.47,78.0,188.71,45.0,236.55,3.93,166.0,955.72,
2005,12,22,10,9.64,62.76,255.0,559.07,74.0,241.45,3.9,172.0,955.04,
2005,12,22,11,11.43,57.04,406.0,747.36,81.0,246.35,3.88,178.0,954.36,
2005,12,22,12,13.22,51.33,509.0,860.89,78.0,251.25,3.85,184.0,953.67,
2005,12,22,13,13.53,50.13,541.0,859.46,97.0,254.12,3.89,189.0,952.78,
2005,12,22,14,13.83,48.92,523.0,911.44,84.0,256.98,3.94,194.0,951.88,
2005,12,22,15,14.14,47.72,440.0,904.1,80.0,259.85,3.99,199.0,950.98,
2005,12,22,16,13.29,52.12,300.0,820.21,77.0,258.72,3.59,190.0,951.13,
2005,12,22,17,12.44,56.52,139.0,880.14,41.0,257.58,3.2,182.0,951.29,
2005,12,22,18,11.59,60.92,0.0,0.0,0.0,256.45,2.8,173.0,951.44,
2005,12,22,19,9.66,69.4,0.0,0.0,0.0,255.1,3.03,174.0,951.63,
2005,12,22,20,7.73,77.89,0.0,0.0,0.0,253.75,3.26,175.0,951.81,
2005,12,22,21,5.81,86.37,0.0,0.0,0.0,252.4,3.49,176.0,952.0,
2005,12,22,22,5.78,86.08,0.0,0.0,0.0,251.42,3.46,177.0,951.97,
2005,12,22,23,5.75,85.79,0.0,0.0,0.0,250.43,3.43,178.0,951.94,
2005,12,23,0,5.71,85.5,0.0,0.0,0.0,249.45,3.39,179.0,951.91,
2005,12,23,1,5.59,83.76,0.0,0.0,0.0,250.27,3.32,182.0,951.97,
2005,12,23,2,5.47,82.01,0.0,0.0,0.0,251.08,3.25,184.0,952.03,
2005,12,23,3,5.35,80.27,0.0,0.0,0.0,251.9,3.17,187.0,952.09,
2005,12,23,4,5.08,81.85,0.0,0.0,0.0,251.52,3.05,185.0,952.12,
2005,12,23,5,4.82,83.44,0.0,0.0,0.0,251.13,2.92,184.0,952.15,
2005,12,23,6,4.55,85.02,0.0,0.0,0.0,250.75,2.8,183.0,952.19,
2005,12,23,7,5.62,84.96,0.0,0.0,0.0,251.65,2.77,182.0,952.5,
2005,12,23,8,6.69,84.9,0.0,0.0,0.0,252.55,2.74,181.0,952.81,
2005,12,23,9,7.76,84.84,77.0,184.17,45.0,253.45,2.72,180.0,953.12,
2005,12,23,10,9.57,79.14,261.0,613.18,63.0,259.1,2.52,191.0,952.59,
2005,12,23,11,11.37,73.43,405.0,745.92,81.0,264.75,2.33,202.0,952.06,
2005,12,23,12,13.18,67.73,520.0,925.03,57.0,270.4,2.14,213.0,951.53,
2005,12,23,13,13.28,66.88,541.0,859.0,97.0,275.78,2.15,228.0,950.98,
2005,12,23,14,13.38,66.02,484.0,694.55,149.0,281.17,2.16,244.0,950.42,
2005,12,23,15,13.49,65.17,454.0,1001.98,54.0,286.55,2.17,260.0,949.86,
2005,12,23,16,12.27,72.89,303.0,838.23,74.0,293.3,2.06,283.0,950.2,
2005,12,23,17,11.05,80.62,143.0,921.4,39.0,300.05,1.95,307.0,950.54,
2005,12,23,18,9.83,88.34,0.0,0.0,0.0,306.8,1.85,331.0,950.88,
2005,12,23,19,9.89,86.31,0.0,0.0,0.0,310.03,1.35,23.0,951.07,
2005,12,23,20,9.95,84.28,0.0,0.0,0.0,313.27,0.85,75.0,951.26,
2005,12,23,21,10.02,82.25,0.0,0.0,0.0,316.5,0.34,127.0,951.44,
2005,12,23,22,9.7,84.55,0.0,0.0,0.0,309.88,0.76,147.0,951.26,
2005,12,23,23,9.39,86.86,0.0,0.0,0.0,303.27,1.18,168.0,951.07,
2005,12,24,0,9.07,89.16,0.0,0.0,0.0,296.65,1.6,189.0,950.88,
2005,12,24,1,7.54,92.71,0.0,0.0,0.0,286.37,1.84,190.0,950.7,
2005,12,24,2,6.0,96.26,0.0,0.0,0.0,276.08,2.09,191.0,950.51,
2005,12,24,3,4.46,99.81,0.0,0.0,0.0,265.8,2.33,193.0,950.33,
2005,12,24,4,4.29,97.75,0.0,0.0,0.0,265.1,2.35,190.0,950.26,
2005,12,24,5,4.12,95.68,0.0,0.0,0.0,264.4,2.37,187.0,950.2,
2005,12,24,6,3.95,93.62,0.0,0.0,0.0,263.7,2.39,184.0,950.14,
2005,12,24,7,5.42,91.72,0.0,0.0,0.0,266.98,2.36,186.0,950.33,
2005,12,24,8,6.88,89.83,0.0,0.0,0.0,270.27,2.33,187.0,950.51,
2005,12,24,9,8.34,87.93,87.0,289.47,37.0,273.55,2.3,188.0,950.7,
2005,12,24,10,10.41,81.58,260.0,611.49,63.0,276.82,2.45,206.0,950.05,
2005,12,24,11,12.47,75.23,405.0,746.6,81.0,280.08,2.6,224.0,949.39,
2005,12,24,12,14.54,68.88,473.0,669.31,138.0,283.35,2.74,242.0,948.74,
2005,12,24,13,14.82,66.22,502.0,665.02,158.0,287.72,3.06,244.0,947.81,
2005,12,24,14,15.1,63.55,419.0,409.85,221.0,292.08,3.37,246.0,946.88,
2005,12,24,15,15.39,60.89,288.0,182.35,215.0,296.45,3.68,247.0,945.95,
2005,12,24,16,14.51,65.33,247.0,400.57,137.0,301.88,2.8,254.0,946.05,
2005,12,24,17,13.63,69.76,136.0,751.18,50.0,307.32,1.93,260.0,946.14,
2005,12,24,18,12.75,74.2,0.0,0.0,0.0,312.75,1.05,266.0,946.23,
2005,12,24,19,11.99,76.85,0.0,0.0,0.0,310.55,1.31,245.0,946.36,
2005,12,24,20,11.23,79.49,0.0,0.0,0.0,308.35,1.58,224.0,946.48,
2005,12,24,21,10.48,82.14,0.0,0.0,0.0,306.15,1.85,203.0,946.6,
2005,12,24,22,10.42,83.61,0.0,0.0,0.0,305.22,2.13,208.0,946.57,
2005,12,24,23,10.37,85.09,0.0,0.0,0.0,304.28,2.42,212.0,946.54,
2005,12,25,0,10.31,86.56,0.0,0.0,0.0,303.35,2.7,216.0,946.51,
2005,12,25,1,9.96,90.17,0.0,0.0,0.0,305.02,2.82,217.0,946.17,
2005,12,25,2,9.6,93.78,0.0,0.0,0.0,306.68,2.94,217.0,945.83,
2005,12,25,3,9.24,97.39,0.0,0.0,0.0,308.35,3.06,218.0,945.49,
2005,12,25,4,9.22,98.26,0.0,0.0,0.0,309.13,2.83,219.0,945.36,
2005,12,25,5,9.2,99.13,0.0,0.0,0.0,309.92,2.6,220.0,945.24,
2005,12,25,6,9.17,100.0,0.0,0.0,0.0,310.7,2.37,221.0,945.12,
2005,12,25,7,10.26,96.81,0.0,0.0,0.0,315.6,2.65,220.0,945.05,
2005,12,25,8,11.34,93.62,0.0,0.0,0.0,320.5,2.92,219.0,944.99,
2005,12,25,9,12.42,90.43,80.0,227.0,41.0,325.4,3.2,218.0,944.93,
2005,12,25,10,13.87,80.75,251.0,544.27,76.0,317.97,4.03,231.0,944.46,
2005,12,25,11,15.32,71.08,249.0,117.6,198.0,310.53,4.86,244.0,944.0,
2005,12,25,12,16.77,61.4,316.0,141.82,245.0,303.1,5.68,258.0,943.53,
2005,12,25,13,16.78,59.08,428.0,372.74,235.0,302.45,5.49,261.0,942.85,
2005,12,25,14,16.78,56.75,394.0,322.32,238.0,301.8,5.3,264.0,942.17,
2005,12,25,15,16.79,54.43,342.0,358.59,198.0,301.15,5.1,267.0,941.49,
2005,12,25,16,15.34,59.99,240.0,354.92,142.0,294.67,4.18,265.0,941.64,
2005,12,25,17,13.9,65.55,146.0,903.69,41.0,288.18,3.26,262.0,941.8,
2005,12,25,18,12.45,71.11,0.0,0.0,0.0,281.7,2.34,259.0,941.95,
2005,12,25,19,12.08,74.57,0.0,0.0,0.0,285.25,2.4,252.0,942.17,
2005,12,25,20,11.71,78.03,0.0,0.0,0.0,288.8,2.46,245.0,942.39,
2005,12,25,21,11.34,81.49,0.0,0.0,0.0,292.35,2.52,238.0,942.6,
2005,12,25,22,11.49,83.97,0.0,0.0,0.0,293.62,2.81,242.0,942.45,
2005,12,25,23,11.64,86.45,0.0,0.0,0.0,294.88,3.09,245.0,942.29,
2005,12,26,0,11.78,88.93,0.0,0.0,0.0,296.15,3.38,249.0,942.14,
2005,12,26,1,11.61,89.67,0.0,0.0,0.0,308.02,3.8,248.0,941.8,
2005,12,26,2,11.43,90.42,0.0,0.0,0.0,319.88,4.22,247.0,941.46,
2005,12,26,3,11.25,91.16,0.0,0.0,0.0,331.75,4.63,246.0,941.12,
2005,12,26,4,10.96,91.88,0.0,0.0,0.0,326.78,5.04,250.0,941.3,
2005,12,26,5,10.67,92.6,0.0,0.0,0.0,321.82,5.45,253.0,941.49,
2005,12,26,6,10.38,93.32,0.0,0.0,0.0,316.85,5.86,257.0,941.67,
2005,12,26,7,10.81,92.89,0.0,0.0,0.0,314.08,6.4,259.0,942.17,
2005,12,26,8,11.24,92.46,0.0,0.0,0.0,311.32,6.93,262.0,942.67,
2005,12,26,9,11.66,92.03,90.0,350.91,30.0,308.55,7.46,264.0,943.16,
2005,12,26,10,12.14,88.21,266.0,672.89,50.0,301.62,7.84,267.0,942.98,
2005,12,26,11,12.62,84.38,326.0,350.63,174.0,294.68,8.22,270.0,942.79,
2005,12,26,12,13.1,80.56,234.0,31.95,218.0,287.75,8.59,273.0,942.6,
2005,12,26,13,12.93,79.18,354.0,173.61,264.0,289.27,8.22,272.0,942.26,
2005,12,26,14,12.75,77.8,469.0,612.37,172.0,290.78,7.84,272.0,941.92,
2005,12,26,15,12.58,76.42,428.0,794.22,108.0,292.3,7.46,271.0,941.58,
2005,12,26,16,11.74,79.21,293.0,705.73,97.0,285.35,6.71,269.0,942.01,
2005,12,26,17,10.91,82.01,133.0,644.16,57.0,278.4,5.95,267.0,942.45,
2005,12,26,18,10.07,84.8,0.0,0.0,0.0,271.45,5.2,265.0,942.88,
2005,12,26,19,9.77,85.92,0.0,0.0,0.0,267.05,5.05,263.0,943.35,
2005,12,26,20,9.46,87.04,0.0,0.0,0.0,262.65,4.9,260.0,943.81,
2005,12,26,21,9.16,88.16,0.0,0.0,0.0,258.25,4.74,257.0,944.28,
2005,12,26,22,9.18,89.21,0.0,0.0,0.0,256.17,4.65,256.0,944.22,
2005,12,26,23,9.2,90.27,0.0,0.0,0.0,254.08,4.56,254.0,944.15,
2005,12,27,0,9.22,91.32,0.0,0.0,0.0,252.0,4.47,253.0,944.09,
2005,12,27,1,8.98,90.25,0.0,0.0,0.0,250.37,4.18,252.0,943.84,
2005,12,27,2,8.73,89.19,0.0,0.0,0.0,248.73,3.9,251.0,943.6,
2005,12,27,3,8.48,88.12,0.0,0.0,0.0,247.1,3.61,250.0,943.35,
2005,12,27,4,8.08,90.54,0.0,0.0,0.0,246.82,3.34,248.0,943.53,
2005,12,27,5,7.69,92.97,0.0,0.0,0.0,246.53,3.06,246.0,943.72,
2005,12,27,6,7.29,95.39,0.0,0.0,0.0,246.25,2.79,245.0,943.91,
2005,12,27,7,8.2,93.1,0.0,0.0,0.0,247.35,2.88,239.0,944.28,
2005,12,27,8,9.11,90.82,0.0,0.0,0.0,248.45,2.97,234.0,944.65,
2005,12,27,9,10.01,88.53,73.0,170.33,44.0,249.55,3.06,228.0,945.02,
2005,12,27,10,11.19,81.91,250.0,542.77,76.0,253.78,3.39,241.0,944.5,
2005,12,27,11,12.36,75.3,404.0,742.88,82.0,258.02,3.72,253.0,943.97,
2005,12,27,12,13.54,68.68,490.0,754.23,112.0,262.25,4.06,266.0,943.44,
2005,12,27,13,13.69,66.62,565.0,988.18,52.0,264.17,4.08,268.0,942.67,
2005,12,27,14,13.84,64.55,453.0,534.86,193.0,266.08,4.11,271.0,941.89,
2005,12,27,15,13.99,62.49,274.0,140.97,217.0,268.0,4.14,273.0,941.12,
2005,12,27,16,12.41,71.87,113.0,3.58,112.0,271.02,3.41,292.0,941.39,
2005,12,27,17,10.84,81.24,115.0,350.4,73.0,274.03,2.68,311.0,941.67,
2005,12,27,18,9.27,90.62,0.0,0.0,0.0,277.05,1.94,331.0,941.95,
2005,12,27,19,8.95,92.18,0.0,0.0,0.0,278.97,1.71,338.0,942.54,
2005,12,27,20,8.63,93.75,0.0,0.0,0.0,280.88,1.49,346.0,943.13,
2005,12,27,21,8.31,95.31,0.0,0.0,0.0,282.8,1.26,354.0,943.72,
2005,12,27,22,7.49,96.87,0.0,0.0,0.0,282.42,1.57,330.0,943.94,
2005,12,27,23,6.68,98.44,0.0,0.0,0.0,282.03,1.89,305.0,944.15,
2005,12,28,0,5.86,100.0,0.0,0.0,0.0,281.65,2.21,281.0,944.37,
2005,12,28,1,6.33,100.0,0.0,0.0,0.0,284.68,2.0,280.0,944.34,
2005,12,28,2,6.79,100.0,0.0,0.0,0.0,287.72,1.78,280.0,944.31,
2005,12,28,3,7.25,100.0,0.0,0.0,0.0,290.75,1.57,280.0,944.28,
2005,12,28,4,7.28,100.0,0.0,0.0,0.0,295.33,1.69,297.0,944.62,
2005,12,28,5,7.32,100.0,0.0,0.0,0.0,299.92,1.8,315.0,944.96,
2005,12,28,6,7.35,100.0,0.0,0.0,0.0,304.5,1.92,332.0,945.3,
2005,12,28,7,7.73,100.0,0.0,0.0,0.0,308.72,2.52,339.0,946.36,
2005,12,28,8,8.11,100.0,0.0,0.0,0.0,312.93,3.12,345.0,947.41,
2005,12,28,9,8.49,100.0,51.0,41.27,44.0,317.15,3.72,352.0,948.46,
2005,12,28,10,8.7,98.25,201.0,252.92,120.0,316.62,3.77,353.0,948.74,
2005,12,28,11,8.9,96.49,220.0,66.9,191.0,316.08,3.82,355.0,949.02,
2005,12,28,12,9.11,94.74,501.0,813.37,93.0,315.55,3.86,356.0,949.3,
2005,12,28,13,9.21,89.36,367.0,200.01,263.0,308.03,3.83,353.0,949.33,
2005,12,28,14,9.31,83.99,388.0,297.54,243.0,300.52,3.8,350.0,949.36,
2005,12,28,15,9.42,78.61,350.0,376.94,197.0,293.0,3.77,346.0,949.39,
2005,12,28,16,8.45,82.4,265.0,476.47,131.0,291.17,3.37,344.0,950.14,
2005,12,28,17,7.48,86.2,146.0,796.22,49.0,289.33,2.97,342.0,950.88,
2005,12,28,18,6.51,89.99,0.0,0.0,0.0,287.5,2.58,339.0,951.63,
2005,12,28,19,6.13,91.65,0.0,0.0,0.0,289.3,2.09,319.0,952.15,
2005,12,28,20,5.75,93.32,0.0,0.0,0.0,291.1,1.6,299.0,952.68,
2005,12,28,21,5.37,94.98,0.0,0.0,0.0,292.9,1.1,279.0,953.21,
2005,12,28,22,5.22,96.65,0.0,0.0,0.0,283.47,1.35,259.0,953.18,
2005,12,28,23,5.07,98.33,0.0,0.0,0.0,274.03,1.59,240.0,953.15,
2005,12,29,0,4.92,100.0,0.0,0.0,0.0,264.6,1.83,220.0,953.12,
2005,12,29,1,4.89,100.0,0.0,0.0,0.0,263.87,1.93,214.0,952.96,
2005,12,29,2,4.85,100.0,0.0,0.0,0.0,263.13,2.02,209.0,952.81,
2005,12,29,3,4.81,100.0,0.0,0.0,0.0,262.4,2.11,203.0,952.65,
2005,12,29,4,5.34,98.75,0.0,0.0,0.0,268.42,2.16,208.0,952.78,
2005,12,29,5,5.87,97.49,0.0,0.0,0.0,274.43,2.21,213.0,952.9,
2005,12,29,6,6.39,96.24,0.0,0.0,0.0,280.45,2.26,218.0,953.02,
2005,12,29,7,7.37,93.57,0.0,0.0,0.0,284.07,2.39,229.0,953.49,
2005,12,29,8,8.35,90.9,0.0,0.0,0.0,287.68,2.52,240.0,953.95,
2005,12,29,9,9.33,88.23,29.0,0.0,29.0,291.3,2.65,251.0,954.42,
2005,12,29,10,9.99,85.04,101.0,6.25,99.0,289.58,3.46,257.0,954.26,
2005,12,29,11,10.64,81.86,144.0,4.61,142.0,287.87,4.27,263.0,954.11,
2005,12,29,12,11.3,78.67,380.0,298.7,230.0,286.15,5.08,269.0,953.95,
2005,12,29,13,12.0,77.56,320.0,109.42,263.0,287.23,4.71,274.0,953.61,
2005,12,29,14,12.7,76.44,505.0,769.45,129.0,288.32,4.34,280.0,953.27,
2005,12,29,15,13.41,75.33,315.0,245.37,215.0,289.4,3.97,286.0,952.93,
2005,12,29,16,12.6,80.15,176.0,84.77,152.0,296.1,3.37,281.0,953.43,
2005,12,29,17,11.8,84.97,70.0,32.29,66.0,302.8,2.78,275.0,953.92,
2005,12,29,18,11.0,89.79,0.0,0.0,0.0,309.5,2.18,269.0,954.42,
2005,12,29,19,10.66,91.53,0.0,0.0,0.0,306.55,2.19,260.0,954.88,
2005,12,29,20,10.31,93.26,0.0,0.0,0.0,303.6,2.2,251.0,955.35,
2005,12,29,21,9.97,95.0,0.0,0.0,0.0,300.65,2.21,242.0,955.81,
2005,12,29,22,9.89,96.28,0.0,0.0,0.0,294.73,2.23,233.0,955.69,
2005,12,29,23,9.81,97.55,0.0,0.0,0.0,288.82,2.26,224.0,955.57,
2005,12,30,0,9.73,98.83,0.0,0.0,0.0,282.9,2.29,214.0,955.44,
2005,12,30,1,9.19,98.3,0.0,0.0,0.0,277.63,2.36,211.0,955.26,
2005,12,30,2,8.65,97.77,0.0,0.0,0.0,272.37,2.43,208.0,955.07,
2005,12,30,3,8.11,97.24,0.0,0.0,0.0,267.1,2.5,204.0,954.88,
2005,12,30,4,7.9,97.94,0.0,0.0,0.0,263.6,2.38,204.0,954.67,
2005,12,30,5,7.69,98.64,0.0,0.0,0.0,260.1,2.27,205.0,954.45,
2005,12,30,6,7.47,99.34,0.0,0.0,0.0,256.6,2.15,205.0,954.23,
2005,12,30,7,8.47,95.71,0.0,0.0,0.0,255.32,2.62,206.0,954.26,
2005,12,30,8,9.47,92.09,0.0,0.0,0.0,254.03,3.08,207.0,954.29,
2005,12,30,9,10.46,88.46,70.0,166.0,42.0,252.75,3.54,207.0,954.33,
2005,12,30,10,11.77,81.49,255.0,593.83,65.0,256.93,4.26,223.0,953.71,
2005,12,30,11,13.07,74.53,395.0,689.04,96.0,261.12,4.97,239.0,953.09,
2005,12,30,12,14.38,67.56,483.0,709.95,126.0,265.3,5.68,255.0,952.47,
2005,12,30,13,14.39,67.07,510.0,680.07,155.0,267.45,5.55,256.0,952.0,
2005,12,30,14,14.4,66.58,422.0,399.92,226.0,269.6,5.43,257.0,951.53,
2005,12,30,15,14.41,66.09,400.0,596.14,156.0,271.75,5.3,258.0,951.07,
2005,12,30,16,13.27,72.4,319.0,873.34,70.0,270.6,4.72,260.0,951.29,
2005,12,30,17,12.14,78.72,144.0,698.38,56.0,269.45,4.15,262.0,951.5,
2005,12,30,18,11.0,85.03,0.0,0.0,0.0,268.3,3.57,264.0,951.72,
2005,12,30,19,10.52,88.5,0.0,0.0,0.0,266.2,3.8,264.0,952.03,
2005,12,30,20,10.03,91.96,0.0,0.0,0.0,264.1,4.02,264.0,952.34,
2005,12,30,21,9.55,95.43,0.0,0.0,0.0,262.0,4.25,264.0,952.65,
2005,12,30,22,9.68,93.3,0.0,0.0,0.0,266.02,3.99,264.0,952.65,
2005,12,30,23,9.82,91.17,0.0,0.0,0.0,270.03,3.73,264.0,952.65,
2005,12,31,0,9.95,89.04,0.0,0.0,0.0,274.05,3.48,264.0,952.65,
2005,12,31,1,9.6,89.8,0.0,0.0,0.0,282.22,3.98,263.0,952.28,
2005,12,31,2,9.24,90.57,0.0,0.0,0.0,290.38,4.49,262.0,951.91,
2005,12,31,3,8.88,91.33,0.0,0.0,0.0,298.55,4.99,261.0,951.53,
2005,12,31,4,8.73,91.84,0.0,0.0,0.0,302.45,5.21,262.0,951.32,
2005,12,31,5,8.59,92.34,0.0,0.0,0.0,306.35,5.43,263.0,951.1,
2005,12,31,6,8.44,92.85,0.0,0.0,0.0,310.25,5.64,264.0,950.88,
2005,12,31,7,8.98,93.71,0.0,0.0,0.0,313.58,6.23,268.0,951.1,
2005,12,31,8,9.53,94.58,0.0,0.0,0.0,316.92,6.83,271.0,951.32,
2005,12,31,9,10.08,95.44,113.0,373.76,50.1,320.25,7.42,274.0,951.53,
2005,12,31,10,10.54,94.06,68.0,0.0,68.0,320.92,7.54,278.0,951.38,
2005,12,31,11,11.01,92.69,67.0,0.0,67.0,321.58,7.65,281.0,951.22,
2005,12,31,12,11.48,91.31,60.0,0.0,60.0,322.25,7.77,285.0,951.07,
2005,12,31,13,11.43,92.5,64.0,0.0,64.0,317.72,7.48,290.0,950.7,
2005,12,31,14,11.38,93.7,113.0,0.0,113.0,313.18,7.19,295.0,950.33,
2005,12,31,15,11.34,94.89,305.0,262.38,197.0,308.65,6.9,300.0,949.95,
2005,12,31,16,10.54,96.59,213.0,305.85,125.0,308.93,6.03,302.0,950.51,
2005,12,31,17,9.66,99.0,62.0,85.42,51.0,340.27,4.08,303.0,951.07,
2005,12,31,18,9.26,99.0,0.0,0.0,0.0,332.78,3.95,304.0,951.63,
2005,12,31,19,8.85,99.0,0.0,0.0,0.0,325.29,3.83,301.0,952.03,
2005,12,31,20,8.45,99.75,0.0,0.0,0.0,317.79,3.7,298.0,952.43,
2005,12,31,21,8.04,98.65,0.0,0.0,0.0,310.3,3.58,295.0,952.84,
2005,12,31,22,7.64,97.56,0.0,0.0,0.0,302.8,3.46,292.0,952.81,
2005,12,31,23,7.23,96.46,0.0,0.0,0.0,295.31,3.33,289.0,952.78,
