Source,Location ID,City,Region,Country,Latitude,Longitude,Time Zone,Elevation
PVGIS,2909,Maragheh,IRN,Iran,37.4203890168,46.2200105375,3,1518.0
Year,Month,Day,Hour,Tdry,RH,GHI,DNI,DHI,IR,Wspd,Wdir,Pres,
2005,1,1,0,-5.36,54.73,0.0,0.0,0.0,208.81,2.31,105.0,855.09,
2005,1,1,1,-4.63,53.19,0.0,0.0,0.0,209.19,2.32,105.0,855.2,
2005,1,1,2,-3.91,51.64,0.0,0.0,0.0,209.57,2.34,106.0,855.31,
2005,1,1,3,-3.18,50.09,0.0,0.0,0.0,209.95,2.36,209.0,851.98,
2005,1,1,4,-2.46,48.55,0.0,0.0,0.0,210.34,2.38,209.0,851.98,
2005,1,1,5,-1.73,47.0,0.0,0.0,0.0,210.72,2.39,209.0,851.98,
2005,1,1,6,-1.01,45.46,0.0,0.0,0.0,211.1,2.41,208.0,852.17,
2005,1,1,7,-0.29,43.91,0.0,0.0,0.0,211.48,2.43,206.0,852.37,
2005,1,1,8,0.44,42.36,33.0,0.0,33.0,211.86,2.45,204.0,852.56,
2005,1,1,9,1.16,40.82,190.0,305.98,110.0,212.24,2.46,211.0,851.98,
2005,1,1,10,1.89,39.27,324.0,454.63,150.0,212.62,2.48,218.0,851.4,
2005,1,1,11,7.15,27.45,398.0,446.15,192.0,222.9,2.36,225.0,850.81,
2005,1,1,12,7.73,28.97,492.0,724.03,135.0,221.98,2.36,226.0,850.06,
2005,1,1,13,8.31,30.49,472.0,718.45,131.0,221.07,2.36,227.0,849.31,
2005,1,1,14,8.89,32.01,382.0,603.45,136.0,220.15,2.36,229.0,848.56,
2005,1,1,15,6.97,38.03,272.0,606.64,92.0,217.37,2.27,224.0,849.18,
2005,1,1,16,5.05,44.06,120.0,468.64,50.0,214.58,2.18,218.0,849.79,
2005,1,1,17,3.13,50.08,0.0,0.0,0.0,211.8,2.1,213.0,850.4,
2005,1,1,18,1.42,52.65,0.0,0.0,0.0,215.15,2.23,203.0,850.31,
2005,1,1,19,-0.3,55.21,0.0,0.0,0.0,218.5,2.35,193.0,850.23,
2005,1,1,20,-2.02,57.78,0.0,0.0,0.0,221.85,2.48,183.0,850.15,
2005,1,1,21,-2.16,56.19,0.0,0.0,0.0,229.28,2.61,180.0,849.7,
2005,1,1,22,-2.29,54.61,0.0,0.0,0.0,236.72,2.74,178.0,849.26,
2005,1,1,23,-2.43,53.02,0.0,0.0,0.0,244.15,2.87,175.0,848.81,
2005,1,2,0,-2.0,49.82,0.0,0.0,0.0,249.67,2.94,178.0,848.51,
2005,1,2,1,-1.56,46.61,0.0,0.0,0.0,255.18,3.02,181.0,848.2,
2005,1,2,2,-1.13,43.41,0.0,0.0,0.0,260.7,3.09,184.0,847.9,
2005,1,2,3,-1.34,41.74,0.0,0.0,0.0,254.52,3.04,186.0,848.09,
2005,1,2,4,-1.55,40.07,0.0,0.0,0.0,248.33,2.99,188.0,848.29,
2005,1,2,5,-1.76,38.4,0.0,0.0,0.0,242.15,2.94,189.0,848.48,
2005,1,2,6,-0.71,37.8,0.0,0.0,0.0,241.12,2.89,185.0,848.04,
2005,1,2,7,0.34,37.21,0.0,0.0,0.0,240.08,2.85,181.0,847.59,
2005,1,2,8,1.39,36.61,30.0,0.0,30.0,239.05,2.8,177.0,847.15,
2005,1,2,9,3.21,33.59,51.0,0.0,51.0,241.97,2.96,181.0,846.09,
2005,1,2,10,5.02,30.56,162.0,18.27,155.0,244.88,3.12,185.0,845.04,
2005,1,2,11,6.83,27.54,214.0,28.1,201.0,247.8,3.28,189.0,843.99,
2005,1,2,12,6.85,28.95,263.0,56.64,235.0,250.57,3.29,191.0,842.82,
2005,1,2,13,6.87,30.37,136.0,0.0,136.0,253.33,3.29,193.0,841.65,
2005,1,2,14,6.88,31.78,208.0,46.39,189.0,256.1,3.3,194.0,840.49,
2005,1,2,15,4.55,37.03,220.0,277.72,137.0,249.13,3.27,184.0,840.46,
2005,1,2,16,2.21,42.29,111.0,349.47,58.0,242.17,3.24,174.0,840.43,
2005,1,2,17,-0.13,47.54,0.0,0.0,0.0,235.2,3.21,164.0,840.4,
2005,1,2,18,0.06,47.59,0.0,0.0,0.0,240.97,3.18,168.0,840.07,
2005,1,2,19,0.25,47.64,0.0,0.0,0.0,246.73,3.14,172.0,839.74,
2005,1,2,20,0.44,47.69,0.0,0.0,0.0,252.5,3.1,176.0,839.41,
2005,1,2,21,0.77,45.47,0.0,0.0,0.0,256.95,3.36,185.0,838.99,
2005,1,2,22,1.1,43.26,0.0,0.0,0.0,261.4,3.61,194.0,838.57,
2005,1,2,23,1.43,41.04,0.0,0.0,0.0,265.85,3.86,203.0,838.16,
2005,1,3,0,1.11,53.26,0.0,0.0,0.0,270.9,4.27,202.0,838.1,
2005,1,3,1,0.8,65.49,0.0,0.0,0.0,275.95,4.68,201.0,838.05,
2005,1,3,2,0.48,77.71,0.0,0.0,0.0,281.0,5.09,200.0,837.99,
2005,1,3,3,0.48,79.7,0.0,0.0,0.0,279.72,5.32,201.0,837.77,
2005,1,3,4,0.47,81.69,0.0,0.0,0.0,278.43,5.55,202.0,837.55,
2005,1,3,5,0.47,83.68,0.0,0.0,0.0,277.15,5.78,204.0,837.32,
2005,1,3,6,0.75,86.98,0.0,0.0,0.0,280.42,5.54,203.0,837.77,
2005,1,3,7,1.02,90.27,0.0,0.0,0.0,283.68,5.31,202.0,838.21,
2005,1,3,8,1.3,93.57,8.0,0.0,8.0,286.95,5.08,202.0,838.66,
2005,1,3,9,1.43,94.58,123.0,49.66,110.0,289.42,4.78,205.0,838.57,
2005,1,3,10,1.55,95.6,58.0,0.0,58.0,291.88,4.49,208.0,838.49,
2005,1,3,11,1.67,96.61,130.0,0.0,130.0,294.35,4.19,212.0,838.41,
2005,1,3,12,1.64,96.33,128.0,0.0,128.0,295.63,4.0,217.0,838.55,
2005,1,3,13,1.61,96.05,92.0,0.0,92.0,296.92,3.8,222.0,838.68,
2005,1,3,14,1.57,95.77,124.0,0.0,124.0,298.2,3.6,227.0,838.82,
2005,1,3,15,1.25,97.05,56.0,0.0,56.0,297.53,3.34,227.0,839.96,
2005,1,3,16,0.93,98.32,43.0,0.0,43.0,296.87,3.09,228.0,841.1,
2005,1,3,17,0.61,99.6,0.0,0.0,0.0,296.2,2.83,228.0,842.24,
2005,1,3,18,0.41,99.55,0.0,0.0,0.0,298.77,2.69,231.0,842.93,
2005,1,3,19,0.2,99.51,0.0,0.0,0.0,301.33,2.54,235.0,843.62,
2005,1,3,20,0.0,99.46,0.0,0.0,0.0,303.9,2.4,239.0,844.32,
2005,1,3,21,-0.14,99.15,0.0,0.0,0.0,303.1,2.2,241.0,844.82,
2005,1,3,22,-0.28,98.85,0.0,0.0,0.0,302.3,2.0,243.0,845.32,
2005,1,3,23,-0.42,98.54,0.0,0.0,0.0,301.5,1.79,245.0,845.82,
2005,1,4,0,-0.67,98.43,0.0,0.0,0.0,302.7,1.73,242.0,846.32,
2005,1,4,1,-0.91,98.33,0.0,0.0,0.0,303.9,1.66,240.0,846.82,
2005,1,4,2,-1.16,98.22,0.0,0.0,0.0,305.1,1.6,237.0,847.32,
2005,1,4,3,-0.95,98.59,0.0,0.0,0.0,306.65,1.72,228.0,847.73,
2005,1,4,4,-0.75,98.96,0.0,0.0,0.0,308.2,1.85,218.0,848.15,
2005,1,4,5,-0.54,99.33,0.0,0.0,0.0,309.75,1.97,209.0,848.56,
2005,1,4,6,0.03,98.99,0.0,0.0,0.0,308.1,2.38,206.0,849.29,
2005,1,4,7,0.59,98.65,0.0,0.0,0.0,306.45,2.79,204.0,850.01,
2005,1,4,8,1.16,98.31,38.0,0.0,38.0,304.8,3.2,201.0,850.73,
2005,1,4,9,1.8,96.92,203.0,389.13,101.0,297.33,3.72,205.0,850.15,
2005,1,4,10,2.43,95.54,372.0,717.83,96.0,289.87,4.25,210.0,849.56,
2005,1,4,11,3.06,94.15,456.0,703.74,129.0,282.4,4.77,215.0,848.98,
2005,1,4,12,2.77,91.7,514.0,814.62,109.0,274.83,4.7,216.0,848.56,
2005,1,4,13,2.47,89.25,467.0,664.88,148.0,267.27,4.63,218.0,848.15,
2005,1,4,14,2.17,86.8,337.0,367.41,185.0,259.7,4.57,220.0,847.73,
2005,1,4,15,1.04,88.49,268.0,530.59,107.0,248.5,3.88,217.0,848.56,
2005,1,4,16,-0.1,90.18,128.0,498.43,50.0,237.3,3.19,214.0,849.4,
2005,1,4,17,-1.24,91.87,0.0,0.0,0.0,226.1,2.5,210.0,850.23,
2005,1,4,18,-1.68,93.28,0.0,0.0,0.0,221.25,2.51,207.0,850.56,
2005,1,4,19,-2.12,94.68,0.0,0.0,0.0,216.4,2.52,204.0,850.9,
2005,1,4,20,-2.56,96.09,0.0,0.0,0.0,211.55,2.54,201.0,851.23,
2005,1,4,21,-2.76,96.47,0.0,0.0,0.0,207.98,2.58,197.0,851.26,
2005,1,4,22,-2.95,96.86,0.0,0.0,0.0,204.42,2.63,193.0,851.28,
2005,1,4,23,-3.15,97.24,0.0,0.0,0.0,200.85,2.68,189.0,851.31,
2005,1,5,0,-3.28,97.32,0.0,0.0,0.0,203.33,2.73,184.0,851.4,
2005,1,5,1,-3.41,97.4,0.0,0.0,0.0,205.82,2.79,179.0,851.48,
2005,1,5,2,-3.54,97.48,0.0,0.0,0.0,208.3,2.84,175.0,851.56,
2005,1,5,3,-3.21,96.56,0.0,0.0,0.0,218.65,2.94,171.0,851.31,
2005,1,5,4,-2.87,95.63,0.0,0.0,0.0,229.0,3.03,168.0,851.06,
2005,1,5,5,-2.54,94.71,0.0,0.0,0.0,239.35,3.13,165.0,850.81,
2005,1,5,6,-1.67,93.63,0.0,0.0,0.0,251.6,3.28,164.0,850.62,
2005,1,5,7,-0.81,92.54,0.0,0.0,0.0,263.85,3.43,163.0,850.42,
2005,1,5,8,0.06,91.46,28.0,0.0,28.0,276.1,3.57,162.0,850.23,
2005,1,5,9,0.82,87.51,143.0,99.02,117.0,276.88,3.99,168.0,849.04,
2005,1,5,10,1.58,83.57,228.0,111.6,185.0,277.67,4.4,173.0,847.84,
2005,1,5,11,2.33,79.62,471.0,777.05,109.0,278.45,4.81,178.0,846.65,
2005,1,5,12,2.16,80.93,190.0,6.02,187.0,277.82,5.01,182.0,845.84,
2005,1,5,13,1.99,82.24,399.0,375.74,218.0,277.18,5.21,186.0,845.04,
2005,1,5,14,1.82,83.55,68.0,0.0,68.0,276.55,5.41,190.0,844.24,
2005,1,5,15,1.39,86.65,120.0,13.08,116.0,272.0,4.76,188.0,844.6,
2005,1,5,16,0.96,89.75,114.0,314.41,64.0,267.45,4.12,186.0,844.96,
2005,1,5,17,0.53,92.85,0.0,0.0,0.0,262.9,3.48,183.0,845.32,
2005,1,5,18,0.06,93.33,0.0,0.0,0.0,256.68,3.31,179.0,845.21,
2005,1,5,19,-0.41,93.81,0.0,0.0,0.0,250.47,3.14,176.0,845.1,
2005,1,5,20,-0.88,94.29,0.0,0.0,0.0,244.25,2.98,172.0,844.98,
2005,1,5,21,-1.0,94.48,0.0,0.0,0.0,245.72,2.88,171.0,844.68,
2005,1,5,22,-1.12,94.68,0.0,0.0,0.0,247.18,2.78,171.0,844.37,
2005,1,5,23,-1.24,94.87,0.0,0.0,0.0,248.65,2.68,170.0,844.07,
2005,1,6,0,-1.23,95.19,0.0,0.0,0.0,262.08,2.52,164.0,843.93,
2005,1,6,1,-1.23,95.5,0.0,0.0,0.0,275.52,2.36,158.0,843.79,
2005,1,6,2,-1.22,95.82,0.0,0.0,0.0,288.95,2.21,152.0,843.65,
2005,1,6,3,-1.03,95.46,0.0,0.0,0.0,287.13,2.25,143.0,843.6,
2005,1,6,4,-0.85,95.09,0.0,0.0,0.0,285.32,2.29,135.0,843.54,
2005,1,6,5,-0.66,94.73,0.0,0.0,0.0,283.5,2.33,126.0,843.49,
2005,1,6,6,-0.11,94.45,0.0,0.0,0.0,286.58,2.22,126.0,843.82,
2005,1,6,7,0.45,94.16,0.0,0.0,0.0,289.67,2.1,126.0,844.15,
2005,1,6,8,1.0,93.88,36.0,0.0,36.0,292.75,1.99,126.0,844.48,
2005,1,6,9,1.6,93.67,229.0,581.49,76.0,293.7,1.83,134.0,844.46,
2005,1,6,10,2.2,93.46,355.0,600.67,123.0,294.65,1.68,142.0,844.43,
2005,1,6,11,2.8,93.25,167.0,4.28,165.0,295.6,1.53,150.0,844.4,
2005,1,6,12,2.79,93.4,91.0,0.0,91.0,289.58,1.05,109.0,844.43,
2005,1,6,13,2.78,93.54,125.0,0.0,125.0,283.57,0.57,68.0,844.46,
2005,1,6,14,2.77,93.69,199.0,33.47,185.0,277.55,0.08,27.0,844.48,
2005,1,6,15,2.01,94.5,195.0,152.41,148.0,272.87,0.49,31.0,845.65,
2005,1,6,16,1.25,95.3,62.0,18.56,59.0,268.18,0.89,36.0,846.82,
2005,1,6,17,0.49,96.11,0.0,0.0,0.0,263.5,1.3,40.0,847.98,
2005,1,6,18,0.11,95.74,0.0,0.0,0.0,269.03,1.29,39.0,848.65,
2005,1,6,19,-0.28,95.36,0.0,0.0,0.0,274.57,1.29,38.0,849.31,
2005,1,6,20,-0.66,94.99,0.0,0.0,0.0,280.1,1.28,37.0,849.98,
2005,1,6,21,-1.1,94.77,0.0,0.0,0.0,277.13,1.23,34.0,850.31,
2005,1,6,22,-1.53,94.54,0.0,0.0,0.0,274.17,1.17,32.0,850.65,
2005,1,6,23,-1.97,94.32,0.0,0.0,0.0,271.2,1.12,29.0,850.98,
2005,1,7,0,-2.46,94.16,0.0,0.0,0.0,267.43,1.19,23.0,851.56,
2005,1,7,1,-2.95,93.99,0.0,0.0,0.0,263.67,1.26,18.0,852.15,
2005,1,7,2,-3.44,93.83,0.0,0.0,0.0,259.9,1.32,12.0,852.73,
2005,1,7,3,-3.11,93.52,0.0,0.0,0.0,272.45,1.46,15.0,853.2,
2005,1,7,4,-2.77,93.2,0.0,0.0,0.0,285.0,1.59,17.0,853.67,
2005,1,7,5,-2.44,92.89,0.0,0.0,0.0,297.55,1.72,20.0,854.14,
2005,1,7,6,-1.76,92.17,0.0,0.0,0.0,298.4,1.87,39.0,854.59,
2005,1,7,7,-1.07,91.46,0.0,0.0,0.0,299.25,2.01,59.0,855.03,
2005,1,7,8,-0.39,90.74,36.0,28.16,33.0,300.1,2.15,78.0,855.48,
2005,1,7,9,0.71,85.95,59.0,0.0,59.0,288.57,2.07,113.0,854.62,
2005,1,7,10,1.81,81.15,84.0,0.0,84.0,277.03,2.0,149.0,853.76,
2005,1,7,11,2.9,76.36,122.0,0.0,122.0,265.5,1.92,184.0,852.89,
2005,1,7,12,3.18,74.81,169.0,1.99,168.0,264.02,2.01,199.0,852.37,
2005,1,7,13,3.46,73.25,147.0,0.0,147.0,262.53,2.1,214.0,851.84,
2005,1,7,14,3.73,71.7,353.0,406.52,182.0,261.05,2.19,229.0,851.31,
2005,1,7,15,2.96,76.01,296.0,678.52,85.0,258.58,1.63,278.0,852.23,
2005,1,7,16,2.19,80.33,132.0,462.47,56.0,256.12,1.06,327.0,853.14,
2005,1,7,17,1.42,84.64,0.0,0.0,0.0,253.65,0.5,16.0,854.06,
2005,1,7,18,0.67,84.61,0.0,0.0,0.0,254.12,0.8,40.0,854.28,
2005,1,7,19,-0.08,84.58,0.0,0.0,0.0,254.58,1.1,65.0,854.5,
2005,1,7,20,-0.83,84.55,0.0,0.0,0.0,255.05,1.41,90.0,854.73,
2005,1,7,21,-0.91,85.6,0.0,0.0,0.0,259.13,1.41,92.0,854.84,
2005,1,7,22,-0.99,86.65,0.0,0.0,0.0,263.22,1.42,95.0,854.95,
2005,1,7,23,-1.07,87.7,0.0,0.0,0.0,267.3,1.42,97.0,855.06,
2005,1,8,0,-1.4,89.67,0.0,0.0,0.0,267.95,1.47,99.0,855.09,
2005,1,8,1,-1.72,91.63,0.0,0.0,0.0,268.6,1.52,100.0,855.12,
2005,1,8,2,-2.05,93.6,0.0,0.0,0.0,269.25,1.57,101.0,855.14,
2005,1,8,3,-2.5,93.51,0.0,0.0,0.0,262.63,1.64,99.0,855.39,
2005,1,8,4,-2.95,93.43,0.0,0.0,0.0,256.02,1.71,98.0,855.64,
2005,1,8,5,-3.4,93.34,0.0,0.0,0.0,249.4,1.78,96.0,855.89,
2005,1,8,6,-2.25,92.32,0.0,0.0,0.0,248.73,1.82,93.0,856.36,
2005,1,8,7,-1.09,91.31,0.0,0.0,0.0,248.07,1.86,91.0,856.84,
2005,1,8,8,0.06,90.29,41.0,46.75,36.0,247.4,1.9,88.0,857.31,
2005,1,8,9,1.54,83.69,66.0,0.0,66.0,244.87,2.0,101.0,856.59,
2005,1,8,10,3.02,77.1,105.0,0.0,105.0,242.33,2.09,113.0,855.86,
2005,1,8,11,4.5,70.5,341.0,236.1,230.0,239.8,2.18,126.0,855.14,
2005,1,8,12,4.65,67.83,164.0,0.0,164.0,232.92,2.0,124.0,854.53,
2005,1,8,13,4.79,65.17,254.0,49.17,230.0,226.03,1.81,122.0,853.92,
2005,1,8,14,4.93,62.5,218.0,49.63,197.0,219.15,1.63,120.0,853.31,
2005,1,8,15,2.98,69.27,106.0,3.19,105.0,218.43,1.82,99.0,854.06,
2005,1,8,16,1.02,76.05,68.0,29.92,63.0,217.72,2.01,77.0,854.81,
2005,1,8,17,-0.94,82.82,0.0,0.0,0.0,217.0,2.21,56.0,855.56,
2005,1,8,18,-1.83,83.83,0.0,0.0,0.0,213.18,2.32,58.0,856.0,
2005,1,8,19,-2.73,84.84,0.0,0.0,0.0,209.37,2.43,59.0,856.45,
2005,1,8,20,-3.62,85.85,0.0,0.0,0.0,205.55,2.54,61.0,856.89,
2005,1,8,21,-4.04,86.42,0.0,0.0,0.0,203.97,2.52,62.0,857.11,
2005,1,8,22,-4.47,86.99,0.0,0.0,0.0,202.38,2.5,63.0,857.34,
2005,1,8,23,-4.89,87.56,0.0,0.0,0.0,200.8,2.48,64.0,857.56,
2005,1,9,0,-5.32,87.83,0.0,0.0,0.0,200.62,2.46,66.0,857.75,
2005,1,9,1,-5.76,88.11,0.0,0.0,0.0,200.43,2.45,68.0,857.95,
2005,1,9,2,-6.19,88.38,0.0,0.0,0.0,200.25,2.43,69.0,858.14,
2005,1,9,3,-6.14,88.24,0.0,0.0,0.0,200.05,2.38,70.0,858.42,
2005,1,9,4,-6.08,88.09,0.0,0.0,0.0,199.85,2.34,72.0,858.7,
2005,1,9,5,-6.03,87.95,0.0,0.0,0.0,199.65,2.29,73.0,858.97,
2005,1,9,6,-4.71,86.34,0.0,0.0,0.0,202.6,2.22,75.0,859.42,
2005,1,9,7,-3.38,84.74,0.0,0.0,0.0,205.55,2.15,78.0,859.86,
2005,1,9,8,-2.06,83.13,27.0,0.0,27.0,208.5,2.08,80.0,860.31,
2005,1,9,9,-0.33,77.03,85.0,3.77,84.0,216.02,2.17,82.0,859.28,
2005,1,9,10,1.39,70.92,177.0,28.23,166.0,223.53,2.25,84.0,858.25,
2005,1,9,11,3.11,64.82,298.0,131.41,236.0,231.05,2.33,86.0,857.22,
2005,1,9,12,3.31,62.14,503.0,715.18,141.0,224.35,2.23,87.0,856.42,
2005,1,9,13,3.51,59.45,501.0,782.94,117.0,217.65,2.14,87.0,855.61,
2005,1,9,14,3.71,56.77,404.0,624.8,138.0,210.95,2.04,87.0,854.81,
2005,1,9,15,1.44,63.27,285.0,559.39,108.0,206.55,2.1,79.0,855.48,
2005,1,9,16,-0.83,69.77,66.0,17.65,63.0,202.15,2.15,71.0,856.14,
2005,1,9,17,-3.11,76.27,0.0,0.0,0.0,197.75,2.21,63.0,856.81,
2005,1,9,18,-3.85,78.71,0.0,0.0,0.0,196.92,2.21,70.0,856.81,
2005,1,9,19,-4.6,81.15,0.0,0.0,0.0,196.08,2.22,77.0,856.81,
2005,1,9,20,-5.35,83.59,0.0,0.0,0.0,195.25,2.22,84.0,856.81,
2005,1,9,21,-5.75,84.66,0.0,0.0,0.0,194.23,2.28,86.0,856.59,
2005,1,9,22,-6.15,85.73,0.0,0.0,0.0,193.22,2.33,89.0,856.36,
2005,1,9,23,-6.55,86.8,0.0,0.0,0.0,192.2,2.39,92.0,856.14,
2005,1,10,0,-6.9,86.62,0.0,0.0,0.0,192.7,2.4,92.0,855.84,
2005,1,10,1,-7.24,86.43,0.0,0.0,0.0,193.2,2.4,93.0,855.53,
2005,1,10,2,-7.59,86.25,0.0,0.0,0.0,193.7,2.41,93.0,855.23,
2005,1,10,3,-7.53,85.52,0.0,0.0,0.0,194.57,2.38,90.0,855.09,
2005,1,10,4,-7.47,84.8,0.0,0.0,0.0,195.43,2.35,88.0,854.95,
2005,1,10,5,-7.41,84.07,0.0,0.0,0.0,196.3,2.32,85.0,854.81,
2005,1,10,6,-5.89,80.65,0.0,0.0,0.0,199.6,2.16,85.0,854.56,
2005,1,10,7,-4.37,77.24,0.0,0.0,0.0,202.9,2.0,84.0,854.31,
2005,1,10,8,-2.85,73.82,47.0,83.24,38.0,206.2,1.85,84.0,854.06,
2005,1,10,9,-0.79,65.13,103.0,18.77,98.0,213.03,1.79,84.0,852.42,
2005,1,10,10,1.27,56.45,274.0,225.03,186.0,219.87,1.74,85.0,850.79,
2005,1,10,11,3.32,47.76,233.0,38.01,215.0,226.7,1.68,86.0,849.15,
2005,1,10,12,3.66,45.93,376.0,243.96,252.0,231.3,1.49,70.0,847.93,
2005,1,10,13,3.99,44.1,336.0,174.48,250.0,235.9,1.31,54.0,846.71,
2005,1,10,14,4.32,42.27,197.0,25.68,186.0,240.5,1.12,39.0,845.48,
2005,1,10,15,1.92,47.86,148.0,34.45,137.0,240.83,1.42,29.0,846.01,
2005,1,10,16,-0.48,53.44,42.0,0.0,42.0,241.17,1.72,19.0,846.54,
2005,1,10,17,-2.88,59.03,0.0,0.0,0.0,241.5,2.03,8.0,847.07,
2005,1,10,18,-3.46,59.39,0.0,0.0,0.0,241.92,1.8,5.0,846.9,
2005,1,10,19,-4.05,59.74,0.0,0.0,0.0,242.33,1.58,2.0,846.73,
2005,1,10,20,-4.63,60.1,0.0,0.0,0.0,242.75,1.35,359.0,846.57,
2005,1,10,21,-5.14,58.36,0.0,0.0,0.0,236.38,1.48,349.0,846.46,
2005,1,10,22,-5.65,56.62,0.0,0.0,0.0,230.02,1.6,340.0,846.34,
2005,1,10,23,-6.16,54.88,0.0,0.0,0.0,223.65,1.72,331.0,846.23,
2005,1,11,0,-6.09,52.83,0.0,0.0,0.0,219.98,1.83,334.0,846.65,
2005,1,11,1,-6.03,50.78,0.0,0.0,0.0,216.32,1.93,338.0,847.07,
2005,1,11,2,-5.96,48.73,0.0,0.0,0.0,212.65,2.03,342.0,847.48,
2005,1,11,3,-5.94,52.38,0.0,0.0,0.0,209.2,2.26,359.0,848.2,
2005,1,11,4,-5.92,56.02,0.0,0.0,0.0,205.75,2.49,15.0,848.93,
2005,1,11,5,-5.9,59.67,0.0,0.0,0.0,202.3,2.72,32.0,849.65,
2005,1,11,6,-4.95,64.4,0.0,0.0,0.0,206.27,2.83,31.0,850.4,
2005,1,11,7,-3.99,69.13,0.0,0.0,0.0,210.23,2.94,31.0,851.15,
2005,1,11,8,-3.04,73.86,14.0,0.0,14.0,214.2,3.05,30.0,851.9,
2005,1,11,9,-1.97,70.28,63.0,0.0,63.0,224.65,3.55,33.0,851.65,
2005,1,11,10,-0.91,66.69,102.0,0.0,102.0,235.1,4.06,36.0,851.4,
2005,1,11,11,0.15,63.11,118.0,0.0,118.0,245.55,4.57,39.0,851.15,
2005,1,11,12,0.15,61.12,138.0,0.0,138.0,242.38,4.57,41.0,851.01,
2005,1,11,13,0.14,59.13,270.0,62.57,239.0,239.22,4.57,42.0,850.87,
2005,1,11,14,0.13,57.14,348.0,352.51,196.0,236.05,4.57,44.0,850.73,
2005,1,11,15,-1.91,63.05,199.0,133.46,156.0,228.6,4.25,39.0,851.65,
2005,1,11,16,-3.96,68.97,111.0,193.36,77.0,221.15,3.93,33.0,852.56,
2005,1,11,17,-6.01,74.88,0.0,0.0,0.0,213.7,3.61,28.0,853.48,
2005,1,11,18,-7.07,74.39,0.0,0.0,0.0,210.53,3.34,30.0,854.17,
2005,1,11,19,-8.14,73.91,0.0,0.0,0.0,207.37,3.06,32.0,854.87,
2005,1,11,20,-9.2,73.42,0.0,0.0,0.0,204.2,2.79,35.0,855.56,
2005,1,11,21,-8.68,72.24,0.0,0.0,0.0,202.22,2.43,38.0,855.89,
2005,1,11,22,-8.15,71.07,0.0,0.0,0.0,200.23,2.08,42.0,856.23,
2005,1,11,23,-7.63,69.89,0.0,0.0,0.0,198.25,1.72,46.0,856.56,
2005,1,12,0,-7.98,70.13,0.0,0.0,0.0,198.37,1.44,49.0,856.78,
2005,1,12,1,-8.33,70.37,0.0,0.0,0.0,198.48,1.16,51.0,857.0,
2005,1,12,2,-8.68,70.61,0.0,0.0,0.0,198.6,0.88,54.0,857.22,
2005,1,12,3,-8.54,70.12,0.0,0.0,0.0,199.77,0.87,35.0,857.25,
2005,1,12,4,-8.4,69.62,0.0,0.0,0.0,200.93,0.86,15.0,857.28,
2005,1,12,5,-8.26,69.13,0.0,0.0,0.0,202.1,0.84,356.0,857.31,
2005,1,12,6,-7.44,66.53,0.0,0.0,0.0,201.28,0.88,359.0,857.64,
2005,1,12,7,-6.61,63.92,0.0,0.0,0.0,200.47,0.92,2.0,857.97,
2005,1,12,8,-5.79,61.32,70.0,328.13,34.0,199.65,0.97,5.0,858.31,
2005,1,12,9,-3.8,56.48,242.0,654.97,66.0,204.5,1.09,354.0,857.39,
2005,1,12,10,-1.81,51.63,384.0,735.82,94.0,209.35,1.22,343.0,856.48,
2005,1,12,11,0.17,46.79,494.0,842.09,92.0,214.2,1.35,332.0,855.56,
2005,1,12,12,0.77,46.73,546.0,900.87,84.0,210.93,1.44,328.0,854.7,
2005,1,12,13,1.37,46.68,524.0,863.35,94.0,207.67,1.53,324.0,853.84,
2005,1,12,14,1.96,46.62,442.0,797.13,96.0,204.4,1.61,321.0,852.98,
2005,1,12,15,1.41,47.17,315.0,716.49,82.0,203.27,1.43,311.0,853.39,
2005,1,12,16,0.86,47.72,156.0,592.54,50.0,202.13,1.25,301.0,853.81,
2005,1,12,17,0.31,48.27,0.0,0.0,0.0,201.0,1.06,291.0,854.23,
2005,1,12,18,-0.89,51.38,0.0,0.0,0.0,199.3,0.87,322.0,854.42,
2005,1,12,19,-2.09,54.5,0.0,0.0,0.0,197.6,0.68,353.0,854.62,
2005,1,12,20,-3.29,57.61,0.0,0.0,0.0,195.9,0.48,24.0,854.81,
2005,1,12,21,-4.14,59.56,0.0,0.0,0.0,195.03,0.65,39.0,854.95,
2005,1,12,22,-5.0,61.51,0.0,0.0,0.0,194.17,0.82,55.0,855.09,
2005,1,12,23,-5.85,63.46,0.0,0.0,0.0,193.3,0.99,70.0,855.23,
2005,1,13,0,-6.23,64.22,0.0,0.0,0.0,192.68,1.07,75.0,855.31,
2005,1,13,1,-6.62,64.99,0.0,0.0,0.0,192.07,1.14,80.0,855.39,
2005,1,13,2,-7.0,65.75,0.0,0.0,0.0,191.45,1.21,85.0,855.48,
2005,1,13,3,-7.27,66.0,0.0,0.0,0.0,190.43,1.26,89.0,855.75,
2005,1,13,4,-7.55,66.26,0.0,0.0,0.0,189.42,1.31,93.0,856.03,
2005,1,13,5,-7.82,66.51,0.0,0.0,0.0,188.4,1.35,97.0,856.31,
2005,1,13,6,-6.69,66.67,0.0,0.0,0.0,188.98,1.32,98.0,856.61,
2005,1,13,7,-5.56,66.83,0.0,0.0,0.0,189.57,1.29,100.0,856.92,
2005,1,13,8,-4.43,66.99,71.0,343.38,33.0,190.15,1.26,102.0,857.22,
2005,1,13,9,-1.9,62.31,244.0,655.5,67.0,194.72,1.03,93.0,856.53,
2005,1,13,10,0.62,57.63,392.0,780.67,83.0,199.28,0.8,84.0,855.84,
2005,1,13,11,3.14,52.95,501.0,875.99,81.0,203.85,0.58,76.0,855.14,
2005,1,13,12,3.29,54.21,543.0,871.4,94.0,203.12,0.62,63.0,854.45,
2005,1,13,13,3.44,55.47,527.0,866.65,93.0,202.38,0.65,50.0,853.76,
2005,1,13,14,3.59,56.73,446.0,798.62,97.0,201.65,0.69,38.0,853.06,
2005,1,13,15,2.3,56.53,323.0,758.51,74.0,198.97,0.82,47.0,853.62,
2005,1,13,16,1.01,56.33,163.0,648.33,45.0,196.28,0.95,57.0,854.17,
2005,1,13,17,-0.29,56.13,0.0,0.0,0.0,193.6,1.08,67.0,854.73,
2005,1,13,18,-2.11,60.6,0.0,0.0,0.0,190.83,1.26,77.0,854.89,
2005,1,13,19,-3.94,65.07,0.0,0.0,0.0,188.07,1.45,87.0,855.06,
2005,1,13,20,-5.77,69.54,0.0,0.0,0.0,185.3,1.64,97.0,855.23,
2005,1,13,21,-6.47,71.78,0.0,0.0,0.0,183.83,1.72,99.0,855.25,
2005,1,13,22,-7.18,74.02,0.0,0.0,0.0,182.37,1.81,102.0,855.28,
2005,1,13,23,-7.88,76.26,0.0,0.0,0.0,180.9,1.89,105.0,855.31,
2005,1,14,0,-8.48,76.86,0.0,0.0,0.0,180.43,1.92,106.0,855.31,
2005,1,14,1,-9.08,77.45,0.0,0.0,0.0,179.97,1.94,107.0,855.31,
2005,1,14,2,-9.68,78.05,0.0,0.0,0.0,179.5,1.97,108.0,855.31,
2005,1,14,3,-10.09,76.72,0.0,0.0,0.0,177.77,2.02,108.0,855.56,
2005,1,14,4,-10.51,75.4,0.0,0.0,0.0,176.03,2.06,108.0,855.81,
2005,1,14,5,-10.92,74.07,0.0,0.0,0.0,174.3,2.11,108.0,856.06,
2005,1,14,6,-9.08,74.51,0.0,0.0,0.0,174.98,1.92,109.0,856.09,
2005,1,14,7,-7.25,74.96,0.0,0.0,0.0,175.67,1.73,110.0,856.11,
2005,1,14,8,-5.41,75.4,77.0,438.59,28.0,176.35,1.54,111.0,856.14,
2005,1,14,9,-2.48,67.39,245.0,655.75,67.0,181.82,1.44,123.0,855.25,
2005,1,14,10,0.45,59.38,394.0,779.65,84.0,187.28,1.33,136.0,854.37,
2005,1,14,11,3.38,51.37,499.0,845.04,92.0,192.75,1.23,148.0,853.48,
2005,1,14,12,3.58,55.5,554.0,921.23,77.0,192.68,1.24,163.0,852.45,
2005,1,14,13,3.78,59.63,539.0,915.42,78.0,192.62,1.25,178.0,851.42,
2005,1,14,14,3.98,63.76,442.0,754.5,110.0,192.55,1.26,193.0,850.4,
2005,1,14,15,3.04,59.05,329.0,775.43,72.0,190.85,1.19,175.0,850.87,
2005,1,14,16,2.09,54.33,163.0,610.2,50.0,189.15,1.12,158.0,851.34,
2005,1,14,17,1.14,49.62,0.0,0.0,0.0,187.45,1.05,141.0,851.81,
2005,1,14,18,-1.0,57.5,0.0,0.0,0.0,185.63,1.37,137.0,851.78,
2005,1,14,19,-3.14,65.39,0.0,0.0,0.0,183.82,1.69,134.0,851.76,
2005,1,14,20,-5.28,73.27,0.0,0.0,0.0,182.0,2.01,130.0,851.73,
2005,1,14,21,-5.83,73.26,0.0,0.0,0.0,180.32,2.04,133.0,851.62,
2005,1,14,22,-6.38,73.26,0.0,0.0,0.0,178.63,2.06,136.0,851.51,
2005,1,14,23,-6.93,73.25,0.0,0.0,0.0,176.95,2.08,138.0,851.4,
2005,1,15,0,-7.35,72.48,0.0,0.0,0.0,176.6,2.07,139.0,851.42,
2005,1,15,1,-7.76,71.71,0.0,0.0,0.0,176.25,2.06,141.0,851.45,
2005,1,15,2,-8.18,70.94,0.0,0.0,0.0,175.9,2.04,142.0,851.48,
2005,1,15,3,-8.45,71.4,0.0,0.0,0.0,175.12,2.02,142.0,851.87,
2005,1,15,4,-8.71,71.87,0.0,0.0,0.0,174.33,2.0,142.0,852.26,
2005,1,15,5,-8.98,72.33,0.0,0.0,0.0,173.55,1.97,143.0,852.64,
2005,1,15,6,-7.77,68.62,0.0,0.0,0.0,174.27,1.9,136.0,852.7,
2005,1,15,7,-6.56,64.92,0.0,0.0,0.0,174.98,1.83,128.0,852.76,
2005,1,15,8,-5.35,61.21,78.0,434.08,29.0,175.7,1.75,121.0,852.81,
2005,1,15,9,-2.25,55.98,241.0,611.79,74.0,182.0,1.7,138.0,851.92,
2005,1,15,10,0.85,50.74,390.0,738.38,95.0,188.3,1.64,156.0,851.04,
2005,1,15,11,3.95,45.51,496.0,816.26,101.0,194.6,1.59,173.0,850.15,
2005,1,15,12,4.21,43.31,543.0,841.65,105.0,194.67,1.69,190.0,849.4,
2005,1,15,13,4.47,41.1,528.0,837.13,104.0,194.73,1.8,207.0,848.65,
2005,1,15,14,4.72,38.9,448.0,771.77,106.0,194.8,1.9,223.0,847.9,
2005,1,15,15,3.38,42.28,320.0,684.29,91.0,193.42,1.57,221.0,848.45,
2005,1,15,16,2.04,45.67,162.0,562.55,56.0,192.03,1.24,218.0,849.01,
2005,1,15,17,0.7,49.05,0.0,0.0,0.0,190.65,0.91,215.0,849.56,
2005,1,15,18,-1.35,56.24,0.0,0.0,0.0,192.05,1.14,192.0,849.73,
2005,1,15,19,-3.4,63.43,0.0,0.0,0.0,193.45,1.38,168.0,849.9,
2005,1,15,20,-5.45,70.62,0.0,0.0,0.0,194.85,1.61,144.0,850.06,
2005,1,15,21,-5.75,71.0,0.0,0.0,0.0,199.7,1.67,140.0,850.12,
2005,1,15,22,-6.04,71.37,0.0,0.0,0.0,204.55,1.73,135.0,850.17,
2005,1,15,23,-6.34,71.75,0.0,0.0,0.0,209.4,1.79,131.0,850.23,
2005,1,16,0,-6.92,72.56,0.0,0.0,0.0,209.1,1.78,133.0,850.48,
2005,1,16,1,-7.49,73.37,0.0,0.0,0.0,208.8,1.77,136.0,850.73,
2005,1,16,2,-8.07,74.18,0.0,0.0,0.0,208.5,1.75,139.0,850.98,
2005,1,16,3,-8.11,74.17,0.0,0.0,0.0,208.88,1.71,143.0,851.45,
2005,1,16,4,-8.15,74.17,0.0,0.0,0.0,209.27,1.67,147.0,851.92,
2005,1,16,5,-8.19,74.16,0.0,0.0,0.0,209.65,1.63,150.0,852.4,
2005,1,16,6,-6.29,69.07,0.0,0.0,0.0,207.4,1.52,146.0,852.56,
2005,1,16,7,-4.39,63.97,0.0,0.0,0.0,205.15,1.42,142.0,852.73,
2005,1,16,8,-2.49,58.88,69.0,271.57,38.0,202.9,1.31,138.0,852.89,
2005,1,16,9,-0.03,52.09,238.0,564.46,83.0,206.82,1.4,162.0,852.28,
2005,1,16,10,2.43,45.29,379.0,659.97,114.0,210.73,1.49,186.0,851.67,
2005,1,16,11,4.89,38.5,480.0,713.55,133.0,214.65,1.57,211.0,851.06,
2005,1,16,12,5.13,36.91,534.0,779.94,126.0,214.43,1.67,220.0,850.56,
2005,1,16,13,5.37,35.31,526.0,806.7,115.0,214.22,1.77,228.0,850.06,
2005,1,16,14,5.6,33.72,444.0,730.41,118.0,214.0,1.86,237.0,849.56,
2005,1,16,15,4.37,36.21,324.0,686.5,92.0,211.55,1.54,205.0,850.15,
2005,1,16,16,3.14,38.7,166.0,573.73,56.0,209.1,1.21,174.0,850.73,
2005,1,16,17,1.9,41.19,0.0,0.0,0.0,206.65,0.88,142.0,851.31,
2005,1,16,18,-0.42,48.17,0.0,0.0,0.0,206.17,1.24,138.0,851.4,
2005,1,16,19,-2.75,55.16,0.0,0.0,0.0,205.68,1.59,135.0,851.48,
2005,1,16,20,-5.08,62.14,0.0,0.0,0.0,205.2,1.94,131.0,851.56,
2005,1,16,21,-5.2,63.14,0.0,0.0,0.0,206.63,1.99,132.0,851.59,
2005,1,16,22,-5.33,64.15,0.0,0.0,0.0,208.07,2.03,134.0,851.62,
2005,1,16,23,-5.45,65.15,0.0,0.0,0.0,209.5,2.07,135.0,851.65,
2005,1,17,0,-5.19,64.76,0.0,0.0,0.0,216.92,2.07,135.0,851.76,
2005,1,17,1,-4.94,64.37,0.0,0.0,0.0,224.33,2.08,134.0,851.87,
2005,1,17,2,-4.68,63.98,0.0,0.0,0.0,231.75,2.08,134.0,851.98,
2005,1,17,3,-5.09,63.84,0.0,0.0,0.0,227.22,2.01,137.0,852.28,
2005,1,17,4,-5.5,63.69,0.0,0.0,0.0,222.68,1.94,140.0,852.59,
2005,1,17,5,-5.91,63.55,0.0,0.0,0.0,218.15,1.86,144.0,852.89,
2005,1,17,6,-4.2,59.86,0.0,0.0,0.0,215.23,1.77,137.0,853.01,
2005,1,17,7,-2.5,56.18,0.0,0.0,0.0,212.32,1.67,129.0,853.12,
2005,1,17,8,-0.79,52.49,76.0,363.57,34.0,209.4,1.57,122.0,853.23,
2005,1,17,9,1.67,46.21,139.0,68.76,120.0,213.93,1.49,129.0,852.51,
2005,1,17,10,4.13,39.92,370.0,597.05,129.0,218.47,1.42,136.0,851.78,
2005,1,17,11,6.59,33.64,482.0,714.02,133.0,223.0,1.34,143.0,851.06,
2005,1,17,12,6.68,32.83,525.0,722.53,145.0,226.52,1.32,147.0,850.23,
2005,1,17,13,6.77,32.01,517.0,749.18,133.0,230.03,1.3,151.0,849.4,
2005,1,17,14,6.85,31.2,430.0,636.14,144.0,233.55,1.28,154.0,848.56,
2005,1,17,15,4.5,37.0,260.0,307.64,155.0,236.07,1.48,131.0,849.06,
2005,1,17,16,2.14,42.81,164.0,517.71,63.0,238.58,1.68,107.0,849.56,
2005,1,17,17,-0.22,48.61,0.0,0.0,0.0,241.1,1.88,83.0,850.06,
2005,1,17,18,-1.42,53.27,0.0,0.0,0.0,238.98,2.12,85.0,850.06,
2005,1,17,19,-2.62,57.94,0.0,0.0,0.0,236.87,2.36,88.0,850.06,
2005,1,17,20,-3.82,62.6,0.0,0.0,0.0,234.75,2.61,90.0,850.06,
2005,1,17,21,-3.86,63.42,0.0,0.0,0.0,239.3,2.65,90.0,849.87,
2005,1,17,22,-3.91,64.23,0.0,0.0,0.0,243.85,2.7,91.0,849.68,
2005,1,17,23,-3.95,65.05,0.0,0.0,0.0,248.4,2.74,91.0,849.48,
2005,1,18,0,-3.89,66.03,0.0,0.0,0.0,256.8,2.73,92.0,849.37,
2005,1,18,1,-3.84,67.02,0.0,0.0,0.0,265.2,2.72,93.0,849.26,
2005,1,18,2,-3.78,68.0,0.0,0.0,0.0,273.6,2.7,95.0,849.15,
2005,1,18,3,-3.78,67.78,0.0,0.0,0.0,275.72,2.61,97.0,849.68,
2005,1,18,4,-3.77,67.55,0.0,0.0,0.0,277.83,2.51,100.0,850.2,
2005,1,18,5,-3.77,67.33,0.0,0.0,0.0,279.95,2.41,103.0,850.73,
2005,1,18,6,-3.02,68.98,0.0,0.0,0.0,281.53,2.55,101.0,851.01,
2005,1,18,7,-2.28,70.62,0.0,0.0,0.0,283.12,2.68,98.0,851.28,
2005,1,18,8,-1.53,72.27,15.0,0.0,15.0,284.7,2.81,96.0,851.56,
2005,1,18,9,-0.47,71.79,40.0,0.0,40.0,286.17,2.94,100.0,850.56,
2005,1,18,10,0.59,71.31,119.0,0.0,119.0,287.63,3.06,104.0,849.56,
2005,1,18,11,1.65,70.83,58.0,0.0,58.0,289.1,3.19,107.0,848.56,
2005,1,18,12,1.95,70.33,60.0,0.0,60.0,281.53,3.1,110.0,847.57,
2005,1,18,13,2.24,69.84,47.0,0.0,47.0,273.97,3.01,113.0,846.57,
2005,1,18,14,2.53,69.34,41.0,0.0,41.0,266.4,2.92,115.0,845.57,
2005,1,18,15,0.98,75.54,69.0,0.0,69.0,267.08,3.0,108.0,845.43,
2005,1,18,16,-0.57,81.73,26.0,0.0,26.0,267.77,3.07,101.0,845.29,
2005,1,18,17,-2.12,87.93,0.0,0.0,0.0,268.45,3.14,93.0,845.15,
2005,1,18,18,-1.78,88.39,0.0,0.0,0.0,274.98,3.26,98.0,844.96,
2005,1,18,19,-1.45,88.86,0.0,0.0,0.0,281.52,3.37,103.0,844.76,
2005,1,18,20,-1.11,89.32,0.0,0.0,0.0,288.05,3.49,107.0,844.57,
2005,1,18,21,-0.79,90.2,0.0,0.0,0.0,293.2,3.69,123.0,844.26,
2005,1,18,22,-0.46,91.09,0.0,0.0,0.0,298.35,3.89,139.0,843.96,
2005,1,18,23,-0.14,91.97,0.0,0.0,0.0,303.5,4.08,155.0,843.65,
2005,1,19,0,0.05,92.58,0.0,0.0,0.0,303.58,4.77,169.0,843.1,
2005,1,19,1,0.25,93.18,0.0,0.0,0.0,303.67,5.45,183.0,842.54,
2005,1,19,2,0.44,93.79,0.0,0.0,0.0,303.75,6.14,197.0,841.99,
2005,1,19,3,0.25,93.92,0.0,0.0,0.0,301.88,5.66,194.0,842.01,
2005,1,19,4,0.07,94.04,0.0,0.0,0.0,300.02,5.17,191.0,842.04,
2005,1,19,5,-0.12,94.17,0.0,0.0,0.0,298.15,4.69,189.0,842.07,
2005,1,19,6,0.18,92.72,0.0,0.0,0.0,295.33,4.98,190.0,842.35,
2005,1,19,7,0.49,91.28,0.0,0.0,0.0,292.52,5.28,192.0,842.63,
2005,1,19,8,0.79,89.83,47.0,50.6,41.0,289.7,5.57,194.0,842.9,
2005,1,19,9,0.99,86.64,65.0,0.0,65.0,276.15,5.74,200.0,842.71,
2005,1,19,10,1.19,83.45,290.0,235.19,194.0,262.6,5.91,206.0,842.51,
2005,1,19,11,1.39,80.26,192.0,8.1,188.0,249.05,6.08,212.0,842.32,
2005,1,19,12,1.21,79.94,165.0,0.0,165.0,242.87,5.68,214.0,842.13,
2005,1,19,13,1.03,79.61,287.0,67.44,252.0,236.68,5.28,216.0,841.93,
2005,1,19,14,0.85,79.29,62.0,0.0,62.0,230.5,4.88,218.0,841.74,
2005,1,19,15,-0.39,82.26,134.0,8.62,131.0,229.42,4.05,214.0,842.74,
2005,1,19,16,-1.63,85.24,85.0,29.71,79.0,228.33,3.21,210.0,843.74,
2005,1,19,17,-2.87,88.21,0.0,0.0,0.0,227.25,2.37,206.0,844.73,
2005,1,19,18,-3.47,89.8,0.0,0.0,0.0,230.43,2.46,202.0,845.23,
2005,1,19,19,-4.08,91.38,0.0,0.0,0.0,233.62,2.54,198.0,845.73,
2005,1,19,20,-4.68,92.97,0.0,0.0,0.0,236.8,2.62,194.0,846.23,
2005,1,19,21,-4.91,93.31,0.0,0.0,0.0,231.7,2.7,195.0,846.54,
2005,1,19,22,-5.14,93.64,0.0,0.0,0.0,226.6,2.79,195.0,846.84,
2005,1,19,23,-5.37,93.98,0.0,0.0,0.0,221.5,2.87,196.0,847.15,
2005,1,20,0,-5.08,94.42,0.0,0.0,0.0,230.93,2.81,197.0,847.45,
2005,1,20,1,-4.79,94.86,0.0,0.0,0.0,240.37,2.75,198.0,847.76,
2005,1,20,2,-4.5,95.3,0.0,0.0,0.0,249.8,2.69,200.0,848.07,
2005,1,20,3,-4.2,95.56,0.0,0.0,0.0,251.52,2.74,203.0,848.54,
2005,1,20,4,-3.9,95.82,0.0,0.0,0.0,253.23,2.79,206.0,849.01,
2005,1,20,5,-3.6,96.08,0.0,0.0,0.0,254.95,2.84,209.0,849.48,
2005,1,20,6,-2.76,95.79,0.0,0.0,0.0,255.6,2.93,210.0,849.92,
2005,1,20,7,-1.93,95.5,0.0,0.0,0.0,256.25,3.03,210.0,850.37,
2005,1,20,8,-1.09,95.21,76.0,307.68,39.0,256.9,3.12,211.0,850.81,
2005,1,20,9,-0.32,89.5,165.0,131.13,128.0,254.0,3.25,219.0,850.54,
2005,1,20,10,0.45,83.8,155.0,7.31,152.0,251.1,3.38,227.0,850.26,
2005,1,20,11,1.22,78.09,157.0,0.0,157.0,248.2,3.52,235.0,849.98,
2005,1,20,12,1.35,75.79,188.0,1.87,187.0,246.58,3.43,237.0,849.62,
2005,1,20,13,1.47,73.49,292.0,70.84,255.0,244.97,3.34,240.0,849.26,
2005,1,20,14,1.59,71.19,325.0,208.78,229.0,243.35,3.26,242.0,848.9,
2005,1,20,15,0.0,73.89,324.0,594.14,115.0,237.72,2.88,236.0,849.68,
2005,1,20,16,-1.6,76.6,66.0,4.87,65.0,232.08,2.51,231.0,850.45,
2005,1,20,17,-3.2,79.3,0.0,0.0,0.0,226.45,2.14,225.0,851.23,
2005,1,20,18,-3.9,83.02,0.0,0.0,0.0,225.07,2.25,221.0,851.73,
2005,1,20,19,-4.61,86.74,0.0,0.0,0.0,223.68,2.36,216.0,852.23,
2005,1,20,20,-5.32,90.46,0.0,0.0,0.0,222.3,2.47,212.0,852.73,
2005,1,20,21,-5.39,91.86,0.0,0.0,0.0,222.63,2.49,210.0,852.98,
2005,1,20,22,-5.46,93.25,0.0,0.0,0.0,222.97,2.51,209.0,853.23,
2005,1,20,23,-5.53,94.65,0.0,0.0,0.0,223.3,2.54,207.0,853.48,
2005,1,21,0,-5.49,94.23,0.0,0.0,0.0,225.92,2.48,206.0,853.92,
2005,1,21,1,-5.45,93.8,0.0,0.0,0.0,228.53,2.43,205.0,854.37,
2005,1,21,2,-5.41,93.38,0.0,0.0,0.0,231.15,2.37,204.0,854.81,
2005,1,21,3,-5.56,93.45,0.0,0.0,0.0,232.5,2.32,204.0,855.17,
2005,1,21,4,-5.71,93.52,0.0,0.0,0.0,233.85,2.27,204.0,855.53,
2005,1,21,5,-5.86,93.59,0.0,0.0,0.0,235.2,2.22,205.0,855.89,
2005,1,21,6,-4.56,95.06,0.0,0.0,0.0,239.22,2.18,202.0,856.31,
2005,1,21,7,-3.25,96.54,0.0,0.0,0.0,243.23,2.14,200.0,856.73,
2005,1,21,8,-1.95,98.01,56.0,98.33,44.0,247.25,2.1,198.0,857.14,
2005,1,21,9,-0.51,94.51,106.0,14.07,102.0,244.63,2.42,206.0,856.53,
2005,1,21,10,0.92,91.0,134.0,2.42,133.0,242.02,2.74,214.0,855.92,
2005,1,21,11,2.35,87.5,214.0,16.01,206.0,239.4,3.06,222.0,855.31,
2005,1,21,12,2.57,83.55,198.0,3.72,196.0,236.92,3.3,227.0,854.39,
2005,1,21,13,2.78,79.59,164.0,0.0,164.0,234.43,3.54,231.0,853.48,
2005,1,21,14,2.99,75.64,177.0,6.47,174.0,231.95,3.78,235.0,852.56,
2005,1,21,15,1.51,78.7,149.0,16.88,143.0,223.63,3.14,227.0,853.14,
2005,1,21,16,0.03,81.75,87.0,28.7,81.0,215.32,2.5,219.0,853.73,
2005,1,21,17,-1.46,84.81,0.0,0.0,0.0,207.0,1.86,212.0,854.31,
2005,1,21,18,-3.05,87.96,0.0,0.0,0.0,206.07,1.95,192.0,854.14,
2005,1,21,19,-4.65,91.12,0.0,0.0,0.0,205.13,2.04,173.0,853.98,
2005,1,21,20,-6.25,94.27,0.0,0.0,0.0,204.2,2.12,154.0,853.81,
2005,1,21,21,-7.22,94.7,0.0,0.0,0.0,202.15,2.27,154.0,853.62,
2005,1,21,22,-8.18,95.12,0.0,0.0,0.0,200.1,2.41,153.0,853.42,
2005,1,21,23,-9.15,95.55,0.0,0.0,0.0,198.05,2.55,153.0,853.23,
2005,1,22,0,-9.57,95.0,0.0,0.0,0.0,200.75,2.6,152.0,853.03,
2005,1,22,1,-9.99,94.45,0.0,0.0,0.0,203.45,2.64,150.0,852.84,
2005,1,22,2,-10.41,93.9,0.0,0.0,0.0,206.15,2.69,148.0,852.64,
2005,1,22,3,-10.58,92.93,0.0,0.0,0.0,209.8,2.67,143.0,852.84,
2005,1,22,4,-10.74,91.96,0.0,0.0,0.0,213.45,2.64,138.0,853.03,
2005,1,22,5,-10.91,90.99,0.0,0.0,0.0,217.1,2.62,134.0,853.23,
2005,1,22,6,-9.44,91.32,0.0,0.0,0.0,223.62,2.53,130.0,852.73,
2005,1,22,7,-7.98,91.66,0.0,0.0,0.0,230.13,2.45,126.0,852.23,
2005,1,22,8,-6.51,91.99,32.0,8.07,31.0,236.65,2.36,123.0,851.73,
2005,1,22,9,-4.42,87.65,53.0,0.0,53.0,250.95,2.39,129.0,850.4,
2005,1,22,10,-2.33,83.3,60.0,0.0,60.0,265.25,2.42,134.0,849.06,
2005,1,22,11,-0.25,78.96,65.0,0.0,65.0,279.55,2.46,140.0,847.73,
2005,1,22,12,-0.4,79.82,64.0,0.0,64.0,284.78,2.33,139.0,846.71,
2005,1,22,13,-0.56,80.68,63.0,0.0,63.0,290.02,2.2,138.0,845.68,
2005,1,22,14,-0.72,81.54,42.0,0.0,42.0,295.25,2.07,137.0,844.65,
2005,1,22,15,-1.14,84.05,31.0,0.0,31.0,295.22,2.31,127.0,844.1,
2005,1,22,16,-1.56,86.56,26.0,0.0,26.0,295.18,2.56,116.0,843.54,
2005,1,22,17,-1.98,89.07,2.0,0.0,2.0,295.15,2.8,105.0,842.99,
2005,1,22,18,-2.15,90.77,0.0,0.0,0.0,296.32,2.66,106.0,842.26,
2005,1,22,19,-2.32,92.47,0.0,0.0,0.0,297.48,2.52,107.0,841.54,
2005,1,22,20,-2.49,94.17,0.0,0.0,0.0,298.65,2.39,108.0,840.82,
2005,1,22,21,-2.51,95.07,0.0,0.0,0.0,299.38,2.0,118.0,840.21,
2005,1,22,22,-2.54,95.96,0.0,0.0,0.0,300.12,1.6,129.0,839.6,
2005,1,22,23,-2.56,96.86,0.0,0.0,0.0,300.85,1.21,140.0,838.99,
2005,1,23,0,-2.6,96.81,0.0,0.0,0.0,301.6,1.17,168.0,838.63,
2005,1,23,1,-2.64,96.75,0.0,0.0,0.0,302.35,1.13,196.0,838.27,
2005,1,23,2,-2.68,96.7,0.0,0.0,0.0,303.1,1.09,224.0,837.91,
2005,1,23,3,-2.57,96.29,0.0,0.0,0.0,303.65,1.13,216.0,838.21,
2005,1,23,4,-2.45,95.88,0.0,0.0,0.0,304.2,1.16,208.0,838.52,
2005,1,23,5,-2.34,95.47,0.0,0.0,0.0,304.75,1.2,200.0,838.82,
2005,1,23,6,-1.89,94.43,0.0,0.0,0.0,304.98,1.56,216.0,839.41,
2005,1,23,7,-1.45,93.39,0.0,0.0,0.0,305.22,1.93,233.0,839.99,
2005,1,23,8,-1.0,92.35,34.0,7.94,33.0,305.45,2.29,249.0,840.57,
2005,1,23,9,-0.49,88.6,111.0,13.84,107.0,305.72,3.06,248.0,840.29,
2005,1,23,10,0.02,84.84,321.0,313.06,190.0,305.98,3.83,247.0,840.02,
2005,1,23,11,0.52,81.09,492.0,680.28,148.0,306.25,4.61,246.0,839.74,
2005,1,23,12,0.69,80.44,514.0,593.05,191.0,307.25,5.13,245.0,839.38,
2005,1,23,13,0.86,79.78,503.0,591.33,188.0,308.25,5.66,243.0,839.02,
2005,1,23,14,1.03,79.13,431.0,543.92,175.0,309.25,6.18,241.0,838.66,
2005,1,23,15,0.37,81.84,325.0,540.31,129.0,300.1,5.37,237.0,839.71,
2005,1,23,16,-0.3,84.56,186.0,540.83,69.0,290.95,4.55,233.0,840.77,
2005,1,23,17,-0.97,87.27,13.0,0.0,13.0,281.8,3.74,229.0,841.82,
2005,1,23,18,-1.04,90.24,0.0,0.0,0.0,285.9,3.82,225.0,842.26,
2005,1,23,19,-1.11,93.22,0.0,0.0,0.0,290.0,3.89,221.0,842.71,
2005,1,23,20,-1.18,96.19,0.0,0.0,0.0,294.1,3.97,217.0,843.15,
2005,1,23,21,-1.22,96.98,0.0,0.0,0.0,294.18,4.09,214.0,843.15,
2005,1,23,22,-1.25,97.77,0.0,0.0,0.0,294.27,4.21,211.0,843.15,
2005,1,23,23,-1.29,98.56,0.0,0.0,0.0,294.35,4.33,208.0,843.15,
2005,1,24,0,-1.5,97.18,0.0,0.0,0.0,294.42,4.4,203.0,842.93,
2005,1,24,1,-1.72,95.81,0.0,0.0,0.0,294.48,4.48,199.0,842.71,
2005,1,24,2,-1.93,94.43,0.0,0.0,0.0,294.55,4.55,194.0,842.49,
2005,1,24,3,-1.84,93.58,0.0,0.0,0.0,292.68,4.76,189.0,842.07,
2005,1,24,4,-1.76,92.73,0.0,0.0,0.0,290.82,4.97,184.0,841.65,
2005,1,24,5,-1.67,91.88,0.0,0.0,0.0,288.95,5.19,179.0,841.24,
2005,1,24,6,-1.05,91.99,0.0,0.0,0.0,290.35,5.75,181.0,840.77,
2005,1,24,7,-0.43,92.11,0.0,0.0,0.0,291.75,6.31,183.0,840.29,
2005,1,24,8,0.19,92.22,47.0,31.25,43.0,293.15,6.87,185.0,839.82,
2005,1,24,9,0.32,91.92,221.0,353.5,118.0,294.68,6.51,189.0,839.35,
2005,1,24,10,0.45,91.63,64.0,0.0,64.0,296.22,6.15,194.0,838.88,
2005,1,24,11,0.57,91.33,92.0,0.0,92.0,297.75,5.79,198.0,838.41,
2005,1,24,12,0.42,90.16,99.0,0.0,99.0,299.32,5.57,202.0,838.1,
2005,1,24,13,0.27,88.99,177.0,0.0,177.0,300.88,5.34,205.0,837.8,
2005,1,24,14,0.11,87.82,60.0,0.0,60.0,302.45,5.12,209.0,837.49,
2005,1,24,15,0.01,88.74,261.0,231.91,176.0,302.37,5.21,211.0,838.13,
2005,1,24,16,-0.1,89.65,42.0,0.0,42.0,302.28,5.31,213.0,838.77,
2005,1,24,17,-0.21,90.57,10.0,0.0,10.0,302.2,5.41,215.0,839.41,
2005,1,24,18,-0.53,90.96,0.0,0.0,0.0,303.62,6.06,222.0,840.13,
2005,1,24,19,-0.86,91.36,0.0,0.0,0.0,305.03,6.72,230.0,840.85,
2005,1,24,20,-1.19,91.75,0.0,0.0,0.0,306.45,7.38,237.0,841.57,
2005,1,24,21,-1.39,92.8,0.0,0.0,0.0,300.95,6.55,238.0,842.1,
2005,1,24,22,-1.58,93.85,0.0,0.0,0.0,295.45,5.72,239.0,842.63,
2005,1,24,23,-1.78,94.9,0.0,0.0,0.0,289.95,4.9,240.0,843.15,
2005,1,25,0,-1.98,94.19,0.0,0.0,0.0,286.82,4.28,242.0,844.04,
2005,1,25,1,-2.17,93.48,0.0,0.0,0.0,283.68,3.66,244.0,844.93,
2005,1,25,2,-2.37,92.77,0.0,0.0,0.0,280.55,3.03,245.0,845.82,
2005,1,25,3,-2.27,93.27,0.0,0.0,0.0,277.42,2.85,247.0,846.71,
2005,1,25,4,-2.17,93.77,0.0,0.0,0.0,274.28,2.67,248.0,847.59,
2005,1,25,5,-2.07,94.27,0.0,0.0,0.0,271.15,2.48,249.0,848.48,
2005,1,25,6,-1.69,93.41,0.0,0.0,0.0,269.75,2.26,248.0,849.62,
2005,1,25,7,-1.3,92.54,0.0,0.0,0.0,268.35,2.03,246.0,850.76,
2005,1,25,8,-0.92,91.68,93.0,445.51,35.0,266.95,1.81,244.0,851.9,
2005,1,25,9,-0.4,88.28,268.0,663.45,73.0,261.48,1.72,254.0,851.92,
2005,1,25,10,0.12,84.89,418.0,754.44,98.0,256.02,1.63,264.0,851.95,
2005,1,25,11,0.64,81.49,540.0,892.53,83.0,250.55,1.54,275.0,851.98,
2005,1,25,12,0.94,77.9,592.0,921.06,84.0,236.57,1.37,273.0,851.53,
2005,1,25,13,1.24,74.31,568.0,853.71,107.0,222.58,1.2,272.0,851.09,
2005,1,25,14,1.53,70.72,499.0,851.12,92.0,208.6,1.02,271.0,850.65,
2005,1,25,15,0.7,69.92,360.0,707.46,98.0,201.92,0.9,275.0,851.37,
2005,1,25,16,-0.13,69.13,201.0,625.61,61.0,195.23,0.78,279.0,852.09,
2005,1,25,17,-0.96,68.33,13.0,0.0,13.0,188.55,0.66,282.0,852.81,
2005,1,25,18,-2.15,73.07,0.0,0.0,0.0,188.63,0.63,241.0,853.09,
2005,1,25,19,-3.34,77.8,0.0,0.0,0.0,188.72,0.6,199.0,853.37,
2005,1,25,20,-4.53,82.54,0.0,0.0,0.0,188.8,0.57,158.0,853.64,
2005,1,25,21,-6.33,84.2,0.0,0.0,0.0,188.07,0.95,149.0,853.67,
2005,1,25,22,-8.14,85.87,0.0,0.0,0.0,187.33,1.33,141.0,853.7,
2005,1,25,23,-9.94,87.53,0.0,0.0,0.0,186.6,1.71,133.0,853.73,
2005,1,26,0,-11.16,87.57,0.0,0.0,0.0,186.45,1.8,131.0,853.84,
2005,1,26,1,-12.37,87.61,0.0,0.0,0.0,186.3,1.89,128.0,853.95,
2005,1,26,2,-13.59,87.65,0.0,0.0,0.0,186.15,1.99,126.0,854.06,
2005,1,26,3,-14.17,88.14,0.0,0.0,0.0,186.02,1.9,127.0,854.45,
2005,1,26,4,-14.75,88.64,0.0,0.0,0.0,185.88,1.82,128.0,854.84,
2005,1,26,5,-15.33,89.13,0.0,0.0,0.0,185.75,1.74,128.0,855.23,
2005,1,26,6,-13.23,85.02,0.0,0.0,0.0,186.85,1.74,125.0,855.42,
2005,1,26,7,-11.13,80.9,0.0,0.0,0.0,187.95,1.74,121.0,855.61,
2005,1,26,8,-9.03,76.79,90.0,377.43,40.0,189.05,1.74,118.0,855.81,
2005,1,26,9,-6.43,76.71,265.0,617.07,82.0,191.03,1.63,124.0,855.39,
2005,1,26,10,-3.83,76.63,395.0,608.69,135.0,193.02,1.52,131.0,854.98,
2005,1,26,11,-1.24,76.55,367.0,213.46,257.0,195.0,1.41,137.0,854.56,
2005,1,26,12,-0.57,73.15,460.0,371.1,254.0,195.23,1.44,149.0,853.51,
2005,1,26,13,0.1,69.75,489.0,496.55,219.0,195.47,1.48,162.0,852.45,
2005,1,26,14,0.76,66.35,446.0,560.11,176.0,195.7,1.52,174.0,851.4,
2005,1,26,15,-0.66,69.28,276.0,261.89,178.0,198.37,1.6,165.0,851.81,
2005,1,26,16,-2.08,72.2,151.0,206.54,104.0,201.03,1.69,157.0,852.23,
2005,1,26,17,-3.5,75.13,18.0,0.0,18.0,203.7,1.78,148.0,852.64,
2005,1,26,18,-4.98,76.76,0.0,0.0,0.0,207.28,1.93,142.0,852.48,
2005,1,26,19,-6.46,78.4,0.0,0.0,0.0,210.87,2.07,136.0,852.31,
2005,1,26,20,-7.94,80.03,0.0,0.0,0.0,214.45,2.22,130.0,852.15,
2005,1,26,21,-8.53,79.55,0.0,0.0,0.0,213.37,2.21,130.0,852.03,
2005,1,26,22,-9.11,79.06,0.0,0.0,0.0,212.28,2.2,129.0,851.92,
2005,1,26,23,-9.7,78.58,0.0,0.0,0.0,211.2,2.19,129.0,851.81,
2005,1,27,0,-9.88,77.0,0.0,0.0,0.0,208.25,2.16,132.0,851.76,
2005,1,27,1,-10.07,75.43,0.0,0.0,0.0,205.3,2.12,135.0,851.7,
2005,1,27,2,-10.25,73.85,0.0,0.0,0.0,202.35,2.08,138.0,851.65,
2005,1,27,3,-11.17,73.05,0.0,0.0,0.0,197.8,2.06,136.0,852.17,
2005,1,27,4,-12.09,72.26,0.0,0.0,0.0,193.25,2.05,135.0,852.7,
2005,1,27,5,-13.01,71.46,0.0,0.0,0.0,188.7,2.03,133.0,853.23,
2005,1,27,6,-11.91,70.15,0.0,0.0,0.0,188.08,1.91,129.0,853.37,
2005,1,27,7,-10.82,68.84,0.0,0.0,0.0,187.47,1.79,126.0,853.51,
2005,1,27,8,-9.72,67.53,33.0,0.0,33.0,186.85,1.67,122.0,853.64,
2005,1,27,9,-6.15,62.66,62.0,0.0,62.0,188.0,1.56,128.0,853.17,
2005,1,27,10,-2.58,57.78,71.0,0.0,71.0,189.15,1.46,134.0,852.7,
2005,1,27,11,0.98,52.91,72.0,0.0,72.0,190.3,1.35,140.0,852.23,
2005,1,27,12,1.86,53.97,137.0,0.0,137.0,190.78,1.27,141.0,851.26,
2005,1,27,13,2.73,55.03,196.0,3.65,194.0,191.27,1.2,143.0,850.29,
2005,1,27,14,3.6,56.09,136.0,0.0,136.0,191.75,1.12,144.0,849.31,
2005,1,27,15,2.17,54.63,162.0,18.51,155.0,190.65,1.11,144.0,849.92,
2005,1,27,16,0.73,53.18,72.0,4.32,71.0,189.55,1.1,144.0,850.54,
2005,1,27,17,-0.71,51.72,5.0,0.0,5.0,188.45,1.09,144.0,851.15,
2005,1,27,18,-3.23,56.27,0.0,0.0,0.0,191.15,1.41,131.0,851.2,
2005,1,27,19,-5.76,60.82,0.0,0.0,0.0,193.85,1.73,119.0,851.26,
2005,1,27,20,-8.29,65.37,0.0,0.0,0.0,196.55,2.06,107.0,851.31,
2005,1,27,21,-9.77,66.64,0.0,0.0,0.0,194.35,2.13,105.0,851.31,
2005,1,27,22,-11.24,67.91,0.0,0.0,0.0,192.15,2.21,104.0,851.31,
2005,1,27,23,-12.72,69.18,0.0,0.0,0.0,189.95,2.29,102.0,851.31,
2005,1,28,0,-13.6,69.2,0.0,0.0,0.0,189.18,2.26,102.0,851.45,
2005,1,28,1,-14.47,69.21,0.0,0.0,0.0,188.42,2.23,102.0,851.59,
2005,1,28,2,-15.35,69.23,0.0,0.0,0.0,187.65,2.19,102.0,851.73,
2005,1,28,3,-15.32,67.02,0.0,0.0,0.0,186.0,2.01,102.0,852.26,
2005,1,28,4,-15.29,64.81,0.0,0.0,0.0,184.35,1.83,102.0,852.78,
2005,1,28,5,-15.26,62.6,0.0,0.0,0.0,182.7,1.66,101.0,853.31,
2005,1,28,6,-13.82,62.9,0.0,0.0,0.0,183.6,1.54,102.0,853.42,
2005,1,28,7,-12.38,63.21,0.0,0.0,0.0,184.5,1.43,104.0,853.53,
2005,1,28,8,-10.94,63.51,35.0,0.0,35.0,185.4,1.31,105.0,853.64,
2005,1,28,9,-7.16,59.33,50.0,0.0,50.0,187.63,1.18,113.0,853.2,
2005,1,28,10,-3.39,55.15,65.0,0.0,65.0,189.87,1.04,120.0,852.76,
2005,1,28,11,0.38,50.97,71.0,0.0,71.0,192.1,0.91,128.0,852.31,
2005,1,28,12,1.5,49.18,92.0,0.0,92.0,192.4,0.76,132.0,851.34,
2005,1,28,13,2.61,47.38,78.0,0.0,78.0,192.7,0.61,135.0,850.37,
2005,1,28,14,3.72,45.59,92.0,0.0,92.0,193.0,0.46,139.0,849.4,
2005,1,28,15,2.06,44.69,113.0,0.0,113.0,192.12,0.58,103.0,850.23,
2005,1,28,16,0.39,43.78,82.0,8.5,80.0,191.23,0.7,67.0,851.06,
2005,1,28,17,-1.28,42.88,21.0,0.0,21.0,190.35,0.83,31.0,851.9,
2005,1,28,18,-2.87,45.28,0.0,0.0,0.0,190.32,0.89,44.0,851.95,
2005,1,28,19,-4.46,47.67,0.0,0.0,0.0,190.28,0.95,58.0,852.01,
2005,1,28,20,-6.05,50.07,0.0,0.0,0.0,190.25,1.01,71.0,852.06,
2005,1,28,21,-7.34,51.74,0.0,0.0,0.0,189.6,1.09,81.0,852.03,
2005,1,28,22,-8.62,53.42,0.0,0.0,0.0,188.95,1.17,92.0,852.01,
2005,1,28,23,-9.91,55.09,0.0,0.0,0.0,188.3,1.26,102.0,851.98,
2005,1,29,0,-10.93,57.61,0.0,0.0,0.0,188.43,1.42,106.0,851.87,
2005,1,29,1,-11.96,60.12,0.0,0.0,0.0,188.57,1.59,109.0,851.76,
2005,1,29,2,-12.98,62.64,0.0,0.0,0.0,188.7,1.75,112.0,851.65,
2005,1,29,3,-13.22,62.5,0.0,0.0,0.0,189.72,1.67,110.0,852.4,
2005,1,29,4,-13.46,62.35,0.0,0.0,0.0,190.73,1.6,108.0,853.14,
2005,1,29,5,-13.7,62.21,0.0,0.0,0.0,191.75,1.52,105.0,853.89,
2005,1,29,6,-12.13,64.74,0.0,0.0,0.0,193.62,1.48,112.0,853.84,
2005,1,29,7,-10.57,67.28,0.0,0.0,0.0,195.48,1.43,119.0,853.78,
2005,1,29,8,-9.0,69.81,38.0,7.15,37.0,197.35,1.39,126.0,853.73,
2005,1,29,9,-4.95,65.85,55.0,0.0,55.0,201.38,1.3,141.0,853.09,
2005,1,29,10,-0.9,61.9,89.0,0.0,89.0,205.42,1.2,156.0,852.45,
2005,1,29,11,3.14,57.94,106.0,0.0,106.0,209.45,1.1,171.0,851.81,
2005,1,29,12,3.64,59.52,161.0,0.0,161.0,209.43,1.31,182.0,850.84,
2005,1,29,13,4.13,61.11,240.0,14.4,232.0,209.42,1.52,193.0,849.87,
2005,1,29,14,4.62,62.69,125.0,0.0,125.0,209.4,1.72,205.0,848.9,
2005,1,29,15,2.63,63.34,228.0,106.2,187.0,207.43,1.83,202.0,849.56,
2005,1,29,16,0.63,63.99,86.0,8.36,84.0,205.47,1.94,200.0,850.23,
2005,1,29,17,-1.37,64.64,3.0,0.0,3.0,203.5,2.04,198.0,850.9,
2005,1,29,18,-2.33,65.94,0.0,0.0,0.0,203.98,2.29,195.0,850.56,
2005,1,29,19,-3.3,67.24,0.0,0.0,0.0,204.47,2.53,193.0,850.23,
2005,1,29,20,-4.26,68.54,0.0,0.0,0.0,204.95,2.77,190.0,849.9,
2005,1,29,21,-4.34,68.15,0.0,0.0,0.0,205.07,2.87,192.0,849.81,
2005,1,29,22,-4.43,67.76,0.0,0.0,0.0,205.18,2.97,194.0,849.73,
2005,1,29,23,-4.51,67.37,0.0,0.0,0.0,205.3,3.06,195.0,849.65,
2005,1,30,0,-4.75,66.96,0.0,0.0,0.0,204.43,3.1,197.0,849.56,
2005,1,30,1,-4.99,66.55,0.0,0.0,0.0,203.57,3.14,198.0,849.48,
2005,1,30,2,-5.23,66.14,0.0,0.0,0.0,202.7,3.17,200.0,849.4,
2005,1,30,3,-5.51,64.77,0.0,0.0,0.0,202.07,3.14,199.0,849.59,
2005,1,30,4,-5.79,63.41,0.0,0.0,0.0,201.43,3.12,199.0,849.79,
2005,1,30,5,-6.07,62.04,0.0,0.0,0.0,200.8,3.09,198.0,849.98,
2005,1,30,6,-4.61,61.79,0.0,0.0,0.0,203.43,3.03,196.0,849.98,
2005,1,30,7,-3.16,61.54,0.0,0.0,0.0,206.07,2.98,194.0,849.98,
2005,1,30,8,-1.7,61.29,35.0,0.0,35.0,208.7,2.92,192.0,849.98,
2005,1,30,9,0.07,60.97,115.0,12.98,111.0,215.28,3.0,195.0,849.45,
2005,1,30,10,1.83,60.65,128.0,0.0,128.0,221.87,3.07,197.0,848.93,
2005,1,30,11,3.59,60.33,62.0,0.0,62.0,228.45,3.14,200.0,848.4,
2005,1,30,12,3.78,61.57,68.0,0.0,68.0,235.5,3.14,199.0,847.51,
2005,1,30,13,3.97,62.82,87.0,0.0,87.0,242.55,3.13,198.0,846.62,
2005,1,30,14,4.16,64.06,95.0,0.0,95.0,249.6,3.12,196.0,845.73,
2005,1,30,15,2.56,65.48,48.0,0.0,48.0,241.9,3.4,192.0,845.96,
2005,1,30,16,0.96,66.89,189.0,370.33,99.0,234.2,3.69,187.0,846.18,
2005,1,30,17,-0.64,68.31,6.0,0.0,6.0,226.5,3.97,182.0,846.4,
2005,1,30,18,-0.78,67.8,0.0,0.0,0.0,223.17,4.03,187.0,846.15,
2005,1,30,19,-0.93,67.28,0.0,0.0,0.0,219.83,4.09,191.0,845.9,
2005,1,30,20,-1.07,66.77,0.0,0.0,0.0,216.5,4.15,195.0,845.65,
2005,1,30,21,-1.39,66.14,0.0,0.0,0.0,214.08,4.22,200.0,845.48,
2005,1,30,22,-1.72,65.52,0.0,0.0,0.0,211.67,4.29,205.0,845.32,
2005,1,30,23,-2.04,64.89,0.0,0.0,0.0,209.25,4.36,209.0,845.15,
2005,1,31,0,-2.26,65.12,0.0,0.0,0.0,206.5,4.29,212.0,845.12,
2005,1,31,1,-2.47,65.36,0.0,0.0,0.0,203.75,4.22,214.0,845.1,
2005,1,31,2,-2.69,65.59,0.0,0.0,0.0,201.0,4.15,217.0,845.07,
2005,1,31,3,-2.85,65.91,0.0,0.0,0.0,202.12,3.88,210.0,845.29,
2005,1,31,4,-3.0,66.22,0.0,0.0,0.0,203.23,3.6,202.0,845.51,
2005,1,31,5,-3.16,66.54,0.0,0.0,0.0,204.35,3.32,195.0,845.73,
2005,1,31,6,-1.89,65.81,0.0,0.0,0.0,207.6,3.35,189.0,845.68,
2005,1,31,7,-0.61,65.07,0.0,0.0,0.0,210.85,3.38,183.0,845.62,
2005,1,31,8,0.66,64.34,77.0,144.45,56.0,214.1,3.41,177.0,845.57,
2005,1,31,9,2.17,61.2,151.0,51.42,135.0,222.7,3.77,183.0,844.68,
2005,1,31,10,3.68,58.07,150.0,2.26,149.0,231.3,4.12,189.0,843.79,
2005,1,31,11,5.18,54.93,206.0,7.5,202.0,239.9,4.48,195.0,842.9,
2005,1,31,12,5.0,58.01,265.0,22.65,252.0,247.67,4.86,200.0,842.04,
2005,1,31,13,4.81,61.1,286.0,40.82,263.0,255.43,5.23,204.0,841.18,
2005,1,31,14,4.62,64.18,271.0,59.75,241.0,263.2,5.6,208.0,840.32,
2005,1,31,15,3.93,68.8,258.0,159.84,195.0,267.57,5.32,206.0,840.99,
2005,1,31,16,3.24,73.42,162.0,198.41,113.0,271.93,5.04,204.0,841.65,
2005,1,31,17,2.54,78.04,19.0,0.0,19.0,276.3,4.76,203.0,842.32,
2005,1,31,18,2.6,81.97,0.0,0.0,0.0,277.3,5.18,204.0,841.96,
2005,1,31,19,2.37,96.58,0.0,0.0,0.0,296.93,5.92,205.0,841.6,
2005,1,31,20,2.06,94.44,0.0,0.0,0.0,291.73,5.94,206.0,841.24,
2005,1,31,21,1.76,92.3,0.0,0.0,0.0,286.54,5.96,207.0,840.6,
2005,1,31,22,1.46,90.17,0.0,0.0,0.0,281.34,5.98,209.0,839.96,
2005,1,31,23,1.16,88.03,0.0,0.0,0.0,276.15,5.99,211.0,839.32,
2006,2,1,0,0.86,85.9,0.0,0.0,0.0,270.95,6.01,211.0,839.04,
2006,2,1,1,0.56,83.76,0.0,0.0,0.0,265.76,6.03,212.0,838.77,
2006,2,1,2,0.26,81.62,0.0,0.0,0.0,260.56,6.05,212.0,838.49,
2006,2,1,3,-0.05,79.49,0.0,0.0,0.0,255.37,6.06,221.0,849.7,
2006,2,1,4,-0.35,77.35,0.0,0.0,0.0,250.17,6.08,224.0,849.76,
2006,2,1,5,-0.65,75.22,0.0,0.0,0.0,244.98,6.1,226.0,849.81,
2006,2,1,6,-0.95,73.08,0.0,0.0,0.0,239.78,6.12,228.0,849.95,
2006,2,1,7,-1.25,70.94,0.0,0.0,0.0,234.59,6.13,231.0,850.09,
2006,2,1,8,-1.55,68.81,43.0,6.75,42.0,229.39,6.15,233.0,850.23,
2006,2,1,9,-1.85,66.67,125.0,19.08,119.0,224.2,6.17,236.0,849.56,
2006,2,1,10,-2.16,64.54,213.0,35.8,197.0,219.0,6.19,239.0,848.9,
2006,2,1,11,2.58,51.66,538.0,750.71,135.0,241.6,8.01,242.0,848.23,
2006,2,1,12,2.58,50.79,505.0,451.59,244.0,241.47,8.23,244.0,847.82,
2006,2,1,13,2.59,49.93,569.0,729.5,155.0,241.33,8.46,246.0,847.4,
2006,2,1,14,2.6,49.06,511.0,760.55,126.0,241.2,8.68,247.0,846.98,
2006,2,1,15,1.32,58.29,384.0,685.53,111.0,233.52,6.93,240.0,848.01,
2006,2,1,16,0.03,67.53,218.0,545.96,81.0,225.83,5.18,233.0,849.04,
2006,2,1,17,-1.25,76.76,27.0,0.0,27.0,218.15,3.43,225.0,850.06,
2006,2,1,18,-1.85,80.84,0.0,0.0,0.0,215.75,3.41,219.0,850.51,
2006,2,1,19,-2.45,84.91,0.0,0.0,0.0,213.35,3.38,212.0,850.95,
2006,2,1,20,-3.04,88.99,0.0,0.0,0.0,210.95,3.35,206.0,851.4,
2006,2,1,21,-3.14,89.73,0.0,0.0,0.0,207.37,3.32,206.0,851.78,
2006,2,1,22,-3.23,90.46,0.0,0.0,0.0,203.78,3.3,206.0,852.17,
2006,2,1,23,-3.32,91.2,0.0,0.0,0.0,200.2,3.27,206.0,852.56,
2006,2,2,0,-3.42,91.12,0.0,0.0,0.0,199.95,3.21,205.0,852.64,
2006,2,2,1,-3.52,91.05,0.0,0.0,0.0,199.7,3.16,203.0,852.73,
2006,2,2,2,-3.63,90.97,0.0,0.0,0.0,199.45,3.1,202.0,852.81,
2006,2,2,3,-3.44,89.98,0.0,0.0,0.0,204.22,3.06,201.0,853.17,
2006,2,2,4,-3.25,88.99,0.0,0.0,0.0,208.98,3.02,200.0,853.53,
2006,2,2,5,-3.07,88.0,0.0,0.0,0.0,213.75,2.98,199.0,853.89,
2006,2,2,6,-1.62,83.57,0.0,0.0,0.0,218.55,3.0,197.0,853.84,
2006,2,2,7,-0.18,79.15,0.0,0.0,0.0,223.35,3.02,194.0,853.78,
2006,2,2,8,1.27,74.72,40.0,6.61,39.0,228.15,3.03,192.0,853.73,
2006,2,2,9,2.94,68.3,164.0,72.4,141.0,241.02,3.58,198.0,852.64,
2006,2,2,10,4.62,61.88,283.0,139.84,220.0,253.88,4.13,203.0,851.56,
2006,2,2,11,6.3,55.46,163.0,0.0,163.0,266.75,4.68,209.0,850.48,
2006,2,2,12,6.4,54.96,107.0,0.0,107.0,267.92,5.22,215.0,849.7,
2006,2,2,13,6.5,54.46,100.0,0.0,100.0,269.08,5.77,222.0,848.93,
2006,2,2,14,6.6,53.96,251.0,37.23,232.0,270.25,6.32,228.0,848.15,
2006,2,2,15,5.39,60.28,99.0,0.0,99.0,271.22,5.35,220.0,848.68,
2006,2,2,16,4.19,66.6,131.0,70.61,113.0,272.18,4.38,213.0,849.2,
2006,2,2,17,2.98,72.92,25.0,0.0,25.0,273.15,3.41,205.0,849.73,
2006,2,2,18,2.55,78.2,0.0,0.0,0.0,281.17,3.37,196.0,850.01,
2006,2,2,19,2.12,83.49,0.0,0.0,0.0,289.18,3.32,187.0,850.29,
2006,2,2,20,1.7,88.77,0.0,0.0,0.0,297.2,3.28,179.0,850.56,
2006,2,2,21,1.9,90.99,0.0,0.0,0.0,296.05,3.13,176.0,850.26,
2006,2,2,22,2.1,93.21,0.0,0.0,0.0,294.9,2.97,174.0,849.95,
2006,2,2,23,2.3,95.43,0.0,0.0,0.0,293.75,2.81,171.0,849.65,
2006,2,3,0,2.49,94.94,0.0,0.0,0.0,297.82,3.12,172.0,848.45,
2006,2,3,1,2.68,94.46,0.0,0.0,0.0,301.88,3.42,172.0,847.26,
2006,2,3,2,2.86,93.97,0.0,0.0,0.0,305.95,3.72,173.0,846.07,
2006,2,3,3,2.67,95.04,0.0,0.0,0.0,309.1,4.0,169.0,845.93,
2006,2,3,4,2.47,96.11,0.0,0.0,0.0,312.25,4.28,166.0,845.79,
2006,2,3,5,2.27,97.18,0.0,0.0,0.0,315.4,4.55,163.0,845.65,
2006,2,3,6,2.88,97.58,0.0,0.0,0.0,319.45,4.81,161.0,845.21,
2006,2,3,7,3.49,97.99,0.0,0.0,0.0,323.5,5.07,158.0,844.76,
2006,2,3,8,4.1,98.39,28.0,0.0,28.0,327.55,5.32,156.0,844.32,
2006,2,3,9,4.16,98.9,37.0,0.0,37.0,328.83,5.01,155.0,843.37,
2006,2,3,10,4.22,99.41,55.0,0.0,55.0,330.12,4.69,153.0,842.43,
2006,2,3,11,4.28,99.92,105.0,0.0,105.0,331.4,4.37,152.0,841.49,
2006,2,3,12,3.94,99.83,76.0,0.0,76.0,333.82,3.94,161.0,840.74,
2006,2,3,13,3.61,99.73,65.0,0.0,65.0,336.23,3.52,170.0,839.99,
2006,2,3,14,3.28,99.64,78.0,0.0,78.0,338.65,3.09,179.0,839.24,
2006,2,3,15,3.75,99.5,48.0,0.0,48.0,336.72,3.54,180.0,839.6,
2006,2,3,16,4.21,99.37,27.0,0.0,27.0,334.78,4.0,180.0,839.96,
2006,2,3,17,4.68,99.23,14.0,0.0,14.0,332.85,4.46,181.0,840.32,
2006,2,3,18,4.63,98.88,0.0,0.0,0.0,333.88,4.46,177.0,839.91,
2006,2,3,19,4.58,98.52,0.0,0.0,0.0,334.92,4.46,173.0,839.49,
2006,2,3,20,4.53,98.17,0.0,0.0,0.0,335.95,4.46,169.0,839.07,
2006,2,3,21,4.52,98.63,0.0,0.0,0.0,335.02,4.17,162.0,838.55,
2006,2,3,22,4.52,99.09,0.0,0.0,0.0,334.08,3.89,155.0,838.02,
2006,2,3,23,4.52,99.55,0.0,0.0,0.0,333.15,3.6,147.0,837.49,
2006,2,4,0,4.37,99.57,0.0,0.0,0.0,333.2,3.72,141.0,836.94,
2006,2,4,1,4.23,99.58,0.0,0.0,0.0,333.25,3.84,134.0,836.38,
2006,2,4,2,4.08,99.6,0.0,0.0,0.0,333.3,3.96,128.0,835.83,
2006,2,4,3,4.92,99.12,0.0,0.0,0.0,334.2,5.37,148.0,835.16,
2006,2,4,4,5.76,98.65,0.0,0.0,0.0,335.1,6.79,169.0,834.49,
2006,2,4,5,6.6,98.17,0.0,0.0,0.0,336.0,8.21,189.0,833.83,
2006,2,4,6,6.62,97.29,0.0,0.0,0.0,334.57,8.15,197.0,834.3,
2006,2,4,7,6.63,96.4,0.0,0.0,0.0,333.13,8.09,204.0,834.77,
2006,2,4,8,6.65,95.52,22.0,0.0,22.0,331.7,8.03,212.0,835.24,
2006,2,4,9,6.42,94.27,75.0,0.0,75.0,330.17,8.44,211.0,835.66,
2006,2,4,10,6.2,93.01,157.0,2.18,156.0,328.63,8.86,211.0,836.08,
2006,2,4,11,5.98,91.76,199.0,3.65,197.0,327.1,9.27,211.0,836.49,
2006,2,4,12,5.52,93.2,96.0,0.0,96.0,321.9,9.03,212.0,836.99,
2006,2,4,13,5.07,94.65,129.0,0.0,129.0,316.7,8.78,212.0,837.49,
2006,2,4,14,4.62,96.09,448.0,437.5,221.0,311.5,8.54,212.0,837.99,
2006,2,4,15,4.21,96.59,122.0,0.0,122.0,310.52,7.7,217.0,839.85,
2006,2,4,16,3.8,97.1,40.0,0.0,40.0,309.53,6.86,221.0,841.71,
2006,2,4,17,3.39,97.6,17.0,0.0,17.0,308.55,6.01,226.0,843.57,
2006,2,4,18,2.95,98.28,0.0,0.0,0.0,312.53,5.55,227.0,844.57,
2006,2,4,19,2.52,98.95,0.0,0.0,0.0,316.52,5.09,228.0,845.57,
2006,2,4,20,2.09,99.63,0.0,0.0,0.0,320.5,4.63,229.0,846.57,
2006,2,4,21,1.96,99.74,0.0,0.0,0.0,315.48,4.22,227.0,847.12,
2006,2,4,22,1.83,99.85,0.0,0.0,0.0,310.47,3.81,225.0,847.68,
2006,2,4,23,1.7,99.96,0.0,0.0,0.0,305.45,3.39,223.0,848.23,
2006,2,5,0,1.62,99.9,0.0,0.0,0.0,306.2,3.33,220.0,848.54,
2006,2,5,1,1.54,99.84,0.0,0.0,0.0,306.95,3.26,217.0,848.84,
2006,2,5,2,1.45,99.78,0.0,0.0,0.0,307.7,3.2,214.0,849.15,
2006,2,5,3,1.17,99.35,0.0,0.0,0.0,304.92,3.09,211.0,849.87,
2006,2,5,4,0.89,98.92,0.0,0.0,0.0,302.13,2.98,209.0,850.59,
2006,2,5,5,0.6,98.49,0.0,0.0,0.0,299.35,2.87,207.0,851.31,
2006,2,5,6,1.13,96.51,0.0,0.0,0.0,298.45,3.07,206.0,851.62,
2006,2,5,7,1.67,94.53,0.0,0.0,0.0,297.55,3.27,206.0,851.92,
2006,2,5,8,2.2,92.55,71.0,62.26,61.0,296.65,3.48,205.0,852.23,
2006,2,5,9,2.88,85.24,220.0,219.49,148.0,287.35,3.54,209.0,851.73,
2006,2,5,10,3.57,77.94,367.0,353.02,204.0,278.05,3.6,213.0,851.23,
2006,2,5,11,4.26,70.63,451.0,360.13,252.0,268.75,3.67,217.0,850.73,
2006,2,5,12,4.62,66.62,480.0,334.78,281.0,259.58,3.55,221.0,849.95,
2006,2,5,13,4.98,62.62,485.0,371.34,268.0,250.42,3.44,224.0,849.18,
2006,2,5,14,5.34,58.61,461.0,470.24,215.0,241.25,3.32,228.0,848.4,
2006,2,5,15,4.03,63.15,405.0,708.62,111.0,232.52,2.73,228.0,849.06,
2006,2,5,16,2.73,67.7,238.0,584.28,82.0,223.78,2.14,228.0,849.73,
2006,2,5,17,1.42,72.24,55.0,245.7,33.0,215.05,1.54,228.0,850.4,
2006,2,5,18,0.13,76.89,0.0,0.0,0.0,211.92,1.52,211.0,850.59,
2006,2,5,19,-1.16,81.55,0.0,0.0,0.0,208.78,1.49,194.0,850.79,
2006,2,5,20,-2.45,86.2,0.0,0.0,0.0,205.65,1.46,177.0,850.98,
2006,2,5,21,-3.06,88.5,0.0,0.0,0.0,204.03,1.59,167.0,850.95,
2006,2,5,22,-3.66,90.79,0.0,0.0,0.0,202.42,1.72,157.0,850.92,
2006,2,5,23,-4.26,93.09,0.0,0.0,0.0,200.8,1.85,147.0,850.9,
2006,2,6,0,-4.43,93.7,0.0,0.0,0.0,199.73,1.99,149.0,850.87,
2006,2,6,1,-4.6,94.31,0.0,0.0,0.0,198.67,2.13,151.0,850.84,
2006,2,6,2,-4.77,94.92,0.0,0.0,0.0,197.6,2.28,154.0,850.81,
2006,2,6,3,-4.88,91.89,0.0,0.0,0.0,197.82,2.23,156.0,851.17,
2006,2,6,4,-5.0,88.86,0.0,0.0,0.0,198.03,2.19,158.0,851.53,
2006,2,6,5,-5.12,85.83,0.0,0.0,0.0,198.25,2.15,161.0,851.9,
2006,2,6,6,-2.81,85.58,0.0,0.0,0.0,199.38,2.11,158.0,851.9,
2006,2,6,7,-0.49,85.32,0.0,0.0,0.0,200.52,2.08,156.0,851.9,
2006,2,6,8,1.82,85.07,112.0,353.8,54.0,201.65,2.04,153.0,851.9,
2006,2,6,9,3.89,79.76,294.0,594.0,97.0,205.07,2.5,165.0,850.73,
2006,2,6,10,5.97,74.44,453.0,719.49,118.0,208.48,2.95,177.0,849.56,
2006,2,6,11,8.05,69.13,564.0,774.23,133.0,211.9,3.41,189.0,848.4,
2006,2,6,12,8.35,65.34,620.0,813.48,133.0,214.62,3.71,196.0,847.23,
2006,2,6,13,8.66,61.56,610.0,811.96,132.0,217.33,4.0,203.0,846.07,
2006,2,6,14,8.97,57.77,538.0,784.9,124.0,220.05,4.3,210.0,844.9,
2006,2,6,15,6.8,55.69,409.0,711.03,111.0,218.78,3.66,207.0,845.29,
2006,2,6,16,4.63,53.61,244.0,597.67,82.0,217.52,3.02,205.0,845.68,
2006,2,6,17,2.46,51.53,59.0,257.04,35.0,216.25,2.37,202.0,846.07,
2006,2,6,18,1.34,57.25,0.0,0.0,0.0,217.63,2.53,194.0,846.01,
2006,2,6,19,0.22,62.97,0.0,0.0,0.0,219.02,2.69,186.0,845.96,
2006,2,6,20,-0.89,68.69,0.0,0.0,0.0,220.4,2.86,178.0,845.9,
2006,2,6,21,-0.76,69.69,0.0,0.0,0.0,223.12,2.99,179.0,845.87,
2006,2,6,22,-0.63,70.69,0.0,0.0,0.0,225.83,3.12,180.0,845.84,
2006,2,6,23,-0.49,71.69,0.0,0.0,0.0,228.55,3.26,181.0,845.82,
2006,2,7,0,-0.09,71.72,0.0,0.0,0.0,240.05,3.27,184.0,845.73,
2006,2,7,1,0.31,71.74,0.0,0.0,0.0,251.55,3.28,188.0,845.65,
2006,2,7,2,0.71,71.77,0.0,0.0,0.0,263.05,3.3,191.0,845.57,
2006,2,7,3,0.52,70.37,0.0,0.0,0.0,269.07,3.07,185.0,845.6,
2006,2,7,4,0.33,68.98,0.0,0.0,0.0,275.08,2.85,178.0,845.62,
2006,2,7,5,0.14,67.58,0.0,0.0,0.0,281.1,2.62,172.0,845.65,
2006,2,7,6,1.05,72.49,0.0,0.0,0.0,287.92,2.92,167.0,845.9,
2006,2,7,7,1.97,77.39,0.0,0.0,0.0,294.73,3.23,162.0,846.15,
2006,2,7,8,2.88,82.3,73.0,59.76,63.0,301.55,3.53,157.0,846.4,
2006,2,7,9,4.05,85.11,155.0,41.75,141.0,305.73,4.06,168.0,845.62,
2006,2,7,10,5.22,87.91,279.0,106.48,229.0,309.92,4.59,180.0,844.85,
2006,2,7,11,6.4,90.72,321.0,80.24,276.0,314.1,5.12,191.0,844.07,
2006,2,7,12,6.52,91.54,579.0,626.91,201.0,319.95,4.97,196.0,843.29,
2006,2,7,13,6.64,92.36,497.0,382.76,270.0,325.8,4.83,201.0,842.51,
2006,2,7,14,6.76,93.18,302.0,77.1,261.0,331.65,4.69,207.0,841.74,
2006,2,7,15,6.15,94.12,383.0,548.01,151.0,326.27,4.18,205.0,842.51,
2006,2,7,16,5.53,95.05,172.0,156.29,129.0,320.88,3.67,204.0,843.29,
2006,2,7,17,4.92,95.99,31.0,10.29,30.0,315.5,3.16,203.0,844.07,
2006,2,7,18,4.68,96.78,0.0,0.0,0.0,313.45,3.22,202.0,844.26,
2006,2,7,19,4.44,97.57,0.0,0.0,0.0,311.4,3.28,202.0,844.46,
2006,2,7,20,4.2,98.36,0.0,0.0,0.0,309.35,3.34,201.0,844.65,
2006,2,7,21,4.2,98.61,0.0,0.0,0.0,314.58,3.19,198.0,844.43,
2006,2,7,22,4.21,98.87,0.0,0.0,0.0,319.82,3.04,194.0,844.21,
2006,2,7,23,4.22,99.12,0.0,0.0,0.0,325.05,2.9,191.0,843.99,
2006,2,8,0,4.24,99.09,0.0,0.0,0.0,326.87,3.06,187.0,843.79,
2006,2,8,1,4.26,99.05,0.0,0.0,0.0,328.68,3.23,183.0,843.6,
2006,2,8,2,4.28,99.02,0.0,0.0,0.0,330.5,3.39,179.0,843.4,
2006,2,8,3,4.37,98.44,0.0,0.0,0.0,327.1,3.51,177.0,843.32,
2006,2,8,4,4.46,97.87,0.0,0.0,0.0,323.7,3.62,175.0,843.24,
2006,2,8,5,4.55,97.29,0.0,0.0,0.0,320.3,3.74,173.0,843.15,
2006,2,8,6,5.17,97.94,0.0,0.0,0.0,319.42,4.01,179.0,843.37,
2006,2,8,7,5.78,98.58,0.0,0.0,0.0,318.53,4.28,186.0,843.6,
2006,2,8,8,6.4,99.23,17.0,0.0,17.0,317.65,4.55,192.0,843.82,
2006,2,8,9,6.89,98.54,86.0,0.0,86.0,316.27,4.82,199.0,843.49,
2006,2,8,10,7.39,97.86,110.0,0.0,110.0,314.88,5.09,207.0,843.15,
2006,2,8,11,7.89,97.17,96.0,0.0,96.0,313.5,5.37,215.0,842.82,
2006,2,8,12,7.89,94.19,79.0,0.0,79.0,314.82,5.24,216.0,842.21,
2006,2,8,13,7.89,91.2,124.0,0.0,124.0,316.13,5.12,217.0,841.6,
2006,2,8,14,7.89,88.22,69.0,0.0,69.0,317.45,4.99,219.0,840.99,
2006,2,8,15,7.1,91.51,111.0,0.0,111.0,307.5,4.06,207.0,841.4,
2006,2,8,16,6.3,94.79,67.0,0.0,67.0,297.55,3.14,195.0,841.82,
2006,2,8,17,5.51,98.08,6.0,0.0,6.0,287.6,2.21,183.0,842.24,
2006,2,8,18,5.28,98.53,0.0,0.0,0.0,295.58,2.2,176.0,842.01,
2006,2,8,19,5.05,98.99,0.0,0.0,0.0,303.57,2.19,170.0,841.79,
2006,2,8,20,4.83,99.44,0.0,0.0,0.0,311.55,2.18,163.0,841.57,
2006,2,8,21,5.16,99.1,0.0,0.0,0.0,316.72,2.57,156.0,840.6,
2006,2,8,22,5.5,98.75,0.0,0.0,0.0,321.88,2.95,150.0,839.63,
2006,2,8,23,5.84,98.41,0.0,0.0,0.0,327.05,3.34,143.0,838.66,
2006,2,9,0,6.28,98.44,0.0,0.0,0.0,329.0,4.37,152.0,837.32,
2006,2,9,1,6.73,98.48,0.0,0.0,0.0,330.95,5.41,160.0,835.99,
2006,2,9,2,7.17,98.51,0.0,0.0,0.0,332.9,6.44,169.0,834.66,
2006,2,9,3,7.08,98.62,0.0,0.0,0.0,330.9,6.68,175.0,834.33,
2006,2,9,4,6.99,98.74,0.0,0.0,0.0,328.9,6.92,180.0,833.99,
2006,2,9,5,6.9,98.85,0.0,0.0,0.0,326.9,7.16,185.0,833.66,
2006,2,9,6,7.32,98.23,0.0,0.0,0.0,328.82,7.87,183.0,832.16,
2006,2,9,7,7.74,97.6,0.0,0.0,0.0,330.73,8.57,181.0,830.66,
2006,2,9,8,8.16,96.98,27.0,0.0,27.0,332.65,9.28,179.0,829.16,
2006,2,9,9,6.26,94.22,271.0,393.63,136.0,332.92,9.84,197.0,831.61,
2006,2,9,10,4.36,91.46,49.0,0.0,49.0,333.18,10.4,215.0,834.05,
2006,2,9,11,2.47,88.7,404.0,209.02,285.0,333.45,10.95,234.0,836.49,
2006,2,9,12,2.59,83.01,549.0,492.08,248.0,312.0,10.18,232.0,837.16,
2006,2,9,13,2.72,77.32,615.0,770.93,151.0,290.55,9.42,230.0,837.82,
2006,2,9,14,2.84,71.63,557.0,806.6,121.0,269.1,8.65,228.0,838.49,
2006,2,9,15,2.36,75.68,426.0,731.68,110.0,266.7,8.34,229.0,839.57,
2006,2,9,16,1.89,79.74,252.0,575.38,89.0,264.3,8.03,229.0,840.65,
2006,2,9,17,1.41,83.79,70.0,305.04,38.0,261.9,7.72,230.0,841.74,
2006,2,9,18,1.16,85.95,0.0,0.0,0.0,269.23,7.68,230.0,842.54,
2006,2,9,19,0.92,88.12,0.0,0.0,0.0,276.57,7.63,231.0,843.35,
2006,2,9,20,0.68,90.28,0.0,0.0,0.0,283.9,7.59,231.0,844.15,
2006,2,9,21,0.68,89.96,0.0,0.0,0.0,286.65,7.73,231.0,844.65,
2006,2,9,22,0.68,89.65,0.0,0.0,0.0,289.4,7.87,230.0,845.15,
2006,2,9,23,0.68,89.33,0.0,0.0,0.0,292.15,8.01,230.0,845.65,
2006,2,10,0,0.58,89.77,0.0,0.0,0.0,294.12,7.88,229.0,846.18,
2006,2,10,1,0.49,90.2,0.0,0.0,0.0,296.08,7.74,229.0,846.71,
2006,2,10,2,0.39,90.64,0.0,0.0,0.0,298.05,7.6,228.0,847.23,
2006,2,10,3,0.29,91.44,0.0,0.0,0.0,295.73,7.16,229.0,847.65,
2006,2,10,4,0.19,92.24,0.0,0.0,0.0,293.42,6.73,230.0,848.07,
2006,2,10,5,0.08,93.04,0.0,0.0,0.0,291.1,6.29,232.0,848.48,
2006,2,10,6,0.69,93.13,0.0,0.0,0.0,287.43,6.34,231.0,849.29,
2006,2,10,7,1.29,93.22,0.0,0.0,0.0,283.77,6.4,231.0,850.09,
2006,2,10,8,1.9,93.31,134.0,466.17,51.0,280.1,6.46,231.0,850.9,
2006,2,10,9,2.47,85.64,321.0,680.34,85.0,276.85,6.35,232.0,851.01,
2006,2,10,10,3.05,77.97,482.0,786.6,103.0,273.6,6.25,233.0,851.12,
2006,2,10,11,3.63,70.3,593.0,828.03,118.0,270.35,6.15,234.0,851.23,
2006,2,10,12,3.84,68.6,641.0,821.27,135.0,263.27,5.95,235.0,851.09,
2006,2,10,13,4.06,66.91,635.0,836.18,128.0,256.18,5.75,236.0,850.95,
2006,2,10,14,4.28,65.21,568.0,840.45,110.0,249.1,5.54,237.0,850.81,
2006,2,10,15,3.17,71.86,431.0,733.67,111.0,242.93,4.53,232.0,851.53,
2006,2,10,16,2.06,78.5,258.0,588.06,89.0,236.77,3.52,227.0,852.26,
2006,2,10,17,0.95,85.15,70.0,257.46,42.0,230.6,2.51,221.0,852.98,
2006,2,10,18,0.11,88.64,0.0,0.0,0.0,224.2,2.44,212.0,853.56,
2006,2,10,19,-0.72,92.13,0.0,0.0,0.0,217.8,2.37,203.0,854.14,
2006,2,10,20,-1.55,95.62,0.0,0.0,0.0,211.4,2.3,193.0,854.73,
2006,2,10,21,-1.82,96.51,0.0,0.0,0.0,207.62,2.33,190.0,854.87,
2006,2,10,22,-2.08,97.39,0.0,0.0,0.0,203.83,2.35,187.0,855.0,
2006,2,10,23,-2.34,98.28,0.0,0.0,0.0,200.05,2.37,183.0,855.14,
2006,2,11,0,-2.54,98.39,0.0,0.0,0.0,197.53,2.29,183.0,855.17,
2006,2,11,1,-2.73,98.5,0.0,0.0,0.0,195.02,2.22,182.0,855.2,
2006,2,11,2,-2.93,98.61,0.0,0.0,0.0,192.5,2.14,181.0,855.23,
2006,2,11,3,-2.52,98.62,0.0,0.0,0.0,198.85,2.02,180.0,855.23,
2006,2,11,4,-2.11,98.62,0.0,0.0,0.0,205.2,1.91,179.0,855.23,
2006,2,11,5,-1.7,98.63,0.0,0.0,0.0,211.55,1.79,178.0,855.23,
2006,2,11,6,-0.79,97.52,0.0,0.0,0.0,221.3,1.71,172.0,855.42,
2006,2,11,7,0.12,96.4,0.0,0.0,0.0,231.05,1.64,167.0,855.61,
2006,2,11,8,1.03,95.29,122.0,308.07,66.0,240.8,1.56,161.0,855.81,
2006,2,11,9,2.54,86.95,300.0,518.7,118.0,244.62,1.62,173.0,854.62,
2006,2,11,10,4.05,78.6,460.0,648.11,145.0,248.43,1.68,184.0,853.42,
2006,2,11,11,5.56,70.26,565.0,681.64,171.0,252.25,1.74,195.0,852.23,
2006,2,11,12,6.38,67.89,638.0,791.2,147.0,238.2,2.0,203.0,851.04,
2006,2,11,13,7.2,65.51,636.0,821.86,134.0,224.15,2.25,210.0,849.84,
2006,2,11,14,8.02,63.14,561.0,780.89,132.0,210.1,2.51,218.0,848.65,
2006,2,11,15,7.07,65.98,431.0,708.36,119.0,207.72,2.11,212.0,848.65,
2006,2,11,16,6.11,68.83,264.0,603.8,88.0,205.33,1.71,205.0,848.65,
2006,2,11,17,5.16,71.67,73.0,266.4,43.0,202.95,1.31,199.0,848.65,
2006,2,11,18,3.15,75.97,0.0,0.0,0.0,201.55,1.52,187.0,848.73,
2006,2,11,19,1.15,80.28,0.0,0.0,0.0,200.15,1.72,176.0,848.81,
2006,2,11,20,-0.85,84.58,0.0,0.0,0.0,198.75,1.93,164.0,848.9,
2006,2,11,21,-1.54,85.52,0.0,0.0,0.0,197.88,2.05,164.0,848.68,
2006,2,11,22,-2.23,86.47,0.0,0.0,0.0,197.02,2.17,165.0,848.45,
2006,2,11,23,-2.91,87.41,0.0,0.0,0.0,196.15,2.29,165.0,848.23,
2006,2,12,0,-3.1,87.01,0.0,0.0,0.0,195.93,2.34,167.0,848.12,
2006,2,12,1,-3.28,86.61,0.0,0.0,0.0,195.72,2.38,168.0,848.01,
2006,2,12,2,-3.47,86.21,0.0,0.0,0.0,195.5,2.43,170.0,847.9,
2006,2,12,3,-3.71,84.86,0.0,0.0,0.0,194.78,2.37,169.0,848.29,
2006,2,12,4,-3.96,83.52,0.0,0.0,0.0,194.07,2.31,169.0,848.68,
2006,2,12,5,-4.21,82.17,0.0,0.0,0.0,193.35,2.25,168.0,849.06,
2006,2,12,6,-2.1,78.37,0.0,0.0,0.0,198.53,2.18,171.0,849.29,
2006,2,12,7,0.02,74.57,0.0,0.0,0.0,203.72,2.12,173.0,849.51,
2006,2,12,8,2.13,70.77,88.0,80.82,73.0,208.9,2.06,176.0,849.73,
2006,2,12,9,3.71,65.56,123.0,5.63,121.0,216.57,2.52,186.0,848.73,
2006,2,12,10,5.29,60.35,339.0,201.92,240.0,224.23,2.99,196.0,847.73,
2006,2,12,11,6.87,55.14,448.0,286.72,281.0,231.9,3.46,206.0,846.73,
2006,2,12,12,6.97,52.52,333.0,52.79,300.0,234.08,3.68,209.0,845.93,
2006,2,12,13,7.08,49.9,403.0,141.39,316.0,236.27,3.9,212.0,845.12,
2006,2,12,14,7.18,47.28,285.0,45.14,260.0,238.45,4.12,214.0,844.32,
2006,2,12,15,5.34,53.43,304.0,188.87,220.0,231.95,3.51,214.0,844.57,
2006,2,12,16,3.51,59.57,275.0,656.32,81.0,225.45,2.9,213.0,844.82,
2006,2,12,17,1.67,65.72,63.0,137.38,47.0,218.95,2.29,212.0,845.07,
2006,2,12,18,0.62,69.09,0.0,0.0,0.0,218.88,2.24,205.0,845.4,
2006,2,12,19,-0.42,72.47,0.0,0.0,0.0,218.82,2.19,198.0,845.73,
2006,2,12,20,-1.46,75.84,0.0,0.0,0.0,218.75,2.14,192.0,846.07,
2006,2,12,21,-1.63,77.77,0.0,0.0,0.0,220.93,2.12,188.0,846.09,
2006,2,12,22,-1.8,79.71,0.0,0.0,0.0,223.12,2.1,185.0,846.12,
2006,2,12,23,-1.96,81.64,0.0,0.0,0.0,225.3,2.08,181.0,846.15,
2006,2,13,0,-1.88,82.23,0.0,0.0,0.0,232.58,2.11,179.0,846.18,
2006,2,13,1,-1.79,82.82,0.0,0.0,0.0,239.87,2.15,178.0,846.21,
2006,2,13,2,-1.71,83.41,0.0,0.0,0.0,247.15,2.18,176.0,846.23,
2006,2,13,3,-1.48,83.56,0.0,0.0,0.0,252.42,2.16,176.0,846.37,
2006,2,13,4,-1.26,83.71,0.0,0.0,0.0,257.68,2.14,176.0,846.51,
2006,2,13,5,-1.04,83.86,0.0,0.0,0.0,262.95,2.12,177.0,846.65,
2006,2,13,6,0.1,83.09,0.0,0.0,0.0,254.6,2.17,180.0,846.98,
2006,2,13,7,1.24,82.32,0.0,0.0,0.0,246.25,2.22,183.0,847.32,
2006,2,13,8,2.38,81.55,54.0,5.28,53.0,237.9,2.26,186.0,847.65,
2006,2,13,9,3.68,77.7,121.0,5.57,119.0,239.98,2.73,193.0,846.87,
2006,2,13,10,4.99,73.84,226.0,26.28,213.0,242.07,3.2,200.0,846.09,
2006,2,13,11,6.3,69.99,314.0,57.93,280.0,244.15,3.67,206.0,845.32,
2006,2,13,12,6.41,68.34,589.0,570.19,230.0,247.25,3.75,206.0,844.51,
2006,2,13,13,6.53,66.68,533.0,417.85,274.0,250.35,3.83,205.0,843.71,
2006,2,13,14,6.64,65.03,532.0,614.41,189.0,253.45,3.92,205.0,842.9,
2006,2,13,15,5.58,69.69,365.0,367.43,200.0,255.9,3.54,200.0,843.12,
2006,2,13,16,4.51,74.35,120.0,16.68,115.0,258.35,3.17,194.0,843.35,
2006,2,13,17,3.45,79.01,25.0,0.0,25.0,260.8,2.8,189.0,843.57,
2006,2,13,18,2.93,80.71,0.0,0.0,0.0,266.07,2.88,184.0,843.85,
2006,2,13,19,2.41,82.42,0.0,0.0,0.0,271.33,2.97,178.0,844.12,
2006,2,13,20,1.89,84.12,0.0,0.0,0.0,276.6,3.05,173.0,844.4,
2006,2,13,21,1.74,84.8,0.0,0.0,0.0,277.82,3.15,175.0,844.29,
2006,2,13,22,1.59,85.49,0.0,0.0,0.0,279.03,3.25,177.0,844.18,
2006,2,13,23,1.45,86.17,0.0,0.0,0.0,280.25,3.35,179.0,844.07,
2006,2,14,0,1.32,87.62,0.0,0.0,0.0,282.85,3.4,180.0,844.04,
2006,2,14,1,1.2,89.07,0.0,0.0,0.0,285.45,3.45,181.0,844.01,
2006,2,14,2,1.07,90.52,0.0,0.0,0.0,288.05,3.5,182.0,843.99,
2006,2,14,3,1.01,91.63,0.0,0.0,0.0,291.27,3.41,180.0,844.24,
2006,2,14,4,0.95,92.74,0.0,0.0,0.0,294.48,3.32,177.0,844.48,
2006,2,14,5,0.88,93.85,0.0,0.0,0.0,297.7,3.23,174.0,844.73,
2006,2,14,6,1.54,93.39,0.0,0.0,0.0,298.52,3.48,174.0,844.71,
2006,2,14,7,2.19,92.93,0.0,0.0,0.0,299.33,3.72,175.0,844.68,
2006,2,14,8,2.85,92.47,153.0,527.31,51.0,300.15,3.97,175.0,844.65,
2006,2,14,9,3.66,89.69,324.0,594.6,108.0,299.8,4.29,182.0,843.87,
2006,2,14,10,4.47,86.92,225.0,24.05,213.0,299.45,4.6,189.0,843.1,
2006,2,14,11,5.29,84.14,240.0,10.15,234.0,299.1,4.91,196.0,842.32,
2006,2,14,12,5.12,85.18,587.0,545.59,241.0,304.55,4.91,198.0,841.85,
2006,2,14,13,4.95,86.22,578.0,544.53,238.0,310.0,4.9,201.0,841.38,
2006,2,14,14,4.78,87.26,179.0,0.0,179.0,315.45,4.9,203.0,840.9,
2006,2,14,15,4.74,89.97,102.0,0.0,102.0,316.95,4.61,204.0,841.15,
2006,2,14,16,4.7,92.68,94.0,0.0,94.0,318.45,4.32,204.0,841.4,
2006,2,14,17,4.66,95.39,52.0,40.27,47.0,319.95,4.03,205.0,841.65,
2006,2,14,18,4.33,95.9,0.0,0.0,0.0,320.02,3.89,202.0,841.82,
2006,2,14,19,4.01,96.41,0.0,0.0,0.0,320.08,3.75,200.0,841.99,
2006,2,14,20,3.69,96.92,0.0,0.0,0.0,320.15,3.61,197.0,842.15,
2006,2,14,21,3.64,96.96,0.0,0.0,0.0,318.37,3.68,198.0,842.01,
2006,2,14,22,3.59,97.01,0.0,0.0,0.0,316.58,3.74,199.0,841.88,
2006,2,14,23,3.54,97.05,0.0,0.0,0.0,314.8,3.81,199.0,841.74,
2006,2,15,0,3.33,97.38,0.0,0.0,0.0,312.18,3.69,198.0,841.52,
2006,2,15,1,3.12,97.7,0.0,0.0,0.0,309.57,3.58,198.0,841.29,
2006,2,15,2,2.9,98.03,0.0,0.0,0.0,306.95,3.46,197.0,841.07,
2006,2,15,3,2.66,97.92,0.0,0.0,0.0,303.48,3.31,194.0,841.04,
2006,2,15,4,2.42,97.82,0.0,0.0,0.0,300.02,3.15,190.0,841.02,
2006,2,15,5,2.17,97.71,0.0,0.0,0.0,296.55,2.99,187.0,840.99,
2006,2,15,6,2.71,97.68,0.0,0.0,0.0,291.85,3.41,183.0,840.99,
2006,2,15,7,3.24,97.66,0.0,0.0,0.0,287.15,3.82,179.0,840.99,
2006,2,15,8,3.78,97.63,56.0,5.06,55.0,282.45,4.23,176.0,840.99,
2006,2,15,9,4.07,95.32,93.0,0.0,93.0,286.73,4.72,177.0,840.1,
2006,2,15,10,4.37,93.02,225.0,23.84,213.0,291.02,5.21,178.0,839.21,
2006,2,15,11,4.67,90.71,165.0,0.0,165.0,295.3,5.7,179.0,838.32,
2006,2,15,12,4.45,93.02,129.0,0.0,129.0,301.18,5.94,177.0,837.3,
2006,2,15,13,4.23,95.33,79.0,0.0,79.0,307.07,6.19,174.0,836.27,
2006,2,15,14,4.01,97.64,95.0,0.0,95.0,312.95,6.44,172.0,835.24,
2006,2,15,15,3.83,96.82,319.0,203.2,226.0,314.4,6.61,182.0,835.05,
2006,2,15,16,3.66,95.99,272.0,548.9,103.0,315.85,6.77,193.0,834.85,
2006,2,15,17,3.48,95.17,100.0,476.5,39.0,317.3,6.94,204.0,834.66,
2006,2,15,18,2.53,94.76,0.0,0.0,0.0,318.65,7.33,210.0,835.13,
2006,2,15,19,1.58,94.35,0.0,0.0,0.0,320.0,7.73,217.0,835.6,
2006,2,15,20,0.64,93.94,0.0,0.0,0.0,321.35,8.12,224.0,836.08,
2006,2,15,21,0.16,93.22,0.0,0.0,0.0,314.63,7.3,223.0,836.71,
2006,2,15,22,-0.31,92.5,0.0,0.0,0.0,307.92,6.48,221.0,837.35,
2006,2,15,23,-0.78,91.78,0.0,0.0,0.0,301.2,5.66,220.0,837.99,
2006,2,16,0,-1.16,92.17,0.0,0.0,0.0,292.17,5.24,219.0,838.38,
2006,2,16,1,-1.54,92.57,0.0,0.0,0.0,283.13,4.82,218.0,838.77,
2006,2,16,2,-1.92,92.96,0.0,0.0,0.0,274.1,4.4,217.0,839.16,
2006,2,16,3,-1.78,92.55,0.0,0.0,0.0,273.48,4.29,211.0,839.16,
2006,2,16,4,-1.64,92.15,0.0,0.0,0.0,272.87,4.17,206.0,839.16,
2006,2,16,5,-1.5,91.74,0.0,0.0,0.0,272.25,4.06,200.0,839.16,
2006,2,16,6,-0.91,91.69,0.0,0.0,0.0,272.72,4.64,203.0,839.21,
2006,2,16,7,-0.32,91.64,0.0,0.0,0.0,273.18,5.22,205.0,839.27,
2006,2,16,8,0.27,91.59,157.0,491.13,58.0,273.65,5.81,208.0,839.32,
2006,2,16,9,0.51,87.45,347.0,685.77,92.0,278.2,6.39,213.0,839.1,
2006,2,16,10,0.75,83.3,172.0,1.97,171.0,282.75,6.97,217.0,838.88,
2006,2,16,11,1.0,79.16,184.0,0.0,184.0,287.3,7.54,222.0,838.66,
2006,2,16,12,0.7,72.29,374.0,80.82,322.0,286.33,7.43,226.0,838.77,
2006,2,16,13,0.41,65.43,558.0,453.01,271.0,285.37,7.31,229.0,838.88,
2006,2,16,14,0.12,58.56,576.0,745.18,150.0,284.4,7.19,233.0,838.99,
2006,2,16,15,-0.81,60.34,466.0,779.24,106.0,272.0,6.25,231.0,839.85,
2006,2,16,16,-1.73,62.11,289.0,644.27,88.0,259.6,5.32,229.0,840.71,
2006,2,16,17,-2.66,63.89,94.0,341.28,49.0,247.2,4.39,227.0,841.57,
2006,2,16,18,-2.98,66.33,0.0,0.0,0.0,253.7,4.13,221.0,842.13,
2006,2,16,19,-3.29,68.76,0.0,0.0,0.0,260.2,3.88,216.0,842.68,
2006,2,16,20,-3.6,71.2,0.0,0.0,0.0,266.7,3.63,210.0,843.24,
2006,2,16,21,-3.51,74.79,0.0,0.0,0.0,267.87,4.0,208.0,843.12,
2006,2,16,22,-3.42,78.38,0.0,0.0,0.0,269.03,4.38,206.0,843.01,
2006,2,16,23,-3.32,81.97,0.0,0.0,0.0,270.2,4.76,204.0,842.9,
2006,2,17,0,-3.63,83.67,0.0,0.0,0.0,272.83,5.31,209.0,842.93,
2006,2,17,1,-3.94,85.37,0.0,0.0,0.0,275.47,5.86,215.0,842.96,
2006,2,17,2,-4.26,87.07,0.0,0.0,0.0,278.1,6.41,221.0,842.99,
2006,2,17,3,-4.73,82.45,0.0,0.0,0.0,274.97,6.86,225.0,843.6,
2006,2,17,4,-5.2,77.82,0.0,0.0,0.0,271.83,7.3,229.0,844.21,
2006,2,17,5,-5.67,73.2,0.0,0.0,0.0,268.7,7.74,232.0,844.82,
2006,2,17,6,-5.12,69.08,0.0,0.0,0.0,263.73,7.39,235.0,845.62,
2006,2,17,7,-4.57,64.96,0.0,0.0,0.0,258.77,7.05,237.0,846.43,
2006,2,17,8,-4.02,60.84,122.0,184.69,84.0,253.8,6.7,239.0,847.23,
2006,2,17,9,-3.22,55.99,354.0,701.71,90.0,239.13,6.96,244.0,847.37,
2006,2,17,10,-2.42,51.13,517.0,802.01,106.0,224.47,7.21,248.0,847.51,
2006,2,17,11,-1.62,46.28,630.0,841.09,121.0,209.8,7.46,253.0,847.65,
2006,2,17,12,-1.42,44.54,696.0,915.07,103.0,208.18,7.25,255.0,847.59,
2006,2,17,13,-1.21,42.8,687.0,913.59,104.0,206.57,7.04,258.0,847.54,
2006,2,17,14,-1.0,41.06,611.0,886.92,100.0,204.95,6.83,260.0,847.48,
2006,2,17,15,-1.92,43.85,471.0,780.62,107.0,199.55,5.8,255.0,848.09,
2006,2,17,16,-2.85,46.65,307.0,753.01,69.0,194.15,4.78,251.0,848.7,
2006,2,17,17,-3.77,49.44,104.0,427.44,46.0,188.75,3.75,246.0,849.31,
2006,2,17,18,-4.4,53.4,0.0,0.0,0.0,184.28,3.43,239.0,850.04,
2006,2,17,19,-5.03,57.35,0.0,0.0,0.0,179.82,3.12,233.0,850.76,
2006,2,17,20,-5.65,61.31,0.0,0.0,0.0,175.35,2.8,226.0,851.48,
2006,2,17,21,-5.69,64.81,0.0,0.0,0.0,178.03,2.65,224.0,851.95,
2006,2,17,22,-5.73,68.3,0.0,0.0,0.0,180.72,2.5,223.0,852.42,
2006,2,17,23,-5.77,71.8,0.0,0.0,0.0,183.4,2.34,222.0,852.89,
2006,2,18,0,-6.02,74.52,0.0,0.0,0.0,182.15,2.28,220.0,853.26,
2006,2,18,1,-6.27,77.25,0.0,0.0,0.0,180.9,2.21,217.0,853.62,
2006,2,18,2,-6.53,79.97,0.0,0.0,0.0,179.65,2.14,215.0,853.98,
2006,2,18,3,-6.61,80.72,0.0,0.0,0.0,179.03,2.03,219.0,854.34,
2006,2,18,4,-6.7,81.46,0.0,0.0,0.0,178.42,1.93,223.0,854.7,
2006,2,18,5,-6.79,82.21,0.0,0.0,0.0,177.8,1.82,226.0,855.06,
2006,2,18,6,-5.47,79.38,0.0,0.0,0.0,179.62,1.8,226.0,855.06,
2006,2,18,7,-4.16,76.54,0.0,0.0,0.0,181.43,1.78,226.0,855.06,
2006,2,18,8,-2.84,73.71,167.0,519.07,58.0,183.25,1.77,226.0,855.06,
2006,2,18,9,-1.32,67.87,359.0,706.67,90.0,186.33,1.83,231.0,854.09,
2006,2,18,10,0.2,62.02,523.0,804.58,107.0,189.42,1.9,237.0,853.12,
2006,2,18,11,1.72,56.18,642.0,875.66,108.0,192.5,1.97,243.0,852.15,
2006,2,18,12,2.23,54.17,695.0,882.49,119.0,196.12,2.19,252.0,851.62,
2006,2,18,13,2.75,52.17,692.0,916.38,103.0,199.73,2.41,260.0,851.09,
2006,2,18,14,3.27,50.16,617.0,888.68,101.0,203.35,2.63,269.0,850.56,
2006,2,18,15,2.23,50.05,483.0,828.73,93.0,202.12,2.34,267.0,851.2,
2006,2,18,16,1.19,49.94,311.0,755.91,69.0,200.88,2.06,265.0,851.84,
2006,2,18,17,0.15,49.83,108.0,444.39,46.0,199.65,1.77,262.0,852.48,
2006,2,18,18,-1.31,55.25,0.0,0.0,0.0,199.42,1.7,248.0,852.64,
2006,2,18,19,-2.77,60.66,0.0,0.0,0.0,199.18,1.63,234.0,852.81,
2006,2,18,20,-4.22,66.08,0.0,0.0,0.0,198.95,1.56,220.0,852.98,
2006,2,18,21,-4.77,68.57,0.0,0.0,0.0,197.72,1.58,216.0,853.14,
2006,2,18,22,-5.31,71.06,0.0,0.0,0.0,196.48,1.6,212.0,853.31,
2006,2,18,23,-5.85,73.55,0.0,0.0,0.0,195.25,1.61,208.0,853.48,
2006,2,19,0,-6.4,75.29,0.0,0.0,0.0,194.4,1.59,199.0,853.51,
2006,2,19,1,-6.95,77.03,0.0,0.0,0.0,193.55,1.56,189.0,853.53,
2006,2,19,2,-7.51,78.77,0.0,0.0,0.0,192.7,1.53,180.0,853.56,
2006,2,19,3,-7.74,77.93,0.0,0.0,0.0,193.13,1.64,181.0,853.78,
2006,2,19,4,-7.97,77.08,0.0,0.0,0.0,193.57,1.75,182.0,854.01,
2006,2,19,5,-8.21,76.24,0.0,0.0,0.0,194.0,1.86,183.0,854.23,
2006,2,19,6,-6.16,74.43,0.0,0.0,0.0,196.02,1.99,191.0,854.17,
2006,2,19,7,-4.12,72.63,0.0,0.0,0.0,198.03,2.12,199.0,854.12,
2006,2,19,8,-2.07,70.82,173.0,536.64,58.0,200.05,2.25,207.0,854.06,
2006,2,19,9,0.03,67.96,371.0,763.34,77.0,203.22,2.63,216.0,852.87,
2006,2,19,10,2.13,65.11,528.0,807.04,107.0,206.38,3.0,225.0,851.67,
2006,2,19,11,4.23,62.25,651.0,893.39,102.0,209.55,3.38,234.0,850.48,
2006,2,19,12,4.56,62.25,681.0,804.7,152.0,214.05,3.4,241.0,849.9,
2006,2,19,13,4.9,62.25,445.0,173.01,333.0,218.55,3.43,248.0,849.31,
2006,2,19,14,5.24,62.25,616.0,857.95,114.0,223.05,3.45,255.0,848.73,
2006,2,19,15,4.67,60.9,488.0,831.76,93.0,222.37,2.96,270.0,849.56,
2006,2,19,16,4.11,59.54,316.0,761.85,69.0,221.68,2.47,284.0,850.4,
2006,2,19,17,3.54,58.19,107.0,390.7,51.0,221.0,1.99,299.0,851.23,
2006,2,19,18,1.9,60.74,0.0,0.0,0.0,219.6,1.83,312.0,851.67,
2006,2,19,19,0.27,63.28,0.0,0.0,0.0,218.2,1.66,324.0,852.12,
2006,2,19,20,-1.36,65.83,0.0,0.0,0.0,216.8,1.5,337.0,852.56,
2006,2,19,21,-2.05,66.58,0.0,0.0,0.0,214.23,1.47,344.0,852.87,
2006,2,19,22,-2.74,67.32,0.0,0.0,0.0,211.67,1.43,351.0,853.17,
2006,2,19,23,-3.42,68.07,0.0,0.0,0.0,209.1,1.39,358.0,853.48,
2006,2,20,0,-3.77,68.69,0.0,0.0,0.0,206.57,1.36,10.0,853.76,
2006,2,20,1,-4.11,69.32,0.0,0.0,0.0,204.03,1.33,22.0,854.03,
2006,2,20,2,-4.46,69.94,0.0,0.0,0.0,201.5,1.3,34.0,854.31,
2006,2,20,3,-4.9,69.68,0.0,0.0,0.0,199.17,1.33,43.0,855.06,
2006,2,20,4,-5.34,69.41,0.0,0.0,0.0,196.83,1.37,52.0,855.81,
2006,2,20,5,-5.79,69.15,0.0,0.0,0.0,194.5,1.41,61.0,856.56,
2006,2,20,6,-4.48,66.19,0.0,0.0,0.0,199.23,1.45,68.0,857.0,
2006,2,20,7,-3.16,63.22,0.0,0.0,0.0,203.97,1.5,75.0,857.45,
2006,2,20,8,-1.85,60.26,74.0,9.15,72.0,208.7,1.54,83.0,857.89,
2006,2,20,9,0.35,55.97,131.0,2.57,130.0,211.35,1.72,86.0,856.78,
2006,2,20,10,2.56,51.68,147.0,0.0,147.0,214.0,1.89,89.0,855.67,
2006,2,20,11,4.77,47.39,423.0,174.41,315.0,216.65,2.07,93.0,854.56,
2006,2,20,12,4.91,48.05,565.0,403.27,298.0,219.73,2.09,94.0,853.7,
2006,2,20,13,5.05,48.72,622.0,602.78,229.0,222.82,2.11,95.0,852.84,
2006,2,20,14,5.19,49.38,507.0,422.32,258.0,225.9,2.12,96.0,851.98,
2006,2,20,15,3.14,51.53,339.0,212.86,237.0,225.1,2.14,89.0,852.4,
2006,2,20,16,1.1,53.68,212.0,167.55,157.0,224.3,2.16,82.0,852.81,
2006,2,20,17,-0.95,55.83,56.0,20.39,53.0,223.5,2.18,75.0,853.23,
2006,2,20,18,-1.87,59.44,0.0,0.0,0.0,227.17,2.26,78.0,853.37,
2006,2,20,19,-2.78,63.06,0.0,0.0,0.0,230.83,2.34,81.0,853.51,
2006,2,20,20,-3.69,66.67,0.0,0.0,0.0,234.5,2.41,84.0,853.64,
2006,2,20,21,-4.13,68.44,0.0,0.0,0.0,229.43,2.48,84.0,853.62,
2006,2,20,22,-4.56,70.2,0.0,0.0,0.0,224.37,2.54,85.0,853.59,
2006,2,20,23,-4.99,71.97,0.0,0.0,0.0,219.3,2.61,85.0,853.56,
2006,2,21,0,-5.24,71.3,0.0,0.0,0.0,218.35,2.64,86.0,853.51,
2006,2,21,1,-5.48,70.64,0.0,0.0,0.0,217.4,2.67,86.0,853.45,
2006,2,21,2,-5.73,69.97,0.0,0.0,0.0,216.45,2.7,87.0,853.39,
2006,2,21,3,-5.88,71.16,0.0,0.0,0.0,216.2,2.67,87.0,853.81,
2006,2,21,4,-6.03,72.36,0.0,0.0,0.0,215.95,2.64,87.0,854.23,
2006,2,21,5,-6.18,73.55,0.0,0.0,0.0,215.7,2.61,87.0,854.64,
2006,2,21,6,-4.34,73.32,0.0,0.0,0.0,219.3,2.59,87.0,854.7,
2006,2,21,7,-2.5,73.08,0.0,0.0,0.0,222.9,2.58,88.0,854.75,
2006,2,21,8,-0.66,72.85,130.0,165.85,93.0,226.5,2.57,88.0,854.81,
2006,2,21,9,1.16,69.16,345.0,542.75,131.0,232.68,2.73,89.0,854.14,
2006,2,21,10,2.98,65.46,488.0,578.14,181.0,238.87,2.89,90.0,853.48,
2006,2,21,11,4.8,61.77,532.0,415.09,273.0,245.05,3.05,91.0,852.81,
2006,2,21,12,5.07,60.94,549.0,355.43,312.0,251.37,2.97,87.0,852.12,
2006,2,21,13,5.34,60.1,655.0,700.57,195.0,257.68,2.9,84.0,851.42,
2006,2,21,14,5.61,59.27,602.0,752.44,155.0,264.0,2.83,81.0,850.73,
2006,2,21,15,3.72,63.42,449.0,585.36,166.0,264.52,2.79,72.0,851.2,
2006,2,21,16,1.84,67.56,315.0,686.1,87.0,265.03,2.74,62.0,851.67,
2006,2,21,17,-0.05,71.71,100.0,258.4,61.0,265.55,2.7,53.0,852.15,
2006,2,21,18,-1.22,72.73,0.0,0.0,0.0,261.3,2.75,53.0,852.34,
2006,2,21,19,-2.39,73.76,0.0,0.0,0.0,257.05,2.8,52.0,852.53,
2006,2,21,20,-3.56,74.78,0.0,0.0,0.0,252.8,2.86,52.0,852.73,
2006,2,21,21,-3.78,75.42,0.0,0.0,0.0,252.55,2.93,51.0,853.12,
2006,2,21,22,-4.0,76.05,0.0,0.0,0.0,252.3,3.01,51.0,853.51,
2006,2,21,23,-4.22,76.69,0.0,0.0,0.0,252.05,3.09,50.0,853.89,
2006,2,22,0,-4.38,78.36,0.0,0.0,0.0,254.43,3.11,50.0,854.53,
2006,2,22,1,-4.53,80.02,0.0,0.0,0.0,256.82,3.14,50.0,855.17,
2006,2,22,2,-4.69,81.69,0.0,0.0,0.0,259.2,3.16,50.0,855.81,
2006,2,22,3,-4.85,83.03,0.0,0.0,0.0,262.78,3.54,51.0,856.11,
2006,2,22,4,-5.01,84.38,0.0,0.0,0.0,266.37,3.91,51.0,856.42,
2006,2,22,5,-5.17,85.72,0.0,0.0,0.0,269.95,4.29,52.0,856.73,
2006,2,22,6,-4.03,85.1,0.0,0.0,0.0,270.85,4.15,53.0,857.17,
2006,2,22,7,-2.88,84.49,0.0,0.0,0.0,271.75,4.01,54.0,857.61,
2006,2,22,8,-1.74,83.87,183.0,522.87,64.0,272.65,3.88,55.0,858.06,
2006,2,22,9,-0.15,79.56,383.0,747.0,85.0,267.18,3.8,54.0,857.11,
2006,2,22,10,1.45,75.25,547.0,830.61,102.0,261.72,3.73,52.0,856.17,
2006,2,22,11,3.05,70.94,661.0,866.83,116.0,256.25,3.66,51.0,855.23,
2006,2,22,12,3.46,68.91,721.0,906.89,112.0,252.7,3.81,49.0,854.5,
2006,2,22,13,3.88,66.87,714.0,922.52,104.0,249.15,3.97,47.0,853.78,
2006,2,22,14,4.3,64.84,638.0,897.18,101.0,245.6,4.12,44.0,853.06,
2006,2,22,15,2.32,68.92,498.0,807.83,104.0,238.6,4.0,41.0,853.12,
2006,2,22,16,0.35,73.0,327.0,743.29,77.0,231.6,3.89,38.0,853.17,
2006,2,22,17,-1.63,77.08,120.0,426.62,54.0,224.6,3.77,35.0,853.23,
2006,2,22,18,-3.02,79.8,0.0,0.0,0.0,219.25,3.68,37.0,853.81,
2006,2,22,19,-4.41,82.52,0.0,0.0,0.0,213.9,3.59,40.0,854.39,
2006,2,22,20,-5.8,85.24,0.0,0.0,0.0,208.55,3.5,42.0,854.98,
2006,2,22,21,-6.27,86.16,0.0,0.0,0.0,206.92,3.36,44.0,855.23,
2006,2,22,22,-6.74,87.07,0.0,0.0,0.0,205.28,3.21,46.0,855.48,
2006,2,22,23,-7.2,87.99,0.0,0.0,0.0,203.65,3.06,48.0,855.73,
2006,2,23,0,-7.43,88.52,0.0,0.0,0.0,205.93,2.94,49.0,856.0,
2006,2,23,1,-7.66,89.04,0.0,0.0,0.0,208.22,2.81,50.0,856.28,
2006,2,23,2,-7.9,89.57,0.0,0.0,0.0,210.5,2.69,51.0,856.56,
2006,2,23,3,-7.08,89.58,0.0,0.0,0.0,213.57,2.88,50.0,856.73,
2006,2,23,4,-6.26,89.59,0.0,0.0,0.0,216.63,3.08,49.0,856.89,
2006,2,23,5,-5.45,89.6,0.0,0.0,0.0,219.7,3.27,48.0,857.06,
2006,2,23,6,-4.05,87.62,0.0,0.0,0.0,229.57,3.31,51.0,857.39,
2006,2,23,7,-2.66,85.65,0.0,0.0,0.0,239.43,3.35,55.0,857.72,
2006,2,23,8,-1.26,83.67,189.0,538.48,64.0,249.3,3.39,59.0,858.06,
2006,2,23,9,0.3,79.09,391.0,763.1,83.0,239.82,3.22,58.0,857.06,
2006,2,23,10,1.86,74.52,553.0,832.54,103.0,230.33,3.05,58.0,856.06,
2006,2,23,11,3.42,69.94,677.0,918.69,95.0,220.85,2.88,58.0,855.06,
2006,2,23,12,4.05,69.88,734.0,943.42,96.0,216.32,2.83,56.0,853.98,
2006,2,23,13,4.68,69.83,724.0,941.65,97.0,211.78,2.77,53.0,852.89,
2006,2,23,14,5.31,69.77,653.0,948.59,81.0,207.25,2.72,50.0,851.81,
2006,2,23,15,3.65,71.59,516.0,888.25,79.0,208.3,2.68,40.0,852.03,
2006,2,23,16,2.0,73.41,336.0,787.41,68.0,209.35,2.63,30.0,852.26,
2006,2,23,17,0.34,75.23,129.0,504.83,49.0,210.4,2.59,20.0,852.48,
2006,2,23,18,-0.81,76.69,0.0,0.0,0.0,211.0,2.49,26.0,852.81,
2006,2,23,19,-1.96,78.15,0.0,0.0,0.0,211.6,2.39,33.0,853.14,
2006,2,23,20,-3.11,79.61,0.0,0.0,0.0,212.2,2.29,39.0,853.48,
2006,2,23,21,-3.6,79.74,0.0,0.0,0.0,210.37,2.14,49.0,853.59,
2006,2,23,22,-4.09,79.86,0.0,0.0,0.0,208.53,1.99,58.0,853.7,
2006,2,23,23,-4.57,79.99,0.0,0.0,0.0,206.7,1.83,68.0,853.81,
2006,2,24,0,-4.96,81.77,0.0,0.0,0.0,205.08,1.72,76.0,853.78,
2006,2,24,1,-5.35,83.54,0.0,0.0,0.0,203.47,1.61,83.0,853.76,
2006,2,24,2,-5.74,85.32,0.0,0.0,0.0,201.85,1.5,91.0,853.73,
2006,2,24,3,-5.81,84.66,0.0,0.0,0.0,201.2,1.43,83.0,854.09,
2006,2,24,4,-5.88,84.0,0.0,0.0,0.0,200.55,1.36,74.0,854.45,
2006,2,24,5,-5.95,83.34,0.0,0.0,0.0,199.9,1.28,66.0,854.81,
2006,2,24,6,-3.5,79.93,0.0,0.0,0.0,199.65,1.26,81.0,854.89,
2006,2,24,7,-1.05,76.51,0.0,0.0,0.0,199.4,1.24,97.0,854.98,
2006,2,24,8,1.4,73.1,195.0,553.36,64.0,199.15,1.21,112.0,855.06,
2006,2,24,9,3.64,66.82,390.0,724.88,94.0,200.18,1.34,128.0,853.73,
2006,2,24,10,5.88,60.54,562.0,850.88,98.0,201.22,1.47,143.0,852.4,
2006,2,24,11,8.12,54.26,676.0,886.71,110.0,202.25,1.6,159.0,851.06,
2006,2,24,12,8.94,50.68,740.0,944.19,97.0,205.53,1.66,177.0,850.23,
2006,2,24,13,9.77,47.09,722.0,909.8,112.0,208.82,1.73,195.0,849.4,
2006,2,24,14,10.59,43.51,652.0,916.95,95.0,212.1,1.79,213.0,848.56,
2006,2,24,15,9.5,45.62,516.0,858.5,90.0,212.53,1.48,217.0,848.84,
2006,2,24,16,8.41,47.72,325.0,670.82,94.0,212.97,1.17,222.0,849.12,
2006,2,24,17,7.32,49.83,138.0,591.8,42.0,213.4,0.86,227.0,849.4,
2006,2,24,18,4.32,57.19,0.0,0.0,0.0,212.53,1.36,205.0,849.48,
2006,2,24,19,1.32,64.54,0.0,0.0,0.0,211.67,1.87,184.0,849.56,
2006,2,24,20,-1.68,71.9,0.0,0.0,0.0,210.8,2.37,163.0,849.65,
2006,2,24,21,-2.64,72.83,0.0,0.0,0.0,208.95,2.51,166.0,849.73,
2006,2,24,22,-3.59,73.76,0.0,0.0,0.0,207.1,2.66,170.0,849.81,
2006,2,24,23,-4.54,74.69,0.0,0.0,0.0,205.25,2.8,173.0,849.9,
2006,2,25,0,-5.42,74.99,0.0,0.0,0.0,204.5,2.97,177.0,849.9,
2006,2,25,1,-6.3,75.28,0.0,0.0,0.0,203.75,3.14,181.0,849.9,
2006,2,25,2,-7.19,75.58,0.0,0.0,0.0,203.0,3.31,185.0,849.9,
2006,2,25,3,-7.42,75.1,0.0,0.0,0.0,203.2,3.31,188.0,850.23,
2006,2,25,4,-7.65,74.63,0.0,0.0,0.0,203.4,3.3,190.0,850.56,
2006,2,25,5,-7.88,74.15,0.0,0.0,0.0,203.6,3.3,193.0,850.9,
2006,2,25,6,-4.24,70.14,0.0,0.0,0.0,204.13,3.26,196.0,851.12,
2006,2,25,7,-0.61,66.13,0.0,0.0,0.0,204.67,3.22,200.0,851.34,
2006,2,25,8,3.03,62.12,201.0,571.69,63.0,205.2,3.19,203.0,851.56,
2006,2,25,9,5.03,56.21,270.0,181.55,195.0,207.27,3.63,209.0,850.34,
2006,2,25,10,7.03,50.3,511.0,596.21,183.0,209.33,4.08,214.0,849.12,
2006,2,25,11,9.03,44.39,147.0,0.0,147.0,211.4,4.52,220.0,847.9,
2006,2,25,12,8.97,41.97,381.0,64.16,337.0,217.65,4.64,223.0,847.37,
2006,2,25,13,8.92,39.54,727.0,910.98,112.0,223.9,4.75,226.0,846.84,
2006,2,25,14,8.87,37.12,543.0,470.68,255.0,230.15,4.87,229.0,846.32,
2006,2,25,15,6.1,44.73,114.0,0.0,114.0,229.58,4.42,227.0,846.79,
2006,2,25,16,3.32,52.33,90.0,0.0,90.0,229.02,3.97,225.0,847.26,
2006,2,25,17,0.55,59.94,34.0,0.0,34.0,228.45,3.52,223.0,847.73,
2006,2,25,18,-0.32,63.5,0.0,0.0,0.0,228.8,3.52,218.0,848.07,
2006,2,25,19,-1.19,67.05,0.0,0.0,0.0,229.15,3.52,214.0,848.4,
2006,2,25,20,-2.06,70.61,0.0,0.0,0.0,229.5,3.52,209.0,848.73,
2006,2,25,21,-2.06,73.07,0.0,0.0,0.0,232.33,3.53,209.0,848.98,
2006,2,25,22,-2.05,75.52,0.0,0.0,0.0,235.17,3.54,210.0,849.23,
2006,2,25,23,-2.04,77.98,0.0,0.0,0.0,238.0,3.54,210.0,849.48,
2006,2,26,0,-2.38,79.95,0.0,0.0,0.0,240.7,3.44,211.0,849.48,
2006,2,26,1,-2.71,81.92,0.0,0.0,0.0,243.4,3.34,211.0,849.48,
2006,2,26,2,-3.05,83.89,0.0,0.0,0.0,246.1,3.24,212.0,849.48,
2006,2,26,3,-3.07,83.93,0.0,0.0,0.0,245.68,3.14,211.0,849.62,
2006,2,26,4,-3.1,83.98,0.0,0.0,0.0,245.27,3.04,210.0,849.76,
2006,2,26,5,-3.13,84.02,0.0,0.0,0.0,244.85,2.94,209.0,849.9,
2006,2,26,6,-0.68,81.47,0.0,0.0,0.0,247.78,3.01,205.0,850.09,
2006,2,26,7,1.78,78.92,0.0,0.0,0.0,250.72,3.08,202.0,850.29,
2006,2,26,8,4.23,76.37,195.0,475.43,78.0,253.65,3.14,198.0,850.48,
2006,2,26,9,6.16,75.02,383.0,626.91,121.0,256.7,3.74,208.0,849.68,
2006,2,26,10,8.09,73.68,539.0,691.9,155.0,259.75,4.34,218.0,848.87,
2006,2,26,11,10.03,72.33,661.0,779.36,156.0,262.8,4.94,228.0,848.07,
2006,2,26,12,10.02,73.71,567.0,349.02,326.0,271.77,5.01,232.0,847.37,
2006,2,26,13,10.01,75.09,209.0,0.0,209.0,280.73,5.09,236.0,846.68,
2006,2,26,14,10.0,76.47,421.0,170.37,316.0,289.7,5.16,240.0,845.98,
2006,2,26,15,8.73,81.03,207.0,11.89,201.0,283.4,4.43,232.0,846.23,
2006,2,26,16,7.46,85.58,169.0,39.74,155.0,277.1,3.7,224.0,846.48,
2006,2,26,17,6.19,90.14,32.0,0.0,32.0,270.8,2.97,216.0,846.73,
2006,2,26,18,5.4,91.45,0.0,0.0,0.0,266.2,3.08,212.0,846.9,
2006,2,26,19,4.62,92.77,0.0,0.0,0.0,261.6,3.2,208.0,847.07,
2006,2,26,20,3.84,94.08,0.0,0.0,0.0,257.0,3.31,204.0,847.23,
2006,2,26,21,3.78,93.5,0.0,0.0,0.0,256.5,3.46,206.0,847.18,
2006,2,26,22,3.73,92.92,0.0,0.0,0.0,256.0,3.61,209.0,847.12,
2006,2,26,23,3.68,92.34,0.0,0.0,0.0,255.5,3.77,211.0,847.07,
2006,2,27,0,3.82,90.01,0.0,0.0,0.0,261.03,3.85,212.0,846.84,
2006,2,27,1,3.97,87.67,0.0,0.0,0.0,266.57,3.93,213.0,846.62,
2006,2,27,2,4.11,85.34,0.0,0.0,0.0,272.1,4.01,214.0,846.4,
2006,2,27,3,4.01,81.06,0.0,0.0,0.0,271.03,4.01,213.0,846.48,
2006,2,27,4,3.91,76.78,0.0,0.0,0.0,269.97,4.01,212.0,846.57,
2006,2,27,5,3.8,72.5,0.0,0.0,0.0,268.9,4.01,210.0,846.65,
2006,2,27,6,4.72,73.51,0.0,0.0,0.0,280.17,3.99,205.0,846.9,
2006,2,27,7,5.65,74.52,10.0,0.0,10.0,291.43,3.96,200.0,847.15,
2006,2,27,8,6.57,75.53,63.0,0.0,63.0,302.7,3.93,196.0,847.4,
2006,2,27,9,7.02,75.89,224.0,70.96,194.0,306.63,4.41,198.0,846.76,
2006,2,27,10,7.47,76.25,363.0,150.04,279.0,310.57,4.9,200.0,846.12,
2006,2,27,11,7.92,76.61,460.0,196.08,332.0,314.5,5.38,202.0,845.48,
2006,2,27,12,7.76,78.77,642.0,535.06,270.0,317.78,5.37,206.0,845.12,
2006,2,27,13,7.6,80.93,652.0,597.69,243.0,321.07,5.35,211.0,844.76,
2006,2,27,14,7.44,83.09,548.0,462.37,261.0,324.35,5.34,215.0,844.4,
2006,2,27,15,6.69,87.37,462.0,532.61,191.0,320.1,4.93,215.0,844.65,
2006,2,27,16,5.94,91.64,246.0,216.15,169.0,315.85,4.52,215.0,844.9,
2006,2,27,17,5.19,95.92,78.0,46.15,70.0,311.6,4.11,215.0,845.15,
2006,2,27,18,4.9,96.47,0.0,0.0,0.0,308.48,3.93,209.0,845.6,
2006,2,27,19,4.61,97.03,0.0,0.0,0.0,305.37,3.75,204.0,846.04,
2006,2,27,20,4.32,97.58,0.0,0.0,0.0,302.25,3.57,198.0,846.48,
2006,2,27,21,4.4,97.57,0.0,0.0,0.0,304.52,3.66,198.0,846.43,
2006,2,27,22,4.49,97.57,0.0,0.0,0.0,306.78,3.75,198.0,846.37,
2006,2,27,23,4.58,97.56,0.0,0.0,0.0,309.05,3.83,198.0,846.32,
2006,2,28,0,4.44,97.32,0.0,0.0,0.0,309.28,3.91,200.0,846.21,
2006,2,28,1,4.3,97.09,0.0,0.0,0.0,309.52,3.99,203.0,846.09,
2006,2,28,2,4.15,96.85,0.0,0.0,0.0,309.75,4.07,205.0,845.98,
2006,2,28,3,3.94,96.62,0.0,0.0,0.0,302.73,3.86,202.0,846.26,
2006,2,28,4,3.72,96.4,0.0,0.0,0.0,295.72,3.66,200.0,846.54,
2006,2,28,5,3.5,96.17,0.0,0.0,0.0,288.7,3.45,197.0,846.82,
2006,2,28,6,4.15,95.77,0.0,0.0,0.0,294.83,3.49,198.0,847.23,
2006,2,28,7,4.79,95.36,15.0,0.0,15.0,300.97,3.54,198.0,847.65,
2006,2,28,8,5.44,94.96,194.0,410.74,89.0,307.1,3.59,198.0,848.07,
2006,2,28,9,6.25,94.41,416.0,767.0,88.0,308.32,3.77,203.0,847.79,
2006,2,28,10,7.07,93.87,572.0,796.79,122.0,309.53,3.96,208.0,847.51,
2006,2,28,11,7.89,93.32,680.0,813.49,145.0,310.75,4.15,213.0,847.23,
2006,2,28,12,8.25,92.69,730.0,818.57,157.0,312.03,4.26,219.0,846.84,
2006,2,28,13,8.61,92.06,719.0,817.25,156.0,313.32,4.37,225.0,846.46,
2006,2,28,14,8.97,91.43,656.0,841.46,130.0,314.6,4.48,232.0,846.07,
2006,2,28,15,7.81,91.76,519.0,775.86,121.0,301.43,3.91,228.0,846.43,
2006,2,28,16,6.66,92.1,344.0,694.16,94.0,288.27,3.33,223.0,846.79,
2006,2,28,17,5.5,92.43,135.0,389.74,66.0,275.1,2.76,219.0,847.15,
2006,2,28,18,4.45,94.95,0.0,0.0,0.0,270.82,2.63,201.0,847.34,
2006,2,28,19,2.14,99.0,0.0,0.0,0.0,251.58,0.87,184.0,847.54,
2006,2,28,20,2.23,99.9,0.0,0.0,0.0,256.34,1.32,166.0,847.73,
2006,2,28,21,2.32,99.56,0.0,0.0,0.0,261.11,1.77,164.0,847.51,
2006,2,28,22,2.42,99.22,0.0,0.0,0.0,265.87,2.22,162.0,847.29,
2006,2,28,23,2.51,98.88,0.0,0.0,0.0,270.64,2.67,160.0,847.07,
2010,3,1,0,2.6,98.55,0.0,0.0,0.0,275.4,3.12,164.0,846.93,
2010,3,1,1,2.69,98.21,0.0,0.0,0.0,280.17,3.57,169.0,846.79,
2010,3,1,2,2.79,97.87,0.0,0.0,0.0,284.93,4.02,174.0,846.65,
2010,3,1,3,2.88,97.53,0.0,0.0,0.0,289.69,4.47,114.0,843.76,
2010,3,1,4,2.97,97.19,0.0,0.0,0.0,294.46,4.92,108.0,843.71,
2010,3,1,5,3.06,96.86,0.0,0.0,0.0,299.22,5.37,102.0,843.65,
2010,3,1,6,3.16,96.52,0.0,0.0,0.0,303.99,5.82,105.0,843.76,
2010,3,1,7,3.25,96.18,7.0,0.0,7.0,308.75,6.27,108.0,843.87,
2010,3,1,8,3.34,95.84,62.0,0.0,62.0,313.51,6.72,111.0,843.99,
2010,3,1,9,3.44,95.5,79.0,0.0,79.0,318.28,7.16,118.0,843.85,
2010,3,1,10,3.53,95.17,74.0,0.0,74.0,323.04,7.61,124.0,843.71,
2010,3,1,11,4.11,95.16,72.0,0.0,72.0,316.95,6.58,130.0,843.57,
2010,3,1,12,4.17,95.31,73.0,0.0,73.0,317.08,5.61,133.0,843.37,
2010,3,1,13,4.23,95.46,73.0,0.0,73.0,317.22,4.64,136.0,843.18,
2010,3,1,14,4.29,95.61,67.0,0.0,67.0,317.35,3.67,138.0,842.99,
2010,3,1,15,4.03,96.13,101.0,0.0,101.0,315.73,3.28,149.0,843.37,
2010,3,1,16,3.77,96.64,91.0,0.0,91.0,314.12,2.9,159.0,843.76,
2010,3,1,17,3.51,97.16,56.0,5.53,55.0,312.5,2.51,169.0,844.15,
2010,3,1,18,3.35,97.77,0.0,0.0,0.0,311.53,2.28,178.0,844.54,
2010,3,1,19,3.2,98.39,0.0,0.0,0.0,310.57,2.04,186.0,844.93,
2010,3,1,20,3.04,99.0,0.0,0.0,0.0,309.6,1.81,195.0,845.32,
2010,3,1,21,2.88,99.27,0.0,0.0,0.0,305.92,1.57,188.0,845.48,
2010,3,1,22,2.72,99.53,0.0,0.0,0.0,302.23,1.34,181.0,845.65,
2010,3,1,23,2.56,99.8,0.0,0.0,0.0,298.55,1.1,174.0,845.82,
2010,3,2,0,2.46,99.7,0.0,0.0,0.0,300.38,0.97,145.0,845.98,
2010,3,2,1,2.36,99.6,0.0,0.0,0.0,302.22,0.84,117.0,846.15,
2010,3,2,2,2.26,99.5,0.0,0.0,0.0,304.05,0.7,88.0,846.32,
2010,3,2,3,2.16,99.45,0.0,0.0,0.0,304.32,0.92,77.0,846.37,
2010,3,2,4,2.07,99.41,0.0,0.0,0.0,304.58,1.14,65.0,846.43,
2010,3,2,5,1.98,99.36,0.0,0.0,0.0,304.85,1.37,53.0,846.48,
2010,3,2,6,2.94,96.62,0.0,0.0,0.0,309.5,1.42,50.0,846.79,
2010,3,2,7,3.9,93.87,19.0,0.0,19.0,314.15,1.47,46.0,847.09,
2010,3,2,8,4.86,91.13,52.0,0.0,52.0,318.8,1.52,43.0,847.4,
2010,3,2,9,5.69,85.15,107.0,0.0,107.0,315.12,2.04,17.0,846.71,
2010,3,2,10,6.52,79.17,405.0,198.4,291.0,311.43,2.56,351.0,846.01,
2010,3,2,11,7.35,73.19,380.0,70.42,333.0,307.75,3.08,324.0,845.32,
2010,3,2,12,7.85,68.04,371.0,43.69,340.0,297.2,3.43,311.0,844.62,
2010,3,2,13,8.35,62.89,437.0,108.88,361.0,286.65,3.77,299.0,843.93,
2010,3,2,14,8.85,57.74,256.0,7.89,251.0,276.1,4.12,286.0,843.24,
2010,3,2,15,7.46,62.19,280.0,61.39,248.0,272.92,3.26,280.0,843.32,
2010,3,2,16,6.06,66.65,286.0,339.75,161.0,269.73,2.39,274.0,843.4,
2010,3,2,17,4.67,71.1,54.0,5.42,53.0,266.55,1.52,268.0,843.49,
2010,3,2,18,3.94,75.28,0.0,0.0,0.0,266.2,1.15,258.0,843.6,
2010,3,2,19,3.21,79.45,0.0,0.0,0.0,265.85,0.78,249.0,843.71,
2010,3,2,20,2.47,83.63,0.0,0.0,0.0,265.5,0.41,239.0,843.82,
2010,3,2,21,2.55,85.35,0.0,0.0,0.0,268.8,0.51,236.0,843.85,
2010,3,2,22,2.62,87.07,0.0,0.0,0.0,272.1,0.62,233.0,843.87,
2010,3,2,23,2.7,88.79,0.0,0.0,0.0,275.4,0.72,231.0,843.9,
2010,3,3,0,2.9,91.07,0.0,0.0,0.0,286.62,0.85,230.0,843.99,
2010,3,3,1,3.1,93.34,0.0,0.0,0.0,297.83,0.97,229.0,844.07,
2010,3,3,2,3.3,95.62,0.0,0.0,0.0,309.05,1.1,228.0,844.15,
2010,3,3,3,3.34,96.83,0.0,0.0,0.0,313.75,1.2,227.0,843.96,
2010,3,3,4,3.38,98.03,0.0,0.0,0.0,318.45,1.29,226.0,843.76,
2010,3,3,5,3.42,99.24,0.0,0.0,0.0,323.15,1.38,225.0,843.57,
2010,3,3,6,4.15,96.51,0.0,0.0,0.0,320.42,2.03,226.0,843.54,
2010,3,3,7,4.88,93.78,24.0,0.0,24.0,317.68,2.69,227.0,843.51,
2010,3,3,8,5.61,91.05,236.0,562.41,84.0,314.95,3.34,228.0,843.49,
2010,3,3,9,6.39,84.82,440.0,754.89,106.0,309.35,3.43,231.0,842.46,
2010,3,3,10,7.17,78.59,598.0,798.89,135.0,303.75,3.53,234.0,841.43,
2010,3,3,11,7.95,72.36,646.0,600.97,242.0,298.15,3.63,236.0,840.4,
2010,3,3,12,8.01,70.94,245.0,1.4,244.0,296.93,4.09,236.0,839.68,
2010,3,3,13,8.08,69.52,149.0,0.0,149.0,295.72,4.56,236.0,838.96,
2010,3,3,14,8.14,68.1,179.0,0.0,179.0,294.5,5.02,235.0,838.24,
2010,3,3,15,7.19,76.05,370.0,203.69,263.0,299.77,4.18,226.0,838.8,
2010,3,3,16,6.24,83.99,276.0,285.13,170.0,305.03,3.35,217.0,839.35,
2010,3,3,17,5.29,91.94,112.0,170.26,80.0,310.3,2.51,209.0,839.91,
2010,3,3,18,5.06,93.53,0.0,0.0,0.0,309.5,2.39,198.0,839.99,
2010,3,3,19,4.83,95.11,0.0,0.0,0.0,308.7,2.26,188.0,840.07,
2010,3,3,20,4.59,96.7,0.0,0.0,0.0,307.9,2.14,178.0,840.16,
2010,3,3,21,4.51,96.97,0.0,0.0,0.0,306.78,2.04,169.0,839.88,
2010,3,3,22,4.42,97.25,0.0,0.0,0.0,305.67,1.94,159.0,839.6,
2010,3,3,23,4.34,97.52,0.0,0.0,0.0,304.55,1.83,150.0,839.32,
2010,3,4,0,4.05,98.05,0.0,0.0,0.0,308.63,1.77,146.0,838.96,
2010,3,4,1,3.76,98.57,0.0,0.0,0.0,312.72,1.71,142.0,838.6,
2010,3,4,2,3.48,99.1,0.0,0.0,0.0,316.8,1.64,138.0,838.24,
2010,3,4,3,3.37,98.8,0.0,0.0,0.0,318.65,1.6,139.0,838.57,
2010,3,4,4,3.26,98.51,0.0,0.0,0.0,320.5,1.57,140.0,838.91,
2010,3,4,5,3.15,98.21,0.0,0.0,0.0,322.35,1.53,140.0,839.24,
2010,3,4,6,3.66,96.79,0.0,0.0,0.0,321.42,2.54,150.0,839.63,
2010,3,4,7,4.18,95.37,14.0,0.0,14.0,320.48,3.54,159.0,840.02,
2010,3,4,8,4.69,93.95,72.0,0.0,72.0,319.55,4.55,169.0,840.4,
2010,3,4,9,5.36,91.12,138.0,0.0,138.0,320.02,4.32,186.0,840.38,
2010,3,4,10,6.02,88.28,144.0,0.0,144.0,320.48,4.08,202.0,840.35,
2010,3,4,11,6.68,85.45,261.0,5.91,257.0,320.95,3.85,219.0,840.32,
2010,3,4,12,6.88,83.45,235.0,0.0,235.0,314.32,3.8,232.0,840.16,
2010,3,4,13,7.08,81.44,381.0,52.33,344.0,307.68,3.75,246.0,839.99,
2010,3,4,14,7.28,79.44,133.0,0.0,133.0,301.05,3.7,260.0,839.82,
2010,3,4,15,6.6,82.52,163.0,0.0,163.0,293.48,3.27,267.0,840.93,
2010,3,4,16,5.92,85.59,313.0,431.33,151.0,285.92,2.84,275.0,842.04,
2010,3,4,17,5.24,88.67,55.0,5.22,54.0,278.35,2.41,282.0,843.15,
2010,3,4,18,5.06,90.1,0.0,0.0,0.0,286.45,1.91,284.0,844.01,
2010,3,4,19,4.89,91.52,0.0,0.0,0.0,294.55,1.4,287.0,844.87,
2010,3,4,20,4.71,92.95,0.0,0.0,0.0,302.65,0.9,289.0,845.73,
2010,3,4,21,4.69,93.6,0.0,0.0,0.0,305.0,0.88,287.0,846.12,
2010,3,4,22,4.66,94.25,0.0,0.0,0.0,307.35,0.87,286.0,846.51,
2010,3,4,23,4.63,94.9,0.0,0.0,0.0,309.7,0.86,284.0,846.9,
2010,3,5,0,4.65,95.31,0.0,0.0,0.0,310.92,0.75,270.0,846.93,
2010,3,5,1,4.67,95.73,0.0,0.0,0.0,312.13,0.65,257.0,846.96,
2010,3,5,2,4.7,96.14,0.0,0.0,0.0,313.35,0.55,244.0,846.98,
2010,3,5,3,4.5,96.74,0.0,0.0,0.0,316.43,0.68,243.0,847.18,
2010,3,5,4,4.3,97.33,0.0,0.0,0.0,319.52,0.8,243.0,847.37,
2010,3,5,5,4.1,97.93,0.0,0.0,0.0,322.6,0.92,242.0,847.57,
2010,3,5,6,4.89,95.24,0.0,0.0,0.0,318.98,1.46,237.0,847.7,
2010,3,5,7,5.67,92.55,18.0,0.0,18.0,315.37,1.99,231.0,847.84,
2010,3,5,8,6.46,89.86,140.0,64.24,122.0,311.75,2.52,225.0,847.98,
2010,3,5,9,7.43,83.17,267.0,103.88,220.0,308.05,2.87,231.0,846.9,
2010,3,5,10,8.4,76.49,401.0,167.95,302.0,304.35,3.21,236.0,845.82,
2010,3,5,11,9.36,69.8,504.0,224.35,351.0,300.65,3.56,242.0,844.73,
2010,3,5,12,10.11,67.56,699.0,603.9,262.0,289.07,3.69,241.0,843.79,
2010,3,5,13,10.86,65.31,782.0,945.74,109.0,277.48,3.83,240.0,842.85,
2010,3,5,14,11.61,63.07,691.0,879.81,122.0,265.9,3.96,239.0,841.9,
2010,3,5,15,10.14,67.46,475.0,491.18,213.0,260.35,3.79,234.0,842.18,
2010,3,5,16,8.66,71.85,342.0,569.36,126.0,254.8,3.62,229.0,842.46,
2010,3,5,17,7.19,76.24,86.0,46.13,77.0,249.25,3.45,224.0,842.74,
2010,3,5,18,6.51,80.07,0.0,0.0,0.0,254.45,3.15,221.0,843.21,
2010,3,5,19,5.84,83.89,0.0,0.0,0.0,259.65,2.86,218.0,843.68,
2010,3,5,20,5.16,87.72,0.0,0.0,0.0,264.85,2.57,216.0,844.15,
2010,3,5,21,4.9,89.08,0.0,0.0,0.0,270.9,3.11,215.0,844.21,
2010,3,5,22,4.63,90.43,0.0,0.0,0.0,276.95,3.65,215.0,844.26,
2010,3,5,23,4.36,91.79,0.0,0.0,0.0,283.0,4.19,214.0,844.32,
2010,3,6,0,4.05,92.48,0.0,0.0,0.0,273.08,3.96,214.0,844.32,
2010,3,6,1,3.75,93.17,0.0,0.0,0.0,263.17,3.73,214.0,844.32,
2010,3,6,2,3.45,93.86,0.0,0.0,0.0,253.25,3.5,214.0,844.32,
2010,3,6,3,3.59,95.0,0.0,0.0,0.0,256.05,3.0,213.0,844.51,
2010,3,6,4,3.73,96.13,0.0,0.0,0.0,258.85,2.5,213.0,844.71,
2010,3,6,5,3.88,97.27,0.0,0.0,0.0,261.65,2.0,212.0,844.9,
2010,3,6,6,5.03,95.03,0.0,0.0,0.0,270.77,3.19,214.0,845.07,
2010,3,6,7,6.19,92.78,29.0,0.0,29.0,279.88,4.37,217.0,845.23,
2010,3,6,8,7.34,90.54,154.0,91.16,128.0,289.0,5.56,220.0,845.4,
2010,3,6,9,8.71,83.87,372.0,373.81,201.0,282.77,5.84,224.0,844.48,
2010,3,6,10,10.08,77.19,465.0,296.08,289.0,276.53,6.12,229.0,843.57,
2010,3,6,11,11.45,70.52,584.0,387.29,318.0,270.3,6.4,233.0,842.65,
2010,3,6,12,11.71,66.13,399.0,54.92,359.0,274.72,6.78,234.0,842.18,
2010,3,6,13,11.98,61.74,491.0,161.99,375.0,279.13,7.16,234.0,841.71,
2010,3,6,14,12.24,57.35,567.0,430.12,287.0,283.55,7.54,235.0,841.24,
2010,3,6,15,10.93,63.52,560.0,848.5,104.0,280.4,6.34,233.0,841.65,
2010,3,6,16,9.61,69.68,364.0,681.21,103.0,277.25,5.13,231.0,842.07,
2010,3,6,17,8.3,75.85,154.0,422.81,70.0,274.1,3.92,230.0,842.49,
2010,3,6,18,7.17,79.64,0.0,0.0,0.0,265.25,3.82,225.0,842.96,
2010,3,6,19,6.04,83.43,0.0,0.0,0.0,256.4,3.72,220.0,843.43,
2010,3,6,20,4.9,87.22,0.0,0.0,0.0,247.55,3.63,215.0,843.9,
2010,3,6,21,4.59,89.26,0.0,0.0,0.0,244.9,3.54,214.0,844.21,
2010,3,6,22,4.27,91.3,0.0,0.0,0.0,242.25,3.44,213.0,844.51,
2010,3,6,23,3.96,93.34,0.0,0.0,0.0,239.6,3.35,212.0,844.82,
2010,3,7,0,3.82,93.68,0.0,0.0,0.0,237.43,3.44,211.0,844.98,
2010,3,7,1,3.68,94.02,0.0,0.0,0.0,235.27,3.54,211.0,845.15,
2010,3,7,2,3.54,94.36,0.0,0.0,0.0,233.1,3.63,211.0,845.32,
2010,3,7,3,3.7,94.36,0.0,0.0,0.0,235.77,3.23,212.0,845.46,
2010,3,7,4,3.87,94.35,0.0,0.0,0.0,238.43,2.84,214.0,845.6,
2010,3,7,5,4.04,94.35,0.0,0.0,0.0,241.1,2.44,215.0,845.73,
2010,3,7,6,5.76,90.89,0.0,0.0,0.0,242.85,2.93,217.0,846.09,
2010,3,7,7,7.47,87.44,26.0,0.0,26.0,244.6,3.42,219.0,846.46,
2010,3,7,8,9.19,83.98,231.0,406.55,113.0,246.35,3.9,220.0,846.82,
2010,3,7,9,10.29,76.78,327.0,218.38,226.0,250.63,5.33,226.0,846.18,
2010,3,7,10,11.39,69.58,573.0,612.26,206.0,254.92,6.75,231.0,845.54,
2010,3,7,11,12.48,62.38,711.0,760.47,185.0,259.2,8.18,237.0,844.9,
2010,3,7,12,12.34,61.22,722.0,646.66,248.0,266.75,8.21,237.0,844.73,
2010,3,7,13,12.2,60.07,738.0,741.09,204.0,274.3,8.24,238.0,844.57,
2010,3,7,14,12.06,58.91,518.0,299.14,322.0,281.85,8.28,239.0,844.4,
2010,3,7,15,10.7,63.7,298.0,68.34,261.0,276.02,6.75,237.0,845.29,
2010,3,7,16,9.35,68.48,127.0,2.58,126.0,270.18,5.22,235.0,846.18,
2010,3,7,17,7.99,73.27,115.0,138.48,87.0,264.35,3.7,234.0,847.07,
2010,3,7,18,6.97,78.62,0.0,0.0,0.0,260.45,3.53,229.0,847.7,
2010,3,7,19,5.96,83.96,0.0,0.0,0.0,256.55,3.37,223.0,848.34,
2010,3,7,20,4.94,89.31,0.0,0.0,0.0,252.65,3.2,218.0,848.98,
2010,3,7,21,4.58,91.41,0.0,0.0,0.0,250.37,2.25,217.0,849.45,
2010,3,7,22,4.21,93.5,0.0,0.0,0.0,248.08,1.3,216.0,849.92,
2010,3,7,23,3.85,95.6,0.0,0.0,0.0,245.8,0.34,215.0,850.4,
2010,3,8,0,3.47,96.38,0.0,0.0,0.0,244.1,0.76,205.0,850.7,
2010,3,8,1,3.1,97.15,0.0,0.0,0.0,242.4,1.17,195.0,851.01,
2010,3,8,2,2.73,97.93,0.0,0.0,0.0,240.7,1.59,184.0,851.31,
2010,3,8,3,2.87,98.37,0.0,0.0,0.0,239.58,1.77,184.0,851.51,
2010,3,8,4,3.01,98.8,0.0,0.0,0.0,238.47,1.96,183.0,851.7,
2010,3,8,5,3.15,99.24,0.0,0.0,0.0,237.35,2.15,183.0,851.9,
2010,3,8,6,5.05,96.88,0.0,0.0,0.0,241.35,2.21,190.0,852.31,
2010,3,8,7,6.96,94.53,15.0,0.0,15.0,245.35,2.26,197.0,852.73,
2010,3,8,8,8.86,92.17,51.0,0.0,51.0,249.35,2.32,204.0,853.14,
2010,3,8,9,10.24,83.1,89.0,0.0,89.0,257.03,2.72,213.0,852.64,
2010,3,8,10,11.62,74.03,164.0,0.0,164.0,264.72,3.13,222.0,852.15,
2010,3,8,11,12.99,64.96,150.0,0.0,150.0,272.4,3.53,231.0,851.65,
2010,3,8,12,13.37,62.42,182.0,0.0,182.0,271.52,3.64,237.0,851.2,
2010,3,8,13,13.74,59.89,291.0,6.9,286.0,270.63,3.75,243.0,850.76,
2010,3,8,14,14.12,57.35,193.0,0.0,193.0,269.75,3.86,248.0,850.31,
2010,3,8,15,12.33,63.26,295.0,62.35,261.0,266.8,3.07,247.0,850.65,
2010,3,8,16,10.54,69.16,187.0,40.96,171.0,263.85,2.28,245.0,850.98,
2010,3,8,17,8.75,75.07,57.0,0.0,57.0,260.9,1.49,243.0,851.31,
2010,3,8,18,7.56,78.96,0.0,0.0,0.0,258.45,1.31,238.0,851.84,
2010,3,8,19,6.37,82.85,0.0,0.0,0.0,256.0,1.14,232.0,852.37,
2010,3,8,20,5.18,86.74,0.0,0.0,0.0,253.55,0.97,227.0,852.89,
2010,3,8,21,4.61,89.22,0.0,0.0,0.0,251.7,1.17,215.0,852.92,
2010,3,8,22,4.04,91.71,0.0,0.0,0.0,249.85,1.37,203.0,852.95,
2010,3,8,23,3.47,94.19,0.0,0.0,0.0,248.0,1.57,191.0,852.98,
2010,3,9,0,3.22,94.81,0.0,0.0,0.0,246.55,1.54,185.0,852.92,
2010,3,9,1,2.98,95.42,0.0,0.0,0.0,245.1,1.52,179.0,852.87,
2010,3,9,2,2.74,96.04,0.0,0.0,0.0,243.65,1.49,172.0,852.81,
2010,3,9,3,2.74,95.5,0.0,0.0,0.0,243.65,1.59,172.0,852.84,
2010,3,9,4,2.74,94.97,0.0,0.0,0.0,243.65,1.68,171.0,852.87,
2010,3,9,5,2.74,94.43,0.0,0.0,0.0,243.65,1.78,171.0,852.89,
2010,3,9,6,5.52,89.77,0.0,0.0,0.0,248.57,1.93,175.0,853.09,
2010,3,9,7,8.31,85.12,34.0,0.0,34.0,253.48,2.08,180.0,853.28,
2010,3,9,8,11.09,80.46,96.0,3.33,95.0,258.4,2.23,184.0,853.48,
2010,3,9,9,13.29,75.58,296.0,133.3,233.0,267.15,2.61,193.0,852.45,
2010,3,9,10,15.48,70.69,548.0,493.96,247.0,275.9,2.99,201.0,851.42,
2010,3,9,11,17.67,65.81,462.0,138.31,365.0,284.65,3.37,210.0,850.4,
2010,3,9,12,18.02,64.02,299.0,6.74,294.0,289.7,3.26,214.0,849.56,
2010,3,9,13,18.38,62.24,106.0,0.0,106.0,294.75,3.15,219.0,848.73,
2010,3,9,14,18.73,60.45,307.0,22.61,292.0,299.8,3.05,223.0,847.9,
2010,3,9,15,16.51,62.52,206.0,5.46,203.0,293.32,2.97,216.0,847.98,
2010,3,9,16,14.28,64.6,185.0,35.51,171.0,286.83,2.88,209.0,848.07,
2010,3,9,17,12.06,66.67,75.0,14.34,72.0,280.35,2.8,202.0,848.15,
2010,3,9,18,11.26,69.06,0.0,0.0,0.0,279.73,2.95,196.0,848.23,
2010,3,9,19,10.47,71.45,0.0,0.0,0.0,279.12,3.1,189.0,848.32,
2010,3,9,20,9.67,73.84,0.0,0.0,0.0,278.5,3.26,183.0,848.4,
2010,3,9,21,9.38,74.33,0.0,0.0,0.0,274.42,3.54,187.0,848.12,
2010,3,9,22,9.08,74.83,0.0,0.0,0.0,270.33,3.82,191.0,847.84,
2010,3,9,23,8.78,75.32,0.0,0.0,0.0,266.25,4.1,196.0,847.57,
2010,3,10,0,8.82,73.5,0.0,0.0,0.0,263.77,3.67,199.0,847.2,
2010,3,10,1,8.86,71.69,0.0,0.0,0.0,261.28,3.25,203.0,846.84,
2010,3,10,2,8.91,69.87,0.0,0.0,0.0,258.8,2.83,206.0,846.48,
2010,3,10,3,9.23,66.25,0.0,0.0,0.0,264.53,2.59,212.0,846.73,
2010,3,10,4,9.56,62.64,0.0,0.0,0.0,270.27,2.36,217.0,846.98,
2010,3,10,5,9.89,59.02,0.0,0.0,0.0,276.0,2.12,223.0,847.23,
2010,3,10,6,11.41,58.13,0.0,0.0,0.0,283.07,2.81,225.0,847.23,
2010,3,10,7,12.93,57.23,30.0,9.13,29.0,290.13,3.49,228.0,847.23,
2010,3,10,8,14.45,56.34,24.0,0.0,24.0,297.2,4.18,230.0,847.23,
2010,3,10,9,15.7,54.24,49.0,0.0,49.0,301.78,4.89,228.0,846.62,
2010,3,10,10,16.94,52.15,91.0,0.0,91.0,306.37,5.6,225.0,846.01,
2010,3,10,11,18.18,50.05,661.0,546.62,275.0,310.95,6.32,223.0,845.4,
2010,3,10,12,18.39,49.29,808.0,891.69,142.0,306.77,6.69,225.0,845.1,
2010,3,10,13,18.61,48.54,787.0,869.48,149.0,302.58,7.07,227.0,844.79,
2010,3,10,14,18.82,47.78,708.0,856.69,136.0,298.4,7.45,229.0,844.48,
2010,3,10,15,16.99,53.8,548.0,710.5,155.0,290.47,6.29,229.0,844.98,
2010,3,10,16,15.15,59.82,377.0,665.96,112.0,282.53,5.12,229.0,845.48,
2010,3,10,17,13.32,65.84,164.0,413.86,76.0,274.6,3.96,228.0,845.98,
2010,3,10,18,12.34,69.16,0.0,0.0,0.0,272.38,3.89,226.0,846.23,
2010,3,10,19,11.37,72.48,0.0,0.0,0.0,270.17,3.83,223.0,846.48,
2010,3,10,20,10.39,75.8,0.0,0.0,0.0,267.95,3.77,221.0,846.73,
2010,3,10,21,10.33,77.08,0.0,0.0,0.0,275.23,3.25,219.0,846.57,
2010,3,10,22,10.26,78.36,0.0,0.0,0.0,282.52,2.74,217.0,846.4,
2010,3,10,23,10.19,79.64,0.0,0.0,0.0,289.8,2.22,216.0,846.23,
2010,3,11,0,10.51,79.28,0.0,0.0,0.0,299.08,2.33,219.0,846.01,
2010,3,11,1,10.84,78.91,0.0,0.0,0.0,308.37,2.43,221.0,845.79,
2010,3,11,2,11.17,78.55,0.0,0.0,0.0,317.65,2.54,224.0,845.57,
2010,3,11,3,10.75,79.35,0.0,0.0,0.0,314.27,2.32,228.0,845.9,
2010,3,11,4,10.33,80.16,0.0,0.0,0.0,310.88,2.1,231.0,846.23,
2010,3,11,5,9.92,80.96,0.0,0.0,0.0,307.5,1.88,234.0,846.57,
2010,3,11,6,11.59,79.84,0.0,0.0,0.0,299.65,2.19,235.0,847.23,
2010,3,11,7,13.26,78.71,36.0,17.44,34.0,291.8,2.5,236.0,847.9,
2010,3,11,8,14.93,77.59,243.0,373.44,127.0,283.95,2.81,236.0,848.56,
2010,3,11,9,15.93,73.54,449.0,596.58,161.0,282.35,3.1,241.0,848.37,
2010,3,11,10,16.93,69.5,555.0,486.04,254.0,280.75,3.39,246.0,848.18,
2010,3,11,11,17.93,65.45,762.0,876.29,139.0,279.15,3.68,250.0,847.98,
2010,3,11,12,18.19,58.37,773.0,750.52,209.0,280.18,3.54,252.0,847.73,
2010,3,11,13,18.46,51.3,775.0,807.45,179.0,281.22,3.39,253.0,847.48,
2010,3,11,14,18.72,44.22,694.0,780.01,170.0,282.25,3.24,255.0,847.23,
2010,3,11,15,16.63,50.86,483.0,445.26,235.0,277.77,2.57,254.0,847.48,
2010,3,11,16,14.53,57.49,340.0,453.25,158.0,273.28,1.91,253.0,847.73,
2010,3,11,17,12.44,64.13,140.0,217.53,93.0,268.8,1.24,252.0,847.98,
2010,3,11,18,11.51,68.39,0.0,0.0,0.0,270.73,1.4,239.0,848.26,
2010,3,11,19,10.58,72.66,0.0,0.0,0.0,272.67,1.56,227.0,848.54,
2010,3,11,20,9.64,76.92,0.0,0.0,0.0,274.6,1.72,214.0,848.81,
2010,3,11,21,9.31,77.2,0.0,0.0,0.0,272.88,1.77,208.0,848.7,
2010,3,11,22,8.97,77.48,0.0,0.0,0.0,271.17,1.81,201.0,848.59,
2010,3,11,23,8.63,77.76,0.0,0.0,0.0,269.45,1.85,195.0,848.48,
2010,3,12,0,8.69,77.53,0.0,0.0,0.0,266.08,1.67,197.0,848.45,
2010,3,12,1,8.75,77.31,0.0,0.0,0.0,262.72,1.49,200.0,848.43,
2010,3,12,2,8.81,77.08,0.0,0.0,0.0,259.35,1.31,202.0,848.4,
2010,3,12,3,8.7,77.94,0.0,0.0,0.0,260.03,1.53,202.0,848.48,
2010,3,12,4,8.59,78.81,0.0,0.0,0.0,260.72,1.75,201.0,848.56,
2010,3,12,5,8.49,79.67,0.0,0.0,0.0,261.4,1.97,201.0,848.65,
2010,3,12,6,10.6,74.29,0.0,0.0,0.0,266.37,2.47,203.0,848.54,
2010,3,12,7,12.72,68.91,47.0,41.74,42.0,271.33,2.97,205.0,848.43,
2010,3,12,8,14.83,63.53,131.0,22.17,124.0,276.3,3.46,207.0,848.32,
2010,3,12,9,16.65,58.58,150.0,0.0,150.0,282.82,4.49,213.0,847.37,
2010,3,12,10,18.46,53.62,395.0,121.75,319.0,289.33,5.51,220.0,846.43,
2010,3,12,11,20.27,48.67,323.0,18.16,310.0,295.85,6.54,226.0,845.48,
2010,3,12,12,20.41,46.98,706.0,534.36,302.0,296.05,6.93,227.0,844.96,
2010,3,12,13,20.55,45.28,524.0,183.18,388.0,296.25,7.33,228.0,844.43,
2010,3,12,14,20.69,43.59,568.0,374.35,315.0,296.45,7.72,229.0,843.9,
2010,3,12,15,19.03,48.59,223.0,8.92,218.0,293.35,6.52,228.0,844.35,
2010,3,12,16,17.37,53.58,182.0,29.62,170.0,290.25,5.31,227.0,844.79,
2010,3,12,17,15.71,58.58,58.0,0.0,58.0,287.15,4.11,226.0,845.23,
2010,3,12,18,14.9,59.94,0.0,0.0,0.0,281.3,4.02,223.0,845.4,
2010,3,12,19,14.1,61.31,0.0,0.0,0.0,275.45,3.93,219.0,845.57,
2010,3,12,20,13.29,62.67,0.0,0.0,0.0,269.6,3.83,216.0,845.73,
2010,3,12,21,13.09,61.39,0.0,0.0,0.0,267.03,3.82,213.0,845.35,
2010,3,12,22,12.88,60.11,0.0,0.0,0.0,264.47,3.8,211.0,844.96,
2010,3,12,23,12.67,58.83,0.0,0.0,0.0,261.9,3.78,208.0,844.57,
2010,3,13,0,12.68,56.51,0.0,0.0,0.0,260.32,3.73,208.0,844.15,
2010,3,13,1,12.69,54.19,0.0,0.0,0.0,258.73,3.69,208.0,843.74,
2010,3,13,2,12.71,51.87,0.0,0.0,0.0,257.15,3.64,208.0,843.32,
2010,3,13,3,12.3,52.59,0.0,0.0,0.0,257.2,3.66,208.0,843.54,
2010,3,13,4,11.89,53.32,0.0,0.0,0.0,257.25,3.67,209.0,843.76,
2010,3,13,5,11.49,54.04,0.0,0.0,0.0,257.3,3.68,210.0,843.99,
2010,3,13,6,13.31,53.72,0.0,0.0,0.0,261.63,3.74,210.0,843.87,
2010,3,13,7,15.12,53.4,59.0,88.04,48.0,265.97,3.79,209.0,843.76,
2010,3,13,8,16.94,53.08,115.0,9.35,112.0,270.3,3.85,209.0,843.65,
2010,3,13,9,18.07,47.4,309.0,129.84,245.0,274.18,4.33,212.0,842.93,
2010,3,13,10,19.2,41.71,463.0,232.04,317.0,278.07,4.8,216.0,842.21,
2010,3,13,11,20.33,36.03,384.0,48.58,349.0,281.95,5.28,219.0,841.49,
2010,3,13,12,20.5,36.93,205.0,0.0,205.0,284.12,5.62,221.0,840.99,
2010,3,13,13,20.66,37.84,71.0,0.0,71.0,286.28,5.96,222.0,840.49,
2010,3,13,14,20.83,38.74,131.0,0.0,131.0,288.45,6.3,224.0,839.99,
2010,3,13,15,19.19,40.55,112.0,0.0,112.0,284.53,5.47,224.0,840.57,
2010,3,13,16,17.54,42.37,195.0,39.15,179.0,280.62,4.63,225.0,841.15,
2010,3,13,17,15.9,44.18,98.0,40.39,89.0,276.7,3.79,226.0,841.74,
2010,3,13,18,15.16,44.86,0.0,0.0,0.0,274.57,3.68,225.0,842.01,
2010,3,13,19,14.42,45.54,0.0,0.0,0.0,272.43,3.56,224.0,842.29,
2010,3,13,20,13.68,46.22,0.0,0.0,0.0,270.3,3.45,224.0,842.57,
2010,3,13,21,13.37,45.8,0.0,0.0,0.0,269.55,3.25,224.0,842.32,
2010,3,13,22,13.05,45.38,0.0,0.0,0.0,268.8,3.05,225.0,842.07,
2010,3,13,23,12.73,44.96,0.0,0.0,0.0,268.05,2.86,226.0,841.82,
2010,3,14,0,12.58,44.52,0.0,0.0,0.0,270.17,3.03,227.0,841.74,
2010,3,14,1,12.43,44.07,0.0,0.0,0.0,272.28,3.2,228.0,841.65,
2010,3,14,2,12.29,43.63,0.0,0.0,0.0,274.4,3.38,229.0,841.57,
2010,3,14,3,11.67,51.01,0.0,0.0,0.0,270.73,2.91,229.0,842.13,
2010,3,14,4,11.05,58.39,0.0,0.0,0.0,267.07,2.43,230.0,842.68,
2010,3,14,5,10.43,65.77,0.0,0.0,0.0,263.4,1.96,230.0,843.24,
2010,3,14,6,12.17,64.35,0.0,0.0,0.0,267.73,2.12,225.0,843.4,
2010,3,14,7,13.91,62.93,16.0,0.0,16.0,272.07,2.29,219.0,843.57,
2010,3,14,8,15.65,61.51,136.0,21.47,129.0,276.4,2.46,214.0,843.74,
2010,3,14,9,16.99,57.5,145.0,0.0,145.0,278.28,2.02,219.0,843.35,
2010,3,14,10,18.33,53.49,449.0,197.12,324.0,280.17,1.59,225.0,842.96,
2010,3,14,11,19.67,49.48,607.0,364.03,343.0,282.05,1.16,230.0,842.57,
2010,3,14,12,19.64,50.52,701.0,500.6,318.0,283.88,1.52,231.0,842.01,
2010,3,14,13,19.61,51.55,584.0,270.32,381.0,285.72,1.88,232.0,841.46,
2010,3,14,14,19.58,52.59,551.0,320.24,332.0,287.55,2.23,233.0,840.9,
2010,3,14,15,18.12,56.04,359.0,128.45,286.0,286.47,2.72,231.0,841.1,
2010,3,14,16,16.66,59.49,266.0,160.11,200.0,285.38,3.21,228.0,841.29,
2010,3,14,17,15.2,62.94,45.0,0.0,45.0,284.3,3.7,226.0,841.49,
2010,3,14,18,14.76,63.24,0.0,0.0,0.0,281.33,3.66,222.0,841.49,
2010,3,14,19,14.32,63.53,0.0,0.0,0.0,278.37,3.63,218.0,841.49,
2010,3,14,20,13.88,63.83,0.0,0.0,0.0,275.4,3.6,214.0,841.49,
2010,3,14,21,14.1,58.99,0.0,0.0,0.0,273.03,3.47,213.0,841.07,
2010,3,14,22,14.31,54.16,0.0,0.0,0.0,270.67,3.33,212.0,840.65,
2010,3,14,23,14.53,49.32,0.0,0.0,0.0,268.3,3.2,211.0,840.24,
2010,3,15,0,14.58,46.63,0.0,0.0,0.0,266.92,2.64,210.0,839.79,
2010,3,15,1,14.63,43.93,0.0,0.0,0.0,265.53,2.09,209.0,839.35,
2010,3,15,2,14.68,41.24,0.0,0.0,0.0,264.15,1.53,209.0,838.91,
2010,3,15,3,14.46,40.9,0.0,0.0,0.0,262.87,2.37,209.0,839.1,
2010,3,15,4,14.25,40.57,0.0,0.0,0.0,261.58,3.21,209.0,839.29,
2010,3,15,5,14.04,40.23,0.0,0.0,0.0,260.3,4.06,209.0,839.49,
2010,3,15,6,15.32,41.04,0.0,0.0,0.0,262.92,4.23,210.0,839.82,
2010,3,15,7,16.61,41.85,83.0,236.5,51.0,265.53,4.4,212.0,840.16,
2010,3,15,8,17.89,42.66,248.0,310.96,145.0,268.15,4.57,213.0,840.49,
2010,3,15,9,18.83,43.78,432.0,447.28,207.0,272.77,6.01,215.0,840.04,
2010,3,15,10,19.77,44.9,593.0,549.27,242.0,277.38,7.45,217.0,839.6,
2010,3,15,11,20.71,46.02,702.0,602.8,262.0,282.0,8.9,219.0,839.16,
2010,3,15,12,20.95,43.88,697.0,478.2,329.0,285.12,8.64,220.0,838.63,
2010,3,15,13,21.19,41.74,749.0,664.74,247.0,288.23,8.38,220.0,838.1,
2010,3,15,14,21.43,39.6,643.0,552.48,263.0,291.35,8.12,221.0,837.57,
2010,3,15,15,20.01,40.24,417.0,230.76,285.0,291.03,7.05,219.0,837.6,
2010,3,15,16,18.6,40.87,262.0,144.33,202.0,290.72,5.97,216.0,837.63,
2010,3,15,17,17.18,41.51,164.0,304.96,94.0,290.4,4.9,214.0,837.66,
2010,3,15,18,16.73,38.44,0.0,0.0,0.0,284.83,4.83,211.0,837.38,
2010,3,15,19,16.28,35.36,0.0,0.0,0.0,279.27,4.77,208.0,837.1,
2010,3,15,20,15.83,32.29,0.0,0.0,0.0,273.7,4.7,205.0,836.82,
2010,3,15,21,15.41,34.09,0.0,0.0,0.0,277.62,5.55,206.0,836.49,
2010,3,15,22,14.99,35.88,0.0,0.0,0.0,281.53,6.4,206.0,836.16,
2010,3,15,23,14.57,37.68,0.0,0.0,0.0,285.45,7.24,207.0,835.83,
2010,3,16,0,14.72,39.5,0.0,0.0,0.0,294.8,7.08,208.0,835.66,
2010,3,16,1,14.87,41.31,0.0,0.0,0.0,304.15,6.91,208.0,835.49,
2010,3,16,2,15.03,43.13,0.0,0.0,0.0,313.5,6.74,209.0,835.33,
2010,3,16,3,14.53,46.15,0.0,0.0,0.0,311.78,7.48,210.0,835.44,
2010,3,16,4,14.03,49.18,0.0,0.0,0.0,310.07,8.22,210.0,835.55,
2010,3,16,5,13.53,52.2,0.0,0.0,0.0,308.35,8.95,210.0,835.66,
2010,3,16,6,13.04,61.03,0.0,0.0,0.0,312.77,9.13,211.0,836.02,
2010,3,16,7,12.54,69.87,57.0,42.7,51.0,317.18,9.31,212.0,836.38,
2010,3,16,8,12.05,78.7,230.0,222.95,155.0,321.6,9.49,213.0,836.74,
2010,3,16,9,12.8,75.3,367.0,232.24,249.0,320.03,9.99,214.0,836.57,
2010,3,16,10,13.55,71.89,453.0,192.57,329.0,318.47,10.48,214.0,836.41,
2010,3,16,11,14.3,68.49,281.0,4.08,278.0,316.9,10.98,215.0,836.24,
2010,3,16,12,14.55,63.82,613.0,289.41,389.0,309.25,11.0,218.0,836.13,
2010,3,16,13,14.79,59.15,332.0,14.49,321.0,301.6,11.03,220.0,836.02,
2010,3,16,14,15.04,54.48,152.0,0.0,152.0,293.95,11.05,222.0,835.91,
2010,3,16,15,13.89,58.88,233.0,10.42,227.0,290.87,9.91,222.0,836.63,
2010,3,16,16,12.75,63.28,111.0,0.0,111.0,287.78,8.78,222.0,837.35,
2010,3,16,17,11.6,67.68,110.0,55.83,97.0,284.7,7.64,222.0,838.07,
2010,3,16,18,10.51,69.61,0.0,0.0,0.0,280.17,6.38,224.0,839.16,
2010,3,16,19,9.42,71.54,0.0,0.0,0.0,275.63,5.12,225.0,840.24,
2010,3,16,20,8.32,73.47,0.0,0.0,0.0,271.1,3.86,226.0,841.32,
2010,3,16,21,7.57,76.23,0.0,0.0,0.0,263.93,3.66,226.0,841.88,
2010,3,16,22,6.81,79.0,0.0,0.0,0.0,256.77,3.45,225.0,842.43,
2010,3,16,23,6.06,81.76,0.0,0.0,0.0,249.6,3.24,225.0,842.99,
2010,3,17,0,5.49,82.91,0.0,0.0,0.0,247.38,3.42,220.0,843.26,
2010,3,17,1,4.93,84.07,0.0,0.0,0.0,245.17,3.6,214.0,843.54,
2010,3,17,2,4.37,85.22,0.0,0.0,0.0,242.95,3.78,209.0,843.82,
2010,3,17,3,3.95,82.87,0.0,0.0,0.0,240.97,2.86,210.0,844.46,
2010,3,17,4,3.53,80.51,0.0,0.0,0.0,238.98,1.94,210.0,845.1,
2010,3,17,5,3.12,78.16,0.0,0.0,0.0,237.0,1.02,210.0,845.73,
2010,3,17,6,5.14,79.79,0.0,0.0,0.0,239.5,1.65,213.0,846.23,
2010,3,17,7,7.17,81.42,96.0,281.35,55.0,242.0,2.28,215.0,846.73,
2010,3,17,8,9.19,83.05,247.0,272.28,154.0,244.5,2.91,217.0,847.23,
2010,3,17,9,10.29,76.41,459.0,514.47,195.0,250.7,3.43,221.0,846.62,
2010,3,17,10,11.39,69.77,641.0,681.26,199.0,256.9,3.94,224.0,846.01,
2010,3,17,11,12.48,63.13,581.0,285.42,370.0,263.1,4.46,228.0,845.4,
2010,3,17,12,12.56,59.92,631.0,316.04,385.0,266.97,4.11,229.0,844.93,
2010,3,17,13,12.64,56.71,644.0,370.67,361.0,270.83,3.77,230.0,844.46,
2010,3,17,14,12.72,53.5,504.0,211.33,357.0,274.7,3.42,230.0,843.99,
2010,3,17,15,11.21,56.98,472.0,352.13,268.0,270.7,3.45,231.0,844.12,
2010,3,17,16,9.71,60.47,370.0,504.01,157.0,266.7,3.48,232.0,844.26,
2010,3,17,17,8.2,63.95,195.0,499.73,77.0,262.7,3.5,233.0,844.4,
2010,3,17,18,7.08,64.55,0.0,0.0,0.0,257.95,3.51,227.0,844.65,
2010,3,17,19,5.96,65.15,0.0,0.0,0.0,253.2,3.52,221.0,844.9,
2010,3,17,20,4.83,65.75,0.0,0.0,0.0,248.45,3.53,215.0,845.15,
2010,3,17,21,4.68,69.74,0.0,0.0,0.0,253.58,2.91,210.0,845.07,
2010,3,17,22,4.53,73.74,0.0,0.0,0.0,258.72,2.29,204.0,844.98,
2010,3,17,23,4.38,77.73,0.0,0.0,0.0,263.85,1.67,199.0,844.9,
2010,3,18,0,4.38,78.41,0.0,0.0,0.0,268.9,1.78,200.0,844.87,
2010,3,18,1,4.38,79.1,0.0,0.0,0.0,273.95,1.9,200.0,844.85,
2010,3,18,2,4.39,79.78,0.0,0.0,0.0,279.0,2.01,200.0,844.82,
2010,3,18,3,4.1,80.63,0.0,0.0,0.0,274.38,1.9,198.0,844.79,
2010,3,18,4,3.82,81.49,0.0,0.0,0.0,269.77,1.78,196.0,844.76,
2010,3,18,5,3.54,82.34,0.0,0.0,0.0,265.15,1.67,194.0,844.73,
2010,3,18,6,5.92,76.43,0.0,0.0,0.0,267.27,1.84,196.0,844.73,
2010,3,18,7,8.3,70.53,19.0,0.0,19.0,269.38,2.02,197.0,844.73,
2010,3,18,8,10.68,64.62,74.0,0.0,74.0,271.5,2.19,198.0,844.73,
2010,3,18,9,10.96,60.19,138.0,0.0,138.0,282.68,2.3,204.0,844.29,
2010,3,18,10,11.24,55.77,60.0,0.0,60.0,293.87,2.41,210.0,843.85,
2010,3,18,11,11.52,51.34,70.0,0.0,70.0,305.05,2.52,216.0,843.4,
2010,3,18,12,10.68,61.28,75.0,0.0,75.0,310.68,2.41,218.0,843.4,
2010,3,18,13,9.84,71.21,93.0,0.0,93.0,316.32,2.3,219.0,843.4,
2010,3,18,14,9.0,81.15,73.0,0.0,73.0,321.95,2.19,220.0,843.4,
2010,3,18,15,8.63,84.39,60.0,0.0,60.0,322.67,1.82,216.0,842.9,
2010,3,18,16,8.25,87.63,41.0,0.0,41.0,323.38,1.45,213.0,842.4,
2010,3,18,17,7.88,90.87,22.0,0.0,22.0,324.1,1.08,209.0,841.9,
2010,3,18,18,7.5,92.46,0.0,0.0,0.0,326.72,2.21,213.0,842.01,
2010,3,18,19,7.12,94.06,0.0,0.0,0.0,329.33,3.34,216.0,842.13,
2010,3,18,20,6.73,95.65,0.0,0.0,0.0,331.95,4.47,220.0,842.24,
2010,3,18,21,6.09,95.44,0.0,0.0,0.0,326.18,3.94,224.0,842.21,
2010,3,18,22,5.44,95.24,0.0,0.0,0.0,320.42,3.42,228.0,842.18,
2010,3,18,23,4.79,95.03,0.0,0.0,0.0,314.65,2.9,232.0,842.15,
2010,3,19,0,4.24,95.6,0.0,0.0,0.0,297.28,2.69,229.0,842.71,
2010,3,19,1,3.69,96.17,0.0,0.0,0.0,279.92,2.49,225.0,843.26,
2010,3,19,2,3.15,96.74,0.0,0.0,0.0,262.55,2.29,222.0,843.82,
2010,3,19,3,2.3,97.29,0.0,0.0,0.0,251.9,2.17,226.0,845.65,
2010,3,19,4,1.45,97.83,0.0,0.0,0.0,241.25,2.06,229.0,847.48,
2010,3,19,5,0.6,98.38,0.0,0.0,0.0,230.6,1.94,233.0,849.31,
2010,3,19,6,1.88,95.61,0.0,0.0,0.0,234.28,2.63,252.0,850.67,
2010,3,19,7,3.15,92.83,55.0,19.21,52.0,237.97,3.31,271.0,852.03,
2010,3,19,8,4.43,90.06,218.0,147.78,166.0,241.65,4.0,290.0,853.39,
2010,3,19,9,5.3,82.06,502.0,651.75,161.0,246.05,3.98,307.0,853.56,
2010,3,19,10,6.16,74.07,617.0,566.45,244.0,250.45,3.96,324.0,853.73,
2010,3,19,11,7.02,66.07,793.0,839.03,165.0,254.85,3.94,342.0,853.89,
2010,3,19,12,7.34,63.34,841.0,853.79,169.0,249.12,3.72,343.0,853.62,
2010,3,19,13,7.67,60.61,817.0,831.99,175.0,243.38,3.49,345.0,853.34,
2010,3,19,14,7.99,57.88,712.0,730.92,198.0,237.65,3.27,347.0,853.06,
2010,3,19,15,6.84,58.02,562.0,629.17,193.0,237.92,2.86,360.0,853.67,
2010,3,19,16,5.7,58.15,405.0,647.45,127.0,238.18,2.45,13.0,854.28,
2010,3,19,17,4.55,58.29,196.0,461.64,84.0,238.45,2.04,26.0,854.89,
2010,3,19,18,3.28,61.33,0.0,0.0,0.0,237.95,2.01,30.0,855.92,
2010,3,19,19,2.02,64.37,0.0,0.0,0.0,237.45,1.98,35.0,856.95,
2010,3,19,20,0.75,67.41,0.0,0.0,0.0,236.95,1.94,40.0,857.97,
2010,3,19,21,0.07,69.87,0.0,0.0,0.0,237.88,2.52,42.0,858.5,
2010,3,19,22,-0.61,72.34,0.0,0.0,0.0,238.82,3.1,45.0,859.03,
2010,3,19,23,-1.29,74.8,0.0,0.0,0.0,239.75,3.68,48.0,859.56,
2010,3,20,0,-1.62,76.27,0.0,0.0,0.0,240.58,3.82,50.0,859.81,
2010,3,20,1,-1.95,77.75,0.0,0.0,0.0,241.42,3.96,52.0,860.06,
2010,3,20,2,-2.28,79.22,0.0,0.0,0.0,242.25,4.1,54.0,860.31,
2010,3,20,3,-2.71,79.83,0.0,0.0,0.0,238.35,3.99,55.0,860.36,
2010,3,20,4,-3.13,80.44,0.0,0.0,0.0,234.45,3.88,56.0,860.42,
2010,3,20,5,-3.55,81.05,0.0,0.0,0.0,230.55,3.77,57.0,860.47,
2010,3,20,6,-2.12,76.6,0.0,0.0,0.0,228.55,4.31,59.0,860.31,
2010,3,20,7,-0.68,72.15,61.0,24.78,57.0,226.55,4.85,62.0,860.14,
2010,3,20,8,0.75,67.7,145.0,16.8,139.0,224.55,5.39,64.0,859.97,
2010,3,20,9,2.51,65.36,279.0,56.8,249.0,227.22,5.05,69.0,858.97,
2010,3,20,10,4.27,63.02,495.0,242.73,334.0,229.88,4.71,74.0,857.97,
2010,3,20,11,6.03,60.68,642.0,387.76,350.0,232.55,4.37,78.0,856.97,
2010,3,20,12,6.86,59.47,671.0,374.03,375.0,237.98,3.95,89.0,856.06,
2010,3,20,13,7.68,58.27,655.0,371.3,367.0,243.42,3.54,100.0,855.14,
2010,3,20,14,8.51,57.06,386.0,57.99,345.0,248.85,3.12,111.0,854.23,
2010,3,20,15,7.39,58.39,515.0,452.54,248.0,255.55,2.41,86.0,854.5,
2010,3,20,16,6.27,59.72,325.0,286.56,201.0,262.25,1.71,62.0,854.78,
2010,3,20,17,5.15,61.05,132.0,101.7,107.0,268.95,1.01,38.0,855.06,
2010,3,20,18,3.8,64.88,0.0,0.0,0.0,261.48,1.84,39.0,855.78,
2010,3,20,19,2.45,68.71,0.0,0.0,0.0,254.02,2.67,41.0,856.5,
2010,3,20,20,1.1,72.54,0.0,0.0,0.0,246.55,3.5,43.0,857.22,
2010,3,20,21,0.47,74.51,0.0,0.0,0.0,245.67,3.42,44.0,857.61,
2010,3,20,22,-0.17,76.49,0.0,0.0,0.0,244.78,3.34,46.0,858.0,
2010,3,20,23,-0.81,78.46,0.0,0.0,0.0,243.9,3.26,47.0,858.39,
2010,3,21,0,-1.02,79.03,0.0,0.0,0.0,245.87,3.14,47.0,858.56,
2010,3,21,1,-1.23,79.61,0.0,0.0,0.0,247.83,3.03,46.0,858.72,
2010,3,21,2,-1.44,80.18,0.0,0.0,0.0,249.8,2.91,46.0,858.89,
2010,3,21,3,-1.63,80.91,0.0,0.0,0.0,252.18,2.46,44.0,858.7,
2010,3,21,4,-1.82,81.63,0.0,0.0,0.0,254.57,2.0,41.0,858.5,
2010,3,21,5,-2.01,82.36,0.0,0.0,0.0,256.95,1.54,39.0,858.31,
2010,3,21,6,-0.87,79.68,0.0,0.0,0.0,256.6,1.53,36.0,858.45,
2010,3,21,7,0.28,77.01,67.0,36.0,61.0,256.25,1.52,33.0,858.58,
2010,3,21,8,1.42,74.33,151.0,19.33,144.0,255.9,1.5,31.0,858.72,
2010,3,21,9,3.08,70.28,320.0,105.03,264.0,254.53,2.23,23.0,857.75,
2010,3,21,10,4.74,66.23,365.0,59.88,325.0,253.17,2.97,16.0,856.78,
2010,3,21,11,6.39,62.18,722.0,582.13,281.0,251.8,3.7,8.0,855.81,
2010,3,21,12,7.07,59.6,751.0,554.28,310.0,253.17,3.89,4.0,855.17,
2010,3,21,13,7.75,57.01,770.0,655.44,259.0,254.53,4.08,1.0,854.53,
2010,3,21,14,8.43,54.43,554.0,280.01,355.0,255.9,4.28,357.0,853.89,
2010,3,21,15,7.12,56.04,552.0,567.83,215.0,250.87,3.73,358.0,854.2,
2010,3,21,16,5.82,57.64,379.0,488.52,166.0,245.83,3.18,358.0,854.5,
2010,3,21,17,4.51,59.25,212.0,542.16,77.0,240.8,2.63,359.0,854.81,
2010,3,21,18,3.04,64.25,12.0,0.0,12.0,232.47,2.37,6.0,855.23,
2010,3,21,19,1.57,69.26,0.0,0.0,0.0,224.13,2.1,13.0,855.64,
2010,3,21,20,0.09,74.26,0.0,0.0,0.0,215.8,1.83,19.0,856.06,
2010,3,21,21,-0.73,73.34,0.0,0.0,0.0,212.97,1.7,27.0,856.14,
2010,3,21,22,-1.56,72.42,0.0,0.0,0.0,210.13,1.56,34.0,856.23,
2010,3,21,23,-2.39,71.5,0.0,0.0,0.0,207.3,1.42,41.0,856.31,
2010,3,22,0,-2.68,71.14,0.0,0.0,0.0,205.52,1.39,46.0,856.17,
2010,3,22,1,-2.96,70.78,0.0,0.0,0.0,203.73,1.37,51.0,856.03,
2010,3,22,2,-3.24,70.42,0.0,0.0,0.0,201.95,1.34,55.0,855.89,
2010,3,22,3,-3.6,72.5,0.0,0.0,0.0,200.08,1.32,58.0,856.25,
2010,3,22,4,-3.95,74.57,0.0,0.0,0.0,198.22,1.31,60.0,856.61,
2010,3,22,5,-4.3,76.65,0.0,0.0,0.0,196.35,1.3,62.0,856.97,
2010,3,22,6,-1.52,72.13,0.0,0.0,0.0,198.5,1.25,64.0,856.67,
2010,3,22,7,1.27,67.61,128.0,407.25,58.0,200.65,1.2,67.0,856.36,
2010,3,22,8,4.05,63.09,332.0,590.78,115.0,202.8,1.14,69.0,856.06,
2010,3,22,9,6.05,58.54,533.0,724.69,143.0,207.53,1.33,70.0,854.48,
2010,3,22,10,8.05,53.98,699.0,807.08,156.0,212.27,1.51,71.0,852.89,
2010,3,22,11,10.05,49.43,804.0,828.03,173.0,217.0,1.7,72.0,851.31,
2010,3,22,12,10.89,46.82,874.0,923.95,135.0,221.85,1.94,81.0,850.37,
2010,3,22,13,11.72,44.21,836.0,851.24,169.0,226.7,2.17,91.0,849.43,
2010,3,22,14,12.56,41.6,750.0,824.52,161.0,231.55,2.41,101.0,848.48,
2010,3,22,15,11.08,40.61,603.0,757.21,151.0,230.58,2.3,72.0,848.54,
2010,3,22,16,9.6,39.62,427.0,719.35,111.0,229.62,2.18,42.0,848.59,
2010,3,22,17,8.12,38.63,222.0,618.65,66.0,228.65,2.07,13.0,848.65,
2010,3,22,18,6.14,42.19,14.0,0.0,14.0,226.97,1.73,23.0,848.76,
2010,3,22,19,4.17,45.75,0.0,0.0,0.0,225.28,1.39,34.0,848.87,
2010,3,22,20,2.19,49.31,0.0,0.0,0.0,223.6,1.05,44.0,848.98,
2010,3,22,21,1.21,50.96,0.0,0.0,0.0,221.87,1.0,50.0,848.79,
2010,3,22,22,0.23,52.61,0.0,0.0,0.0,220.13,0.95,56.0,848.59,
2010,3,22,23,-0.75,54.26,0.0,0.0,0.0,218.4,0.9,62.0,848.4,
2010,3,23,0,-1.15,55.57,0.0,0.0,0.0,217.07,0.91,65.0,848.32,
2010,3,23,1,-1.55,56.89,0.0,0.0,0.0,215.73,0.93,68.0,848.23,
2010,3,23,2,-1.94,58.2,0.0,0.0,0.0,214.4,0.95,70.0,848.15,
2010,3,23,3,-2.19,59.19,0.0,0.0,0.0,212.88,0.95,73.0,848.51,
2010,3,23,4,-2.44,60.19,0.0,0.0,0.0,211.37,0.94,75.0,848.87,
2010,3,23,5,-2.69,61.18,0.0,0.0,0.0,209.85,0.94,78.0,849.23,
2010,3,23,6,0.77,59.86,0.0,0.0,0.0,213.25,1.14,82.0,849.56,
2010,3,23,7,4.22,58.53,135.0,429.1,59.0,216.65,1.35,86.0,849.9,
2010,3,23,8,7.68,57.21,339.0,604.15,114.0,220.05,1.56,90.0,850.23,
2010,3,23,9,9.5,50.32,542.0,742.04,139.0,225.37,1.76,66.0,849.81,
2010,3,23,10,11.32,43.43,716.0,854.6,137.0,230.68,1.95,42.0,849.4,
2010,3,23,11,13.14,36.54,823.0,876.72,151.0,236.0,2.15,18.0,848.98,
2010,3,23,12,13.6,41.55,870.0,891.8,153.0,239.22,2.4,19.0,848.18,
2010,3,23,13,14.07,46.56,845.0,868.63,161.0,242.43,2.66,20.0,847.37,
2010,3,23,14,14.53,51.57,766.0,873.28,139.0,245.65,2.91,21.0,846.57,
2010,3,23,15,12.69,54.77,617.0,801.22,136.0,245.88,2.77,24.0,846.65,
2010,3,23,16,10.84,57.97,440.0,775.11,97.0,246.12,2.63,28.0,846.73,
2010,3,23,17,9.0,61.17,189.0,336.86,103.0,246.35,2.5,32.0,846.82,
2010,3,23,18,7.33,62.69,13.0,0.0,13.0,247.17,2.3,34.0,847.4,
2010,3,23,19,5.67,64.2,0.0,0.0,0.0,247.98,2.1,36.0,847.98,
2010,3,23,20,4.0,65.72,0.0,0.0,0.0,248.8,1.9,38.0,848.56,
2010,3,23,21,3.57,68.31,0.0,0.0,0.0,250.35,2.1,42.0,848.68,
2010,3,23,22,3.13,70.91,0.0,0.0,0.0,251.9,2.3,46.0,848.79,
2010,3,23,23,2.7,73.5,0.0,0.0,0.0,253.45,2.5,50.0,848.9,
2010,3,24,0,2.55,73.44,0.0,0.0,0.0,254.25,3.02,53.0,848.93,
2010,3,24,1,2.4,73.39,0.0,0.0,0.0,255.05,3.54,57.0,848.95,
2010,3,24,2,2.26,73.33,0.0,0.0,0.0,255.85,4.06,60.0,848.98,
2010,3,24,3,2.03,75.27,0.0,0.0,0.0,257.2,4.92,61.0,849.76,
2010,3,24,4,1.8,77.22,0.0,0.0,0.0,258.55,5.79,63.0,850.54,
2010,3,24,5,1.58,79.16,0.0,0.0,0.0,259.9,6.66,65.0,851.31,
2010,3,24,6,3.9,76.11,0.0,0.0,0.0,261.35,7.54,68.0,851.45,
2010,3,24,7,6.23,73.05,30.0,0.0,30.0,262.8,8.43,71.0,851.59,
2010,3,24,8,8.55,70.0,132.0,5.3,130.0,264.25,9.31,75.0,851.73,
2010,3,24,9,10.47,65.58,370.0,173.36,275.0,269.65,8.74,80.0,850.67,
2010,3,24,10,12.39,61.16,634.0,548.24,260.0,275.05,8.16,86.0,849.62,
2010,3,24,11,14.31,56.74,823.0,862.63,158.0,280.45,7.59,92.0,848.56,
2010,3,24,12,14.81,53.81,903.0,996.15,98.0,283.6,6.96,96.0,847.79,
2010,3,24,13,15.32,50.88,787.0,672.33,255.0,286.75,6.34,99.0,847.01,
2010,3,24,14,15.82,47.95,453.0,113.64,371.0,289.9,5.71,103.0,846.23,
2010,3,24,15,14.3,53.76,296.0,36.44,274.0,294.62,5.09,103.0,846.32,
2010,3,24,16,12.77,59.57,227.0,53.84,203.0,299.33,4.46,104.0,846.4,
2010,3,24,17,11.25,65.38,89.0,7.74,87.0,304.05,3.83,104.0,846.48,
2010,3,24,18,9.92,69.69,7.0,0.0,7.0,302.67,3.77,105.0,846.93,
2010,3,24,19,8.6,74.01,0.0,0.0,0.0,301.28,3.7,106.0,847.37,
2010,3,24,20,7.27,78.32,0.0,0.0,0.0,299.9,3.63,107.0,847.82,
2010,3,24,21,6.33,80.48,0.0,0.0,0.0,294.58,3.31,107.0,847.73,
2010,3,24,22,5.38,82.65,0.0,0.0,0.0,289.27,3.0,107.0,847.65,
2010,3,24,23,4.43,84.81,0.0,0.0,0.0,283.95,2.69,107.0,847.57,
2010,3,25,0,3.52,85.28,0.0,0.0,0.0,274.88,2.51,113.0,847.4,
2010,3,25,1,2.61,85.76,0.0,0.0,0.0,265.82,2.32,120.0,847.23,
2010,3,25,2,1.7,86.23,0.0,0.0,0.0,256.75,2.14,126.0,847.07,
2010,3,25,3,1.42,86.63,0.0,0.0,0.0,254.17,1.94,133.0,847.01,
2010,3,25,4,1.14,87.02,0.0,0.0,0.0,251.58,1.75,140.0,846.96,
2010,3,25,5,0.86,87.42,0.0,0.0,0.0,249.0,1.56,147.0,846.9,
2010,3,25,6,4.27,81.13,0.0,0.0,0.0,251.8,1.49,173.0,846.87,
2010,3,25,7,7.69,74.83,148.0,479.89,58.0,254.6,1.42,199.0,846.84,
2010,3,25,8,11.1,68.54,354.0,635.14,111.0,257.4,1.35,225.0,846.82,
2010,3,25,9,12.64,61.83,556.0,761.46,135.0,260.43,1.69,260.0,846.23,
2010,3,25,10,14.17,55.13,730.0,875.05,129.0,263.47,2.03,295.0,845.65,
2010,3,25,11,15.7,48.42,846.0,930.01,125.0,266.5,2.37,330.0,845.07,
2010,3,25,12,15.95,46.56,889.0,928.36,135.0,275.77,2.69,330.0,844.6,
2010,3,25,13,16.19,44.71,872.0,938.28,126.0,285.03,3.02,330.0,844.12,
2010,3,25,14,16.44,42.85,766.0,844.02,154.0,294.3,3.34,331.0,843.65,
2010,3,25,15,15.28,50.01,618.0,774.27,148.0,293.45,2.84,351.0,843.9,
2010,3,25,16,14.11,57.16,433.0,697.27,120.0,292.6,2.34,12.0,844.15,
2010,3,25,17,12.95,64.32,175.0,229.45,115.0,291.75,1.85,32.0,844.4,
2010,3,25,18,11.68,66.39,17.0,0.0,17.0,291.55,1.97,42.0,844.82,
2010,3,25,19,10.41,68.45,0.0,0.0,0.0,291.35,2.1,52.0,845.23,
2010,3,25,20,9.14,70.52,0.0,0.0,0.0,291.15,2.22,62.0,845.65,
2010,3,25,21,8.15,73.7,0.0,0.0,0.0,285.62,3.55,65.0,845.84,
2010,3,25,22,7.15,76.89,0.0,0.0,0.0,280.08,4.88,68.0,846.04,
2010,3,25,23,6.15,80.07,0.0,0.0,0.0,274.55,6.21,72.0,846.23,
2010,3,26,0,5.58,82.76,0.0,0.0,0.0,270.8,5.98,74.0,846.43,
2010,3,26,1,5.01,85.46,0.0,0.0,0.0,267.05,5.76,76.0,846.62,
2010,3,26,2,4.45,88.15,0.0,0.0,0.0,263.3,5.53,79.0,846.82,
2010,3,26,3,4.03,88.61,0.0,0.0,0.0,262.27,5.58,81.0,846.84,
2010,3,26,4,3.61,89.06,0.0,0.0,0.0,261.23,5.63,83.0,846.87,
2010,3,26,5,3.19,89.52,0.0,0.0,0.0,260.2,5.68,84.0,846.9,
2010,3,26,6,5.86,84.07,0.0,0.0,0.0,262.35,6.29,84.0,846.98,
2010,3,26,7,8.54,78.63,119.0,197.15,81.0,264.5,6.9,84.0,847.07,
2010,3,26,8,11.21,73.18,311.0,386.95,161.0,266.65,7.5,84.0,847.15,
2010,3,26,9,12.67,67.29,546.0,693.88,159.0,270.98,7.65,90.0,846.54,
2010,3,26,10,14.13,61.4,700.0,737.62,190.0,275.32,7.79,95.0,845.93,
2010,3,26,11,15.58,55.51,791.0,724.75,226.0,279.65,7.93,101.0,845.32,
2010,3,26,12,15.29,54.09,835.0,736.33,234.0,285.65,8.22,99.0,844.85,
2010,3,26,13,14.99,52.68,767.0,592.12,294.0,291.65,8.5,96.0,844.37,
2010,3,26,14,14.7,51.26,581.0,307.44,357.0,297.65,8.79,94.0,843.9,
2010,3,26,15,13.65,52.88,296.0,32.77,276.0,299.88,9.01,87.0,844.18,
2010,3,26,16,12.61,54.51,286.0,143.79,221.0,302.12,9.23,80.0,844.46,
2010,3,26,17,11.56,56.13,97.0,11.34,94.0,304.35,9.45,73.0,844.73,
2010,3,26,18,10.36,60.03,19.0,0.0,19.0,309.48,9.89,70.0,846.26,
2010,3,26,19,9.16,63.93,0.0,0.0,0.0,314.62,10.34,67.0,847.79,
2010,3,26,20,7.95,67.83,0.0,0.0,0.0,319.75,10.79,64.0,849.31,
2010,3,26,21,6.57,70.91,0.0,0.0,0.0,319.52,10.57,62.0,850.01,
2010,3,26,22,5.18,73.99,0.0,0.0,0.0,319.28,10.36,60.0,850.7,
2010,3,26,23,3.79,77.07,0.0,0.0,0.0,319.05,10.15,58.0,851.4,
2010,3,27,0,3.06,78.69,0.0,0.0,0.0,317.88,10.06,58.0,851.48,
2010,3,27,1,2.34,80.3,0.0,0.0,0.0,316.72,9.98,58.0,851.56,
2010,3,27,2,1.62,81.92,0.0,0.0,0.0,315.55,9.89,58.0,851.65,
2010,3,27,3,1.22,84.27,0.0,0.0,0.0,313.58,10.34,59.0,851.53,
2010,3,27,4,0.82,86.61,0.0,0.0,0.0,311.62,10.79,59.0,851.42,
2010,3,27,5,0.43,88.96,0.0,0.0,0.0,309.65,11.24,60.0,851.31,
2010,3,27,6,0.69,89.58,0.0,0.0,0.0,309.07,11.81,62.0,851.9,
2010,3,27,7,0.94,90.19,16.0,0.0,16.0,308.48,12.38,64.0,852.48,
2010,3,27,8,1.2,90.81,76.0,0.0,76.0,307.9,12.95,66.0,853.06,
2010,3,27,9,2.34,87.95,127.0,0.0,127.0,303.22,12.84,68.0,852.64,
2010,3,27,10,3.48,85.09,438.0,116.38,357.0,298.53,12.72,71.0,852.23,
2010,3,27,11,4.62,82.23,398.0,37.0,369.0,293.85,12.61,73.0,851.81,
2010,3,27,12,4.98,78.73,139.0,0.0,139.0,293.47,12.63,73.0,851.06,
2010,3,27,13,5.35,75.23,465.0,74.76,405.0,293.08,12.64,73.0,850.31,
2010,3,27,14,5.71,71.73,106.0,0.0,106.0,292.7,12.66,73.0,849.56,
2010,3,27,15,5.1,73.04,98.0,0.0,98.0,297.52,12.14,72.0,849.4,
2010,3,27,16,4.5,74.36,80.0,0.0,80.0,302.33,11.62,71.0,849.23,
2010,3,27,17,3.89,75.67,20.0,0.0,20.0,307.15,11.1,70.0,849.06,
2010,3,27,18,3.36,77.04,3.0,0.0,3.0,308.23,10.71,70.0,849.7,
2010,3,27,19,2.83,78.41,0.0,0.0,0.0,309.32,10.32,70.0,850.34,
2010,3,27,20,2.3,79.78,0.0,0.0,0.0,310.4,9.93,70.0,850.98,
2010,3,27,21,2.12,79.9,0.0,0.0,0.0,309.43,9.26,71.0,850.76,
2010,3,27,22,1.94,80.02,0.0,0.0,0.0,308.47,8.59,72.0,850.54,
2010,3,27,23,1.76,80.14,0.0,0.0,0.0,307.5,7.92,74.0,850.31,
2010,3,28,0,1.72,80.25,0.0,0.0,0.0,305.95,7.65,74.0,849.92,
2010,3,28,1,1.68,80.35,0.0,0.0,0.0,304.4,7.37,75.0,849.54,
2010,3,28,2,1.65,80.46,0.0,0.0,0.0,302.85,7.1,75.0,849.15,
2010,3,28,3,1.66,81.22,0.0,0.0,0.0,301.03,6.84,76.0,848.68,
2010,3,28,4,1.68,81.98,0.0,0.0,0.0,299.22,6.57,76.0,848.2,
2010,3,28,5,1.7,82.74,0.0,0.0,0.0,297.4,6.3,77.0,847.73,
2010,3,28,6,2.36,83.06,0.0,0.0,0.0,300.37,6.06,85.0,847.73,
2010,3,28,7,3.02,83.37,110.0,118.18,86.0,303.33,5.83,93.0,847.73,
2010,3,28,8,3.68,83.69,66.0,0.0,66.0,306.3,5.59,101.0,847.73,
2010,3,28,9,4.44,85.03,78.0,0.0,78.0,307.95,4.67,123.0,846.93,
2010,3,28,10,5.19,86.36,80.0,0.0,80.0,309.6,3.76,144.0,846.12,
2010,3,28,11,5.94,87.7,126.0,0.0,126.0,311.25,2.84,166.0,845.32,
2010,3,28,12,6.24,88.83,168.0,0.0,168.0,311.72,2.23,181.0,844.54,
2010,3,28,13,6.55,89.95,134.0,0.0,134.0,312.18,1.62,195.0,843.76,
2010,3,28,14,6.85,91.08,92.0,0.0,92.0,312.65,1.01,209.0,842.99,
2010,3,28,15,6.48,92.58,173.0,0.0,173.0,314.25,0.98,201.0,843.4,
2010,3,28,16,6.11,94.09,39.0,0.0,39.0,315.85,0.96,194.0,843.82,
2010,3,28,17,5.74,95.59,74.0,0.0,74.0,317.45,0.94,186.0,844.24,
2010,3,28,18,5.63,96.3,18.0,0.0,18.0,322.23,0.92,192.0,844.62,
2010,3,28,19,5.52,97.0,0.0,0.0,0.0,327.02,0.9,199.0,845.01,
2010,3,28,20,5.41,97.71,0.0,0.0,0.0,331.8,0.88,205.0,845.4,
2010,3,28,21,5.38,98.1,0.0,0.0,0.0,332.97,0.8,213.0,845.4,
2010,3,28,22,5.34,98.5,0.0,0.0,0.0,334.13,0.73,220.0,845.4,
2010,3,28,23,5.31,98.89,0.0,0.0,0.0,335.3,0.65,228.0,845.4,
2010,3,29,0,5.31,98.98,0.0,0.0,0.0,334.2,0.85,230.0,845.43,
2010,3,29,1,5.31,99.08,0.0,0.0,0.0,333.1,1.04,232.0,845.46,
2010,3,29,2,5.31,99.17,0.0,0.0,0.0,332.0,1.24,235.0,845.48,
2010,3,29,3,4.98,98.53,0.0,0.0,0.0,329.47,1.07,232.0,846.23,
2010,3,29,4,4.65,97.89,0.0,0.0,0.0,326.93,0.9,228.0,846.98,
2010,3,29,5,4.33,97.25,0.0,0.0,0.0,324.4,0.73,225.0,847.73,
2010,3,29,6,5.63,93.97,0.0,0.0,0.0,323.27,1.45,227.0,847.93,
2010,3,29,7,6.94,90.68,168.0,499.45,64.0,322.13,2.17,228.0,848.12,
2010,3,29,8,8.24,87.4,382.0,687.95,105.0,321.0,2.9,230.0,848.32,
2010,3,29,9,9.48,80.36,584.0,798.85,127.0,316.98,3.41,237.0,847.62,
2010,3,29,10,10.72,73.33,649.0,529.11,276.0,312.97,3.92,244.0,846.93,
2010,3,29,11,11.95,66.29,223.0,0.0,223.0,308.95,4.43,250.0,846.23,
2010,3,29,12,12.19,63.8,133.0,0.0,133.0,304.5,4.26,250.0,845.84,
2010,3,29,13,12.42,61.31,346.0,11.11,337.0,300.05,4.09,250.0,845.46,
2010,3,29,14,12.66,58.82,659.0,468.33,313.0,295.6,3.92,250.0,845.07,
2010,3,29,15,11.68,65.18,343.0,67.75,301.0,298.12,3.05,244.0,845.62,
2010,3,29,16,10.69,71.54,114.0,0.0,114.0,300.63,2.18,238.0,846.18,
2010,3,29,17,9.71,77.9,206.0,347.21,111.0,303.15,1.31,232.0,846.73,
2010,3,29,18,8.51,84.56,20.0,0.0,20.0,288.02,1.63,227.0,847.15,
2010,3,29,19,7.32,91.22,0.0,0.0,0.0,272.88,1.94,222.0,847.57,
2010,3,29,20,6.12,97.88,0.0,0.0,0.0,257.75,2.26,217.0,847.98,
2010,3,29,21,5.83,98.57,0.0,0.0,0.0,255.28,2.02,212.0,848.2,
2010,3,29,22,5.53,99.27,0.0,0.0,0.0,252.82,1.78,207.0,848.43,
2010,3,29,23,5.24,99.96,0.0,0.0,0.0,250.35,1.54,201.0,848.65,
2010,3,30,0,5.28,99.92,0.0,0.0,0.0,253.95,1.51,196.0,848.81,
2010,3,30,1,5.32,99.89,0.0,0.0,0.0,257.55,1.48,191.0,848.98,
2010,3,30,2,5.37,99.85,0.0,0.0,0.0,261.15,1.45,186.0,849.15,
2010,3,30,3,5.37,99.66,0.0,0.0,0.0,262.08,1.49,180.0,849.09,
2010,3,30,4,5.37,99.47,0.0,0.0,0.0,263.02,1.53,175.0,849.04,
2010,3,30,5,5.37,99.28,0.0,0.0,0.0,263.95,1.57,169.0,848.98,
2010,3,30,6,6.93,96.36,0.0,0.0,0.0,273.43,1.85,174.0,849.04,
2010,3,30,7,8.5,93.44,167.0,440.6,73.0,282.92,2.12,178.0,849.09,
2010,3,30,8,10.06,90.52,390.0,704.15,103.0,292.4,2.4,182.0,849.15,
2010,3,30,9,11.16,86.09,602.0,861.69,105.0,292.82,2.97,198.0,848.4,
2010,3,30,10,12.26,81.67,776.0,965.63,91.0,293.23,3.55,213.0,847.65,
2010,3,30,11,13.36,77.24,892.0,1018.36,81.0,293.65,4.12,229.0,846.9,
2010,3,30,12,13.24,79.62,892.0,865.56,172.0,293.07,4.12,228.0,846.46,
2010,3,30,13,13.12,81.99,568.0,174.59,426.0,292.48,4.11,228.0,846.01,
2010,3,30,14,13.0,84.37,445.0,91.63,377.0,291.9,4.11,228.0,845.57,
2010,3,30,15,11.77,86.48,550.0,471.86,256.0,288.62,3.56,217.0,845.57,
2010,3,30,16,10.54,88.59,52.0,0.0,52.0,285.33,3.02,206.0,845.57,
2010,3,30,17,9.31,90.7,119.0,32.54,110.0,282.05,2.47,196.0,845.57,
2010,3,30,18,8.43,92.34,8.0,0.0,8.0,278.2,2.39,191.0,845.76,
2010,3,30,19,7.56,93.98,0.0,0.0,0.0,274.35,2.3,185.0,845.96,
2010,3,30,20,6.68,95.62,0.0,0.0,0.0,270.5,2.22,180.0,846.15,
2010,3,30,21,6.36,96.1,0.0,0.0,0.0,269.0,2.32,182.0,846.15,
2010,3,30,22,6.04,96.59,0.0,0.0,0.0,267.5,2.42,184.0,846.15,
2010,3,30,23,5.72,97.07,0.0,0.0,0.0,266.0,2.52,186.0,846.15,
2010,3,31,0,5.62,97.51,0.0,0.0,0.0,276.62,2.37,192.0,845.98,
2010,3,31,1,5.52,97.95,0.0,0.0,0.0,287.23,2.22,199.0,845.82,
2010,3,31,2,5.42,98.39,0.0,0.0,0.0,297.85,2.07,205.0,845.65,
2010,3,31,3,5.38,97.78,0.0,0.0,0.0,299.55,2.17,196.0,845.87,
2010,3,31,4,5.34,97.17,0.0,0.0,0.0,301.25,2.28,188.0,846.09,
2010,3,31,5,5.31,96.56,0.0,0.0,0.0,302.95,2.39,180.0,846.32,
2010,3,31,6,6.4,93.49,0.0,0.0,0.0,294.83,3.96,187.0,846.48,
2010,3,31,7,7.5,90.42,182.0,540.19,64.0,286.72,5.53,194.0,846.65,
2010,3,31,8,8.59,87.35,296.0,249.71,193.0,278.6,7.1,201.0,846.82,
2010,3,31,9,9.77,78.61,591.0,787.71,133.0,272.78,7.49,209.0,846.04,
2010,3,31,10,10.95,69.87,695.0,645.88,234.0,266.97,7.87,217.0,845.26,
2010,3,31,11,12.13,61.13,699.0,424.76,359.0,261.15,8.25,225.0,844.48,
2010,3,31,12,11.34,62.33,846.0,710.86,252.0,261.82,8.24,230.0,844.43,
2010,3,31,13,10.56,63.54,537.0,133.44,428.0,262.48,8.24,234.0,844.37,
2010,3,31,14,9.77,64.74,224.0,0.0,224.0,263.15,8.23,239.0,844.32,
2010,3,31,15,8.87,66.68,298.0,28.75,280.0,264.73,6.88,242.0,844.68,
2010,3,31,16,7.98,68.62,170.0,6.42,167.0,266.32,5.53,245.0,845.04,
2010,3,31,17,7.08,70.56,251.0,640.36,72.0,267.9,4.18,248.0,845.4,
2010,3,31,18,6.09,74.91,10.0,0.0,10.0,261.38,3.76,248.0,845.9,
2010,3,31,19,2.4,88.74,0.0,0.0,0.0,234.87,0.55,248.0,846.4,
2010,3,31,20,2.52,88.56,0.0,0.0,0.0,239.65,0.89,248.0,846.9,
2010,3,31,21,2.65,88.37,0.0,0.0,0.0,244.44,1.22,245.0,847.23,
2010,3,31,22,2.77,88.19,0.0,0.0,0.0,249.23,1.56,242.0,847.57,
2010,3,31,23,2.89,88.01,0.0,0.0,0.0,254.01,1.89,240.0,847.9,
2012,4,1,0,3.02,87.82,0.0,0.0,0.0,258.8,2.23,240.0,847.98,
2012,4,1,1,3.14,87.64,0.0,0.0,0.0,263.58,2.56,240.0,848.07,
2012,4,1,2,3.26,87.45,0.0,0.0,0.0,268.37,2.9,240.0,848.15,
2012,4,1,3,3.39,87.27,0.0,0.0,0.0,273.15,3.23,225.0,842.43,
2012,4,1,4,3.51,87.09,0.0,0.0,0.0,277.94,3.57,223.0,842.79,
2012,4,1,5,3.63,86.9,0.0,0.0,0.0,282.72,3.9,222.0,843.15,
2012,4,1,6,3.76,86.72,0.0,0.0,0.0,287.51,4.24,225.0,843.24,
2012,4,1,7,3.88,86.53,194.0,590.59,62.0,292.3,4.57,228.0,843.32,
2012,4,1,8,4.01,86.35,411.0,737.99,103.0,297.08,4.91,231.0,843.4,
2012,4,1,9,4.13,86.17,549.0,568.22,216.0,301.87,5.24,234.0,842.63,
2012,4,1,10,4.25,85.98,606.0,369.04,341.0,306.65,5.58,236.0,841.85,
2012,4,1,11,7.51,56.88,736.0,482.3,348.0,287.9,8.47,239.0,841.07,
2012,4,1,12,7.55,55.87,629.0,221.6,443.0,281.37,8.37,239.0,840.68,
2012,4,1,13,7.6,54.86,753.0,485.2,355.0,274.83,8.27,240.0,840.29,
2012,4,1,14,7.64,53.85,285.0,4.01,282.0,268.3,8.17,240.0,839.91,
2012,4,1,15,6.66,57.39,258.0,9.54,252.0,263.52,7.32,238.0,840.88,
2012,4,1,16,5.67,60.92,258.0,72.31,224.0,258.73,6.47,237.0,841.85,
2012,4,1,17,4.69,64.46,141.0,63.73,123.0,253.95,5.63,235.0,842.82,
2012,4,1,18,3.98,68.04,22.0,0.0,22.0,250.52,5.09,232.0,843.68,
2012,4,1,19,3.27,71.63,0.0,0.0,0.0,247.08,4.56,229.0,844.54,
2012,4,1,20,2.55,75.21,0.0,0.0,0.0,243.65,4.03,226.0,845.4,
2012,4,1,21,2.31,76.5,0.0,0.0,0.0,240.55,3.77,225.0,845.57,
2012,4,1,22,2.06,77.78,0.0,0.0,0.0,237.45,3.51,225.0,845.73,
2012,4,1,23,1.81,79.07,0.0,0.0,0.0,234.35,3.26,224.0,845.9,
2012,4,2,0,1.7,80.37,0.0,0.0,0.0,231.45,3.16,224.0,846.07,
2012,4,2,1,1.59,81.68,0.0,0.0,0.0,228.55,3.07,223.0,846.23,
2012,4,2,2,1.48,82.98,0.0,0.0,0.0,225.65,2.98,222.0,846.4,
2012,4,2,3,1.5,83.77,0.0,0.0,0.0,224.5,2.31,218.0,846.84,
2012,4,2,4,1.52,84.55,0.0,0.0,0.0,223.35,1.64,213.0,847.29,
2012,4,2,5,1.54,85.34,0.0,0.0,0.0,222.2,0.97,209.0,847.73,
2012,4,2,6,4.01,77.35,0.0,0.0,0.0,224.93,2.11,215.0,847.68,
2012,4,2,7,6.48,69.36,170.0,371.93,85.0,227.67,3.25,220.0,847.62,
2012,4,2,8,8.95,61.37,375.0,547.16,144.0,230.4,4.39,226.0,847.57,
2012,4,2,9,10.16,55.24,555.0,604.46,198.0,235.2,5.22,233.0,846.96,
2012,4,2,10,11.38,49.1,578.0,319.78,347.0,240.0,6.05,239.0,846.34,
2012,4,2,11,12.59,42.97,302.0,3.71,299.0,244.8,6.88,245.0,845.73,
2012,4,2,12,12.64,42.58,566.0,149.46,440.0,256.72,6.83,243.0,845.32,
2012,4,2,13,12.69,42.18,389.0,24.28,369.0,268.63,6.77,241.0,844.9,
2012,4,2,14,12.74,41.79,460.0,103.75,382.0,280.55,6.72,239.0,844.48,
2012,4,2,15,11.51,45.78,602.0,623.2,208.0,278.75,5.58,236.0,844.93,
2012,4,2,16,10.28,49.78,342.0,251.52,223.0,276.95,4.44,234.0,845.37,
2012,4,2,17,9.05,53.77,215.0,350.42,115.0,275.15,3.3,232.0,845.82,
2012,4,2,18,7.53,59.85,26.0,0.0,26.0,262.52,2.96,218.0,846.07,
2012,4,2,19,6.02,65.93,0.0,0.0,0.0,249.88,2.63,205.0,846.32,
2012,4,2,20,4.5,72.01,0.0,0.0,0.0,237.25,2.29,191.0,846.57,
2012,4,2,21,4.34,73.02,0.0,0.0,0.0,236.92,1.91,186.0,846.26,
2012,4,2,22,4.19,74.04,0.0,0.0,0.0,236.58,1.54,180.0,845.96,
2012,4,2,23,4.03,75.05,0.0,0.0,0.0,236.25,1.16,175.0,845.65,
2012,4,3,0,4.2,73.76,0.0,0.0,0.0,236.4,1.36,176.0,845.35,
2012,4,3,1,4.38,72.48,0.0,0.0,0.0,236.55,1.55,177.0,845.04,
2012,4,3,2,4.55,71.19,0.0,0.0,0.0,236.7,1.75,177.0,844.73,
2012,4,3,3,4.78,69.22,0.0,0.0,0.0,244.77,1.5,183.0,844.85,
2012,4,3,4,5.0,67.26,0.0,0.0,0.0,252.83,1.25,188.0,844.96,
2012,4,3,5,5.22,65.29,0.0,0.0,0.0,260.9,0.99,193.0,845.07,
2012,4,3,6,7.41,61.7,0.0,0.0,0.0,260.3,1.47,193.0,845.07,
2012,4,3,7,9.59,58.12,124.0,102.77,100.0,259.7,1.94,194.0,845.07,
2012,4,3,8,11.77,54.53,347.0,400.5,176.0,259.1,2.41,195.0,845.07,
2012,4,3,9,12.92,51.95,523.0,480.56,237.0,266.78,3.77,202.0,844.37,
2012,4,3,10,14.06,49.36,429.0,89.46,364.0,274.47,5.13,209.0,843.68,
2012,4,3,11,15.21,46.78,607.0,236.35,415.0,282.15,6.48,217.0,842.99,
2012,4,3,12,14.69,49.69,514.0,94.49,434.0,288.02,6.47,217.0,842.65,
2012,4,3,13,14.17,52.6,775.0,551.37,319.0,293.88,6.46,217.0,842.32,
2012,4,3,14,13.66,55.51,325.0,14.57,314.0,299.75,6.46,216.0,841.99,
2012,4,3,15,12.48,61.71,425.0,165.3,320.0,296.6,5.28,213.0,842.49,
2012,4,3,16,11.3,67.9,108.0,0.0,108.0,293.45,4.11,209.0,842.99,
2012,4,3,17,10.13,74.1,77.0,0.0,77.0,290.3,2.94,205.0,843.49,
2012,4,3,18,9.35,78.2,21.0,0.0,21.0,293.73,2.68,195.0,843.74,
2012,4,3,19,8.58,82.31,0.0,0.0,0.0,297.17,2.42,185.0,843.99,
2012,4,3,20,7.8,86.41,0.0,0.0,0.0,300.6,2.17,175.0,844.24,
2012,4,3,21,7.81,86.88,0.0,0.0,0.0,306.32,2.65,179.0,844.26,
2012,4,3,22,7.83,87.36,0.0,0.0,0.0,312.03,3.13,183.0,844.29,
2012,4,3,23,7.84,87.83,0.0,0.0,0.0,317.75,3.61,187.0,844.32,
2012,4,4,0,7.72,88.76,0.0,0.0,0.0,318.85,2.82,187.0,844.54,
2012,4,4,1,7.6,89.7,0.0,0.0,0.0,319.95,2.03,188.0,844.76,
2012,4,4,2,7.48,90.63,0.0,0.0,0.0,321.05,1.24,188.0,844.98,
2012,4,4,3,7.54,89.53,0.0,0.0,0.0,315.62,1.34,185.0,845.46,
2012,4,4,4,7.6,88.44,0.0,0.0,0.0,310.18,1.43,182.0,845.93,
2012,4,4,5,7.66,87.34,0.0,0.0,0.0,304.75,1.53,178.0,846.4,
2012,4,4,6,9.01,83.21,0.0,0.0,0.0,301.73,1.95,188.0,846.96,
2012,4,4,7,10.35,79.09,159.0,251.57,99.0,298.72,2.37,198.0,847.51,
2012,4,4,8,11.69,74.96,215.0,53.28,192.0,295.7,2.79,208.0,848.07,
2012,4,4,9,12.44,68.21,380.0,133.42,300.0,293.77,2.8,213.0,847.87,
2012,4,4,10,13.2,61.47,581.0,312.0,353.0,291.83,2.81,219.0,847.68,
2012,4,4,11,13.95,54.72,672.0,344.27,391.0,289.9,2.83,225.0,847.48,
2012,4,4,12,13.56,55.59,527.0,103.51,439.0,294.35,2.81,231.0,847.65,
2012,4,4,13,13.16,56.47,575.0,171.02,433.0,298.8,2.79,237.0,847.82,
2012,4,4,14,12.77,57.34,70.0,0.0,70.0,303.25,2.77,243.0,847.98,
2012,4,4,15,12.14,58.03,565.0,484.23,256.0,307.98,2.17,240.0,848.34,
2012,4,4,16,11.52,58.73,442.0,605.57,152.0,312.72,1.58,238.0,848.7,
2012,4,4,17,10.9,59.42,208.0,288.54,124.0,317.45,0.98,235.0,849.06,
2012,4,4,18,9.17,68.72,29.0,0.0,29.0,308.72,1.14,203.0,849.73,
2012,4,4,19,7.45,78.03,0.0,0.0,0.0,299.98,1.3,171.0,850.4,
2012,4,4,20,5.72,87.33,0.0,0.0,0.0,291.25,1.46,139.0,851.06,
2012,4,4,21,4.88,89.44,0.0,0.0,0.0,284.12,1.63,128.0,851.2,
2012,4,4,22,4.04,91.55,0.0,0.0,0.0,276.98,1.79,117.0,851.34,
2012,4,4,23,3.2,93.66,0.0,0.0,0.0,269.85,1.96,106.0,851.48,
2012,4,5,0,2.93,94.57,0.0,0.0,0.0,268.18,2.21,104.0,851.59,
2012,4,5,1,2.65,95.49,0.0,0.0,0.0,266.52,2.46,101.0,851.7,
2012,4,5,2,2.38,96.4,0.0,0.0,0.0,264.85,2.72,98.0,851.81,
2012,4,5,3,2.76,96.92,0.0,0.0,0.0,267.5,2.84,98.0,852.2,
2012,4,5,4,3.13,97.44,0.0,0.0,0.0,270.15,2.96,97.0,852.59,
2012,4,5,5,3.5,97.96,0.0,0.0,0.0,272.8,3.08,97.0,852.98,
2012,4,5,6,6.02,93.66,0.0,0.0,0.0,285.18,2.58,108.0,853.26,
2012,4,5,7,8.53,89.37,181.0,361.51,93.0,297.57,2.09,119.0,853.53,
2012,4,5,8,11.04,85.07,385.0,533.92,152.0,309.95,1.6,130.0,853.81,
2012,4,5,9,12.5,76.89,592.0,700.3,169.0,309.63,1.67,155.0,853.01,
2012,4,5,10,13.97,68.7,745.0,747.06,196.0,309.32,1.74,180.0,852.2,
2012,4,5,11,15.43,60.52,863.0,825.57,186.0,309.0,1.81,205.0,851.4,
2012,4,5,12,15.84,55.67,885.0,776.62,222.0,305.8,1.71,225.0,850.73,
2012,4,5,13,16.25,50.81,845.0,725.79,240.0,302.6,1.6,246.0,850.06,
2012,4,5,14,16.67,45.96,768.0,727.95,214.0,299.4,1.5,266.0,849.4,
2012,4,5,15,16.24,52.16,586.0,541.32,239.0,299.23,1.5,283.0,849.23,
2012,4,5,16,15.81,58.37,453.0,643.53,143.0,299.07,1.49,299.0,849.06,
2012,4,5,17,15.38,64.57,225.0,374.19,115.0,298.9,1.49,316.0,848.9,
2012,4,5,18,14.06,68.16,31.0,0.0,31.0,295.78,1.5,1.0,849.31,
2012,4,5,19,12.74,71.75,0.0,0.0,0.0,292.67,1.51,47.0,849.73,
2012,4,5,20,11.42,75.34,0.0,0.0,0.0,289.55,1.52,93.0,850.15,
2012,4,5,21,9.67,79.25,0.0,0.0,0.0,288.83,1.64,96.0,850.26,
2012,4,5,22,7.91,83.15,0.0,0.0,0.0,288.12,1.77,98.0,850.37,
2012,4,5,23,6.16,87.06,0.0,0.0,0.0,287.4,1.89,101.0,850.48,
2012,4,6,0,5.52,88.6,0.0,0.0,0.0,283.58,1.76,102.0,850.54,
2012,4,6,1,4.89,90.14,0.0,0.0,0.0,279.77,1.62,103.0,850.59,
2012,4,6,2,4.25,91.68,0.0,0.0,0.0,275.95,1.49,104.0,850.65,
2012,4,6,3,4.45,92.34,0.0,0.0,0.0,275.07,1.42,116.0,850.65,
2012,4,6,4,4.64,93.0,0.0,0.0,0.0,274.18,1.34,128.0,850.65,
2012,4,6,5,4.83,93.66,0.0,0.0,0.0,273.3,1.27,140.0,850.65,
2012,4,6,6,7.68,87.12,0.0,0.0,0.0,283.38,1.29,160.0,850.95,
2012,4,6,7,10.53,80.58,194.0,430.92,87.0,293.47,1.31,179.0,851.26,
2012,4,6,8,13.38,74.04,401.0,591.77,140.0,303.55,1.32,198.0,851.56,
2012,4,6,9,14.45,65.13,587.0,662.4,184.0,304.63,1.79,220.0,850.92,
2012,4,6,10,15.51,56.23,741.0,719.95,209.0,305.72,2.25,242.0,850.29,
2012,4,6,11,16.58,47.32,713.0,413.94,372.0,306.8,2.72,263.0,849.65,
2012,4,6,12,16.74,44.45,833.0,621.82,300.0,306.0,2.75,266.0,848.98,
2012,4,6,13,16.89,41.59,829.0,669.23,269.0,305.2,2.79,269.0,848.32,
2012,4,6,14,17.05,38.72,762.0,701.54,226.0,304.4,2.83,271.0,847.65,
2012,4,6,15,16.02,41.81,636.0,706.65,181.0,298.33,2.46,278.0,847.45,
2012,4,6,16,14.99,44.91,466.0,695.53,129.0,292.27,2.09,285.0,847.26,
2012,4,6,17,13.96,48.0,235.0,417.8,111.0,286.2,1.72,292.0,847.07,
2012,4,6,18,13.24,51.11,30.0,0.0,30.0,279.35,1.61,331.0,847.37,
2012,4,6,19,12.53,54.23,0.0,0.0,0.0,272.5,1.5,10.0,847.68,
2012,4,6,20,11.81,57.34,0.0,0.0,0.0,265.65,1.39,49.0,847.98,
2012,4,6,21,10.47,64.31,0.0,0.0,0.0,263.48,1.36,68.0,847.95,
2012,4,6,22,9.12,71.28,0.0,0.0,0.0,261.32,1.33,86.0,847.93,
2012,4,6,23,7.78,78.25,0.0,0.0,0.0,259.15,1.3,105.0,847.9,
2012,4,7,0,6.52,80.59,0.0,0.0,0.0,261.97,1.29,106.0,847.79,
2012,4,7,1,5.27,82.93,0.0,0.0,0.0,264.78,1.28,107.0,847.68,
2012,4,7,2,4.01,85.27,0.0,0.0,0.0,267.6,1.27,108.0,847.57,
2012,4,7,3,4.27,86.86,0.0,0.0,0.0,276.05,1.38,111.0,847.62,
2012,4,7,4,4.53,88.44,0.0,0.0,0.0,284.5,1.49,113.0,847.68,
2012,4,7,5,4.78,90.03,0.0,0.0,0.0,292.95,1.6,116.0,847.73,
2012,4,7,6,7.95,82.89,11.0,0.0,11.0,296.02,1.41,133.0,847.93,
2012,4,7,7,11.12,75.76,194.0,395.03,94.0,299.08,1.21,150.0,848.12,
2012,4,7,8,14.29,68.62,390.0,518.35,159.0,302.15,1.02,168.0,848.32,
2012,4,7,9,15.41,58.92,568.0,576.14,215.0,298.08,1.42,188.0,847.62,
2012,4,7,10,16.53,49.21,737.0,693.19,222.0,294.02,1.81,208.0,846.93,
2012,4,7,11,17.65,39.51,803.0,626.0,285.0,289.95,2.21,229.0,846.23,
2012,4,7,12,17.7,38.18,735.0,390.44,399.0,291.52,2.2,239.0,845.6,
2012,4,7,13,17.75,36.84,528.0,111.91,434.0,293.08,2.2,250.0,844.96,
2012,4,7,14,17.8,35.51,606.0,301.18,375.0,294.65,2.19,260.0,844.32,
2012,4,7,15,16.38,39.15,469.0,228.85,321.0,293.55,2.08,263.0,844.15,
2012,4,7,16,14.96,42.8,343.0,225.74,233.0,292.45,1.96,266.0,843.99,
2012,4,7,17,13.55,46.44,152.0,73.43,130.0,291.35,1.85,269.0,843.82,
2012,4,7,18,12.73,47.43,26.0,0.0,26.0,285.95,1.62,255.0,843.99,
2012,4,7,19,11.92,48.43,0.0,0.0,0.0,280.55,1.4,240.0,844.15,
2012,4,7,20,11.1,49.42,0.0,0.0,0.0,275.15,1.17,225.0,844.32,
2012,4,7,21,10.35,55.62,0.0,0.0,0.0,269.68,1.09,214.0,844.26,
2012,4,7,22,9.59,61.82,0.0,0.0,0.0,264.22,1.01,203.0,844.21,
2012,4,7,23,8.84,68.02,0.0,0.0,0.0,258.75,0.92,192.0,844.15,
2012,4,8,0,8.71,70.37,0.0,0.0,0.0,255.9,0.98,192.0,843.99,
2012,4,8,1,8.58,72.73,0.0,0.0,0.0,253.05,1.04,192.0,843.82,
2012,4,8,2,8.45,75.08,0.0,0.0,0.0,250.2,1.1,192.0,843.65,
2012,4,8,3,7.34,77.7,0.0,0.0,0.0,247.87,1.14,194.0,843.82,
2012,4,8,4,6.22,80.31,0.0,0.0,0.0,245.53,1.17,197.0,843.99,
2012,4,8,5,5.1,82.93,0.0,0.0,0.0,243.2,1.2,199.0,844.15,
2012,4,8,6,8.18,74.8,15.0,0.0,15.0,246.35,1.45,208.0,844.29,
2012,4,8,7,11.26,66.68,201.0,414.82,94.0,249.5,1.7,217.0,844.43,
2012,4,8,8,14.34,58.55,414.0,608.63,140.0,252.65,1.94,226.0,844.57,
2012,4,8,9,15.67,51.52,603.0,692.11,176.0,256.45,2.22,238.0,843.82,
2012,4,8,10,17.0,44.49,754.0,736.39,204.0,260.25,2.5,249.0,843.07,
2012,4,8,11,18.33,37.46,856.0,767.65,218.0,264.05,2.77,260.0,842.32,
2012,4,8,12,18.42,35.99,880.0,733.88,246.0,268.52,3.19,263.0,841.79,
2012,4,8,13,18.5,34.51,890.0,833.91,187.0,272.98,3.61,266.0,841.27,
2012,4,8,14,18.59,33.04,808.0,835.19,165.0,277.45,4.03,270.0,840.74,
2012,4,8,15,17.24,38.46,653.0,749.81,166.0,282.37,3.43,267.0,840.82,
2012,4,8,16,15.89,43.89,389.0,355.07,215.0,287.28,2.83,264.0,840.9,
2012,4,8,17,14.55,49.31,213.0,274.48,130.0,292.2,2.23,262.0,840.99,
2012,4,8,18,12.72,55.14,34.0,0.0,34.0,283.12,2.25,250.0,841.32,
2012,4,8,19,10.89,60.98,0.0,0.0,0.0,274.03,2.26,238.0,841.65,
2012,4,8,20,9.06,66.81,0.0,0.0,0.0,264.95,2.28,226.0,841.99,
2012,4,8,21,8.65,69.54,0.0,0.0,0.0,263.37,1.88,218.0,841.99,
2012,4,8,22,8.24,72.28,0.0,0.0,0.0,261.78,1.49,211.0,841.99,
2012,4,8,23,7.83,75.01,0.0,0.0,0.0,260.2,1.09,203.0,841.99,
2012,4,9,0,7.56,76.84,0.0,0.0,0.0,259.75,1.2,197.0,841.88,
2012,4,9,1,7.29,78.67,0.0,0.0,0.0,259.3,1.32,191.0,841.76,
2012,4,9,2,7.02,80.5,0.0,0.0,0.0,258.85,1.43,185.0,841.65,
2012,4,9,3,7.05,80.54,0.0,0.0,0.0,258.27,1.48,183.0,841.74,
2012,4,9,4,7.08,80.58,0.0,0.0,0.0,257.68,1.53,181.0,841.82,
2012,4,9,5,7.11,80.62,0.0,0.0,0.0,257.1,1.57,179.0,841.9,
2012,4,9,6,9.32,73.91,12.0,0.0,12.0,265.3,2.0,189.0,842.07,
2012,4,9,7,11.52,67.2,214.0,479.65,88.0,273.5,2.42,198.0,842.24,
2012,4,9,8,13.73,60.49,203.0,28.59,190.0,281.7,2.84,208.0,842.4,
2012,4,9,9,13.89,62.75,162.0,0.0,162.0,290.13,3.69,212.0,842.18,
2012,4,9,10,14.05,65.01,534.0,201.13,383.0,298.57,4.54,215.0,841.96,
2012,4,9,11,14.21,67.27,713.0,395.36,383.0,307.0,5.39,218.0,841.74,
2012,4,9,12,13.59,74.08,158.0,0.0,158.0,308.98,5.02,226.0,841.74,
2012,4,9,13,12.96,80.9,164.0,0.0,164.0,310.97,4.64,233.0,841.74,
2012,4,9,14,12.34,87.71,509.0,143.64,398.0,312.95,4.26,240.0,841.74,
2012,4,9,15,12.12,85.0,376.0,84.32,321.0,307.9,3.45,227.0,841.65,
2012,4,9,16,11.91,82.3,216.0,24.35,204.0,302.85,2.64,213.0,841.57,
2012,4,9,17,11.7,79.59,87.0,0.0,87.0,297.8,1.83,199.0,841.49,
2012,4,9,18,10.26,83.41,54.0,176.07,36.0,286.77,1.98,194.0,841.82,
2012,4,9,19,8.83,87.22,0.0,0.0,0.0,275.73,2.13,188.0,842.15,
2012,4,9,20,7.39,91.04,0.0,0.0,0.0,264.7,2.28,183.0,842.49,
2012,4,9,21,7.25,91.99,0.0,0.0,0.0,263.43,1.78,180.0,842.51,
2012,4,9,22,7.1,92.93,0.0,0.0,0.0,262.17,1.28,178.0,842.54,
2012,4,9,23,6.96,93.88,0.0,0.0,0.0,260.9,0.79,175.0,842.57,
2012,4,10,0,7.27,94.02,0.0,0.0,0.0,267.08,0.96,176.0,842.6,
2012,4,10,1,7.59,94.16,0.0,0.0,0.0,273.27,1.13,178.0,842.63,
2012,4,10,2,7.9,94.3,0.0,0.0,0.0,279.45,1.3,179.0,842.65,
2012,4,10,3,7.93,93.67,0.0,0.0,0.0,284.88,1.1,169.0,842.79,
2012,4,10,4,7.96,93.03,0.0,0.0,0.0,290.32,0.91,159.0,842.93,
2012,4,10,5,7.98,92.4,0.0,0.0,0.0,295.75,0.72,149.0,843.07,
2012,4,10,6,9.83,86.56,3.0,0.0,3.0,296.92,0.97,159.0,843.35,
2012,4,10,7,11.68,80.71,21.0,0.0,21.0,298.08,1.22,168.0,843.62,
2012,4,10,8,13.53,74.87,84.0,0.0,84.0,299.25,1.48,178.0,843.9,
2012,4,10,9,14.12,75.9,313.0,43.18,286.0,307.55,2.39,187.0,843.57,
2012,4,10,10,14.7,76.93,421.0,67.59,370.0,315.85,3.31,196.0,843.24,
2012,4,10,11,15.29,77.96,176.0,0.0,176.0,324.15,4.22,204.0,842.9,
2012,4,10,12,15.58,79.62,708.0,325.13,425.0,322.3,3.93,204.0,842.63,
2012,4,10,13,15.87,81.27,857.0,713.74,251.0,320.45,3.63,203.0,842.35,
2012,4,10,14,16.17,82.93,568.0,224.35,394.0,318.6,3.34,202.0,842.07,
2012,4,10,15,15.58,81.91,651.0,723.71,177.0,315.45,2.94,197.0,842.01,
2012,4,10,16,14.99,80.88,295.0,113.03,239.0,312.3,2.54,192.0,841.96,
2012,4,10,17,14.41,79.86,190.0,168.88,138.0,309.15,2.14,187.0,841.9,
2012,4,10,18,13.67,79.43,30.0,9.51,29.0,301.65,2.25,182.0,842.07,
2012,4,10,19,12.94,79.0,0.0,0.0,0.0,294.15,2.37,177.0,842.24,
2012,4,10,20,12.21,78.57,0.0,0.0,0.0,286.65,2.48,172.0,842.4,
2012,4,10,21,11.99,76.91,0.0,0.0,0.0,280.98,2.45,173.0,842.15,
2012,4,10,22,11.78,75.26,0.0,0.0,0.0,275.32,2.42,173.0,841.9,
2012,4,10,23,11.56,73.6,0.0,0.0,0.0,269.65,2.39,174.0,841.65,
2012,4,11,0,11.48,71.6,0.0,0.0,0.0,268.83,2.43,177.0,841.74,
2012,4,11,1,11.4,69.59,0.0,0.0,0.0,268.02,2.47,179.0,841.82,
2012,4,11,2,11.32,67.59,0.0,0.0,0.0,267.2,2.51,182.0,841.9,
2012,4,11,3,11.12,67.27,0.0,0.0,0.0,266.17,2.48,180.0,842.24,
2012,4,11,4,10.92,66.95,0.0,0.0,0.0,265.13,2.45,178.0,842.57,
2012,4,11,5,10.71,66.63,0.0,0.0,0.0,264.1,2.41,176.0,842.9,
2012,4,11,6,13.23,61.18,20.0,0.0,20.0,267.73,2.74,180.0,843.21,
2012,4,11,7,15.75,55.72,203.0,356.57,106.0,271.37,3.07,185.0,843.51,
2012,4,11,8,18.27,50.27,426.0,606.26,145.0,275.0,3.39,190.0,843.82,
2012,4,11,9,18.3,47.93,589.0,594.25,215.0,281.72,4.19,198.0,843.6,
2012,4,11,10,18.34,45.58,141.0,0.0,141.0,288.43,4.98,207.0,843.37,
2012,4,11,11,18.37,43.24,176.0,0.0,176.0,295.15,5.78,216.0,843.15,
2012,4,11,12,18.63,44.7,906.0,780.69,224.0,301.72,5.39,215.0,843.12,
2012,4,11,13,18.88,46.17,895.0,819.26,197.0,308.28,5.01,213.0,843.1,
2012,4,11,14,19.14,47.63,687.0,456.1,332.0,314.85,4.62,212.0,843.07,
2012,4,11,15,17.88,53.16,647.0,696.44,189.0,310.67,3.71,222.0,843.4,
2012,4,11,16,16.63,58.68,449.0,556.1,172.0,306.48,2.8,231.0,843.74,
2012,4,11,17,15.38,64.21,238.0,366.98,124.0,302.3,1.89,241.0,844.07,
2012,4,11,18,13.48,69.97,54.0,138.88,39.0,297.32,1.89,187.0,844.32,
2012,4,11,19,11.59,75.72,0.0,0.0,0.0,292.33,1.89,133.0,844.57,
2012,4,11,20,9.7,81.48,0.0,0.0,0.0,287.35,1.89,79.0,844.82,
2012,4,11,21,9.13,83.75,0.0,0.0,0.0,284.47,1.95,88.0,844.6,
2012,4,11,22,8.56,86.02,0.0,0.0,0.0,281.58,2.02,98.0,844.37,
2012,4,11,23,7.99,88.29,0.0,0.0,0.0,278.7,2.08,107.0,844.15,
2012,4,12,0,8.19,88.69,0.0,0.0,0.0,278.17,1.86,112.0,844.12,
2012,4,12,1,8.38,89.08,0.0,0.0,0.0,277.63,1.64,118.0,844.1,
2012,4,12,2,8.58,89.48,0.0,0.0,0.0,277.1,1.42,123.0,844.07,
2012,4,12,3,8.76,88.95,0.0,0.0,0.0,277.6,1.43,123.0,844.15,
2012,4,12,4,8.94,88.43,0.0,0.0,0.0,278.1,1.44,123.0,844.24,
2012,4,12,5,9.11,87.9,0.0,0.0,0.0,278.6,1.45,123.0,844.32,
2012,4,12,6,11.69,80.72,6.0,0.0,6.0,283.17,1.05,131.0,844.46,
2012,4,12,7,14.26,73.53,43.0,0.0,43.0,287.73,0.66,140.0,844.6,
2012,4,12,8,16.84,66.35,134.0,0.0,134.0,292.3,0.26,148.0,844.73,
2012,4,12,9,17.4,63.81,142.0,0.0,142.0,296.92,0.56,159.0,844.37,
2012,4,12,10,17.95,61.27,114.0,0.0,114.0,301.53,0.85,170.0,844.01,
2012,4,12,11,18.51,58.73,153.0,0.0,153.0,306.15,1.14,180.0,843.65,
2012,4,12,12,18.19,61.1,698.0,298.85,436.0,314.07,1.42,185.0,843.29,
2012,4,12,13,17.87,63.46,291.0,1.17,290.0,321.98,1.69,190.0,842.93,
2012,4,12,14,17.55,65.83,144.0,0.0,144.0,329.9,1.96,195.0,842.57,
2012,4,12,15,16.38,69.96,146.0,0.0,146.0,325.22,1.82,209.0,842.57,
2012,4,12,16,15.22,74.08,184.0,7.99,180.0,320.53,1.67,223.0,842.57,
2012,4,12,17,14.06,78.21,54.0,0.0,54.0,315.85,1.53,236.0,842.57,
2012,4,12,18,12.73,81.55,24.0,0.0,24.0,312.8,1.6,224.0,842.63,
2012,4,12,19,11.41,84.9,0.0,0.0,0.0,309.75,1.66,212.0,842.68,
2012,4,12,20,10.08,88.24,0.0,0.0,0.0,306.7,1.72,200.0,842.74,
2012,4,12,21,9.99,89.32,0.0,0.0,0.0,304.28,1.74,189.0,842.6,
2012,4,12,22,9.91,90.39,0.0,0.0,0.0,301.87,1.76,177.0,842.46,
2012,4,12,23,9.82,91.47,0.0,0.0,0.0,299.45,1.78,166.0,842.32,
2012,4,13,0,9.78,91.91,0.0,0.0,0.0,296.13,1.77,168.0,842.35,
2012,4,13,1,9.73,92.36,0.0,0.0,0.0,292.82,1.75,170.0,842.38,
2012,4,13,2,9.69,92.8,0.0,0.0,0.0,289.5,1.74,173.0,842.4,
2012,4,13,3,9.62,90.58,0.0,0.0,0.0,285.07,1.9,164.0,842.13,
2012,4,13,4,9.55,88.37,0.0,0.0,0.0,280.63,2.07,154.0,841.85,
2012,4,13,5,9.48,86.15,0.0,0.0,0.0,276.2,2.23,145.0,841.57,
2012,4,13,6,11.37,81.34,13.0,0.0,13.0,284.57,2.74,153.0,841.68,
2012,4,13,7,13.26,76.54,42.0,0.0,42.0,292.93,3.26,161.0,841.79,
2012,4,13,8,15.15,71.73,52.0,0.0,52.0,301.3,3.77,169.0,841.9,
2012,4,13,9,15.43,71.71,60.0,0.0,60.0,306.18,3.54,180.0,841.43,
2012,4,13,10,15.71,71.69,174.0,0.0,174.0,311.07,3.31,192.0,840.96,
2012,4,13,11,15.99,71.67,626.0,225.14,435.0,315.95,3.08,204.0,840.49,
2012,4,13,12,16.37,66.93,428.0,29.55,402.0,317.23,2.53,206.0,839.96,
2012,4,13,13,16.75,62.18,740.0,408.06,390.0,318.52,1.99,209.0,839.43,
2012,4,13,14,17.14,57.44,570.0,218.18,399.0,319.8,1.45,212.0,838.91,
2012,4,13,15,15.55,67.38,273.0,12.07,265.0,321.18,1.53,203.0,839.54,
2012,4,13,16,13.97,77.31,321.0,152.97,244.0,322.57,1.6,195.0,840.18,
2012,4,13,17,12.39,87.25,128.0,22.15,121.0,323.95,1.68,187.0,840.82,
2012,4,13,18,11.41,89.61,38.0,26.38,35.0,324.35,1.63,178.0,841.21,
2012,4,13,19,10.44,91.96,0.0,0.0,0.0,324.75,1.57,169.0,841.6,
2012,4,13,20,9.46,94.32,0.0,0.0,0.0,325.15,1.52,160.0,841.99,
2012,4,13,21,9.41,95.11,0.0,0.0,0.0,328.55,1.4,161.0,841.9,
2012,4,13,22,9.36,95.89,0.0,0.0,0.0,331.95,1.29,163.0,841.82,
2012,4,13,23,9.31,96.68,0.0,0.0,0.0,335.35,1.17,164.0,841.74,
2012,4,14,0,9.31,97.2,0.0,0.0,0.0,333.72,1.26,153.0,841.65,
2012,4,14,1,9.31,97.72,0.0,0.0,0.0,332.08,1.36,142.0,841.57,
2012,4,14,2,9.31,98.24,0.0,0.0,0.0,330.45,1.45,132.0,841.49,
2012,4,14,3,8.93,98.4,0.0,0.0,0.0,322.58,1.36,127.0,841.54,
2012,4,14,4,8.55,98.56,0.0,0.0,0.0,314.72,1.26,122.0,841.6,
2012,4,14,5,8.17,98.72,0.0,0.0,0.0,306.85,1.17,118.0,841.65,
2012,4,14,6,9.23,96.57,12.0,0.0,12.0,313.42,1.42,112.0,841.93,
2012,4,14,7,10.29,94.42,58.0,0.0,58.0,319.98,1.66,106.0,842.21,
2012,4,14,8,11.35,92.27,89.0,0.0,89.0,326.55,1.9,100.0,842.49,
2012,4,14,9,12.4,84.39,234.0,4.68,231.0,324.23,1.73,84.0,842.04,
2012,4,14,10,13.45,76.51,322.0,11.7,313.0,321.92,1.56,68.0,841.6,
2012,4,14,11,14.5,68.63,599.0,184.35,442.0,319.6,1.39,52.0,841.15,
2012,4,14,12,14.73,66.97,501.0,67.97,441.0,318.75,1.35,40.0,840.93,
2012,4,14,13,14.95,65.31,757.0,440.44,378.0,317.9,1.31,28.0,840.71,
2012,4,14,14,15.18,63.65,804.0,762.99,204.0,317.05,1.27,15.0,840.49,
2012,4,14,15,14.27,68.9,673.0,769.41,161.0,311.78,1.83,29.0,840.79,
2012,4,14,16,13.36,74.16,476.0,642.37,151.0,306.52,2.38,42.0,841.1,
2012,4,14,17,12.46,79.41,284.0,614.93,88.0,301.25,2.94,56.0,841.4,
2012,4,14,18,10.83,83.94,52.0,85.77,42.0,300.02,3.29,58.0,841.9,
2012,4,14,19,9.21,88.46,0.0,0.0,0.0,298.78,3.64,59.0,842.4,
2012,4,14,20,7.59,92.99,0.0,0.0,0.0,297.55,3.99,61.0,842.9,
2012,4,14,21,7.14,94.16,0.0,0.0,0.0,296.58,3.7,60.0,843.12,
2012,4,14,22,6.7,95.34,0.0,0.0,0.0,295.62,3.41,58.0,843.35,
2012,4,14,23,6.25,96.51,0.0,0.0,0.0,294.65,3.12,57.0,843.57,
2012,4,15,0,6.35,97.04,0.0,0.0,0.0,296.23,2.69,55.0,844.07,
2012,4,15,1,6.45,97.57,0.0,0.0,0.0,297.82,2.26,54.0,844.57,
2012,4,15,2,6.55,98.1,0.0,0.0,0.0,299.4,1.83,52.0,845.07,
2012,4,15,3,7.08,97.95,0.0,0.0,0.0,305.25,1.94,47.0,844.73,
2012,4,15,4,7.61,97.79,0.0,0.0,0.0,311.1,2.04,42.0,844.4,
2012,4,15,5,8.14,97.64,0.0,0.0,0.0,316.95,2.14,37.0,844.07,
2012,4,15,6,9.42,92.75,30.0,0.0,30.0,318.62,1.6,39.0,844.21,
2012,4,15,7,10.69,87.86,204.0,282.69,122.0,320.28,1.05,42.0,844.35,
2012,4,15,8,11.96,82.97,308.0,160.28,231.0,321.95,0.51,45.0,844.48,
2012,4,15,9,13.11,76.35,519.0,345.71,296.0,324.27,0.77,47.0,843.9,
2012,4,15,10,14.25,69.73,702.0,509.86,308.0,326.58,1.03,50.0,843.32,
2012,4,15,11,15.4,63.11,547.0,122.83,442.0,328.9,1.3,52.0,842.74,
2012,4,15,12,15.66,61.6,283.0,0.0,283.0,329.02,0.98,50.0,842.49,
2012,4,15,13,15.92,60.1,114.0,0.0,114.0,329.13,0.66,48.0,842.24,
2012,4,15,14,16.18,58.59,198.0,0.0,198.0,329.25,0.34,46.0,841.99,
2012,4,15,15,15.38,61.51,305.0,23.95,289.0,329.63,0.56,45.0,841.99,
2012,4,15,16,14.58,64.44,119.0,0.0,119.0,330.02,0.77,45.0,841.99,
2012,4,15,17,13.79,67.36,91.0,0.0,91.0,330.4,0.98,45.0,841.99,
2012,4,15,18,12.96,71.5,15.0,0.0,15.0,333.77,1.61,48.0,842.46,
2012,4,15,19,12.13,75.63,0.0,0.0,0.0,337.13,2.25,51.0,842.93,
2012,4,15,20,11.3,79.77,0.0,0.0,0.0,340.5,2.88,53.0,843.4,
2012,4,15,21,10.54,83.15,0.0,0.0,0.0,334.2,2.96,57.0,843.4,
2012,4,15,22,9.77,86.52,0.0,0.0,0.0,327.9,3.03,60.0,843.4,
2012,4,15,23,9.01,89.9,0.0,0.0,0.0,321.6,3.1,63.0,843.4,
2012,4,16,0,9.1,90.7,0.0,0.0,0.0,322.22,2.62,59.0,843.51,
2012,4,16,1,9.2,91.51,0.0,0.0,0.0,322.83,2.14,55.0,843.62,
2012,4,16,2,9.29,92.31,0.0,0.0,0.0,323.45,1.66,51.0,843.74,
2012,4,16,3,9.22,93.98,0.0,0.0,0.0,326.18,1.5,53.0,843.6,
2012,4,16,4,9.15,95.64,0.0,0.0,0.0,328.92,1.35,54.0,843.46,
2012,4,16,5,9.07,97.31,0.0,0.0,0.0,331.65,1.2,55.0,843.32,
2012,4,16,6,10.34,92.89,30.0,0.0,30.0,330.23,1.2,52.0,843.35,
2012,4,16,7,11.6,88.46,249.0,529.84,93.0,328.82,1.19,49.0,843.37,
2012,4,16,8,12.86,84.04,456.0,654.31,139.0,327.4,1.19,46.0,843.4,
2012,4,16,9,13.21,80.46,656.0,775.27,153.0,325.3,1.55,2.0,842.88,
2012,4,16,10,13.55,76.87,786.0,744.66,208.0,323.2,1.92,319.0,842.35,
2012,4,16,11,13.9,73.29,880.0,758.76,229.0,321.1,2.29,275.0,841.82,
2012,4,16,12,13.67,73.49,875.0,653.85,294.0,326.7,2.45,273.0,841.57,
2012,4,16,13,13.43,73.68,864.0,689.44,267.0,332.3,2.61,270.0,841.32,
2012,4,16,14,13.2,73.88,791.0,707.49,231.0,337.9,2.77,268.0,841.07,
2012,4,16,15,13.21,72.27,273.0,10.44,266.0,336.68,2.33,264.0,840.96,
2012,4,16,16,13.23,70.65,180.0,3.91,178.0,335.47,1.88,260.0,840.85,
2012,4,16,17,13.25,69.04,150.0,46.29,135.0,334.25,1.43,256.0,840.74,
2012,4,16,18,12.17,72.79,45.0,40.9,40.0,330.63,1.64,249.0,841.1,
2012,4,16,19,11.09,76.55,0.0,0.0,0.0,327.02,1.85,242.0,841.46,
2012,4,16,20,10.01,80.3,0.0,0.0,0.0,323.4,2.06,234.0,841.82,
2012,4,16,21,9.56,83.26,0.0,0.0,0.0,319.08,1.8,231.0,841.85,
2012,4,16,22,9.1,86.23,0.0,0.0,0.0,314.77,1.54,228.0,841.88,
2012,4,16,23,8.65,89.19,0.0,0.0,0.0,310.45,1.28,225.0,841.9,
2012,4,17,0,8.5,89.94,0.0,0.0,0.0,304.77,1.28,226.0,841.96,
2012,4,17,1,8.35,90.68,0.0,0.0,0.0,299.08,1.27,228.0,842.01,
2012,4,17,2,8.2,91.43,0.0,0.0,0.0,293.4,1.27,229.0,842.07,
2012,4,17,3,8.29,87.62,0.0,0.0,0.0,290.68,1.12,230.0,842.13,
2012,4,17,4,8.38,83.8,0.0,0.0,0.0,287.97,0.97,231.0,842.18,
2012,4,17,5,8.47,79.99,0.0,0.0,0.0,285.25,0.83,232.0,842.24,
2012,4,17,6,10.57,72.78,28.0,0.0,28.0,283.8,1.5,235.0,842.32,
2012,4,17,7,12.67,65.57,22.0,0.0,22.0,282.35,2.17,239.0,842.4,
2012,4,17,8,14.77,58.36,79.0,0.0,79.0,280.9,2.84,242.0,842.49,
2012,4,17,9,15.6,51.88,68.0,0.0,68.0,285.38,2.92,249.0,841.93,
2012,4,17,10,16.43,45.4,348.0,19.24,333.0,289.87,3.01,255.0,841.38,
2012,4,17,11,17.26,38.92,402.0,23.23,382.0,294.35,3.09,262.0,840.82,
2012,4,17,12,16.95,39.9,553.0,104.33,460.0,302.32,3.64,260.0,840.43,
2012,4,17,13,16.64,40.89,668.0,263.66,439.0,310.28,4.18,258.0,840.04,
2012,4,17,14,16.33,41.87,765.0,625.92,268.0,318.25,4.73,256.0,839.66,
2012,4,17,15,14.98,50.0,636.0,609.26,226.0,309.97,4.12,251.0,840.21,
2012,4,17,16,13.63,58.14,470.0,586.13,169.0,301.68,3.51,247.0,840.77,
2012,4,17,17,12.29,66.27,25.0,0.0,25.0,293.4,2.9,242.0,841.32,
2012,4,17,18,11.15,72.86,7.0,0.0,7.0,292.47,2.4,233.0,841.85,
2012,4,17,19,10.02,79.44,0.0,0.0,0.0,291.53,1.89,223.0,842.38,
2012,4,17,20,8.89,86.03,0.0,0.0,0.0,290.6,1.39,214.0,842.9,
2012,4,17,21,8.45,89.04,0.0,0.0,0.0,288.22,1.23,209.0,842.9,
2012,4,17,22,8.01,92.05,0.0,0.0,0.0,285.83,1.07,204.0,842.9,
2012,4,17,23,7.57,95.06,0.0,0.0,0.0,283.45,0.91,200.0,842.9,
2012,4,18,0,7.28,96.2,0.0,0.0,0.0,278.63,0.79,202.0,842.82,
2012,4,18,1,6.98,97.34,0.0,0.0,0.0,273.82,0.67,204.0,842.74,
2012,4,18,2,6.69,98.48,0.0,0.0,0.0,269.0,0.55,206.0,842.65,
2012,4,18,3,6.68,98.04,0.0,0.0,0.0,270.97,0.71,193.0,842.68,
2012,4,18,4,6.66,97.6,0.0,0.0,0.0,272.93,0.86,179.0,842.71,
2012,4,18,5,6.64,97.16,0.0,0.0,0.0,274.9,1.02,166.0,842.74,
2012,4,18,6,8.11,91.0,17.0,0.0,17.0,289.07,1.82,178.0,842.65,
2012,4,18,7,9.57,84.85,109.0,13.2,105.0,303.23,2.61,189.0,842.57,
2012,4,18,8,11.04,78.69,53.0,0.0,53.0,317.4,3.41,201.0,842.49,
2012,4,18,9,11.45,76.59,58.0,0.0,58.0,319.97,2.85,205.0,841.99,
2012,4,18,10,11.85,74.5,130.0,0.0,130.0,322.53,2.29,209.0,841.49,
2012,4,18,11,12.26,72.4,403.0,23.15,383.0,325.1,1.72,213.0,840.99,
2012,4,18,12,11.74,71.1,712.0,299.72,444.0,329.62,2.0,217.0,840.54,
2012,4,18,13,11.22,69.8,848.0,634.81,295.0,334.13,2.29,222.0,840.1,
2012,4,18,14,10.71,68.5,362.0,20.09,346.0,338.65,2.57,226.0,839.66,
2012,4,18,15,10.24,77.5,349.0,48.86,316.0,331.85,2.03,211.0,840.02,
2012,4,18,16,9.77,86.49,161.0,1.94,160.0,325.05,1.49,197.0,840.38,
2012,4,18,17,9.31,95.49,164.0,66.81,142.0,318.25,0.95,182.0,840.74,
2012,4,18,18,8.41,96.74,57.0,78.19,47.0,311.0,1.17,173.0,841.13,
2012,4,18,19,7.52,97.99,0.0,0.0,0.0,303.75,1.39,165.0,841.52,
2012,4,18,20,6.63,99.24,0.0,0.0,0.0,296.5,1.61,157.0,841.9,
2012,4,18,21,5.84,99.45,0.0,0.0,0.0,283.48,1.41,130.0,841.99,
2012,4,18,22,5.05,99.65,0.0,0.0,0.0,270.47,1.2,104.0,842.07,
2012,4,18,23,4.26,99.86,0.0,0.0,0.0,257.45,0.99,77.0,842.15,
2012,4,19,0,4.51,99.7,0.0,0.0,0.0,262.58,0.97,67.0,842.32,
2012,4,19,1,4.76,99.53,0.0,0.0,0.0,267.72,0.95,57.0,842.49,
2012,4,19,2,5.01,99.37,0.0,0.0,0.0,272.85,0.92,47.0,842.65,
2012,4,19,3,4.92,99.42,0.0,0.0,0.0,275.58,1.07,43.0,843.01,
2012,4,19,4,4.82,99.46,0.0,0.0,0.0,278.32,1.21,38.0,843.37,
2012,4,19,5,4.72,99.51,0.0,0.0,0.0,281.05,1.35,33.0,843.74,
2012,4,19,6,6.93,92.68,34.0,0.0,34.0,287.65,1.17,37.0,843.93,
2012,4,19,7,9.13,85.84,258.0,514.45,100.0,294.25,0.99,40.0,844.12,
2012,4,19,8,11.33,79.01,461.0,624.64,151.0,300.85,0.81,43.0,844.32,
2012,4,19,9,12.56,72.61,665.0,765.54,160.0,304.35,0.79,47.0,843.87,
2012,4,19,10,13.8,66.2,769.0,662.75,248.0,307.85,0.77,51.0,843.43,
2012,4,19,11,15.03,59.8,585.0,154.55,451.0,311.35,0.74,54.0,842.99,
2012,4,19,12,15.54,57.34,509.0,68.01,448.0,312.42,1.35,51.0,842.6,
2012,4,19,13,16.05,54.89,902.0,778.34,222.0,313.48,1.95,48.0,842.21,
2012,4,19,14,16.57,52.43,742.0,550.74,302.0,314.55,2.55,46.0,841.82,
2012,4,19,15,15.71,56.03,516.0,275.9,329.0,310.08,2.26,46.0,841.57,
2012,4,19,16,14.85,59.64,450.0,487.96,197.0,305.62,1.96,46.0,841.32,
2012,4,19,17,13.99,63.24,256.0,370.62,133.0,301.15,1.67,47.0,841.07,
2012,4,19,18,12.26,66.39,72.0,175.98,49.0,288.67,1.41,61.0,841.21,
2012,4,19,19,10.53,69.55,0.0,0.0,0.0,276.18,1.15,75.0,841.35,
2012,4,19,20,8.8,72.7,0.0,0.0,0.0,263.7,0.9,90.0,841.49,
2012,4,19,21,7.58,78.06,0.0,0.0,0.0,261.58,1.2,101.0,841.38,
2012,4,19,22,6.36,83.42,0.0,0.0,0.0,259.47,1.49,112.0,841.27,
2012,4,19,23,5.14,88.78,0.0,0.0,0.0,257.35,1.79,123.0,841.15,
2012,4,20,0,4.79,89.81,0.0,0.0,0.0,259.8,1.68,123.0,840.79,
2012,4,20,1,4.45,90.83,0.0,0.0,0.0,262.25,1.57,123.0,840.43,
2012,4,20,2,4.1,91.86,0.0,0.0,0.0,264.7,1.46,123.0,840.07,
2012,4,20,3,4.95,91.58,0.0,0.0,0.0,266.17,1.51,137.0,839.82,
2012,4,20,4,5.8,91.31,0.0,0.0,0.0,267.63,1.56,151.0,839.57,
2012,4,20,5,6.65,91.03,0.0,0.0,0.0,269.1,1.61,165.0,839.32,
2012,4,20,6,9.42,83.41,31.0,9.14,30.0,280.43,2.29,176.0,839.16,
2012,4,20,7,12.18,75.78,51.0,0.0,51.0,291.77,2.96,186.0,838.99,
2012,4,20,8,14.95,68.16,139.0,0.0,139.0,303.1,3.63,197.0,838.82,
2012,4,20,9,16.02,61.18,584.0,478.03,267.0,303.2,3.89,206.0,838.16,
2012,4,20,10,17.08,54.19,595.0,254.66,394.0,303.3,4.16,214.0,837.49,
2012,4,20,11,18.15,47.21,877.0,717.31,253.0,303.4,4.43,223.0,836.82,
2012,4,20,12,18.04,47.2,955.0,848.21,192.0,299.65,5.03,224.0,836.46,
2012,4,20,13,17.93,47.2,475.0,54.79,427.0,295.9,5.62,225.0,836.1,
2012,4,20,14,17.83,47.19,620.0,279.54,396.0,292.15,6.22,226.0,835.74,
2012,4,20,15,16.26,55.03,575.0,410.2,296.0,289.2,5.64,227.0,836.13,
2012,4,20,16,14.69,62.86,334.0,153.58,254.0,286.25,5.05,228.0,836.52,
2012,4,20,17,13.12,70.7,221.0,212.28,150.0,283.3,4.47,230.0,836.91,
2012,4,20,18,11.61,75.84,68.0,134.84,50.0,279.98,3.57,232.0,837.35,
2012,4,20,19,10.11,80.99,0.0,0.0,0.0,276.67,2.67,233.0,837.8,
2012,4,20,20,8.6,86.13,0.0,0.0,0.0,273.35,1.77,235.0,838.24,
2012,4,20,21,7.82,87.1,0.0,0.0,0.0,269.38,1.9,233.0,838.38,
2012,4,20,22,7.04,88.08,0.0,0.0,0.0,265.42,2.03,231.0,838.52,
2012,4,20,23,6.26,89.05,0.0,0.0,0.0,261.45,2.17,230.0,838.66,
2012,4,21,0,5.77,90.54,0.0,0.0,0.0,255.93,1.92,226.0,838.82,
2012,4,21,1,5.29,92.03,0.0,0.0,0.0,250.42,1.67,223.0,838.99,
2012,4,21,2,4.8,93.52,0.0,0.0,0.0,244.9,1.42,219.0,839.16,
2012,4,21,3,4.9,93.27,0.0,0.0,0.0,242.78,1.48,212.0,839.46,
2012,4,21,4,5.0,93.02,0.0,0.0,0.0,240.67,1.54,205.0,839.77,
2012,4,21,5,5.1,92.77,0.0,0.0,0.0,238.55,1.6,198.0,840.07,
2012,4,21,6,7.5,85.22,54.0,114.3,41.0,241.23,2.11,208.0,840.35,
2012,4,21,7,9.9,77.68,229.0,307.69,132.0,243.92,2.61,218.0,840.63,
2012,4,21,8,12.3,70.13,445.0,524.01,181.0,246.6,3.12,228.0,840.9,
2012,4,21,9,13.17,64.78,647.0,670.62,200.0,250.4,3.31,234.0,840.9,
2012,4,21,10,14.03,59.42,762.0,624.7,267.0,254.2,3.51,239.0,840.9,
2012,4,21,11,14.9,54.07,880.0,717.28,254.0,258.0,3.71,245.0,840.9,
2012,4,21,12,14.74,56.64,824.0,503.25,370.0,268.5,3.79,249.0,840.85,
2012,4,21,13,14.57,59.21,789.0,475.77,371.0,279.0,3.87,253.0,840.79,
2012,4,21,14,14.41,61.78,710.0,459.15,341.0,289.5,3.94,258.0,840.74,
2012,4,21,15,13.69,63.1,603.0,483.53,273.0,282.85,3.38,261.0,840.99,
2012,4,21,16,12.97,64.43,396.0,298.09,240.0,276.2,2.82,264.0,841.24,
2012,4,21,17,12.25,65.75,225.0,219.57,151.0,269.55,2.26,268.0,841.49,
2012,4,21,18,11.26,69.58,65.0,102.74,51.0,265.92,1.86,269.0,842.07,
2012,4,21,19,10.28,73.42,0.0,0.0,0.0,262.28,1.46,270.0,842.65,
2012,4,21,20,9.3,77.25,0.0,0.0,0.0,258.65,1.06,271.0,843.24,
2012,4,21,21,8.76,78.73,0.0,0.0,0.0,256.15,1.07,262.0,843.46,
2012,4,21,22,8.21,80.21,0.0,0.0,0.0,253.65,1.08,254.0,843.68,
2012,4,21,23,7.67,81.69,0.0,0.0,0.0,251.15,1.09,245.0,843.9,
2012,4,22,0,6.99,85.16,0.0,0.0,0.0,249.42,0.99,213.0,843.99,
2012,4,22,1,6.31,88.64,0.0,0.0,0.0,247.68,0.89,181.0,844.07,
2012,4,22,2,5.63,92.11,0.0,0.0,0.0,245.95,0.79,150.0,844.15,
2012,4,22,3,5.02,94.09,0.0,0.0,0.0,244.03,0.91,144.0,844.46,
2012,4,22,4,4.41,96.07,0.0,0.0,0.0,242.12,1.03,139.0,844.76,
2012,4,22,5,3.8,98.05,0.0,0.0,0.0,240.2,1.16,133.0,845.07,
2012,4,22,6,6.91,88.56,71.0,254.3,41.0,244.6,1.18,157.0,845.15,
2012,4,22,7,10.01,79.06,274.0,545.09,100.0,249.0,1.2,180.0,845.23,
2012,4,22,8,13.12,69.57,486.0,691.67,135.0,253.4,1.23,204.0,845.32,
2012,4,22,9,14.2,63.08,669.0,740.42,173.0,261.85,1.66,212.0,845.01,
2012,4,22,10,15.28,56.6,834.0,839.81,166.0,270.3,2.09,221.0,844.71,
2012,4,22,11,16.36,50.11,934.0,871.51,171.0,278.75,2.52,229.0,844.4,
2012,4,22,12,16.58,48.07,950.0,817.98,210.0,286.7,2.63,236.0,844.04,
2012,4,22,13,16.79,46.02,925.0,825.24,198.0,294.65,2.74,243.0,843.68,
2012,4,22,14,17.01,43.98,772.0,615.42,276.0,302.6,2.86,250.0,843.32,
2012,4,22,15,16.17,49.76,698.0,790.03,157.0,303.45,2.31,257.0,843.43,
2012,4,22,16,15.33,55.53,513.0,730.44,129.0,304.3,1.77,265.0,843.54,
2012,4,22,17,14.49,61.31,287.0,512.41,113.0,305.15,1.23,273.0,843.65,
2012,4,22,18,13.11,62.36,87.0,258.91,51.0,294.97,1.22,268.0,843.9,
2012,4,22,19,11.74,63.42,0.0,0.0,0.0,284.78,1.22,262.0,844.15,
2012,4,22,20,10.37,64.47,0.0,0.0,0.0,274.6,1.21,257.0,844.4,
2012,4,22,21,9.35,70.21,0.0,0.0,0.0,269.43,1.25,246.0,844.46,
2012,4,22,22,8.34,75.94,0.0,0.0,0.0,264.27,1.29,235.0,844.51,
2012,4,22,23,7.32,81.68,0.0,0.0,0.0,259.1,1.32,224.0,844.57,
2012,4,23,0,7.57,82.7,0.0,0.0,0.0,256.87,1.37,221.0,844.54,
2012,4,23,1,7.83,83.73,0.0,0.0,0.0,254.63,1.41,217.0,844.51,
2012,4,23,2,8.08,84.75,0.0,0.0,0.0,252.4,1.45,213.0,844.48,
2012,4,23,3,7.39,86.48,0.0,0.0,0.0,252.22,1.42,211.0,844.62,
2012,4,23,4,6.69,88.2,0.0,0.0,0.0,252.03,1.38,209.0,844.76,
2012,4,23,5,5.99,89.93,0.0,0.0,0.0,251.85,1.35,206.0,844.9,
2012,4,23,6,8.91,80.38,76.0,278.38,42.0,255.93,1.59,214.0,844.9,
2012,4,23,7,11.82,70.82,272.0,507.58,108.0,260.02,1.83,221.0,844.9,
2012,4,23,8,14.74,61.27,493.0,706.4,132.0,264.1,2.07,229.0,844.9,
2012,4,23,9,15.82,55.43,665.0,714.55,184.0,266.43,2.28,234.0,844.4,
2012,4,23,10,16.9,49.58,828.0,810.39,181.0,268.77,2.48,239.0,843.9,
2012,4,23,11,17.98,43.74,927.0,840.36,189.0,271.1,2.69,244.0,843.4,
2012,4,23,12,18.25,41.68,983.0,916.05,152.0,272.63,2.59,248.0,842.9,
2012,4,23,13,18.51,39.62,963.0,940.81,132.0,274.17,2.49,253.0,842.4,
2012,4,23,14,18.78,37.56,872.0,925.5,124.0,275.7,2.39,257.0,841.9,
2012,4,23,15,17.55,41.41,719.0,866.01,124.0,271.87,2.0,258.0,841.85,
2012,4,23,16,16.32,45.25,515.0,730.95,129.0,268.03,1.62,259.0,841.79,
2012,4,23,17,15.09,49.1,290.0,514.47,114.0,264.2,1.24,260.0,841.74,
2012,4,23,18,13.17,55.07,90.0,275.03,51.0,262.02,1.15,256.0,842.13,
2012,4,23,19,11.25,61.04,0.0,0.0,0.0,259.83,1.07,252.0,842.51,
2012,4,23,20,9.33,67.01,0.0,0.0,0.0,257.65,0.98,248.0,842.9,
2012,4,23,21,8.62,71.69,0.0,0.0,0.0,255.63,1.04,240.0,842.9,
2012,4,23,22,7.92,76.36,0.0,0.0,0.0,253.62,1.1,232.0,842.9,
2012,4,23,23,7.21,81.04,0.0,0.0,0.0,251.6,1.16,223.0,842.9,
2012,4,24,0,7.3,82.84,0.0,0.0,0.0,249.42,1.2,219.0,842.93,
2012,4,24,1,7.39,84.64,0.0,0.0,0.0,247.23,1.24,214.0,842.96,
2012,4,24,2,7.48,86.44,0.0,0.0,0.0,245.05,1.28,209.0,842.99,
2012,4,24,3,7.19,86.9,0.0,0.0,0.0,243.4,1.21,204.0,843.1,
2012,4,24,4,6.9,87.36,0.0,0.0,0.0,241.75,1.14,198.0,843.21,
2012,4,24,5,6.6,87.82,0.0,0.0,0.0,240.1,1.06,193.0,843.32,
2012,4,24,6,9.42,78.54,81.0,301.03,43.0,244.68,1.09,205.0,843.32,
2012,4,24,7,12.23,69.25,285.0,572.01,98.0,249.27,1.13,217.0,843.32,
2012,4,24,8,15.04,59.97,497.0,709.36,132.0,253.85,1.16,229.0,843.32,
2012,4,24,9,16.2,53.95,680.0,757.01,168.0,257.73,1.44,222.0,842.85,
2012,4,24,10,17.36,47.94,845.0,857.39,158.0,261.62,1.73,215.0,842.38,
2012,4,24,11,18.52,41.92,930.0,840.12,190.0,265.5,2.01,208.0,841.9,
2012,4,24,12,18.81,39.62,955.0,819.06,210.0,266.95,2.45,220.0,841.49,
2012,4,24,13,19.1,37.32,960.0,923.7,142.0,268.4,2.89,233.0,841.07,
2012,4,24,14,19.4,35.02,865.0,893.35,141.0,269.85,3.32,245.0,840.65,
2012,4,24,15,18.17,40.64,706.0,806.62,150.0,267.72,2.74,255.0,840.71,
2012,4,24,16,16.95,46.27,518.0,731.5,130.0,265.58,2.15,266.0,840.77,
2012,4,24,17,15.73,51.89,294.0,525.22,113.0,263.45,1.56,276.0,840.82,
2012,4,24,18,14.93,55.1,93.0,283.63,52.0,261.82,1.98,307.0,841.43,
2012,4,24,19,14.14,58.32,0.0,0.0,0.0,260.18,2.4,338.0,842.04,
2012,4,24,20,13.34,61.53,0.0,0.0,0.0,258.55,2.83,8.0,842.65,
2012,4,24,21,11.74,67.93,0.0,0.0,0.0,257.75,3.28,29.0,842.99,
2012,4,24,22,10.15,74.34,0.0,0.0,0.0,256.95,3.74,50.0,843.32,
2012,4,24,23,8.55,80.74,0.0,0.0,0.0,256.15,4.19,71.0,843.65,
2012,4,25,0,7.59,84.48,0.0,0.0,0.0,257.52,4.24,71.0,843.96,
2012,4,25,1,6.64,88.22,0.0,0.0,0.0,258.88,4.29,72.0,844.26,
2012,4,25,2,5.68,91.96,0.0,0.0,0.0,260.25,4.33,73.0,844.57,
2012,4,25,3,5.8,92.05,0.0,0.0,0.0,259.77,4.49,75.0,845.04,
2012,4,25,4,5.92,92.13,0.0,0.0,0.0,259.28,4.65,77.0,845.51,
2012,4,25,5,6.04,92.22,0.0,0.0,0.0,258.8,4.81,79.0,845.98,
2012,4,25,6,8.72,86.2,85.0,322.43,43.0,264.3,4.92,79.0,846.04,
2012,4,25,7,11.4,80.17,290.0,586.71,96.0,269.8,5.03,79.0,846.09,
2012,4,25,8,14.08,74.15,503.0,723.96,128.0,275.3,5.13,80.0,846.15,
2012,4,25,9,15.56,67.71,683.0,757.95,168.0,276.4,4.12,89.0,845.62,
2012,4,25,10,17.03,61.28,835.0,812.09,182.0,277.5,3.11,99.0,845.1,
2012,4,25,11,18.51,54.84,947.0,889.75,161.0,278.6,2.1,109.0,844.57,
2012,4,25,12,18.75,52.38,968.0,850.93,192.0,282.32,1.75,118.0,844.21,
2012,4,25,13,18.99,49.93,870.0,651.05,292.0,286.03,1.4,128.0,843.85,
2012,4,25,14,19.23,47.47,89.0,0.0,89.0,289.75,1.05,137.0,843.49,
2012,4,25,15,18.49,52.65,68.0,0.0,68.0,285.63,2.54,112.0,843.76,
2012,4,25,16,17.75,57.82,131.0,0.0,131.0,281.52,4.04,87.0,844.04,
2012,4,25,17,17.02,63.0,177.0,72.02,152.0,277.4,5.53,63.0,844.32,
2012,4,25,18,14.94,70.09,83.0,176.51,57.0,273.87,5.4,64.0,844.96,
2012,4,25,19,12.87,77.19,0.0,0.0,0.0,270.33,5.26,64.0,845.6,
2012,4,25,20,10.79,84.28,0.0,0.0,0.0,266.8,5.13,65.0,846.23,
2012,4,25,21,9.62,87.37,0.0,0.0,0.0,265.82,5.1,67.0,846.57,
2012,4,25,22,8.45,90.45,0.0,0.0,0.0,264.83,5.08,69.0,846.9,
2012,4,25,23,7.28,93.54,0.0,0.0,0.0,263.85,5.05,71.0,847.23,
2012,4,26,0,6.91,94.33,0.0,0.0,0.0,262.5,4.63,72.0,847.43,
2012,4,26,1,6.55,95.12,0.0,0.0,0.0,261.15,4.22,73.0,847.62,
2012,4,26,2,6.18,95.91,0.0,0.0,0.0,259.8,3.81,74.0,847.82,
2012,4,26,3,6.19,96.21,0.0,0.0,0.0,258.58,3.82,77.0,847.93,
2012,4,26,4,6.2,96.51,0.0,0.0,0.0,257.37,3.83,79.0,848.04,
2012,4,26,5,6.21,96.81,0.0,0.0,0.0,256.15,3.83,82.0,848.15,
2012,4,26,6,8.75,90.45,38.0,7.45,37.0,265.45,3.37,84.0,848.09,
2012,4,26,7,11.28,84.09,247.0,320.05,140.0,274.75,2.91,85.0,848.04,
2012,4,26,8,13.81,77.73,499.0,686.69,141.0,284.05,2.44,87.0,847.98,
2012,4,26,9,15.09,74.54,687.0,758.96,169.0,284.2,2.18,93.0,847.62,
2012,4,26,10,16.36,71.36,740.0,527.98,314.0,284.35,1.92,99.0,847.26,
2012,4,26,11,17.64,68.17,166.0,0.0,166.0,284.5,1.66,106.0,846.9,
2012,4,26,12,17.87,67.31,133.0,0.0,133.0,286.77,1.57,118.0,846.46,
2012,4,26,13,18.09,66.46,84.0,0.0,84.0,289.03,1.48,130.0,846.01,
2012,4,26,14,18.32,65.6,114.0,0.0,114.0,291.3,1.39,142.0,845.57,
2012,4,26,15,16.88,71.21,409.0,95.14,343.0,289.75,1.34,109.0,845.93,
2012,4,26,16,15.44,76.83,429.0,368.2,232.0,288.2,1.28,77.0,846.29,
2012,4,26,17,14.0,82.44,186.0,85.81,156.0,286.65,1.23,45.0,846.65,
2012,4,26,18,12.32,85.67,49.0,13.33,47.0,282.8,1.56,48.0,846.96,
2012,4,26,19,10.65,88.91,0.0,0.0,0.0,278.95,1.89,51.0,847.26,
2012,4,26,20,8.97,92.14,0.0,0.0,0.0,275.1,2.22,54.0,847.57,
2012,4,26,21,8.19,92.79,0.0,0.0,0.0,268.93,2.31,57.0,847.51,
2012,4,26,22,7.42,93.45,0.0,0.0,0.0,262.77,2.4,60.0,847.45,
2012,4,26,23,6.64,94.1,0.0,0.0,0.0,256.6,2.5,64.0,847.4,
2012,4,27,0,6.3,94.62,0.0,0.0,0.0,257.6,2.34,66.0,847.4,
2012,4,27,1,5.95,95.14,0.0,0.0,0.0,258.6,2.19,69.0,847.4,
2012,4,27,2,5.61,95.66,0.0,0.0,0.0,259.6,2.04,71.0,847.4,
2012,4,27,3,5.89,96.01,0.0,0.0,0.0,264.18,2.07,74.0,847.68,
2012,4,27,4,6.17,96.35,0.0,0.0,0.0,268.77,2.1,78.0,847.95,
2012,4,27,5,6.44,96.7,0.0,0.0,0.0,273.35,2.12,81.0,848.23,
2012,4,27,6,8.76,89.08,62.0,79.66,51.0,278.45,1.59,85.0,848.2,
2012,4,27,7,11.08,81.46,153.0,41.43,139.0,283.55,1.06,90.0,848.18,
2012,4,27,8,13.4,73.84,243.0,32.4,226.0,288.65,0.52,94.0,848.15,
2012,4,27,9,14.15,74.31,624.0,539.77,254.0,287.62,0.95,141.0,847.87,
2012,4,27,10,14.9,74.77,784.0,641.11,265.0,286.58,1.37,188.0,847.59,
2012,4,27,11,15.65,75.24,734.0,352.34,421.0,285.55,1.79,235.0,847.32,
2012,4,27,12,15.67,77.64,204.0,0.0,204.0,287.18,1.8,250.0,847.15,
2012,4,27,13,15.69,80.03,185.0,0.0,185.0,288.82,1.8,265.0,846.98,
2012,4,27,14,15.72,82.43,797.0,656.17,261.0,290.45,1.81,280.0,846.82,
2012,4,27,15,14.83,84.73,706.0,778.92,164.0,290.6,1.69,306.0,846.96,
2012,4,27,16,13.95,87.03,520.0,709.1,139.0,290.75,1.57,333.0,847.09,
2012,4,27,17,13.07,89.33,48.0,0.0,48.0,290.9,1.45,360.0,847.23,
2012,4,27,18,11.49,92.22,58.0,32.74,53.0,285.02,1.88,15.0,847.68,
2012,4,27,19,9.91,95.12,0.0,0.0,0.0,279.13,2.31,30.0,848.12,
2012,4,27,20,8.33,98.01,0.0,0.0,0.0,273.25,2.74,45.0,848.56,
2012,4,27,21,7.57,98.62,0.0,0.0,0.0,268.7,2.65,54.0,848.37,
2012,4,27,22,6.82,99.24,0.0,0.0,0.0,264.15,2.56,63.0,848.18,
2012,4,27,23,6.06,99.85,0.0,0.0,0.0,259.6,2.47,72.0,847.98,
2012,4,28,0,5.7,99.87,0.0,0.0,0.0,260.88,2.28,73.0,847.93,
2012,4,28,1,5.34,99.88,0.0,0.0,0.0,262.17,2.08,74.0,847.87,
2012,4,28,2,4.98,99.9,0.0,0.0,0.0,263.45,1.89,76.0,847.82,
2012,4,28,3,5.3,99.59,0.0,0.0,0.0,267.62,1.89,79.0,848.26,
2012,4,28,4,5.61,99.28,0.0,0.0,0.0,271.78,1.88,82.0,848.7,
2012,4,28,5,5.92,98.97,0.0,0.0,0.0,275.95,1.88,84.0,849.15,
2012,4,28,6,8.49,94.81,98.0,366.46,46.0,288.87,1.54,88.0,849.23,
2012,4,28,7,11.05,90.64,305.0,617.99,94.0,301.78,1.21,91.0,849.31,
2012,4,28,8,13.62,86.48,517.0,742.67,125.0,314.7,0.88,95.0,849.4,
2012,4,28,9,14.36,86.6,704.0,804.79,150.0,307.87,1.22,154.0,849.18,
2012,4,28,10,15.11,86.71,857.0,860.68,158.0,301.03,1.55,214.0,848.95,
2012,4,28,11,15.85,86.83,945.0,858.86,180.0,294.2,1.89,274.0,848.73,
2012,4,28,12,16.17,80.94,980.0,868.62,182.0,295.6,2.05,282.0,848.34,
2012,4,28,13,16.49,75.04,871.0,637.43,301.0,297.0,2.2,291.0,847.95,
2012,4,28,14,16.81,69.15,799.0,656.96,261.0,298.4,2.36,299.0,847.57,
2012,4,28,15,15.88,71.57,559.0,336.7,324.0,296.05,2.22,325.0,847.73,
2012,4,28,16,14.96,74.0,514.0,670.92,152.0,293.7,2.07,350.0,847.9,
2012,4,28,17,14.04,76.42,306.0,541.59,114.0,291.35,1.93,15.0,848.07,
2012,4,28,18,12.02,81.41,99.0,263.76,58.0,283.57,2.0,35.0,848.26,
2012,4,28,19,10.01,86.39,0.0,0.0,0.0,275.78,2.06,56.0,848.45,
2012,4,28,20,8.0,91.38,0.0,0.0,0.0,268.0,2.12,77.0,848.65,
2012,4,28,21,7.25,93.63,0.0,0.0,0.0,265.33,2.39,83.0,848.59,
2012,4,28,22,6.5,95.89,0.0,0.0,0.0,262.67,2.65,89.0,848.54,
2012,4,28,23,5.75,98.14,0.0,0.0,0.0,260.0,2.91,95.0,848.48,
2012,4,29,0,5.47,98.19,0.0,0.0,0.0,258.22,2.5,93.0,848.48,
2012,4,29,1,5.2,98.25,0.0,0.0,0.0,256.43,2.08,90.0,848.48,
2012,4,29,2,4.92,98.3,0.0,0.0,0.0,254.65,1.67,88.0,848.48,
2012,4,29,3,5.34,97.77,0.0,0.0,0.0,252.78,1.85,88.0,848.7,
2012,4,29,4,5.76,97.23,0.0,0.0,0.0,250.92,2.03,89.0,848.93,
2012,4,29,5,6.18,96.7,0.0,0.0,0.0,249.05,2.21,89.0,849.15,
2012,4,29,6,9.5,89.81,77.0,137.34,57.0,256.2,1.7,90.0,849.26,
2012,4,29,7,12.81,82.91,162.0,49.29,145.0,263.35,1.19,90.0,849.37,
2012,4,29,8,16.12,76.02,512.0,704.4,138.0,270.5,0.68,91.0,849.48,
2012,4,29,9,16.9,71.88,711.0,821.76,143.0,274.97,1.08,34.0,849.31,
2012,4,29,10,17.68,67.75,860.0,861.67,158.0,279.43,1.49,338.0,849.15,
2012,4,29,11,18.46,63.61,968.0,924.94,142.0,283.9,1.89,281.0,848.98,
2012,4,29,12,18.4,64.9,1003.0,935.01,142.0,289.13,2.11,286.0,848.79,
2012,4,29,13,18.34,66.19,820.0,512.13,361.0,294.37,2.33,291.0,848.59,
2012,4,29,14,18.29,67.48,791.0,629.76,274.0,299.6,2.55,296.0,848.4,
2012,4,29,15,17.59,71.84,702.0,751.38,176.0,295.78,1.95,321.0,848.4,
2012,4,29,16,16.89,76.2,300.0,81.21,256.0,291.97,1.35,346.0,848.4,
2012,4,29,17,16.2,80.56,115.0,2.8,114.0,288.15,0.74,11.0,848.4,
2012,4,29,18,14.0,85.48,82.0,126.47,62.0,282.53,1.89,26.0,848.9,
2012,4,29,19,11.81,90.41,0.0,0.0,0.0,276.92,3.04,42.0,849.4,
2012,4,29,20,9.61,95.33,0.0,0.0,0.0,271.3,4.19,58.0,849.9,
2012,4,29,21,8.7,96.65,0.0,0.0,0.0,268.48,3.84,62.0,849.76,
2012,4,29,22,7.79,97.98,0.0,0.0,0.0,265.67,3.49,67.0,849.62,
2012,4,29,23,6.88,99.3,0.0,0.0,0.0,262.85,3.14,72.0,849.48,
2012,4,30,0,6.58,99.47,0.0,0.0,0.0,261.08,2.88,72.0,849.29,
2012,4,30,1,6.29,99.63,0.0,0.0,0.0,259.32,2.62,73.0,849.09,
2012,4,30,2,5.99,99.8,0.0,0.0,0.0,257.55,2.36,74.0,848.9,
2012,4,30,3,6.46,99.05,0.0,0.0,0.0,261.8,2.35,71.0,849.18,
2012,4,30,4,6.92,98.29,0.0,0.0,0.0,266.05,2.34,68.0,849.45,
2012,4,30,5,7.38,97.54,0.0,0.0,0.0,270.3,2.33,65.0,849.73,
2012,4,30,6,9.94,89.71,102.0,341.65,51.0,280.18,1.96,67.0,849.7,
2012,4,30,7,12.49,81.87,306.0,580.1,104.0,290.07,1.59,68.0,849.68,
2012,4,30,8,15.05,74.04,516.0,706.0,139.0,299.95,1.21,69.0,849.65,
2012,4,30,9,16.25,70.22,714.0,822.83,143.0,299.67,1.23,107.0,849.09,
2012,4,30,10,17.44,66.41,867.0,877.41,150.0,299.38,1.24,144.0,848.54,
2012,4,30,11,18.64,62.59,975.0,941.61,132.0,299.1,1.26,182.0,847.98,
2012,4,30,12,19.09,58.76,974.0,836.46,202.0,298.23,0.94,204.0,847.54,
2012,4,30,13,19.54,54.93,974.0,926.23,142.0,297.37,0.63,226.0,847.09,
2012,4,30,14,20.0,51.1,878.0,895.57,141.0,296.5,0.32,248.0,846.65,
2012,4,30,15,19.35,57.38,685.0,682.23,206.0,292.2,0.69,292.0,846.57,
2012,4,30,16,18.7,63.65,518.0,672.81,152.0,287.9,1.07,337.0,846.48,
2012,4,30,17,18.05,69.93,304.0,506.45,122.0,283.6,1.45,22.0,846.4,
2012,4,30,18,15.66,75.15,115.0,391.75,52.0,279.55,2.34,33.0,847.01,
2012,4,30,19,8.92,88.72,0.0,0.0,0.0,259.07,2.63,45.0,847.62,
2012,4,30,20,9.02,89.1,0.0,0.0,0.0,264.14,2.83,56.0,848.23,
2012,4,30,21,9.12,89.49,0.0,0.0,0.0,269.2,3.02,62.0,848.15,
2012,4,30,22,9.22,89.87,0.0,0.0,0.0,274.27,3.21,68.0,848.07,
2012,4,30,23,9.32,90.25,0.0,0.0,0.0,279.33,3.4,73.0,847.98,
2011,5,1,0,9.42,90.63,0.0,0.0,0.0,284.39,3.59,77.0,847.76,
2011,5,1,1,9.52,91.01,0.0,0.0,0.0,289.46,3.78,80.0,847.54,
2011,5,1,2,9.62,91.39,0.0,0.0,0.0,294.52,3.97,84.0,847.32,
2011,5,1,3,9.72,91.77,0.0,0.0,0.0,299.59,4.16,114.0,838.43,
2011,5,1,4,9.82,92.15,0.0,0.0,0.0,304.65,4.35,153.0,838.88,
2011,5,1,5,9.92,92.53,0.0,0.0,0.0,309.71,4.54,191.0,839.32,
2011,5,1,6,10.02,92.92,35.0,0.0,35.0,314.78,4.73,198.0,839.79,
2011,5,1,7,10.12,93.3,55.0,0.0,55.0,319.84,4.92,206.0,840.27,
2011,5,1,8,10.22,93.68,102.0,0.0,102.0,324.91,5.11,213.0,840.74,
2011,5,1,9,10.32,94.06,62.0,0.0,62.0,329.97,5.3,213.0,840.46,
2011,5,1,10,10.42,94.44,524.0,128.11,419.0,335.03,5.49,212.0,840.18,
2011,5,1,11,13.18,74.74,193.0,0.0,193.0,303.05,7.38,212.0,839.91,
2011,5,1,12,13.22,70.49,385.0,9.73,376.0,309.35,7.15,212.0,839.71,
2011,5,1,13,13.26,66.24,533.0,86.65,455.0,315.65,6.93,212.0,839.52,
2011,5,1,14,13.3,61.99,859.0,824.35,179.0,321.95,6.7,212.0,839.32,
2011,5,1,15,12.59,64.41,201.0,0.0,201.0,321.48,6.16,209.0,839.96,
2011,5,1,16,11.87,66.82,284.0,60.42,251.0,321.02,5.62,207.0,840.6,
2011,5,1,17,11.16,69.24,327.0,644.07,94.0,320.55,5.08,204.0,841.24,
2011,5,1,18,10.68,75.18,22.0,0.0,22.0,322.15,4.34,196.0,841.79,
2011,5,1,19,10.2,81.11,0.0,0.0,0.0,323.75,3.6,188.0,842.35,
2011,5,1,20,9.71,87.05,0.0,0.0,0.0,325.35,2.86,180.0,842.9,
2011,5,1,21,9.72,90.17,0.0,0.0,0.0,328.15,2.59,183.0,842.9,
2011,5,1,22,9.73,93.28,0.0,0.0,0.0,330.95,2.32,186.0,842.9,
2011,5,1,23,9.74,96.4,0.0,0.0,0.0,333.75,2.06,188.0,842.9,
2011,5,2,0,9.95,97.1,0.0,0.0,0.0,336.02,2.17,194.0,842.79,
2011,5,2,1,10.17,97.81,0.0,0.0,0.0,338.28,2.29,201.0,842.68,
2011,5,2,2,10.38,98.51,0.0,0.0,0.0,340.55,2.41,207.0,842.57,
2011,5,2,3,10.42,97.67,0.0,0.0,0.0,338.75,3.07,208.0,842.82,
2011,5,2,4,10.46,96.84,0.0,0.0,0.0,336.95,3.72,210.0,843.07,
2011,5,2,5,10.51,96.0,0.0,0.0,0.0,335.15,4.37,211.0,843.32,
2011,5,2,6,10.72,90.94,108.0,345.4,54.0,334.5,4.31,214.0,843.49,
2011,5,2,7,10.94,85.89,168.0,50.75,150.0,333.85,4.24,217.0,843.65,
2011,5,2,8,11.16,80.83,351.0,164.86,262.0,333.2,4.18,219.0,843.82,
2011,5,2,9,11.9,75.24,456.0,150.17,351.0,332.57,4.1,221.0,843.43,
2011,5,2,10,12.63,69.65,488.0,91.25,413.0,331.93,4.02,223.0,843.04,
2011,5,2,11,13.37,64.06,450.0,35.57,418.0,331.3,3.94,224.0,842.65,
2011,5,2,12,13.34,63.03,428.0,21.58,408.0,327.82,4.01,225.0,842.32,
2011,5,2,13,13.31,62.01,586.0,133.02,466.0,324.33,4.08,227.0,841.99,
2011,5,2,14,13.28,60.98,286.0,1.21,285.0,320.85,4.15,228.0,841.65,
2011,5,2,15,12.54,68.09,141.0,0.0,141.0,318.6,3.31,227.0,842.21,
2011,5,2,16,11.79,75.2,57.0,0.0,57.0,316.35,2.48,226.0,842.76,
2011,5,2,17,11.05,82.31,228.0,167.52,167.0,314.1,1.64,225.0,843.32,
2011,5,2,18,10.44,85.27,112.0,319.02,59.0,313.78,1.98,221.0,843.85,
2011,5,2,19,9.83,88.23,0.0,0.0,0.0,313.47,2.32,218.0,844.37,
2011,5,2,20,9.22,91.19,0.0,0.0,0.0,313.15,2.66,214.0,844.9,
2011,5,2,21,9.16,93.14,0.0,0.0,0.0,314.73,2.2,212.0,844.82,
2011,5,2,22,9.1,95.09,0.0,0.0,0.0,316.32,1.73,210.0,844.73,
2011,5,2,23,9.04,97.04,0.0,0.0,0.0,317.9,1.27,208.0,844.65,
2011,5,3,0,9.15,97.23,0.0,0.0,0.0,319.2,1.41,207.0,844.37,
2011,5,3,1,9.27,97.43,0.0,0.0,0.0,320.5,1.54,206.0,844.1,
2011,5,3,2,9.38,97.62,0.0,0.0,0.0,321.8,1.68,204.0,843.82,
2011,5,3,3,9.4,97.19,0.0,0.0,0.0,322.25,1.86,199.0,843.82,
2011,5,3,4,9.42,96.76,0.0,0.0,0.0,322.7,2.03,193.0,843.82,
2011,5,3,5,9.44,96.33,0.0,0.0,0.0,323.15,2.21,187.0,843.82,
2011,5,3,6,9.92,94.49,84.0,131.45,63.0,325.67,2.27,188.0,843.93,
2011,5,3,7,10.41,92.64,316.0,589.71,105.0,328.18,2.33,189.0,844.04,
2011,5,3,8,10.9,90.8,436.0,372.24,234.0,330.7,2.39,190.0,844.15,
2011,5,3,9,11.77,88.86,548.0,307.81,332.0,329.55,2.58,198.0,843.76,
2011,5,3,10,12.65,86.91,786.0,611.51,282.0,328.4,2.78,205.0,843.37,
2011,5,3,11,13.52,84.97,806.0,473.57,379.0,327.25,2.98,213.0,842.99,
2011,5,3,12,13.22,81.14,878.0,573.81,345.0,325.05,3.22,223.0,842.6,
2011,5,3,13,12.93,77.31,750.0,359.52,425.0,322.85,3.46,233.0,842.21,
2011,5,3,14,12.63,73.48,568.0,172.56,425.0,320.65,3.7,243.0,841.82,
2011,5,3,15,12.49,76.51,135.0,0.0,135.0,320.92,2.86,254.0,841.82,
2011,5,3,16,12.35,79.53,59.0,0.0,59.0,321.18,2.01,265.0,841.82,
2011,5,3,17,12.21,82.56,40.0,0.0,40.0,321.45,1.17,275.0,841.82,
2011,5,3,18,11.37,84.54,89.0,136.28,66.0,317.35,0.95,283.0,842.24,
2011,5,3,19,10.53,86.51,0.0,0.0,0.0,313.25,0.72,291.0,842.65,
2011,5,3,20,9.68,88.49,0.0,0.0,0.0,309.15,0.5,299.0,843.07,
2011,5,3,21,9.21,90.68,0.0,0.0,0.0,304.38,0.71,300.0,842.96,
2011,5,3,22,8.73,92.87,0.0,0.0,0.0,299.62,0.93,302.0,842.85,
2011,5,3,23,8.26,95.06,0.0,0.0,0.0,294.85,1.14,304.0,842.74,
2011,5,4,0,8.15,96.32,0.0,0.0,0.0,295.38,1.09,292.0,842.65,
2011,5,4,1,8.05,97.59,0.0,0.0,0.0,295.92,1.03,279.0,842.57,
2011,5,4,2,7.94,98.85,0.0,0.0,0.0,296.45,0.98,267.0,842.49,
2011,5,4,3,8.29,98.41,0.0,0.0,0.0,302.47,0.85,272.0,842.65,
2011,5,4,4,8.64,97.98,0.0,0.0,0.0,308.48,0.72,277.0,842.82,
2011,5,4,5,9.0,97.54,0.0,0.0,0.0,314.5,0.59,281.0,842.99,
2011,5,4,6,10.18,94.49,109.0,300.46,60.0,318.32,1.33,282.0,843.21,
2011,5,4,7,11.37,91.44,327.0,642.95,95.0,322.13,2.06,282.0,843.43,
2011,5,4,8,12.55,88.39,542.0,784.75,114.0,325.95,2.8,282.0,843.65,
2011,5,4,9,13.93,78.58,730.0,846.37,134.0,320.75,3.31,278.0,843.29,
2011,5,4,10,15.31,68.76,850.0,793.82,194.0,315.55,3.81,274.0,842.93,
2011,5,4,11,16.69,58.95,881.0,646.26,297.0,310.35,4.32,270.0,842.57,
2011,5,4,12,17.09,55.19,945.0,739.19,257.0,311.8,4.35,272.0,842.07,
2011,5,4,13,17.48,51.44,963.0,869.94,175.0,313.25,4.39,274.0,841.57,
2011,5,4,14,17.88,47.68,887.0,904.23,136.0,314.7,4.43,275.0,841.07,
2011,5,4,15,17.11,50.94,747.0,890.07,115.0,305.15,3.49,272.0,841.04,
2011,5,4,16,16.33,54.19,510.0,606.24,175.0,295.6,2.56,268.0,841.02,
2011,5,4,17,15.56,57.45,331.0,618.12,103.0,286.05,1.63,265.0,840.99,
2011,5,4,18,13.57,63.93,112.0,280.07,64.0,280.83,1.19,254.0,841.32,
2011,5,4,19,11.57,70.42,0.0,0.0,0.0,275.62,0.75,243.0,841.65,
2011,5,4,20,9.57,76.9,0.0,0.0,0.0,270.4,0.32,232.0,841.99,
2011,5,4,21,9.23,79.67,0.0,0.0,0.0,268.05,0.63,227.0,842.18,
2011,5,4,22,8.88,82.44,0.0,0.0,0.0,265.7,0.94,223.0,842.38,
2011,5,4,23,8.54,85.21,0.0,0.0,0.0,263.35,1.26,218.0,842.57,
2011,5,5,0,8.38,87.34,0.0,0.0,0.0,261.2,1.36,214.0,842.54,
2011,5,5,1,8.22,89.48,0.0,0.0,0.0,259.05,1.46,209.0,842.51,
2011,5,5,2,8.06,91.61,0.0,0.0,0.0,256.9,1.56,205.0,842.49,
2011,5,5,3,8.66,92.38,0.0,0.0,0.0,258.4,1.54,201.0,842.57,
2011,5,5,4,9.26,93.15,0.0,0.0,0.0,259.9,1.52,197.0,842.65,
2011,5,5,5,9.86,93.92,0.0,0.0,0.0,261.4,1.5,192.0,842.74,
2011,5,5,6,11.65,88.27,106.0,252.51,64.0,270.97,2.4,205.0,842.76,
2011,5,5,7,13.44,82.62,307.0,500.29,125.0,280.53,3.29,217.0,842.79,
2011,5,5,8,15.23,76.97,482.0,512.73,201.0,290.1,4.18,230.0,842.82,
2011,5,5,9,15.79,79.18,714.0,772.76,168.0,300.23,4.35,232.0,842.43,
2011,5,5,10,16.35,81.4,76.0,0.0,76.0,310.37,4.52,234.0,842.04,
2011,5,5,11,16.91,83.61,85.0,0.0,85.0,320.5,4.69,236.0,841.65,
2011,5,5,12,16.62,82.78,88.0,0.0,88.0,327.4,5.8,237.0,841.6,
2011,5,5,13,16.34,81.96,700.0,272.15,453.0,334.3,6.91,238.0,841.54,
2011,5,5,14,16.05,81.13,264.0,0.0,264.0,341.2,8.03,240.0,841.49,
2011,5,5,15,15.29,82.38,691.0,676.99,209.0,332.53,6.67,237.0,841.65,
2011,5,5,16,14.53,83.63,488.0,515.61,202.0,323.87,5.31,235.0,841.82,
2011,5,5,17,13.77,84.88,301.0,439.13,138.0,315.2,3.94,233.0,841.99,
2011,5,5,18,12.58,88.76,95.0,149.43,69.0,307.42,3.57,229.0,842.57,
2011,5,5,19,11.39,92.65,0.0,0.0,0.0,299.63,3.2,226.0,843.15,
2011,5,5,20,10.2,96.53,0.0,0.0,0.0,291.85,2.83,222.0,843.74,
2011,5,5,21,9.95,97.57,0.0,0.0,0.0,284.75,2.6,217.0,843.76,
2011,5,5,22,9.71,98.6,0.0,0.0,0.0,277.65,2.38,212.0,843.79,
2011,5,5,23,9.46,99.64,0.0,0.0,0.0,270.55,2.15,207.0,843.82,
2011,5,6,0,9.4,99.61,0.0,0.0,0.0,266.3,1.97,206.0,843.68,
2011,5,6,1,9.35,99.58,0.0,0.0,0.0,262.05,1.79,205.0,843.54,
2011,5,6,2,9.3,99.55,0.0,0.0,0.0,257.8,1.61,204.0,843.4,
2011,5,6,3,9.84,97.29,0.0,0.0,0.0,258.07,1.42,204.0,843.35,
2011,5,6,4,10.37,95.02,0.0,0.0,0.0,258.33,1.22,204.0,843.29,
2011,5,6,5,10.91,92.76,0.0,0.0,0.0,258.6,1.02,204.0,843.24,
2011,5,6,6,13.05,84.27,88.0,123.9,67.0,264.35,2.29,216.0,843.15,
2011,5,6,7,15.19,75.79,278.0,343.65,152.0,270.1,3.57,227.0,843.07,
2011,5,6,8,17.33,67.3,485.0,513.96,202.0,275.85,4.84,239.0,842.99,
2011,5,6,9,17.5,60.31,688.0,677.15,208.0,284.25,5.41,241.0,842.65,
2011,5,6,10,17.66,53.31,812.0,665.8,259.0,292.65,5.98,243.0,842.32,
2011,5,6,11,17.83,46.32,185.0,0.0,185.0,301.05,6.55,246.0,841.99,
2011,5,6,12,17.59,49.18,88.0,0.0,88.0,304.07,6.89,242.0,841.9,
2011,5,6,13,17.34,52.03,283.0,0.0,283.0,307.08,7.23,239.0,841.82,
2011,5,6,14,17.1,54.89,159.0,0.0,159.0,310.1,7.57,235.0,841.74,
2011,5,6,15,16.16,65.26,96.0,0.0,96.0,308.15,5.89,232.0,842.18,
2011,5,6,16,15.23,75.63,532.0,682.52,152.0,306.2,4.2,228.0,842.63,
2011,5,6,17,14.29,86.0,40.0,0.0,40.0,304.25,2.51,225.0,843.07,
2011,5,6,18,13.02,88.69,53.0,5.66,52.0,298.32,1.99,209.0,843.32,
2011,5,6,19,11.75,91.37,0.0,0.0,0.0,292.38,1.46,193.0,843.57,
2011,5,6,20,10.48,94.06,0.0,0.0,0.0,286.45,0.94,178.0,843.82,
2011,5,6,21,10.1,93.3,0.0,0.0,0.0,285.13,1.18,179.0,843.74,
2011,5,6,22,9.73,92.54,0.0,0.0,0.0,283.82,1.43,180.0,843.65,
2011,5,6,23,9.35,91.78,0.0,0.0,0.0,282.5,1.67,181.0,843.57,
2011,5,7,0,9.73,92.84,0.0,0.0,0.0,283.95,1.59,180.0,843.37,
2011,5,7,1,10.12,93.89,0.0,0.0,0.0,285.4,1.5,179.0,843.18,
2011,5,7,2,10.5,94.95,0.0,0.0,0.0,286.85,1.42,178.0,842.99,
2011,5,7,3,9.95,95.61,0.0,0.0,0.0,284.43,1.78,166.0,843.4,
2011,5,7,4,9.4,96.26,0.0,0.0,0.0,282.02,2.15,155.0,843.82,
2011,5,7,5,8.86,96.92,0.0,0.0,0.0,279.6,2.51,143.0,844.24,
2011,5,7,6,11.4,88.85,85.0,98.51,68.0,284.82,2.6,164.0,844.07,
2011,5,7,7,13.94,80.79,246.0,213.84,167.0,290.03,2.69,184.0,843.9,
2011,5,7,8,16.48,72.72,452.0,394.13,234.0,295.25,2.79,205.0,843.74,
2011,5,7,9,16.27,67.64,651.0,551.27,259.0,299.73,2.97,209.0,843.18,
2011,5,7,10,16.05,62.57,809.0,652.2,266.0,304.22,3.15,214.0,842.63,
2011,5,7,11,15.84,57.49,887.0,646.64,299.0,308.7,3.34,219.0,842.07,
2011,5,7,12,15.8,63.91,785.0,372.84,436.0,311.52,3.06,217.0,841.82,
2011,5,7,13,15.75,70.32,910.0,702.52,270.0,314.33,2.79,216.0,841.57,
2011,5,7,14,15.71,76.74,802.0,625.7,279.0,317.15,2.51,214.0,841.32,
2011,5,7,15,14.66,79.44,76.0,0.0,76.0,314.92,2.56,207.0,841.65,
2011,5,7,16,13.62,82.13,47.0,0.0,47.0,312.68,2.61,200.0,841.99,
2011,5,7,17,12.57,84.83,33.0,0.0,33.0,310.45,2.66,192.0,842.32,
2011,5,7,18,12.05,89.07,11.0,0.0,11.0,310.2,2.47,182.0,842.4,
2011,5,7,19,11.52,93.3,0.0,0.0,0.0,309.95,2.28,171.0,842.49,
2011,5,7,20,10.99,97.54,0.0,0.0,0.0,309.7,2.08,161.0,842.57,
2011,5,7,21,10.83,97.59,0.0,0.0,0.0,312.1,1.99,165.0,842.35,
2011,5,7,22,10.66,97.65,0.0,0.0,0.0,314.5,1.9,170.0,842.13,
2011,5,7,23,10.5,97.7,0.0,0.0,0.0,316.9,1.81,175.0,841.9,
2011,5,8,0,10.35,97.07,0.0,0.0,0.0,304.48,1.74,172.0,841.85,
2011,5,8,1,10.2,96.43,0.0,0.0,0.0,292.07,1.68,170.0,841.79,
2011,5,8,2,10.05,95.8,0.0,0.0,0.0,279.65,1.61,168.0,841.74,
2011,5,8,3,10.16,96.08,0.0,0.0,0.0,277.57,1.63,166.0,842.1,
2011,5,8,4,10.27,96.35,0.0,0.0,0.0,275.48,1.64,164.0,842.46,
2011,5,8,5,10.38,96.63,0.0,0.0,0.0,273.4,1.66,162.0,842.82,
2011,5,8,6,12.06,90.73,103.0,182.27,71.0,274.78,2.74,177.0,842.68,
2011,5,8,7,13.75,84.84,294.0,395.01,147.0,276.17,3.83,191.0,842.54,
2011,5,8,8,15.43,78.94,501.0,559.83,190.0,277.55,4.91,206.0,842.4,
2011,5,8,9,16.52,68.05,693.0,677.2,210.0,279.62,5.3,212.0,841.99,
2011,5,8,10,17.61,57.17,882.0,873.58,153.0,281.68,5.68,218.0,841.57,
2011,5,8,11,18.7,46.28,973.0,886.87,165.0,283.75,6.07,225.0,841.15,
2011,5,8,12,18.85,44.58,919.0,653.7,306.0,282.82,5.72,228.0,840.88,
2011,5,8,13,19.01,42.87,959.0,838.21,194.0,281.88,5.38,230.0,840.6,
2011,5,8,14,19.16,41.17,789.0,587.42,297.0,280.95,5.03,233.0,840.32,
2011,5,8,15,17.92,45.72,545.0,277.33,346.0,278.05,3.94,235.0,840.52,
2011,5,8,16,16.67,50.27,452.0,378.01,240.0,275.15,2.85,236.0,840.71,
2011,5,8,17,15.43,54.82,286.0,341.21,157.0,272.25,1.75,237.0,840.9,
2011,5,8,18,13.57,60.88,97.0,132.09,73.0,267.93,1.8,231.0,841.24,
2011,5,8,19,11.71,66.95,0.0,0.0,0.0,263.62,1.85,226.0,841.57,
2011,5,8,20,9.85,73.01,0.0,0.0,0.0,259.3,1.9,221.0,841.9,
2011,5,8,21,9.23,74.88,0.0,0.0,0.0,258.22,1.89,211.0,841.93,
2011,5,8,22,8.6,76.75,0.0,0.0,0.0,257.13,1.89,201.0,841.96,
2011,5,8,23,7.98,78.62,0.0,0.0,0.0,256.05,1.88,191.0,841.99,
2011,5,9,0,7.77,79.8,0.0,0.0,0.0,255.43,1.87,184.0,841.99,
2011,5,9,1,7.57,80.99,0.0,0.0,0.0,254.82,1.86,178.0,841.99,
2011,5,9,2,7.37,82.17,0.0,0.0,0.0,254.2,1.85,171.0,841.99,
2011,5,9,3,7.86,82.2,0.0,0.0,0.0,253.12,1.8,168.0,842.32,
2011,5,9,4,8.34,82.22,0.0,0.0,0.0,252.03,1.76,165.0,842.65,
2011,5,9,5,8.83,82.25,0.0,0.0,0.0,250.95,1.71,162.0,842.99,
2011,5,9,6,11.09,76.85,113.0,246.53,69.0,256.73,2.16,176.0,843.04,
2011,5,9,7,13.36,71.46,314.0,488.32,131.0,262.52,2.6,189.0,843.1,
2011,5,9,8,15.62,66.06,513.0,596.92,180.0,268.3,3.05,202.0,843.15,
2011,5,9,9,16.6,59.57,627.0,472.53,289.0,269.98,3.28,210.0,842.74,
2011,5,9,10,17.57,53.08,841.0,736.52,225.0,271.67,3.51,218.0,842.32,
2011,5,9,11,18.55,46.59,943.0,792.09,220.0,273.35,3.74,226.0,841.9,
2011,5,9,12,18.65,44.95,1008.0,896.36,166.0,272.55,3.65,231.0,841.76,
2011,5,9,13,18.76,43.31,939.0,776.58,229.0,271.75,3.56,236.0,841.63,
2011,5,9,14,18.86,41.67,849.0,751.87,218.0,270.95,3.48,240.0,841.49,
2011,5,9,15,17.85,46.97,606.0,411.47,310.0,272.65,2.84,242.0,841.57,
2011,5,9,16,16.83,52.28,445.0,351.78,247.0,274.35,2.2,244.0,841.65,
2011,5,9,17,15.82,57.58,214.0,107.8,173.0,276.05,1.56,246.0,841.74,
2011,5,9,18,14.03,61.18,80.0,54.28,70.0,272.32,1.56,247.0,842.49,
2011,5,9,19,12.24,64.78,0.0,0.0,0.0,268.58,1.57,248.0,843.24,
2011,5,9,20,10.44,68.38,0.0,0.0,0.0,264.85,1.57,249.0,843.99,
2011,5,9,21,10.44,71.37,0.0,0.0,0.0,261.05,1.64,243.0,844.21,
2011,5,9,22,10.43,74.36,0.0,0.0,0.0,257.25,1.7,236.0,844.43,
2011,5,9,23,10.43,77.35,0.0,0.0,0.0,253.45,1.77,229.0,844.65,
2011,5,10,0,9.66,79.52,0.0,0.0,0.0,248.78,1.7,199.0,844.68,
2011,5,10,1,8.9,81.68,0.0,0.0,0.0,244.12,1.64,169.0,844.71,
2011,5,10,2,8.13,83.85,0.0,0.0,0.0,239.45,1.57,139.0,844.73,
2011,5,10,3,8.04,86.58,0.0,0.0,0.0,239.3,1.52,129.0,845.18,
2011,5,10,4,7.94,89.3,0.0,0.0,0.0,239.15,1.47,119.0,845.62,
2011,5,10,5,7.85,92.03,0.0,0.0,0.0,239.0,1.42,109.0,846.07,
2011,5,10,6,10.34,87.37,124.0,319.91,66.0,244.02,1.54,123.0,846.04,
2011,5,10,7,12.83,82.7,326.0,540.7,122.0,249.03,1.67,137.0,846.01,
2011,5,10,8,15.32,78.04,536.0,683.79,153.0,254.05,1.79,151.0,845.98,
2011,5,10,9,16.8,68.35,729.0,791.85,161.0,258.57,2.04,174.0,845.4,
2011,5,10,10,18.28,58.65,886.0,874.54,153.0,263.08,2.29,198.0,844.82,
2011,5,10,11,19.76,48.96,966.0,854.09,185.0,267.6,2.54,221.0,844.24,
2011,5,10,12,20.18,45.79,999.0,862.98,187.0,271.77,2.44,231.0,843.79,
2011,5,10,13,20.61,42.63,983.0,903.0,156.0,275.93,2.34,240.0,843.35,
2011,5,10,14,21.03,39.46,898.0,906.2,136.0,280.1,2.23,250.0,842.9,
2011,5,10,15,20.01,47.7,748.0,852.8,133.0,277.92,1.97,253.0,842.74,
2011,5,10,16,19.0,55.93,474.0,435.53,228.0,275.73,1.7,257.0,842.57,
2011,5,10,17,17.98,64.17,333.0,554.18,121.0,273.55,1.43,260.0,842.4,
2011,5,10,18,17.18,58.44,116.0,224.91,74.0,273.98,1.52,248.0,842.63,
2011,5,10,19,16.38,52.72,0.0,0.0,0.0,274.42,1.6,236.0,842.85,
2011,5,10,20,15.58,46.99,0.0,0.0,0.0,274.85,1.68,224.0,843.07,
2011,5,10,21,13.53,56.97,0.0,0.0,0.0,278.68,1.68,192.0,842.93,
2011,5,10,22,11.49,66.95,0.0,0.0,0.0,282.52,1.67,161.0,842.79,
2011,5,10,23,9.44,76.93,0.0,0.0,0.0,286.35,1.67,129.0,842.65,
2011,5,11,0,9.56,77.88,0.0,0.0,0.0,289.98,1.71,135.0,842.63,
2011,5,11,1,9.68,78.84,0.0,0.0,0.0,293.62,1.75,141.0,842.6,
2011,5,11,2,9.8,79.79,0.0,0.0,0.0,297.25,1.79,146.0,842.57,
2011,5,11,3,10.31,77.54,0.0,0.0,0.0,297.33,1.76,144.0,842.76,
2011,5,11,4,10.82,75.28,0.0,0.0,0.0,297.42,1.72,142.0,842.96,
2011,5,11,5,11.34,73.03,0.0,0.0,0.0,297.5,1.68,139.0,843.15,
2011,5,11,6,13.75,65.98,128.0,331.46,67.0,297.15,2.25,142.0,843.15,
2011,5,11,7,16.16,58.92,321.0,502.97,130.0,296.8,2.81,145.0,843.15,
2011,5,11,8,18.57,51.87,502.0,540.65,198.0,296.45,3.38,147.0,843.15,
2011,5,11,9,19.37,47.39,695.0,665.99,216.0,300.07,3.5,157.0,842.57,
2011,5,11,10,20.18,42.92,806.0,627.47,279.0,303.68,3.62,166.0,841.99,
2011,5,11,11,20.98,38.44,197.0,0.0,197.0,307.3,3.74,175.0,841.4,
2011,5,11,12,21.21,38.92,177.0,0.0,177.0,309.58,3.64,177.0,840.96,
2011,5,11,13,21.44,39.39,542.0,87.21,462.0,311.87,3.54,180.0,840.52,
2011,5,11,14,21.67,39.87,843.0,722.86,234.0,314.15,3.43,182.0,840.07,
2011,5,11,15,21.07,47.41,694.0,652.92,222.0,316.38,2.55,154.0,840.1,
2011,5,11,16,20.46,54.94,485.0,465.78,221.0,318.62,1.66,126.0,840.13,
2011,5,11,17,19.86,62.48,303.0,392.45,152.0,320.85,0.77,98.0,840.16,
2011,5,11,18,17.4,65.02,105.0,147.97,77.0,311.98,1.33,92.0,840.43,
2011,5,11,19,14.93,67.56,0.0,0.0,0.0,303.12,1.89,85.0,840.71,
2011,5,11,20,12.46,70.1,0.0,0.0,0.0,294.25,2.46,79.0,840.99,
2011,5,11,21,11.47,73.72,0.0,0.0,0.0,289.42,2.56,84.0,840.9,
2011,5,11,22,10.49,77.33,0.0,0.0,0.0,284.58,2.67,89.0,840.82,
2011,5,11,23,9.5,80.95,0.0,0.0,0.0,279.75,2.77,93.0,840.74,
2011,5,12,0,9.3,82.92,0.0,0.0,0.0,277.93,2.59,98.0,840.57,
2011,5,12,1,9.11,84.88,0.0,0.0,0.0,276.12,2.41,103.0,840.4,
2011,5,12,2,8.91,86.85,0.0,0.0,0.0,274.3,2.23,108.0,840.24,
2011,5,12,3,10.06,85.6,0.0,0.0,0.0,273.82,2.07,120.0,840.32,
2011,5,12,4,11.21,84.34,0.0,0.0,0.0,273.33,1.9,132.0,840.4,
2011,5,12,5,12.36,83.09,0.0,0.0,0.0,272.85,1.74,143.0,840.49,
2011,5,12,6,15.29,75.54,109.0,176.77,76.0,277.53,1.93,158.0,840.35,
2011,5,12,7,18.23,67.98,264.0,243.39,171.0,282.22,2.12,173.0,840.21,
2011,5,12,8,21.17,60.43,495.0,508.52,208.0,286.9,2.32,188.0,840.07,
2011,5,12,9,21.94,53.13,697.0,667.05,216.0,289.2,4.16,199.0,839.63,
2011,5,12,10,22.7,45.84,827.0,680.89,254.0,291.5,6.0,211.0,839.18,
2011,5,12,11,23.47,38.54,867.0,581.99,333.0,293.8,7.83,222.0,838.74,
2011,5,12,12,23.18,37.62,874.0,538.19,366.0,293.43,8.0,225.0,838.77,
2011,5,12,13,22.89,36.69,938.0,761.83,238.0,293.07,8.17,229.0,838.8,
2011,5,12,14,22.6,35.77,892.0,874.35,154.0,292.7,8.33,232.0,838.82,
2011,5,12,15,21.27,37.72,696.0,654.12,222.0,291.03,6.91,233.0,839.02,
2011,5,12,16,19.95,39.68,396.0,216.27,273.0,289.37,5.49,234.0,839.21,
2011,5,12,17,18.62,41.63,231.0,139.55,177.0,287.7,4.07,235.0,839.41,
2011,5,12,18,16.53,45.4,22.0,0.0,22.0,283.88,4.07,235.0,839.88,
2011,5,12,19,14.43,49.18,0.0,0.0,0.0,280.07,4.08,235.0,840.35,
2011,5,12,20,12.33,52.95,0.0,0.0,0.0,276.25,4.08,235.0,840.82,
2011,5,12,21,11.77,56.14,0.0,0.0,0.0,273.83,3.6,232.0,840.71,
2011,5,12,22,11.2,59.34,0.0,0.0,0.0,271.42,3.13,230.0,840.6,
2011,5,12,23,10.64,62.53,0.0,0.0,0.0,269.0,2.65,227.0,840.49,
2011,5,13,0,10.25,63.84,0.0,0.0,0.0,266.63,2.91,218.0,840.4,
2011,5,13,1,9.87,65.15,0.0,0.0,0.0,264.27,3.18,210.0,840.32,
2011,5,13,2,9.49,66.46,0.0,0.0,0.0,261.9,3.45,201.0,840.24,
2011,5,13,3,10.17,64.24,0.0,0.0,0.0,259.37,2.53,198.0,840.24,
2011,5,13,4,10.85,62.01,0.0,0.0,0.0,256.83,1.62,195.0,840.24,
2011,5,13,5,11.54,59.79,0.0,0.0,0.0,254.3,0.7,192.0,840.24,
2011,5,13,6,14.02,51.59,105.0,147.95,77.0,258.0,2.34,199.0,840.16,
2011,5,13,7,16.5,43.38,301.0,385.03,153.0,261.7,3.98,205.0,840.07,
2011,5,13,8,18.98,35.18,252.0,24.72,238.0,265.4,5.61,211.0,839.99,
2011,5,13,9,19.62,33.41,433.0,102.37,359.0,267.93,6.97,217.0,839.68,
2011,5,13,10,20.26,31.63,834.0,695.02,248.0,270.47,8.32,222.0,839.38,
2011,5,13,11,20.9,29.86,923.0,718.15,263.0,273.0,9.67,228.0,839.07,
2011,5,13,12,20.69,30.26,965.0,755.29,251.0,280.92,9.43,228.0,838.88,
2011,5,13,13,20.47,30.65,961.0,823.65,203.0,288.83,9.19,228.0,838.68,
2011,5,13,14,20.26,31.05,875.0,812.45,188.0,296.75,8.95,229.0,838.49,
2011,5,13,15,19.18,34.42,718.0,721.43,194.0,292.75,7.56,229.0,838.52,
2011,5,13,16,18.1,37.78,507.0,530.98,204.0,288.75,6.17,228.0,838.55,
2011,5,13,17,17.02,41.15,307.0,393.19,154.0,284.75,4.77,228.0,838.57,
2011,5,13,18,15.24,45.25,104.0,128.77,79.0,278.42,4.41,229.0,839.24,
2011,5,13,19,13.46,49.34,0.0,0.0,0.0,272.08,4.05,229.0,839.91,
2011,5,13,20,11.68,53.44,0.0,0.0,0.0,265.75,3.68,230.0,840.57,
2011,5,13,21,10.92,56.46,0.0,0.0,0.0,263.48,3.66,225.0,840.71,
2011,5,13,22,10.17,59.47,0.0,0.0,0.0,261.22,3.64,220.0,840.85,
2011,5,13,23,9.41,62.49,0.0,0.0,0.0,258.95,3.61,216.0,840.99,
2011,5,14,0,8.99,64.94,0.0,0.0,0.0,257.93,3.67,200.0,840.79,
2011,5,14,1,8.58,67.4,0.0,0.0,0.0,256.92,3.72,184.0,840.6,
2011,5,14,2,8.16,69.85,0.0,0.0,0.0,255.9,3.78,168.0,840.4,
2011,5,14,3,8.88,68.38,0.0,0.0,0.0,258.9,3.24,165.0,840.6,
2011,5,14,4,9.59,66.91,0.0,0.0,0.0,261.9,2.7,162.0,840.79,
2011,5,14,5,10.31,65.44,0.0,0.0,0.0,264.9,2.17,159.0,840.99,
2011,5,14,6,12.27,58.16,93.0,83.45,77.0,270.32,2.83,170.0,840.9,
2011,5,14,7,14.24,50.87,133.0,7.76,130.0,275.73,3.49,180.0,840.82,
2011,5,14,8,16.2,43.59,54.0,0.0,54.0,281.15,4.15,190.0,840.74,
2011,5,14,9,16.97,41.07,65.0,0.0,65.0,287.05,4.1,200.0,840.32,
2011,5,14,10,17.74,38.55,86.0,0.0,86.0,292.95,4.04,210.0,839.91,
2011,5,14,11,18.51,36.03,95.0,0.0,95.0,298.85,3.99,220.0,839.49,
2011,5,14,12,18.43,38.33,247.0,0.0,247.0,300.9,3.69,222.0,839.35,
2011,5,14,13,18.36,40.62,893.0,634.7,308.0,302.95,3.39,224.0,839.21,
2011,5,14,14,18.28,42.92,857.0,753.16,219.0,305.0,3.09,227.0,839.07,
2011,5,14,15,17.48,47.84,83.0,0.0,83.0,302.9,2.63,227.0,839.04,
2011,5,14,16,16.69,52.75,466.0,389.5,243.0,300.8,2.17,227.0,839.02,
2011,5,14,17,15.89,57.67,253.0,189.13,179.0,298.7,1.71,227.0,838.99,
2011,5,14,18,14.55,63.95,100.0,106.83,79.0,293.72,1.54,173.0,839.46,
2011,5,14,19,13.2,70.22,0.0,0.0,0.0,288.73,1.37,118.0,839.93,
2011,5,14,20,11.85,76.5,0.0,0.0,0.0,283.75,1.2,64.0,840.4,
2011,5,14,21,11.11,81.05,0.0,0.0,0.0,277.53,1.08,86.0,840.71,
2011,5,14,22,10.38,85.6,0.0,0.0,0.0,271.32,0.95,109.0,841.02,
2011,5,14,23,9.64,90.15,0.0,0.0,0.0,265.1,0.83,131.0,841.32,
2011,5,15,0,8.74,90.96,0.0,0.0,0.0,262.18,1.21,149.0,841.29,
2011,5,15,1,7.85,91.76,0.0,0.0,0.0,259.27,1.6,167.0,841.27,
2011,5,15,2,6.95,92.57,0.0,0.0,0.0,256.35,1.99,184.0,841.24,
2011,5,15,3,7.41,90.2,0.0,0.0,0.0,253.97,1.96,186.0,841.4,
2011,5,15,4,7.86,87.82,0.0,0.0,0.0,251.58,1.94,188.0,841.57,
2011,5,15,5,8.32,85.45,0.0,0.0,0.0,249.2,1.92,191.0,841.74,
2011,5,15,6,10.34,71.9,133.0,309.1,73.0,251.3,3.0,199.0,841.99,
2011,5,15,7,12.36,58.36,342.0,571.13,120.0,253.4,4.09,207.0,842.24,
2011,5,15,8,14.38,44.81,541.0,662.94,163.0,255.5,5.17,216.0,842.49,
2011,5,15,9,15.24,42.35,742.0,808.3,155.0,255.9,5.53,220.0,842.32,
2011,5,15,10,16.1,39.89,846.0,724.46,233.0,256.3,5.88,223.0,842.15,
2011,5,15,11,16.96,37.43,925.0,718.15,263.0,256.7,6.23,227.0,841.99,
2011,5,15,12,17.12,37.53,978.0,785.83,233.0,255.97,6.02,230.0,841.96,
2011,5,15,13,17.29,37.64,942.0,762.67,238.0,255.23,5.81,233.0,841.93,
2011,5,15,14,17.45,37.74,790.0,564.47,311.0,254.5,5.6,236.0,841.9,
2011,5,15,15,16.66,39.93,693.0,629.07,234.0,254.22,4.68,238.0,842.24,
2011,5,15,16,15.88,42.13,504.0,510.1,211.0,253.93,3.76,239.0,842.57,
2011,5,15,17,15.09,44.32,338.0,528.73,130.0,253.65,2.84,241.0,842.9,
2011,5,15,18,13.74,45.73,82.0,45.23,73.0,251.08,2.93,244.0,843.62,
2011,5,15,19,12.39,47.13,0.0,0.0,0.0,248.52,3.03,247.0,844.35,
2011,5,15,20,11.03,48.54,0.0,0.0,0.0,245.95,3.12,250.0,845.07,
2011,5,15,21,10.68,52.13,0.0,0.0,0.0,244.85,2.23,234.0,845.29,
2011,5,15,22,10.32,55.73,0.0,0.0,0.0,243.75,1.34,218.0,845.51,
2011,5,15,23,9.97,59.32,0.0,0.0,0.0,242.65,0.46,202.0,845.73,
2011,5,16,0,8.52,64.5,0.0,0.0,0.0,240.93,0.82,174.0,845.84,
2011,5,16,1,7.07,69.67,0.0,0.0,0.0,239.22,1.19,145.0,845.96,
2011,5,16,2,5.62,74.85,0.0,0.0,0.0,237.5,1.56,117.0,846.07,
2011,5,16,3,6.17,77.2,0.0,0.0,0.0,239.1,1.46,116.0,846.57,
2011,5,16,4,6.72,79.54,0.0,0.0,0.0,240.7,1.36,116.0,847.07,
2011,5,16,5,7.27,81.89,0.0,0.0,0.0,242.3,1.26,115.0,847.57,
2011,5,16,6,10.23,72.22,150.0,442.94,63.0,247.02,1.66,138.0,847.7,
2011,5,16,7,13.2,62.55,353.0,627.03,108.0,251.73,2.06,160.0,847.84,
2011,5,16,8,16.17,52.88,542.0,664.37,162.0,256.45,2.47,182.0,847.98,
2011,5,16,9,17.29,48.25,744.0,809.3,155.0,260.83,2.55,193.0,847.65,
2011,5,16,10,18.4,43.62,877.0,812.92,188.0,265.22,2.63,204.0,847.32,
2011,5,16,11,19.52,38.99,899.0,648.88,300.0,269.6,2.7,214.0,846.98,
2011,5,16,12,19.96,37.29,851.0,479.28,396.0,273.27,2.42,218.0,846.59,
2011,5,16,13,20.4,35.59,1016.0,984.42,106.0,276.93,2.14,221.0,846.21,
2011,5,16,14,20.84,33.89,855.0,738.8,227.0,280.6,1.86,224.0,845.82,
2011,5,16,15,19.86,36.48,707.0,668.7,218.0,283.27,2.07,223.0,846.04,
2011,5,16,16,18.89,39.08,524.0,577.88,191.0,285.93,2.29,222.0,846.26,
2011,5,16,17,17.91,41.67,274.0,245.26,177.0,288.6,2.5,222.0,846.48,
2011,5,16,18,16.43,45.57,59.0,4.97,58.0,283.8,2.54,215.0,846.93,
2011,5,16,19,14.95,49.48,0.0,0.0,0.0,279.0,2.59,208.0,847.37,
2011,5,16,20,13.47,53.38,0.0,0.0,0.0,274.2,2.63,201.0,847.82,
2011,5,16,21,12.78,50.2,0.0,0.0,0.0,276.4,2.1,184.0,847.79,
2011,5,16,22,12.1,47.03,0.0,0.0,0.0,278.6,1.56,167.0,847.76,
2011,5,16,23,11.41,43.85,0.0,0.0,0.0,280.8,1.02,150.0,847.73,
2011,5,17,0,10.02,49.68,0.0,0.0,0.0,284.0,1.33,139.0,847.7,
2011,5,17,1,8.64,55.52,0.0,0.0,0.0,287.2,1.64,128.0,847.68,
2011,5,17,2,7.26,61.35,0.0,0.0,0.0,290.4,1.94,117.0,847.65,
2011,5,17,3,7.94,65.53,0.0,0.0,0.0,290.18,1.85,122.0,847.87,
2011,5,17,4,8.62,69.71,0.0,0.0,0.0,289.97,1.75,128.0,848.09,
2011,5,17,5,9.3,73.89,0.0,0.0,0.0,289.75,1.66,133.0,848.32,
2011,5,17,6,12.4,65.81,65.0,10.07,63.0,293.47,1.75,139.0,848.48,
2011,5,17,7,15.51,57.72,261.0,208.82,179.0,297.18,1.84,146.0,848.65,
2011,5,17,8,18.61,49.64,480.0,428.82,234.0,300.9,1.93,152.0,848.81,
2011,5,17,9,19.94,45.52,717.0,708.91,200.0,306.02,2.28,166.0,848.23,
2011,5,17,10,21.28,41.4,707.0,378.13,386.0,311.13,2.63,180.0,847.65,
2011,5,17,11,22.61,37.28,530.0,74.64,461.0,316.25,2.98,193.0,847.07,
2011,5,17,12,21.67,36.78,477.0,35.77,443.0,327.22,2.85,198.0,846.82,
2011,5,17,13,20.73,36.27,467.0,37.81,432.0,338.18,2.71,202.0,846.57,
2011,5,17,14,19.79,35.77,361.0,12.92,350.0,349.15,2.58,207.0,846.32,
2011,5,17,15,19.26,41.6,147.0,0.0,147.0,338.22,2.34,189.0,846.51,
2011,5,17,16,18.72,47.43,412.0,237.0,275.0,327.28,2.09,171.0,846.71,
2011,5,17,17,18.19,53.26,75.0,0.0,75.0,316.35,1.85,153.0,846.9,
2011,5,17,18,16.4,59.57,17.0,0.0,17.0,312.08,1.74,140.0,847.34,
2011,5,17,19,14.61,65.89,0.0,0.0,0.0,307.82,1.64,127.0,847.79,
2011,5,17,20,12.81,72.2,0.0,0.0,0.0,303.55,1.53,114.0,848.23,
2011,5,17,21,12.17,76.56,0.0,0.0,0.0,304.67,1.81,116.0,848.15,
2011,5,17,22,11.52,80.91,0.0,0.0,0.0,305.78,2.09,117.0,848.07,
2011,5,17,23,10.88,85.27,0.0,0.0,0.0,306.9,2.37,119.0,847.98,
2011,5,18,0,10.89,87.34,0.0,0.0,0.0,308.38,2.57,120.0,847.95,
2011,5,18,1,10.91,89.4,0.0,0.0,0.0,309.87,2.76,122.0,847.93,
2011,5,18,2,10.92,91.47,0.0,0.0,0.0,311.35,2.95,124.0,847.9,
2011,5,18,3,10.88,91.66,0.0,0.0,0.0,305.83,3.14,118.0,848.54,
2011,5,18,4,10.84,91.86,0.0,0.0,0.0,300.32,3.33,111.0,849.18,
2011,5,18,5,10.81,92.05,0.0,0.0,0.0,294.8,3.52,105.0,849.81,
2011,5,18,6,12.81,85.0,141.0,333.75,74.0,300.52,3.52,109.0,849.73,
2011,5,18,7,14.82,77.96,342.0,542.41,128.0,306.23,3.53,113.0,849.65,
2011,5,18,8,16.82,70.91,537.0,627.5,176.0,311.95,3.53,117.0,849.56,
2011,5,18,9,17.98,66.21,490.0,169.7,366.0,316.95,3.18,126.0,849.04,
2011,5,18,10,19.13,61.5,879.0,813.94,187.0,321.95,2.83,134.0,848.51,
2011,5,18,11,20.29,56.8,788.0,399.75,418.0,326.95,2.48,143.0,847.98,
2011,5,18,12,20.77,59.94,959.0,726.02,268.0,329.7,2.35,156.0,847.79,
2011,5,18,13,21.24,63.07,865.0,557.74,348.0,332.45,2.23,169.0,847.59,
2011,5,18,14,21.72,66.21,877.0,798.53,196.0,335.2,2.1,181.0,847.4,
2011,5,18,15,21.61,66.21,738.0,766.58,175.0,333.15,2.29,163.0,847.23,
2011,5,18,16,21.49,66.21,485.0,429.42,236.0,331.1,2.47,145.0,847.07,
2011,5,18,17,21.38,66.21,338.0,502.98,137.0,329.05,2.66,128.0,846.9,
2011,5,18,18,19.45,72.86,13.0,0.0,13.0,331.38,2.75,120.0,847.45,
2011,5,18,19,17.52,79.52,0.0,0.0,0.0,333.72,2.84,113.0,848.01,
2011,5,18,20,15.59,86.17,0.0,0.0,0.0,336.05,2.92,106.0,848.56,
2011,5,18,21,14.79,88.28,0.0,0.0,0.0,329.17,2.95,103.0,848.56,
2011,5,18,22,13.99,90.4,0.0,0.0,0.0,322.28,2.98,99.0,848.56,
2011,5,18,23,13.19,92.51,0.0,0.0,0.0,315.4,3.01,96.0,848.56,
2011,5,19,0,13.1,92.94,0.0,0.0,0.0,311.25,3.25,96.0,848.34,
2011,5,19,1,13.02,93.37,0.0,0.0,0.0,307.1,3.49,97.0,848.12,
2011,5,19,2,12.93,93.8,0.0,0.0,0.0,302.95,3.74,97.0,847.9,
2011,5,19,3,13.26,93.41,0.0,0.0,0.0,299.42,4.3,106.0,847.76,
2011,5,19,4,13.58,93.01,0.0,0.0,0.0,295.88,4.87,114.0,847.62,
2011,5,19,5,13.91,92.62,0.0,0.0,0.0,292.35,5.43,123.0,847.48,
2011,5,19,6,16.58,86.13,17.0,0.0,17.0,296.63,4.95,134.0,847.09,
2011,5,19,7,19.26,79.64,162.0,20.19,154.0,300.92,4.46,146.0,846.71,
2011,5,19,8,21.93,73.15,49.0,0.0,49.0,305.2,3.97,157.0,846.32,
2011,5,19,9,23.24,64.08,294.0,9.56,287.0,311.78,4.54,174.0,845.48,
2011,5,19,10,24.55,55.01,78.0,0.0,78.0,318.37,5.1,192.0,844.65,
2011,5,19,11,25.86,45.94,714.0,273.0,461.0,324.95,5.67,209.0,843.82,
2011,5,19,12,24.94,48.16,1032.0,930.82,145.0,328.27,5.47,212.0,843.76,
2011,5,19,13,24.03,50.39,688.0,233.79,471.0,331.58,5.26,215.0,843.71,
2011,5,19,14,23.11,52.61,859.0,738.73,228.0,334.9,5.06,218.0,843.65,
2011,5,19,15,21.76,59.43,732.0,737.8,189.0,333.55,4.57,214.0,843.85,
2011,5,19,16,20.41,66.24,520.0,545.03,203.0,332.2,4.09,209.0,844.04,
2011,5,19,17,19.06,73.06,315.0,383.42,161.0,330.85,3.6,204.0,844.24,
2011,5,19,18,17.71,77.76,120.0,163.22,86.0,323.02,3.6,198.0,844.4,
2011,5,19,19,16.36,82.46,0.0,0.0,0.0,315.18,3.6,192.0,844.57,
2011,5,19,20,15.01,87.16,0.0,0.0,0.0,307.35,3.6,186.0,844.73,
2011,5,19,21,14.67,87.5,0.0,0.0,0.0,304.42,3.34,189.0,844.73,
2011,5,19,22,14.33,87.84,0.0,0.0,0.0,301.48,3.09,192.0,844.73,
2011,5,19,23,13.99,88.18,0.0,0.0,0.0,298.55,2.83,195.0,844.73,
2011,5,20,0,13.73,88.27,0.0,0.0,0.0,295.47,2.31,195.0,844.62,
2011,5,20,1,13.47,88.37,0.0,0.0,0.0,292.38,1.8,195.0,844.51,
2011,5,20,2,13.21,88.46,0.0,0.0,0.0,289.3,1.28,195.0,844.4,
2011,5,20,3,13.43,86.64,0.0,0.0,0.0,285.48,1.04,197.0,844.93,
2011,5,20,4,13.65,84.82,0.0,0.0,0.0,281.67,0.8,198.0,845.46,
2011,5,20,5,13.87,83.0,0.0,0.0,0.0,277.85,0.55,200.0,845.98,
2011,5,20,6,16.02,71.93,116.0,156.3,84.0,280.8,1.18,207.0,845.93,
2011,5,20,7,18.18,60.86,295.0,311.55,171.0,283.75,1.8,215.0,845.87,
2011,5,20,8,20.34,49.79,496.0,470.33,224.0,286.7,2.43,222.0,845.82,
2011,5,20,9,21.42,45.12,713.0,683.16,212.0,288.23,2.64,226.0,845.37,
2011,5,20,10,22.5,40.44,862.0,754.18,219.0,289.77,2.85,230.0,844.93,
2011,5,20,11,23.58,35.77,958.0,793.24,222.0,291.3,3.06,233.0,844.48,
2011,5,20,12,23.75,35.05,1006.0,849.03,196.0,291.05,2.84,235.0,844.07,
2011,5,20,13,23.92,34.32,959.0,793.02,222.0,290.8,2.61,237.0,843.65,
2011,5,20,14,24.09,33.6,889.0,829.93,179.0,290.55,2.39,239.0,843.24,
2011,5,20,15,22.87,37.98,742.0,767.48,176.0,289.53,2.33,240.0,843.12,
2011,5,20,16,21.66,42.37,482.0,411.41,242.0,288.52,2.27,241.0,843.01,
2011,5,20,17,20.44,46.75,334.0,465.76,146.0,287.5,2.21,242.0,842.9,
2011,5,20,18,18.5,50.61,136.0,246.96,84.0,284.68,2.57,237.0,843.18,
2011,5,20,19,16.56,54.46,0.0,0.0,0.0,281.87,2.93,233.0,843.46,
2011,5,20,20,14.61,58.32,0.0,0.0,0.0,279.05,3.3,228.0,843.74,
2011,5,20,21,13.99,61.66,0.0,0.0,0.0,278.48,2.42,218.0,843.74,
2011,5,20,22,13.38,65.01,0.0,0.0,0.0,277.92,1.55,209.0,843.74,
2011,5,20,23,12.76,68.35,0.0,0.0,0.0,277.35,0.68,199.0,843.74,
2011,5,21,0,12.55,70.85,0.0,0.0,0.0,276.0,0.94,193.0,843.65,
2011,5,21,1,12.34,73.35,0.0,0.0,0.0,274.65,1.21,186.0,843.57,
2011,5,21,2,12.13,75.85,0.0,0.0,0.0,273.3,1.48,180.0,843.49,
2011,5,21,3,12.52,75.93,0.0,0.0,0.0,272.52,1.41,183.0,843.54,
2011,5,21,4,12.9,76.01,0.0,0.0,0.0,271.73,1.35,185.0,843.6,
2011,5,21,5,13.29,76.09,0.0,0.0,0.0,270.95,1.28,188.0,843.65,
2011,5,21,6,15.63,67.85,148.0,358.19,74.0,276.77,1.64,200.0,843.54,
2011,5,21,7,17.97,59.61,347.0,545.51,129.0,282.58,1.99,213.0,843.43,
2011,5,21,8,20.31,51.37,563.0,719.32,146.0,288.4,2.34,225.0,843.32,
2011,5,21,9,21.24,48.75,743.0,781.4,169.0,292.45,3.32,230.0,842.88,
2011,5,21,10,22.17,46.13,897.0,860.97,162.0,296.5,4.3,236.0,842.43,
2011,5,21,11,23.1,43.51,985.0,872.0,175.0,300.55,5.28,241.0,841.99,
2011,5,21,12,22.93,42.47,1023.0,897.29,166.0,305.03,5.66,242.0,841.6,
2011,5,21,13,22.77,41.44,992.0,888.77,165.0,309.52,6.05,243.0,841.21,
2011,5,21,14,22.6,40.4,900.0,861.36,162.0,314.0,6.43,244.0,840.82,
2011,5,21,15,21.31,46.54,640.0,454.69,304.0,311.62,5.58,243.0,840.88,
2011,5,21,16,20.01,52.69,588.0,813.56,112.0,309.23,4.74,243.0,840.93,
2011,5,21,17,18.72,58.83,197.0,54.24,175.0,306.85,3.89,243.0,840.99,
2011,5,21,18,17.11,63.78,165.0,465.24,66.0,302.65,2.96,231.0,840.96,
2011,5,21,19,15.49,68.74,0.0,0.0,0.0,298.45,2.02,219.0,840.93,
2011,5,21,20,13.87,73.69,0.0,0.0,0.0,294.25,1.09,207.0,840.9,
2011,5,21,21,13.26,73.13,0.0,0.0,0.0,287.42,1.46,198.0,840.52,
2011,5,21,22,12.66,72.56,0.0,0.0,0.0,280.58,1.83,189.0,840.13,
2011,5,21,23,12.05,72.0,0.0,0.0,0.0,273.75,2.19,181.0,839.74,
2011,5,22,0,11.78,70.5,0.0,0.0,0.0,269.28,2.54,184.0,839.57,
2011,5,22,1,11.52,69.01,0.0,0.0,0.0,264.82,2.88,187.0,839.41,
2011,5,22,2,11.26,67.51,0.0,0.0,0.0,260.35,3.23,191.0,839.24,
2011,5,22,3,11.6,68.4,0.0,0.0,0.0,257.32,2.81,192.0,839.6,
2011,5,22,4,11.94,69.3,0.0,0.0,0.0,254.28,2.39,193.0,839.96,
2011,5,22,5,12.29,70.19,0.0,0.0,0.0,251.25,1.97,194.0,840.32,
2011,5,22,6,14.63,62.6,121.0,163.18,87.0,254.3,2.64,201.0,840.4,
2011,5,22,7,16.98,55.01,305.0,344.01,167.0,257.35,3.31,208.0,840.49,
2011,5,22,8,19.33,47.42,508.0,502.55,216.0,260.4,3.97,215.0,840.57,
2011,5,22,9,20.3,43.76,707.0,656.48,224.0,262.07,4.08,221.0,840.18,
2011,5,22,10,21.27,40.1,864.0,753.45,220.0,263.73,4.18,227.0,839.79,
2011,5,22,11,22.24,36.44,976.0,839.87,195.0,265.4,4.29,233.0,839.41,
2011,5,22,12,22.32,35.49,1008.0,848.22,197.0,267.52,4.34,235.0,839.24,
2011,5,22,13,22.41,34.54,972.0,824.37,204.0,269.63,4.4,237.0,839.07,
2011,5,22,14,22.49,33.59,882.0,799.49,196.0,271.75,4.46,239.0,838.91,
2011,5,22,15,21.41,36.85,620.0,403.82,321.0,274.03,4.08,238.0,839.02,
2011,5,22,16,20.34,40.11,478.0,391.97,248.0,276.32,3.71,236.0,839.13,
2011,5,22,17,19.26,43.37,191.0,44.17,173.0,278.6,3.34,235.0,839.24,
2011,5,22,18,17.37,48.66,59.0,4.65,58.0,274.93,3.14,235.0,839.6,
2011,5,22,19,15.48,53.94,0.0,0.0,0.0,271.27,2.94,234.0,839.96,
2011,5,22,20,13.58,59.23,0.0,0.0,0.0,267.6,2.74,234.0,840.32,
2011,5,22,21,12.96,57.08,0.0,0.0,0.0,264.2,2.25,227.0,840.38,
2011,5,22,22,12.34,54.93,0.0,0.0,0.0,260.8,1.75,221.0,840.43,
2011,5,22,23,11.72,52.78,0.0,0.0,0.0,257.4,1.26,214.0,840.49,
2011,5,23,0,11.34,55.98,0.0,0.0,0.0,255.82,1.33,205.0,840.49,
2011,5,23,1,10.97,59.17,0.0,0.0,0.0,254.23,1.41,197.0,840.49,
2011,5,23,2,10.59,62.37,0.0,0.0,0.0,252.65,1.49,188.0,840.49,
2011,5,23,3,10.83,67.69,0.0,0.0,0.0,251.4,1.6,186.0,840.79,
2011,5,23,4,11.06,73.02,0.0,0.0,0.0,250.15,1.7,184.0,841.1,
2011,5,23,5,11.3,78.34,0.0,0.0,0.0,248.9,1.81,182.0,841.4,
2011,5,23,6,13.7,69.27,153.0,366.58,76.0,253.02,2.11,193.0,841.38,
2011,5,23,7,16.1,60.19,352.0,558.86,127.0,257.13,2.41,203.0,841.35,
2011,5,23,8,18.5,51.12,547.0,642.31,173.0,261.25,2.72,214.0,841.32,
2011,5,23,9,19.48,45.66,745.0,781.73,169.0,262.9,3.36,219.0,840.82,
2011,5,23,10,20.45,40.19,889.0,829.71,179.0,264.55,4.0,223.0,840.32,
2011,5,23,11,21.43,34.73,998.0,905.62,155.0,266.2,4.65,228.0,839.82,
2011,5,23,12,21.53,35.28,1020.0,880.78,177.0,267.65,4.97,233.0,839.85,
2011,5,23,13,21.62,35.82,935.0,719.42,264.0,269.1,5.3,237.0,839.88,
2011,5,23,14,21.72,36.37,864.0,740.16,228.0,270.55,5.63,242.0,839.91,
2011,5,23,15,20.66,41.26,66.0,0.0,66.0,271.88,5.19,252.0,840.57,
2011,5,23,16,19.6,46.16,427.0,253.21,278.0,273.22,4.74,262.0,841.24,
2011,5,23,17,18.54,51.05,121.0,2.44,120.0,274.55,4.3,272.0,841.9,
2011,5,23,18,16.8,58.99,116.0,119.73,90.0,271.82,3.6,287.0,842.65,
2011,5,23,19,15.05,66.92,0.0,0.0,0.0,269.08,2.89,303.0,843.4,
2011,5,23,20,13.3,74.86,0.0,0.0,0.0,266.35,2.18,319.0,844.15,
2011,5,23,21,12.48,80.32,0.0,0.0,0.0,263.15,1.81,335.0,844.43,
2011,5,23,22,11.65,85.78,0.0,0.0,0.0,259.95,1.43,350.0,844.71,
2011,5,23,23,10.83,91.24,0.0,0.0,0.0,256.75,1.06,6.0,844.98,
2011,5,24,0,10.4,93.74,0.0,0.0,0.0,254.25,0.95,13.0,845.15,
2011,5,24,1,9.98,96.24,0.0,0.0,0.0,251.75,0.83,20.0,845.32,
2011,5,24,2,9.55,98.74,0.0,0.0,0.0,249.25,0.72,26.0,845.48,
2011,5,24,3,9.88,98.5,0.0,0.0,0.0,249.63,1.09,26.0,845.76,
2011,5,24,4,10.21,98.26,0.0,0.0,0.0,250.02,1.47,25.0,846.04,
2011,5,24,5,10.54,98.02,0.0,0.0,0.0,250.4,1.85,25.0,846.32,
2011,5,24,6,12.28,89.07,163.0,444.14,69.0,257.4,1.76,24.0,846.34,
2011,5,24,7,14.02,80.13,364.0,613.91,116.0,264.4,1.67,23.0,846.37,
2011,5,24,8,15.76,71.18,557.0,680.44,160.0,271.4,1.59,22.0,846.4,
2011,5,24,9,17.01,65.51,766.0,857.9,133.0,273.15,2.32,359.0,845.93,
2011,5,24,10,18.26,59.83,900.0,861.49,162.0,274.9,3.06,337.0,845.46,
2011,5,24,11,19.51,54.16,972.0,824.25,204.0,276.65,3.79,314.0,844.98,
2011,5,24,12,20.05,51.76,1010.0,848.6,197.0,277.32,4.16,310.0,844.54,
2011,5,24,13,20.6,49.37,974.0,824.64,204.0,277.98,4.52,305.0,844.1,
2011,5,24,14,21.14,46.97,875.0,769.34,213.0,278.65,4.88,301.0,843.65,
2011,5,24,15,20.48,48.93,776.0,874.53,126.0,282.65,4.19,317.0,843.85,
2011,5,24,16,19.82,50.89,567.0,696.52,156.0,286.65,3.5,333.0,844.04,
2011,5,24,17,19.16,52.85,370.0,617.46,116.0,290.65,2.81,348.0,844.24,
2011,5,24,18,17.14,60.89,160.0,373.92,78.0,286.5,2.34,2.0,844.68,
2011,5,24,19,15.12,68.94,0.0,0.0,0.0,282.35,1.86,16.0,845.12,
2011,5,24,20,13.09,76.98,0.0,0.0,0.0,278.2,1.38,29.0,845.57,
2011,5,24,21,12.14,80.6,0.0,0.0,0.0,275.47,1.84,34.0,845.73,
2011,5,24,22,11.2,84.23,0.0,0.0,0.0,272.73,2.31,38.0,845.9,
2011,5,24,23,10.25,87.85,0.0,0.0,0.0,270.0,2.77,43.0,846.07,
2011,5,25,0,9.85,89.59,0.0,0.0,0.0,270.13,3.04,45.0,846.18,
2011,5,25,1,9.45,91.32,0.0,0.0,0.0,270.27,3.31,48.0,846.29,
2011,5,25,2,9.05,93.06,0.0,0.0,0.0,270.4,3.59,50.0,846.4,
2011,5,25,3,9.53,93.31,0.0,0.0,0.0,273.53,3.9,54.0,846.57,
2011,5,25,4,10.01,93.56,0.0,0.0,0.0,276.67,4.21,57.0,846.73,
2011,5,25,5,10.5,93.81,0.0,0.0,0.0,279.8,4.52,60.0,846.9,
2011,5,25,6,12.55,84.35,166.0,469.15,66.0,283.77,4.74,63.0,846.65,
2011,5,25,7,14.61,74.88,365.0,614.43,116.0,287.73,4.95,66.0,846.4,
2011,5,25,8,16.67,65.42,568.0,721.93,146.0,291.7,5.16,68.0,846.15,
2011,5,25,9,17.99,59.98,751.0,797.23,162.0,292.48,4.66,81.0,845.48,
2011,5,25,10,19.31,54.53,891.0,830.29,179.0,293.27,4.17,93.0,844.82,
2011,5,25,11,20.63,49.09,978.0,840.64,194.0,294.05,3.67,106.0,844.15,
2011,5,25,12,21.1,47.04,1021.0,881.17,176.0,302.57,2.87,115.0,843.65,
2011,5,25,13,21.56,45.0,986.0,856.91,185.0,311.08,2.07,125.0,843.15,
2011,5,25,14,22.03,42.95,914.0,893.63,144.0,319.6,1.27,135.0,842.65,
2011,5,25,15,21.48,46.09,753.0,782.93,170.0,318.18,1.37,102.0,842.63,
2011,5,25,16,20.94,49.23,527.0,537.45,209.0,316.77,1.47,69.0,842.6,
2011,5,25,17,20.39,52.37,372.0,619.53,116.0,315.35,1.57,36.0,842.57,
2011,5,25,18,18.41,57.33,162.0,374.9,79.0,307.33,2.12,41.0,843.01,
2011,5,25,19,16.43,62.3,0.0,0.0,0.0,299.32,2.67,46.0,843.46,
2011,5,25,20,14.44,67.26,0.0,0.0,0.0,291.3,3.21,50.0,843.9,
2011,5,25,21,13.36,71.01,0.0,0.0,0.0,286.43,3.99,55.0,844.1,
2011,5,25,22,12.28,74.75,0.0,0.0,0.0,281.57,4.77,60.0,844.29,
2011,5,25,23,11.2,78.5,0.0,0.0,0.0,276.7,5.54,64.0,844.48,
2011,5,26,0,10.78,81.3,0.0,0.0,0.0,274.47,5.2,67.0,844.57,
2011,5,26,1,10.37,84.09,0.0,0.0,0.0,272.23,4.85,69.0,844.65,
2011,5,26,2,9.96,86.89,0.0,0.0,0.0,270.0,4.5,72.0,844.73,
2011,5,26,3,10.53,85.91,0.0,0.0,0.0,272.25,4.03,73.0,844.96,
2011,5,26,4,11.1,84.94,0.0,0.0,0.0,274.5,3.57,74.0,845.18,
2011,5,26,5,11.67,83.96,0.0,0.0,0.0,276.75,3.1,75.0,845.4,
2011,5,26,6,13.89,77.51,159.0,386.81,76.0,279.88,3.18,83.0,845.21,
2011,5,26,7,16.12,71.05,366.0,615.06,116.0,283.02,3.25,91.0,845.01,
2011,5,26,8,18.34,64.6,572.0,734.32,142.0,286.15,3.32,98.0,844.82,
2011,5,26,9,19.63,59.33,768.0,858.45,133.0,290.98,2.29,143.0,844.37,
2011,5,26,10,20.92,54.06,911.0,893.57,144.0,295.82,1.26,188.0,843.93,
2011,5,26,11,22.21,48.79,995.0,889.19,165.0,300.65,0.22,233.0,843.49,
2011,5,26,12,22.61,45.75,1027.0,898.08,165.0,306.45,0.56,240.0,842.9,
2011,5,26,13,23.02,42.7,927.0,690.37,281.0,312.25,0.89,247.0,842.32,
2011,5,26,14,23.42,39.66,892.0,814.8,189.0,318.05,1.23,254.0,841.74,
2011,5,26,15,22.56,43.38,771.0,844.52,141.0,317.43,1.44,286.0,841.9,
2011,5,26,16,21.69,47.09,554.0,633.78,178.0,316.82,1.65,318.0,842.07,
2011,5,26,17,20.83,50.81,333.0,416.83,160.0,316.2,1.86,350.0,842.24,
2011,5,26,18,18.98,57.75,109.0,80.55,91.0,309.52,2.02,12.0,842.63,
2011,5,26,19,17.13,64.69,0.0,0.0,0.0,302.83,2.17,35.0,843.01,
2011,5,26,20,15.27,71.63,0.0,0.0,0.0,296.15,2.33,58.0,843.4,
2011,5,26,21,14.2,76.05,0.0,0.0,0.0,292.62,2.13,65.0,843.43,
2011,5,26,22,13.12,80.48,0.0,0.0,0.0,289.08,1.93,71.0,843.46,
2011,5,26,23,12.05,84.9,0.0,0.0,0.0,285.55,1.72,77.0,843.49,
2011,5,27,0,11.49,87.26,0.0,0.0,0.0,281.92,1.81,79.0,843.46,
2011,5,27,1,10.94,89.62,0.0,0.0,0.0,278.28,1.89,82.0,843.43,
2011,5,27,2,10.38,91.98,0.0,0.0,0.0,274.65,1.97,84.0,843.4,
2011,5,27,3,10.83,91.45,0.0,0.0,0.0,273.45,2.08,84.0,843.79,
2011,5,27,4,11.27,90.93,0.0,0.0,0.0,272.25,2.18,84.0,844.18,
2011,5,27,5,11.72,90.4,0.0,0.0,0.0,271.05,2.29,83.0,844.57,
2011,5,27,6,14.46,83.3,161.0,393.68,76.0,276.35,1.87,93.0,844.57,
2011,5,27,7,17.21,76.2,367.0,615.82,116.0,281.65,1.45,102.0,844.57,
2011,5,27,8,19.95,69.1,573.0,734.83,142.0,286.95,1.03,112.0,844.57,
2011,5,27,9,21.31,63.15,761.0,827.78,148.0,290.03,1.82,155.0,844.12,
2011,5,27,10,22.66,57.21,912.0,893.94,144.0,293.12,2.61,198.0,843.68,
2011,5,27,11,24.02,51.26,963.0,793.2,222.0,296.2,3.39,241.0,843.24,
2011,5,27,12,24.31,51.73,1023.0,881.7,176.0,298.43,3.47,248.0,843.07,
2011,5,27,13,24.61,52.2,982.0,840.21,195.0,300.67,3.55,256.0,842.9,
2011,5,27,14,24.9,52.67,788.0,528.99,331.0,302.9,3.63,263.0,842.74,
2011,5,27,15,23.96,58.39,373.0,41.48,342.0,303.13,3.06,283.0,843.07,
2011,5,27,16,23.01,64.11,240.0,13.45,232.0,303.37,2.5,303.0,843.4,
2011,5,27,17,22.07,69.83,378.0,633.35,114.0,303.6,1.93,323.0,843.74,
2011,5,27,18,20.1,76.67,64.0,4.43,63.0,301.97,2.3,348.0,844.35,
2011,5,27,19,18.12,83.5,0.0,0.0,0.0,300.33,2.67,14.0,844.96,
2011,5,27,20,16.14,90.34,0.0,0.0,0.0,298.7,3.03,39.0,845.57,
2011,5,27,21,15.02,92.16,0.0,0.0,0.0,293.08,3.07,46.0,845.84,
2011,5,27,22,13.91,93.99,0.0,0.0,0.0,287.47,3.1,52.0,846.12,
2011,5,27,23,12.79,95.81,0.0,0.0,0.0,281.85,3.13,59.0,846.4,
2011,5,28,0,12.29,96.44,0.0,0.0,0.0,281.32,3.11,64.0,846.48,
2011,5,28,1,11.8,97.06,0.0,0.0,0.0,280.78,3.09,68.0,846.57,
2011,5,28,2,11.31,97.69,0.0,0.0,0.0,280.25,3.08,73.0,846.65,
2011,5,28,3,12.0,97.09,0.0,0.0,0.0,283.7,3.24,77.0,846.82,
2011,5,28,4,12.68,96.48,0.0,0.0,0.0,287.15,3.4,81.0,846.98,
2011,5,28,5,13.37,95.88,0.0,0.0,0.0,290.6,3.56,86.0,847.15,
2011,5,28,6,15.11,90.27,162.0,396.02,76.0,296.45,2.92,89.0,847.15,
2011,5,28,7,16.86,84.66,369.0,616.69,117.0,302.3,2.28,92.0,847.15,
2011,5,28,8,18.6,79.05,565.0,696.28,156.0,308.15,1.64,96.0,847.15,
2011,5,28,9,20.36,71.0,770.0,857.95,134.0,306.77,1.69,136.0,846.32,
2011,5,28,10,22.11,62.95,912.0,893.2,144.0,305.38,1.73,175.0,845.48,
2011,5,28,11,23.87,54.9,996.0,888.85,165.0,304.0,1.78,215.0,844.65,
2011,5,28,12,24.44,51.11,1001.0,817.53,215.0,303.95,2.01,233.0,844.1,
2011,5,28,13,25.02,47.32,988.0,856.46,185.0,303.9,2.24,250.0,843.54,
2011,5,28,14,25.59,43.53,656.0,264.74,427.0,303.85,2.47,268.0,842.99,
2011,5,28,15,24.69,48.76,461.0,117.55,373.0,305.83,2.11,276.0,843.07,
2011,5,28,16,23.8,53.98,583.0,737.84,143.0,307.82,1.76,284.0,843.15,
2011,5,28,17,22.9,59.21,229.0,93.17,190.0,309.8,1.41,292.0,843.24,
2011,5,28,18,21.46,64.43,79.0,13.19,76.0,310.77,1.45,311.0,843.49,
2011,5,28,19,20.02,69.66,0.0,0.0,0.0,311.73,1.49,330.0,843.74,
2011,5,28,20,18.58,74.88,0.0,0.0,0.0,312.7,1.53,349.0,843.99,
2011,5,28,21,17.39,77.79,0.0,0.0,0.0,311.75,1.51,21.0,843.79,
2011,5,28,22,16.21,80.7,0.0,0.0,0.0,310.8,1.49,54.0,843.6,
2011,5,28,23,15.02,83.61,0.0,0.0,0.0,309.85,1.48,86.0,843.4,
2011,5,29,0,14.28,85.37,0.0,0.0,0.0,306.13,1.5,92.0,843.29,
2011,5,29,1,13.55,87.13,0.0,0.0,0.0,302.42,1.53,98.0,843.18,
2011,5,29,2,12.82,88.89,0.0,0.0,0.0,298.7,1.56,104.0,843.07,
2011,5,29,3,13.26,88.72,0.0,0.0,0.0,294.82,1.52,106.0,843.51,
2011,5,29,4,13.7,88.54,0.0,0.0,0.0,290.93,1.48,109.0,843.96,
2011,5,29,5,14.14,88.37,0.0,0.0,0.0,287.05,1.43,111.0,844.4,
2011,5,29,6,16.72,79.68,148.0,288.57,85.0,293.3,1.95,130.0,844.68,
2011,5,29,7,19.3,70.99,354.0,532.23,136.0,299.55,2.46,149.0,844.96,
2011,5,29,8,21.88,62.3,424.0,246.51,279.0,305.8,2.98,169.0,845.23,
2011,5,29,9,23.29,56.72,634.0,433.95,312.0,311.62,3.27,188.0,844.87,
2011,5,29,10,24.71,51.15,215.0,0.0,215.0,317.43,3.57,206.0,844.51,
2011,5,29,11,26.12,45.57,986.0,856.14,185.0,323.25,3.86,225.0,844.15,
2011,5,29,12,26.69,42.1,1029.0,897.96,165.0,320.75,4.42,232.0,843.74,
2011,5,29,13,27.26,38.63,989.0,856.72,185.0,318.25,4.97,238.0,843.32,
2011,5,29,14,27.83,35.16,919.0,894.88,144.0,315.75,5.53,245.0,842.9,
2011,5,29,15,26.78,42.66,387.0,50.68,349.0,315.88,4.67,248.0,843.01,
2011,5,29,16,25.74,50.17,524.0,506.83,221.0,316.02,3.81,252.0,843.12,
2011,5,29,17,24.69,57.67,366.0,547.21,136.0,316.15,2.95,256.0,843.24,
2011,5,29,18,22.81,59.97,40.0,0.0,40.0,311.08,3.14,312.0,843.71,
2011,5,29,19,20.93,62.28,0.0,0.0,0.0,306.02,3.32,9.0,844.18,
2011,5,29,20,19.04,64.58,0.0,0.0,0.0,300.95,3.5,65.0,844.65,
2011,5,29,21,17.72,67.59,0.0,0.0,0.0,300.98,3.11,74.0,844.76,
2011,5,29,22,16.4,70.6,0.0,0.0,0.0,301.02,2.72,82.0,844.87,
2011,5,29,23,15.08,73.61,0.0,0.0,0.0,301.05,2.33,91.0,844.98,
2011,5,30,0,14.65,74.58,0.0,0.0,0.0,300.08,2.47,92.0,844.93,
2011,5,30,1,14.23,75.56,0.0,0.0,0.0,299.12,2.61,93.0,844.87,
2011,5,30,2,13.81,76.53,0.0,0.0,0.0,298.15,2.74,94.0,844.82,
2011,5,30,3,14.04,77.42,0.0,0.0,0.0,298.5,2.5,95.0,845.82,
2011,5,30,4,14.27,78.3,0.0,0.0,0.0,298.85,2.25,96.0,846.82,
2011,5,30,5,14.51,79.19,0.0,0.0,0.0,299.2,2.0,96.0,847.82,
2011,5,30,6,16.88,75.67,142.0,241.57,89.0,304.75,1.89,100.0,848.01,
2011,5,30,7,19.26,72.15,147.0,9.74,143.0,310.3,1.78,105.0,848.2,
2011,5,30,8,21.64,68.63,481.0,393.91,249.0,315.85,1.67,109.0,848.4,
2011,5,30,9,23.22,61.36,643.0,455.12,305.0,321.97,1.73,138.0,847.73,
2011,5,30,10,24.81,54.08,875.0,768.78,213.0,328.08,1.8,168.0,847.07,
2011,5,30,11,26.39,46.81,986.0,856.63,184.0,334.2,1.86,198.0,846.4,
2011,5,30,12,27.28,42.87,1014.0,848.48,197.0,334.6,2.4,208.0,845.96,
2011,5,30,13,28.17,38.92,990.0,857.01,185.0,335.0,2.93,218.0,845.51,
2011,5,30,14,29.06,34.98,896.0,815.39,189.0,335.4,3.46,228.0,845.07,
2011,5,30,15,27.98,42.29,760.0,785.52,170.0,334.1,2.8,227.0,845.26,
2011,5,30,16,26.9,49.61,554.0,610.72,188.0,332.8,2.15,226.0,845.46,
2011,5,30,17,25.82,56.92,359.0,504.73,146.0,331.5,1.49,225.0,845.65,
2011,5,30,18,23.48,60.37,146.0,220.47,95.0,325.3,1.79,184.0,845.84,
2011,5,30,19,21.13,63.81,0.0,0.0,0.0,319.1,2.09,143.0,846.04,
2011,5,30,20,18.78,67.26,0.0,0.0,0.0,312.9,2.39,102.0,846.23,
2011,5,30,21,17.67,70.12,0.0,0.0,0.0,308.5,2.47,104.0,846.04,
2011,5,30,22,16.57,72.98,0.0,0.0,0.0,304.1,2.56,105.0,845.84,
2011,5,30,23,15.46,75.84,0.0,0.0,0.0,299.7,2.65,107.0,845.65,
2011,5,31,0,15.1,76.9,0.0,0.0,0.0,296.98,2.63,108.0,845.6,
2011,5,31,1,14.75,77.97,0.0,0.0,0.0,294.27,2.61,110.0,845.54,
2011,5,31,2,14.4,79.03,0.0,0.0,0.0,291.55,2.59,111.0,845.48,
2011,5,31,3,15.23,78.22,0.0,0.0,0.0,290.95,2.61,116.0,845.79,
2011,5,31,4,16.05,77.41,0.0,0.0,0.0,290.35,2.63,122.0,846.09,
2011,5,31,5,16.88,76.6,0.0,0.0,0.0,289.75,2.65,127.0,846.4,
2011,5,31,6,20.05,68.3,135.0,199.65,91.0,294.88,2.39,138.0,846.51,
2011,5,31,7,23.23,60.0,329.0,406.03,162.0,300.02,2.12,148.0,846.62,
2011,5,31,8,26.41,51.7,529.0,549.49,205.0,305.15,1.86,159.0,846.73,
2011,5,31,9,27.76,44.25,735.0,725.19,196.0,308.93,2.21,183.0,846.29,
2011,5,31,10,29.11,36.79,895.0,829.79,180.0,312.72,2.56,207.0,845.84,
2011,5,31,11,30.46,29.34,997.0,889.19,164.0,316.5,2.91,232.0,845.4,
2011,5,31,12,30.51,28.01,1025.0,881.09,176.0,317.3,3.03,242.0,845.01,
2011,5,31,13,30.56,26.67,985.0,841.38,194.0,318.1,3.16,252.0,844.62,
2011,5,31,14,30.61,25.34,146.0,0.0,146.0,318.9,3.28,263.0,844.24,
2011,5,31,15,29.29,32.49,753.0,756.35,184.0,321.78,3.02,269.0,844.04,
2011,5,31,16,27.98,39.63,581.0,714.14,152.0,324.67,2.76,275.0,843.85,
2011,5,31,17,26.66,46.78,369.0,547.61,137.0,327.55,2.5,281.0,843.65,
2011,5,31,18,25.78,43.08,134.0,154.38,98.0,319.9,2.17,292.0,843.87,
2011,5,31,19,20.5,55.55,2.0,0.0,2.0,298.58,1.17,303.0,844.1,
2011,5,31,20,20.05,55.89,0.0,0.0,0.0,297.77,1.38,314.0,844.32,
2011,5,31,21,19.59,56.24,0.0,0.0,0.0,296.96,1.6,2.0,844.26,
2011,5,31,22,19.14,56.58,0.0,0.0,0.0,296.15,1.81,50.0,844.21,
2011,5,31,23,18.68,56.92,0.0,0.0,0.0,295.33,2.02,97.0,844.15,
2009,6,1,0,18.23,57.27,0.0,0.0,0.0,294.52,2.24,96.0,844.1,
2009,6,1,1,17.77,57.61,0.0,0.0,0.0,293.71,2.45,95.0,844.04,
2009,6,1,2,17.32,57.96,0.0,0.0,0.0,292.9,2.67,95.0,843.99,
2009,6,1,3,16.86,58.3,0.0,0.0,0.0,292.08,2.88,62.0,848.43,
2009,6,1,4,16.41,58.64,0.0,0.0,0.0,291.27,3.09,65.0,848.62,
2009,6,1,5,15.95,58.99,0.0,0.0,0.0,290.46,3.31,67.0,848.81,
2009,6,1,6,15.5,59.33,164.0,382.67,79.0,289.65,3.52,69.0,848.54,
2009,6,1,7,15.04,59.67,374.0,637.27,111.0,288.84,3.73,71.0,848.26,
2009,6,1,8,14.59,60.02,579.0,763.39,128.0,288.02,3.95,73.0,847.98,
2009,6,1,9,14.13,60.36,754.0,804.84,155.0,287.21,4.16,78.0,847.07,
2009,6,1,10,13.68,60.71,901.0,865.95,154.0,286.4,4.37,83.0,846.15,
2009,6,1,11,21.57,30.21,982.0,858.33,177.0,301.85,4.74,88.0,845.23,
2009,6,1,12,21.47,30.45,1026.0,899.65,158.0,304.82,4.43,93.0,844.79,
2009,6,1,13,21.37,30.68,1002.0,909.03,146.0,307.78,4.12,97.0,844.35,
2009,6,1,14,21.27,30.92,914.0,883.94,145.0,310.75,3.81,102.0,843.9,
2009,6,1,15,20.73,31.74,769.0,822.93,148.0,312.62,4.04,97.0,844.04,
2009,6,1,16,20.19,32.55,538.0,548.48,207.0,314.48,4.27,92.0,844.18,
2009,6,1,17,19.65,33.37,388.0,644.23,113.0,316.35,4.5,87.0,844.32,
2009,6,1,18,17.96,37.87,161.0,287.18,93.0,308.82,4.12,85.0,844.76,
2009,6,1,19,16.28,42.37,10.0,0.0,10.0,301.28,3.75,83.0,845.21,
2009,6,1,20,14.6,46.87,0.0,0.0,0.0,293.75,3.38,81.0,845.65,
2009,6,1,21,13.57,51.59,0.0,0.0,0.0,289.85,3.19,77.0,845.9,
2009,6,1,22,12.54,56.31,0.0,0.0,0.0,285.95,2.99,73.0,846.15,
2009,6,1,23,11.52,61.03,0.0,0.0,0.0,282.05,2.8,69.0,846.4,
2009,6,2,0,11.25,65.03,0.0,0.0,0.0,279.42,2.79,69.0,846.37,
2009,6,2,1,10.99,69.04,0.0,0.0,0.0,276.78,2.77,69.0,846.34,
2009,6,2,2,10.72,73.04,0.0,0.0,0.0,274.15,2.76,69.0,846.32,
2009,6,2,3,11.25,74.39,0.0,0.0,0.0,277.0,2.68,73.0,846.48,
2009,6,2,4,11.78,75.74,0.0,0.0,0.0,279.85,2.59,78.0,846.65,
2009,6,2,5,12.31,77.09,0.0,0.0,0.0,282.7,2.51,82.0,846.82,
2009,6,2,6,14.56,67.55,164.0,381.4,79.0,289.33,2.44,84.0,846.54,
2009,6,2,7,16.82,58.0,374.0,636.37,111.0,295.97,2.37,86.0,846.26,
2009,6,2,8,19.08,48.46,580.0,762.78,129.0,302.6,2.3,88.0,845.98,
2009,6,2,9,20.59,41.8,754.0,805.73,154.0,304.37,1.86,86.0,845.29,
2009,6,2,10,22.11,35.13,911.0,897.98,136.0,306.13,1.42,84.0,844.6,
2009,6,2,11,23.62,28.47,993.0,890.95,157.0,307.9,0.98,82.0,843.9,
2009,6,2,12,24.21,24.84,1015.0,867.01,178.0,308.72,1.15,45.0,843.29,
2009,6,2,13,24.79,21.21,1014.0,942.29,126.0,309.53,1.32,8.0,842.68,
2009,6,2,14,25.38,17.58,934.0,950.77,106.0,310.35,1.49,331.0,842.07,
2009,6,2,15,24.85,18.19,782.0,870.67,124.0,305.53,2.1,327.0,842.18,
2009,6,2,16,24.31,18.81,607.0,825.04,108.0,300.72,2.7,324.0,842.29,
2009,6,2,17,23.78,19.42,398.0,693.27,101.0,295.9,3.31,320.0,842.4,
2009,6,2,18,21.62,22.67,168.0,327.02,90.0,293.42,2.95,331.0,842.74,
2009,6,2,19,19.46,25.91,13.0,0.0,13.0,290.93,2.58,343.0,843.07,
2009,6,2,20,17.3,29.16,0.0,0.0,0.0,288.45,2.22,354.0,843.4,
2009,6,2,21,16.92,32.35,0.0,0.0,0.0,287.58,2.11,19.0,843.54,
2009,6,2,22,16.54,35.54,0.0,0.0,0.0,286.72,2.01,45.0,843.68,
2009,6,2,23,16.17,38.73,0.0,0.0,0.0,285.85,1.9,71.0,843.82,
2009,6,3,0,15.08,41.63,0.0,0.0,0.0,284.35,1.95,83.0,843.68,
2009,6,3,1,13.99,44.54,0.0,0.0,0.0,282.85,2.0,96.0,843.54,
2009,6,3,2,12.9,47.44,0.0,0.0,0.0,281.35,2.04,108.0,843.4,
2009,6,3,3,13.58,47.09,0.0,0.0,0.0,281.03,1.85,117.0,843.62,
2009,6,3,4,14.26,46.75,0.0,0.0,0.0,280.72,1.66,125.0,843.85,
2009,6,3,5,14.94,46.4,0.0,0.0,0.0,280.4,1.46,134.0,844.07,
2009,6,3,6,18.34,39.11,172.0,447.39,72.0,286.97,1.44,178.0,843.9,
2009,6,3,7,21.75,31.82,367.0,592.08,122.0,293.53,1.43,222.0,843.74,
2009,6,3,8,25.16,24.53,571.0,721.69,144.0,300.1,1.41,266.0,843.57,
2009,6,3,9,26.29,21.64,746.0,775.81,168.0,304.57,2.39,277.0,843.01,
2009,6,3,10,27.41,18.74,901.0,866.33,153.0,309.03,3.37,288.0,842.46,
2009,6,3,11,28.54,15.85,972.0,826.63,196.0,313.5,4.36,299.0,841.9,
2009,6,3,12,28.75,15.18,1038.0,933.82,136.0,315.82,4.65,297.0,841.35,
2009,6,3,13,28.95,14.5,993.0,875.86,167.0,318.13,4.94,294.0,840.79,
2009,6,3,14,29.16,13.83,906.0,852.31,163.0,320.45,5.23,292.0,840.24,
2009,6,3,15,28.23,14.64,771.0,824.5,147.0,316.6,5.05,289.0,840.18,
2009,6,3,16,27.29,15.45,592.0,753.98,135.0,312.75,4.87,287.0,840.13,
2009,6,3,17,26.36,16.26,385.0,611.76,122.0,308.9,4.69,284.0,840.07,
2009,6,3,18,24.12,19.69,165.0,295.58,94.0,306.42,4.17,280.0,840.38,
2009,6,3,19,21.88,23.13,10.0,0.0,10.0,303.93,3.64,276.0,840.68,
2009,6,3,20,19.65,26.56,0.0,0.0,0.0,301.45,3.12,272.0,840.99,
2009,6,3,21,19.25,28.42,0.0,0.0,0.0,300.65,2.73,268.0,840.99,
2009,6,3,22,18.85,30.27,0.0,0.0,0.0,299.85,2.34,263.0,840.99,
2009,6,3,23,18.46,32.13,0.0,0.0,0.0,299.05,1.94,259.0,840.99,
2009,6,4,0,19.26,33.19,0.0,0.0,0.0,298.73,1.64,244.0,840.85,
2009,6,4,1,20.07,34.26,0.0,0.0,0.0,298.42,1.33,230.0,840.71,
2009,6,4,2,20.87,35.32,0.0,0.0,0.0,298.1,1.02,215.0,840.57,
2009,6,4,3,19.98,37.41,0.0,0.0,0.0,294.65,1.16,211.0,840.71,
2009,6,4,4,19.08,39.51,0.0,0.0,0.0,291.2,1.31,206.0,840.85,
2009,6,4,5,18.19,41.6,0.0,0.0,0.0,287.75,1.45,202.0,840.99,
2009,6,4,6,21.31,33.37,145.0,240.97,91.0,292.97,1.7,218.0,840.79,
2009,6,4,7,24.43,25.13,237.0,113.46,190.0,298.18,1.94,235.0,840.6,
2009,6,4,8,27.55,16.9,571.0,721.27,144.0,303.4,2.19,252.0,840.4,
2009,6,4,9,28.47,14.92,746.0,775.5,168.0,305.55,3.28,255.0,839.82,
2009,6,4,10,29.4,12.94,892.0,833.6,172.0,307.7,4.37,259.0,839.24,
2009,6,4,11,30.32,10.96,972.0,826.29,196.0,309.85,5.46,262.0,838.66,
2009,6,4,12,30.16,11.0,1027.0,899.19,158.0,313.22,5.89,260.0,838.18,
2009,6,4,13,29.99,11.05,988.0,859.35,177.0,316.58,6.32,258.0,837.71,
2009,6,4,14,29.82,11.09,907.0,851.48,164.0,319.95,6.74,257.0,837.24,
2009,6,4,15,28.73,12.14,624.0,387.93,330.0,316.3,6.45,258.0,837.16,
2009,6,4,16,27.63,13.19,578.0,686.55,161.0,312.65,6.15,259.0,837.07,
2009,6,4,17,26.54,14.24,386.0,612.0,122.0,309.0,5.85,261.0,836.99,
2009,6,4,18,24.06,17.11,147.0,190.21,101.0,305.8,4.96,258.0,837.32,
2009,6,4,19,21.59,19.97,13.0,0.0,13.0,302.6,4.07,256.0,837.66,
2009,6,4,20,19.12,22.84,0.0,0.0,0.0,299.4,3.19,253.0,837.99,
2009,6,4,21,18.31,24.78,0.0,0.0,0.0,297.05,2.87,242.0,837.96,
2009,6,4,22,17.5,26.71,0.0,0.0,0.0,294.7,2.56,231.0,837.93,
2009,6,4,23,16.69,28.65,0.0,0.0,0.0,292.35,2.25,220.0,837.91,
2009,6,5,0,16.37,30.19,0.0,0.0,0.0,289.55,2.23,215.0,837.82,
2009,6,5,1,16.04,31.74,0.0,0.0,0.0,286.75,2.21,210.0,837.74,
2009,6,5,2,15.72,33.28,0.0,0.0,0.0,283.95,2.19,205.0,837.66,
2009,6,5,3,16.06,33.83,0.0,0.0,0.0,282.28,2.2,194.0,837.82,
2009,6,5,4,16.4,34.37,0.0,0.0,0.0,280.62,2.2,182.0,837.99,
2009,6,5,5,16.74,34.92,0.0,0.0,0.0,278.95,2.21,171.0,838.16,
2009,6,5,6,19.49,28.92,132.0,169.2,94.0,283.88,2.76,180.0,837.88,
2009,6,5,7,22.24,22.93,312.0,330.44,175.0,288.82,3.31,190.0,837.6,
2009,6,5,8,24.99,16.93,521.0,523.39,211.0,293.75,3.86,199.0,837.32,
2009,6,5,9,25.82,14.71,709.0,649.16,225.0,297.3,4.79,205.0,836.66,
2009,6,5,10,26.64,12.49,882.0,803.24,188.0,300.85,5.72,210.0,835.99,
2009,6,5,11,27.47,10.27,983.0,857.92,177.0,304.4,6.65,215.0,835.33,
2009,6,5,12,27.21,9.8,999.0,818.08,208.0,302.85,6.92,220.0,834.96,
2009,6,5,13,26.94,9.34,1005.0,908.55,147.0,301.3,7.2,225.0,834.6,
2009,6,5,14,26.68,8.87,907.0,851.83,163.0,299.75,7.48,229.0,834.24,
2009,6,5,15,25.64,9.54,765.0,794.57,162.0,296.35,6.76,233.0,834.33,
2009,6,5,16,24.6,10.22,595.0,755.82,135.0,292.95,6.05,237.0,834.41,
2009,6,5,17,23.56,10.89,396.0,660.82,110.0,289.55,5.34,240.0,834.49,
2009,6,5,18,21.24,13.93,199.0,538.13,68.0,286.18,4.04,240.0,835.16,
2009,6,5,19,18.93,16.97,2.0,0.0,2.0,282.82,2.74,240.0,835.83,
2009,6,5,20,16.62,20.01,0.0,0.0,0.0,279.45,1.43,240.0,836.49,
2009,6,5,21,16.64,24.33,0.0,0.0,0.0,278.32,1.37,198.0,837.13,
2009,6,5,22,16.66,28.64,0.0,0.0,0.0,277.18,1.3,157.0,837.77,
2009,6,5,23,16.68,32.96,0.0,0.0,0.0,276.05,1.23,115.0,838.41,
2009,6,6,0,15.62,38.67,0.0,0.0,0.0,275.58,1.52,104.0,838.96,
2009,6,6,1,14.57,44.38,0.0,0.0,0.0,275.12,1.82,93.0,839.52,
2009,6,6,2,13.51,50.09,0.0,0.0,0.0,274.65,2.11,82.0,840.07,
2009,6,6,3,13.78,50.1,0.0,0.0,0.0,272.8,2.17,79.0,840.82,
2009,6,6,4,14.05,50.11,0.0,0.0,0.0,270.95,2.24,75.0,841.57,
2009,6,6,5,14.32,50.12,0.0,0.0,0.0,269.1,2.3,71.0,842.32,
2009,6,6,6,16.5,44.64,160.0,342.22,83.0,275.4,2.47,72.0,842.35,
2009,6,6,7,18.68,39.17,359.0,547.13,132.0,281.7,2.64,74.0,842.38,
2009,6,6,8,20.86,33.69,565.0,693.66,154.0,288.0,2.81,75.0,842.4,
2009,6,6,9,21.78,30.85,738.0,745.54,182.0,294.95,2.85,96.0,841.9,
2009,6,6,10,22.69,28.02,882.0,803.03,188.0,301.9,2.88,117.0,841.4,
2009,6,6,11,23.61,25.18,945.0,749.1,241.0,308.85,2.91,137.0,840.9,
2009,6,6,12,23.36,27.01,960.0,712.27,271.0,313.0,2.65,132.0,840.88,
2009,6,6,13,23.1,28.84,261.0,0.0,261.0,317.15,2.4,127.0,840.85,
2009,6,6,14,22.84,30.67,116.0,0.0,116.0,321.3,2.14,123.0,840.82,
2009,6,6,15,21.11,43.95,103.0,0.0,103.0,325.37,2.04,98.0,841.88,
2009,6,6,16,19.38,57.23,63.0,0.0,63.0,329.43,1.94,73.0,842.93,
2009,6,6,17,17.65,70.51,35.0,0.0,35.0,333.5,1.85,48.0,843.99,
2009,6,6,18,16.37,75.8,69.0,4.08,68.0,327.23,2.08,52.0,844.68,
2009,6,6,19,15.1,81.09,13.0,0.0,13.0,320.97,2.32,55.0,845.37,
2009,6,6,20,13.83,86.38,0.0,0.0,0.0,314.7,2.55,59.0,846.07,
2009,6,6,21,13.23,87.89,0.0,0.0,0.0,309.3,2.58,61.0,846.12,
2009,6,6,22,12.64,89.4,0.0,0.0,0.0,303.9,2.62,63.0,846.18,
2009,6,6,23,12.05,90.91,0.0,0.0,0.0,298.5,2.65,66.0,846.23,
2009,6,7,0,12.12,91.33,0.0,0.0,0.0,298.93,2.58,68.0,846.21,
2009,6,7,1,12.2,91.76,0.0,0.0,0.0,299.37,2.52,70.0,846.18,
2009,6,7,2,12.27,92.18,0.0,0.0,0.0,299.8,2.46,73.0,846.15,
2009,6,7,3,12.57,91.81,0.0,0.0,0.0,302.65,2.58,76.0,846.59,
2009,6,7,4,12.86,91.45,0.0,0.0,0.0,305.5,2.7,78.0,847.04,
2009,6,7,5,13.16,91.08,0.0,0.0,0.0,308.35,2.83,81.0,847.48,
2009,6,7,6,14.18,84.13,85.0,22.19,80.0,313.12,2.85,83.0,847.68,
2009,6,7,7,15.21,77.19,248.0,134.9,192.0,317.88,2.86,84.0,847.87,
2009,6,7,8,16.24,70.24,451.0,310.46,267.0,322.65,2.88,86.0,848.07,
2009,6,7,9,17.44,63.49,684.0,572.45,257.0,319.13,2.52,107.0,847.48,
2009,6,7,10,18.63,56.75,872.0,771.63,205.0,315.62,2.17,128.0,846.9,
2009,6,7,11,19.83,50.0,983.0,858.45,176.0,312.1,1.81,149.0,846.32,
2009,6,7,12,20.42,47.41,1017.0,865.94,179.0,315.42,1.68,170.0,846.01,
2009,6,7,13,21.0,44.83,1000.0,892.62,156.0,318.73,1.55,191.0,845.71,
2009,6,7,14,21.58,42.24,909.0,852.6,163.0,322.05,1.42,212.0,845.4,
2009,6,7,15,21.33,44.0,771.0,809.62,155.0,317.78,1.74,265.0,845.57,
2009,6,7,16,21.07,45.75,591.0,728.36,146.0,313.52,2.06,318.0,845.73,
2009,6,7,17,20.82,47.51,393.0,626.84,120.0,309.25,2.37,12.0,845.9,
2009,6,7,18,19.03,53.58,96.0,24.34,90.0,306.2,2.63,24.0,846.46,
2009,6,7,19,17.24,59.66,16.0,0.0,16.0,303.15,2.88,37.0,847.01,
2009,6,7,20,15.45,65.73,0.0,0.0,0.0,300.1,3.13,49.0,847.57,
2009,6,7,21,14.43,70.61,0.0,0.0,0.0,297.03,3.0,57.0,847.73,
2009,6,7,22,13.42,75.5,0.0,0.0,0.0,293.97,2.87,65.0,847.9,
2009,6,7,23,12.41,80.38,0.0,0.0,0.0,290.9,2.74,73.0,848.07,
2009,6,8,0,12.14,83.38,0.0,0.0,0.0,288.48,2.74,76.0,848.09,
2009,6,8,1,11.86,86.37,0.0,0.0,0.0,286.07,2.73,80.0,848.12,
2009,6,8,2,11.59,89.37,0.0,0.0,0.0,283.65,2.72,83.0,848.15,
2009,6,8,3,12.15,89.75,0.0,0.0,0.0,285.15,2.69,84.0,848.29,
2009,6,8,4,12.71,90.13,0.0,0.0,0.0,286.65,2.66,86.0,848.43,
2009,6,8,5,13.27,90.51,0.0,0.0,0.0,288.15,2.63,87.0,848.56,
2009,6,8,6,16.07,77.5,140.0,203.91,94.0,294.65,2.65,91.0,848.18,
2009,6,8,7,18.87,64.49,368.0,592.4,122.0,301.15,2.66,95.0,847.79,
2009,6,8,8,21.67,51.48,556.0,654.56,168.0,307.65,2.68,99.0,847.4,
2009,6,8,9,23.14,43.2,638.0,446.38,305.0,315.4,2.32,131.0,846.54,
2009,6,8,10,24.61,34.92,146.0,0.0,146.0,323.15,1.96,162.0,845.68,
2009,6,8,11,26.08,26.64,945.0,748.7,241.0,330.9,1.6,194.0,844.82,
2009,6,8,12,26.11,23.91,995.0,802.6,218.0,332.63,1.67,200.0,844.43,
2009,6,8,13,26.13,21.19,585.0,110.99,480.0,334.37,1.75,207.0,844.04,
2009,6,8,14,26.16,18.46,599.0,178.14,443.0,336.1,1.82,214.0,843.65,
2009,6,8,15,25.36,19.47,593.0,315.05,353.0,332.17,1.55,219.0,843.82,
2009,6,8,16,24.56,20.47,586.0,700.88,157.0,328.23,1.29,225.0,843.99,
2009,6,8,17,23.77,21.48,386.0,581.49,132.0,324.3,1.02,230.0,844.15,
2009,6,8,18,22.74,25.96,173.0,306.58,97.0,322.28,1.45,185.0,844.51,
2009,6,8,19,21.71,30.45,15.0,0.0,15.0,320.27,1.89,141.0,844.87,
2009,6,8,20,20.68,34.93,0.0,0.0,0.0,318.25,2.32,96.0,845.23,
2009,6,8,21,18.51,38.98,0.0,0.0,0.0,310.97,2.39,97.0,845.21,
2009,6,8,22,16.34,43.03,0.0,0.0,0.0,303.68,2.46,97.0,845.18,
2009,6,8,23,14.18,47.08,0.0,0.0,0.0,296.4,2.52,98.0,845.15,
2009,6,9,0,13.71,51.14,0.0,0.0,0.0,292.65,2.57,98.0,845.32,
2009,6,9,1,13.25,55.2,0.0,0.0,0.0,288.9,2.61,98.0,845.48,
2009,6,9,2,12.78,59.26,0.0,0.0,0.0,285.15,2.65,98.0,845.65,
2009,6,9,3,13.27,57.8,0.0,0.0,0.0,282.23,2.46,95.0,846.07,
2009,6,9,4,13.76,56.34,0.0,0.0,0.0,279.32,2.28,93.0,846.48,
2009,6,9,5,14.25,54.88,0.0,0.0,0.0,276.4,2.1,90.0,846.9,
2009,6,9,6,17.39,46.86,161.0,341.06,84.0,283.8,2.0,94.0,846.62,
2009,6,9,7,20.53,38.84,368.0,592.28,122.0,291.2,1.9,98.0,846.34,
2009,6,9,8,23.68,30.82,581.0,762.48,129.0,298.6,1.81,102.0,846.07,
2009,6,9,9,24.74,26.62,767.0,851.15,132.0,305.23,1.59,144.0,845.46,
2009,6,9,10,25.8,22.42,902.0,865.1,154.0,311.87,1.37,186.0,844.85,
2009,6,9,11,26.86,18.22,1005.0,923.98,136.0,318.5,1.14,229.0,844.24,
2009,6,9,12,26.99,17.83,1028.0,899.38,157.0,321.23,1.34,250.0,843.87,
2009,6,9,13,27.11,17.43,1007.0,908.53,147.0,323.97,1.54,271.0,843.51,
2009,6,9,14,27.23,17.04,930.0,917.39,126.0,326.7,1.74,293.0,843.15,
2009,6,9,15,26.44,18.11,773.0,810.31,155.0,323.62,2.26,304.0,843.18,
2009,6,9,16,25.64,19.17,603.0,771.41,130.0,320.53,2.79,316.0,843.21,
2009,6,9,17,24.85,20.24,292.0,210.02,200.0,317.45,3.31,327.0,843.24,
2009,6,9,18,23.03,25.18,55.0,0.0,55.0,316.4,3.37,345.0,843.93,
2009,6,9,19,21.21,30.13,18.0,0.0,18.0,315.35,3.44,3.0,844.62,
2009,6,9,20,19.39,35.07,0.0,0.0,0.0,314.3,3.5,21.0,845.32,
2009,6,9,21,18.12,42.11,0.0,0.0,0.0,307.22,3.19,35.0,845.43,
2009,6,9,22,16.85,49.14,0.0,0.0,0.0,300.13,2.87,48.0,845.54,
2009,6,9,23,15.58,56.18,0.0,0.0,0.0,293.05,2.55,61.0,845.65,
2009,6,10,0,14.95,62.36,0.0,0.0,0.0,293.38,2.54,66.0,845.68,
2009,6,10,1,14.32,68.55,0.0,0.0,0.0,293.72,2.53,72.0,845.71,
2009,6,10,2,13.69,74.73,0.0,0.0,0.0,294.05,2.52,77.0,845.73,
2009,6,10,3,14.3,77.2,0.0,0.0,0.0,296.48,2.45,77.0,845.93,
2009,6,10,4,14.9,79.66,0.0,0.0,0.0,298.92,2.38,78.0,846.12,
2009,6,10,5,15.51,82.13,0.0,0.0,0.0,301.35,2.3,79.0,846.32,
2009,6,10,6,17.83,73.03,168.0,394.03,79.0,306.87,2.39,84.0,845.87,
2009,6,10,7,20.16,63.94,376.0,638.0,111.0,312.38,2.48,89.0,845.43,
2009,6,10,8,22.49,54.84,590.0,804.68,113.0,317.9,2.57,94.0,844.98,
2009,6,10,9,24.09,45.9,775.0,881.99,117.0,319.6,1.87,125.0,844.21,
2009,6,10,10,25.69,36.97,916.0,913.62,126.0,321.3,1.18,156.0,843.43,
2009,6,10,11,27.29,28.03,1005.0,923.82,136.0,323.0,0.48,187.0,842.65,
2009,6,10,12,27.66,25.53,1018.0,866.07,179.0,325.83,1.02,222.0,842.15,
2009,6,10,13,28.02,23.02,930.0,691.61,275.0,328.67,1.55,257.0,841.65,
2009,6,10,14,28.38,20.52,785.0,507.37,340.0,331.5,2.08,292.0,841.15,
2009,6,10,15,27.7,22.07,404.0,57.63,360.0,327.18,2.46,299.0,841.35,
2009,6,10,16,27.02,23.63,476.0,330.51,273.0,322.87,2.85,307.0,841.54,
2009,6,10,17,26.35,25.18,390.0,594.18,129.0,318.55,3.23,314.0,841.74,
2009,6,10,18,24.31,31.35,138.0,127.69,106.0,314.75,3.32,340.0,842.54,
2009,6,10,19,22.27,37.53,18.0,0.0,18.0,310.95,3.41,7.0,843.35,
2009,6,10,20,20.23,43.7,0.0,0.0,0.0,307.15,3.5,34.0,844.15,
2009,6,10,21,18.99,50.2,0.0,0.0,0.0,304.12,3.21,46.0,844.29,
2009,6,10,22,17.76,56.7,0.0,0.0,0.0,301.08,2.91,57.0,844.43,
2009,6,10,23,16.53,63.2,0.0,0.0,0.0,298.05,2.62,69.0,844.57,
2009,6,11,0,15.99,68.53,0.0,0.0,0.0,295.85,2.58,72.0,844.65,
2009,6,11,1,15.45,73.85,0.0,0.0,0.0,293.65,2.54,76.0,844.73,
2009,6,11,2,14.91,79.18,0.0,0.0,0.0,291.45,2.5,79.0,844.82,
2009,6,11,3,15.45,82.15,0.0,0.0,0.0,295.53,2.41,77.0,845.26,
2009,6,11,4,15.98,85.13,0.0,0.0,0.0,299.62,2.32,75.0,845.71,
2009,6,11,5,16.52,88.1,0.0,0.0,0.0,303.7,2.23,74.0,846.15,
2009,6,11,6,19.08,76.82,154.0,292.18,88.0,311.37,2.31,77.0,845.62,
2009,6,11,7,21.64,65.55,337.0,435.82,156.0,319.03,2.39,81.0,845.1,
2009,6,11,8,24.2,54.27,546.0,617.51,180.0,326.7,2.47,85.0,844.57,
2009,6,11,9,25.19,46.62,717.0,675.62,213.0,326.97,1.83,99.0,843.99,
2009,6,11,10,26.18,38.98,872.0,771.36,205.0,327.23,1.19,113.0,843.4,
2009,6,11,11,27.17,31.33,940.0,733.43,250.0,327.5,0.55,127.0,842.82,
2009,6,11,12,27.54,28.38,893.0,550.04,360.0,330.32,0.5,79.0,842.43,
2009,6,11,13,27.9,25.42,953.0,750.39,242.0,333.13,0.45,31.0,842.04,
2009,6,11,14,28.27,22.47,856.0,687.02,253.0,335.95,0.4,343.0,841.65,
2009,6,11,15,27.76,22.58,694.0,552.09,272.0,331.63,0.87,354.0,841.65,
2009,6,11,16,27.25,22.68,553.0,564.03,206.0,327.32,1.35,6.0,841.65,
2009,6,11,17,26.75,22.79,367.0,476.82,157.0,323.0,1.82,17.0,841.65,
2009,6,11,18,24.47,27.38,82.0,7.94,80.0,316.58,2.36,28.0,842.13,
2009,6,11,19,22.2,31.98,11.0,0.0,11.0,310.17,2.91,40.0,842.6,
2009,6,11,20,19.93,36.57,0.0,0.0,0.0,303.75,3.45,51.0,843.07,
2009,6,11,21,18.76,42.08,0.0,0.0,0.0,301.9,3.26,56.0,843.21,
2009,6,11,22,17.59,47.6,0.0,0.0,0.0,300.05,3.07,61.0,843.35,
2009,6,11,23,16.43,53.11,0.0,0.0,0.0,298.2,2.88,67.0,843.49,
2009,6,12,0,16.02,58.81,0.0,0.0,0.0,296.27,2.88,71.0,843.6,
2009,6,12,1,15.62,64.51,0.0,0.0,0.0,294.33,2.87,76.0,843.71,
2009,6,12,2,15.21,70.21,0.0,0.0,0.0,292.4,2.87,80.0,843.82,
2009,6,12,3,15.71,68.62,0.0,0.0,0.0,292.17,2.8,82.0,843.99,
2009,6,12,4,16.21,67.03,0.0,0.0,0.0,291.93,2.74,83.0,844.15,
2009,6,12,5,16.72,65.44,0.0,0.0,0.0,291.7,2.68,85.0,844.32,
2009,6,12,6,19.48,56.4,182.0,518.07,65.0,298.83,2.9,92.0,843.85,
2009,6,12,7,22.24,47.37,353.0,515.43,139.0,305.97,3.12,99.0,843.37,
2009,6,12,8,25.01,38.33,565.0,693.6,154.0,313.1,3.34,106.0,842.9,
2009,6,12,9,26.65,32.16,646.0,467.91,297.0,320.87,3.46,117.0,842.04,
2009,6,12,10,28.29,26.0,728.0,407.09,376.0,328.63,3.59,129.0,841.18,
2009,6,12,11,29.93,19.83,468.0,36.14,434.0,336.4,3.71,140.0,840.32,
2009,6,12,12,30.13,19.18,916.0,601.48,333.0,339.17,3.54,158.0,839.99,
2009,6,12,13,30.33,18.53,970.0,795.42,216.0,341.93,3.36,175.0,839.66,
2009,6,12,14,30.53,17.88,867.0,716.15,238.0,344.7,3.19,193.0,839.32,
2009,6,12,15,29.93,18.14,767.0,780.24,170.0,339.17,2.48,154.0,839.49,
2009,6,12,16,29.32,18.39,574.0,637.81,181.0,333.63,1.77,115.0,839.66,
2009,6,12,17,28.72,18.65,368.0,475.63,158.0,328.1,1.06,76.0,839.82,
2009,6,12,18,26.2,25.04,90.0,15.8,86.0,320.77,1.75,75.0,840.29,
2009,6,12,19,23.69,31.43,12.0,0.0,12.0,313.43,2.44,73.0,840.77,
2009,6,12,20,21.18,37.82,0.0,0.0,0.0,306.1,3.13,71.0,841.24,
2009,6,12,21,19.87,45.84,0.0,0.0,0.0,302.63,3.13,78.0,841.54,
2009,6,12,22,18.56,53.85,0.0,0.0,0.0,299.17,3.12,85.0,841.85,
2009,6,12,23,17.26,61.87,0.0,0.0,0.0,295.7,3.12,92.0,842.15,
2009,6,13,0,16.84,67.59,0.0,0.0,0.0,294.45,3.13,95.0,842.21,
2009,6,13,1,16.43,73.3,0.0,0.0,0.0,293.2,3.14,99.0,842.26,
2009,6,13,2,16.01,79.02,0.0,0.0,0.0,291.95,3.14,103.0,842.32,
2009,6,13,3,16.56,79.29,0.0,0.0,0.0,290.75,3.07,103.0,842.63,
2009,6,13,4,17.1,79.56,0.0,0.0,0.0,289.55,2.99,103.0,842.93,
2009,6,13,5,17.65,79.83,0.0,0.0,0.0,288.35,2.91,103.0,843.24,
2009,6,13,6,20.91,66.69,154.0,292.41,88.0,294.63,2.99,116.0,842.76,
2009,6,13,7,24.18,53.54,359.0,546.98,132.0,300.92,3.08,128.0,842.29,
2009,6,13,8,27.45,40.4,555.0,654.99,167.0,307.2,3.16,140.0,841.82,
2009,6,13,9,28.58,32.16,745.0,773.74,168.0,312.65,4.11,164.0,841.29,
2009,6,13,10,29.72,23.91,901.0,865.13,153.0,318.1,5.07,188.0,840.77,
2009,6,13,11,30.85,15.67,994.0,890.61,156.0,323.55,6.03,212.0,840.24,
2009,6,13,12,30.65,14.41,1018.0,866.44,178.0,322.68,6.29,218.0,839.79,
2009,6,13,13,30.44,13.16,1003.0,892.1,157.0,321.82,6.56,225.0,839.35,
2009,6,13,14,30.23,11.9,913.0,852.22,164.0,320.95,6.83,232.0,838.91,
2009,6,13,15,28.98,12.66,730.0,654.12,229.0,316.98,6.52,235.0,838.88,
2009,6,13,16,27.73,13.41,538.0,507.22,225.0,313.02,6.22,239.0,838.85,
2009,6,13,17,26.49,14.17,338.0,347.96,184.0,309.05,5.92,243.0,838.82,
2009,6,13,18,24.46,18.04,136.0,110.12,108.0,305.6,5.15,245.0,839.43,
2009,6,13,19,22.43,21.91,19.0,0.0,19.0,302.15,4.39,247.0,840.04,
2009,6,13,20,20.41,25.78,0.0,0.0,0.0,298.7,3.63,250.0,840.65,
2009,6,13,21,19.7,29.47,0.0,0.0,0.0,297.05,3.21,243.0,840.9,
2009,6,13,22,18.99,33.16,0.0,0.0,0.0,295.4,2.8,237.0,841.15,
2009,6,13,23,18.28,36.85,0.0,0.0,0.0,293.75,2.39,231.0,841.4,
2009,6,14,0,17.97,39.28,0.0,0.0,0.0,292.28,2.25,222.0,841.49,
2009,6,14,1,17.65,41.7,0.0,0.0,0.0,290.82,2.12,212.0,841.57,
2009,6,14,2,17.34,44.13,0.0,0.0,0.0,289.35,1.99,203.0,841.65,
2009,6,14,3,17.54,42.9,0.0,0.0,0.0,287.55,1.69,204.0,842.26,
2009,6,14,4,17.74,41.66,0.0,0.0,0.0,285.75,1.4,204.0,842.88,
2009,6,14,5,17.95,40.43,0.0,0.0,0.0,283.95,1.1,205.0,843.49,
2009,6,14,6,20.35,35.74,126.0,137.47,95.0,289.58,1.26,231.0,843.46,
2009,6,14,7,22.75,31.06,311.0,330.31,174.0,295.22,1.41,257.0,843.43,
2009,6,14,8,25.16,26.37,520.0,521.85,211.0,300.85,1.56,283.0,843.4,
2009,6,14,9,26.19,23.59,699.0,622.38,235.0,304.5,1.8,286.0,842.96,
2009,6,14,10,27.23,20.81,871.0,771.54,204.0,308.15,2.04,288.0,842.51,
2009,6,14,11,28.26,18.03,967.0,809.82,205.0,311.8,2.28,291.0,842.07,
2009,6,14,12,28.57,16.81,1012.0,849.78,188.0,313.25,2.55,290.0,841.6,
2009,6,14,13,28.87,15.6,959.0,765.27,233.0,314.7,2.83,289.0,841.13,
2009,6,14,14,29.18,14.38,888.0,775.5,206.0,316.15,3.1,288.0,840.65,
2009,6,14,15,28.34,16.15,752.0,722.64,198.0,314.18,3.17,302.0,840.85,
2009,6,14,16,27.49,17.92,592.0,703.91,157.0,312.22,3.24,316.0,841.04,
2009,6,14,17,26.65,19.69,395.0,597.4,130.0,310.25,3.31,330.0,841.24,
2009,6,14,18,24.74,25.86,175.0,285.87,102.0,306.02,3.37,348.0,842.01,
2009,6,14,19,22.84,32.02,21.0,0.0,21.0,301.78,3.44,6.0,842.79,
2009,6,14,20,20.94,38.19,0.0,0.0,0.0,297.55,3.5,24.0,843.57,
2009,6,14,21,19.92,43.45,0.0,0.0,0.0,295.28,3.36,32.0,843.79,
2009,6,14,22,18.91,48.7,0.0,0.0,0.0,293.02,3.21,41.0,844.01,
2009,6,14,23,17.9,53.96,0.0,0.0,0.0,290.75,3.06,50.0,844.24,
2009,6,15,0,17.28,57.06,0.0,0.0,0.0,289.25,2.97,54.0,844.35,
2009,6,15,1,16.66,60.15,0.0,0.0,0.0,287.75,2.87,58.0,844.46,
2009,6,15,2,16.04,63.25,0.0,0.0,0.0,286.25,2.77,63.0,844.57,
2009,6,15,3,16.46,60.46,0.0,0.0,0.0,285.53,2.74,66.0,845.1,
2009,6,15,4,16.87,57.66,0.0,0.0,0.0,284.82,2.71,68.0,845.62,
2009,6,15,5,17.29,54.87,0.0,0.0,0.0,284.1,2.68,71.0,846.15,
2009,6,15,6,19.44,46.09,154.0,293.03,88.0,289.35,2.88,75.0,845.73,
2009,6,15,7,21.59,37.32,350.0,504.29,141.0,294.6,3.09,80.0,845.32,
2009,6,15,8,23.75,28.54,564.0,692.77,154.0,299.85,3.3,84.0,844.9,
2009,6,15,9,25.23,25.5,745.0,774.2,168.0,306.57,3.09,93.0,844.15,
2009,6,15,10,26.7,22.46,891.0,832.99,171.0,313.28,2.89,101.0,843.4,
2009,6,15,11,28.18,19.42,983.0,857.65,176.0,320.0,2.69,110.0,842.65,
2009,6,15,12,28.47,17.57,1029.0,899.14,157.0,323.92,2.52,110.0,842.04,
2009,6,15,13,28.75,15.71,1003.0,892.51,156.0,327.83,2.35,110.0,841.43,
2009,6,15,14,29.04,13.86,889.0,775.05,207.0,331.75,2.18,110.0,840.82,
2009,6,15,15,28.47,14.16,671.0,483.5,300.0,330.1,2.74,104.0,840.54,
2009,6,15,16,27.9,14.47,53.0,0.0,53.0,328.45,3.3,97.0,840.27,
2009,6,15,17,27.33,14.77,380.0,519.63,149.0,326.8,3.86,91.0,839.99,
2009,6,15,18,25.49,19.02,176.0,288.62,102.0,323.87,3.95,88.0,840.74,
2009,6,15,19,23.65,23.26,20.0,0.0,20.0,320.93,4.05,85.0,841.49,
2009,6,15,20,21.82,27.51,0.0,0.0,0.0,318.0,4.14,82.0,842.24,
2009,6,15,21,20.53,34.12,0.0,0.0,0.0,313.27,3.99,81.0,842.79,
2009,6,15,22,19.24,40.73,0.0,0.0,0.0,308.53,3.83,80.0,843.35,
2009,6,15,23,17.95,47.34,0.0,0.0,0.0,303.8,3.68,78.0,843.9,
2009,6,16,0,17.43,52.03,0.0,0.0,0.0,299.77,3.69,79.0,844.1,
2009,6,16,1,16.92,56.71,0.0,0.0,0.0,295.73,3.7,79.0,844.29,
2009,6,16,2,16.4,61.4,0.0,0.0,0.0,291.7,3.71,79.0,844.48,
2009,6,16,3,16.54,60.49,0.0,0.0,0.0,290.38,3.56,80.0,844.71,
2009,6,16,4,16.67,59.57,0.0,0.0,0.0,289.07,3.42,81.0,844.93,
2009,6,16,5,16.81,58.66,0.0,0.0,0.0,287.75,3.27,82.0,845.15,
2009,6,16,6,18.8,51.02,98.0,48.91,87.0,296.05,3.46,86.0,844.79,
2009,6,16,7,20.8,43.39,198.0,50.72,177.0,304.35,3.66,89.0,844.43,
2009,6,16,8,22.8,35.75,246.0,16.91,236.0,312.65,3.85,92.0,844.07,
2009,6,16,9,24.46,31.59,315.0,14.77,304.0,320.6,3.93,103.0,843.21,
2009,6,16,10,26.13,27.42,380.0,17.36,365.0,328.55,4.01,113.0,842.35,
2009,6,16,11,27.79,23.26,521.0,65.89,459.0,336.5,4.1,123.0,841.49,
2009,6,16,12,28.02,22.06,973.0,741.28,254.0,337.83,4.03,128.0,840.93,
2009,6,16,13,28.24,20.87,838.0,474.03,388.0,339.17,3.97,132.0,840.38,
2009,6,16,14,28.47,19.67,642.0,232.84,437.0,340.5,3.9,136.0,839.82,
2009,6,16,15,27.85,19.8,436.0,82.04,373.0,343.87,3.76,131.0,839.63,
2009,6,16,16,27.22,19.92,507.0,403.48,257.0,347.23,3.62,126.0,839.43,
2009,6,16,17,26.6,20.05,45.0,0.0,45.0,350.6,3.48,121.0,839.24,
2009,6,16,18,25.06,26.81,27.0,0.0,27.0,354.87,3.77,108.0,839.91,
2009,6,16,19,23.52,33.57,16.0,0.0,16.0,359.13,4.07,95.0,840.57,
2009,6,16,20,21.99,40.33,0.0,0.0,0.0,363.4,4.37,82.0,841.24,
2009,6,16,21,20.87,45.36,0.0,0.0,0.0,355.72,4.29,82.0,841.54,
2009,6,16,22,19.75,50.39,0.0,0.0,0.0,348.03,4.22,82.0,841.85,
2009,6,16,23,18.64,55.42,0.0,0.0,0.0,340.35,4.14,82.0,842.15,
2009,6,17,0,18.38,58.03,0.0,0.0,0.0,332.68,4.17,83.0,842.18,
2009,6,17,1,18.12,60.65,0.0,0.0,0.0,325.02,4.19,84.0,842.21,
2009,6,17,2,17.86,63.26,0.0,0.0,0.0,317.35,4.22,85.0,842.24,
2009,6,17,3,17.52,60.07,0.0,0.0,0.0,310.7,3.87,85.0,842.29,
2009,6,17,4,17.17,56.88,0.0,0.0,0.0,304.05,3.52,85.0,842.35,
2009,6,17,5,16.83,53.69,0.0,0.0,0.0,297.4,3.17,85.0,842.4,
2009,6,17,6,18.74,47.95,139.0,204.93,93.0,303.5,3.44,90.0,842.1,
2009,6,17,7,20.66,42.22,117.0,0.0,117.0,309.6,3.71,96.0,841.79,
2009,6,17,8,22.58,36.48,51.0,0.0,51.0,315.7,3.97,102.0,841.49,
2009,6,17,9,23.2,35.21,129.0,0.0,129.0,324.82,4.17,111.0,840.96,
2009,6,17,10,23.83,33.94,143.0,0.0,143.0,333.93,4.38,120.0,840.43,
2009,6,17,11,24.45,32.67,108.0,0.0,108.0,343.05,4.58,129.0,839.91,
2009,6,17,12,23.64,37.5,105.0,0.0,105.0,342.98,4.17,121.0,839.99,
2009,6,17,13,22.83,42.32,107.0,0.0,107.0,342.92,3.77,114.0,840.07,
2009,6,17,14,22.02,47.15,698.0,322.41,414.0,342.85,3.37,106.0,840.16,
2009,6,17,15,21.28,54.44,629.0,379.92,337.0,339.65,3.17,91.0,840.49,
2009,6,17,16,20.54,61.74,418.0,191.83,299.0,336.45,2.98,76.0,840.82,
2009,6,17,17,19.8,69.03,279.0,161.33,207.0,333.25,2.79,60.0,841.15,
2009,6,17,18,18.44,71.19,89.0,11.61,86.0,325.43,2.86,59.0,841.29,
2009,6,17,19,17.09,73.34,12.0,0.0,12.0,317.62,2.94,58.0,841.43,
2009,6,17,20,15.74,75.5,0.0,0.0,0.0,309.8,3.02,57.0,841.57,
2009,6,17,21,15.14,79.18,0.0,0.0,0.0,307.08,2.87,57.0,841.68,
2009,6,17,22,14.54,82.87,0.0,0.0,0.0,304.37,2.73,58.0,841.79,
2009,6,17,23,13.95,86.55,0.0,0.0,0.0,301.65,2.58,58.0,841.9,
2009,6,18,0,14.02,88.7,0.0,0.0,0.0,303.55,2.58,57.0,842.15,
2009,6,18,1,14.1,90.85,0.0,0.0,0.0,305.45,2.59,55.0,842.4,
2009,6,18,2,14.17,93.0,0.0,0.0,0.0,307.35,2.59,53.0,842.65,
2009,6,18,3,14.48,92.61,0.0,0.0,0.0,307.62,2.71,55.0,843.29,
2009,6,18,4,14.79,92.22,0.0,0.0,0.0,307.88,2.83,56.0,843.93,
2009,6,18,5,15.11,91.83,0.0,0.0,0.0,308.15,2.95,57.0,844.57,
2009,6,18,6,17.01,80.78,124.0,133.94,94.0,312.65,3.04,58.0,844.37,
2009,6,18,7,18.91,69.74,269.0,193.64,189.0,317.15,3.13,59.0,844.18,
2009,6,18,8,20.82,58.69,436.0,277.68,272.0,321.65,3.21,60.0,843.99,
2009,6,18,9,22.0,55.02,606.0,374.86,327.0,326.1,3.04,71.0,843.68,
2009,6,18,10,23.19,51.34,781.0,527.96,325.0,330.55,2.87,82.0,843.37,
2009,6,18,11,24.37,47.67,868.0,555.96,345.0,335.0,2.7,93.0,843.07,
2009,6,18,12,24.23,52.24,798.0,361.82,447.0,337.67,2.65,91.0,843.29,
2009,6,18,13,24.08,56.8,494.0,47.38,449.0,340.33,2.59,89.0,843.51,
2009,6,18,14,23.94,61.37,688.0,305.24,419.0,343.0,2.54,86.0,843.74,
2009,6,18,15,22.88,66.87,621.0,360.14,344.0,342.27,3.0,77.0,844.1,
2009,6,18,16,21.81,72.36,376.0,120.76,301.0,341.53,3.46,68.0,844.46,
2009,6,18,17,20.75,77.86,273.0,145.38,208.0,340.8,3.92,59.0,844.82,
2009,6,18,18,19.36,81.34,97.0,19.29,92.0,334.47,3.74,58.0,845.4,
2009,6,18,19,17.98,84.83,21.0,0.0,21.0,328.13,3.57,58.0,845.98,
2009,6,18,20,16.6,88.31,0.0,0.0,0.0,321.8,3.39,57.0,846.57,
2009,6,18,21,15.81,89.31,0.0,0.0,0.0,319.72,3.27,59.0,846.79,
2009,6,18,22,15.03,90.3,0.0,0.0,0.0,317.63,3.14,61.0,847.01,
2009,6,18,23,14.25,91.3,0.0,0.0,0.0,315.55,3.02,63.0,847.23,
2009,6,19,0,14.24,91.69,0.0,0.0,0.0,316.0,3.09,65.0,847.23,
2009,6,19,1,14.24,92.08,0.0,0.0,0.0,316.45,3.17,67.0,847.23,
2009,6,19,2,14.23,92.47,0.0,0.0,0.0,316.9,3.24,70.0,847.23,
2009,6,19,3,14.54,92.41,0.0,0.0,0.0,313.08,3.29,70.0,847.57,
2009,6,19,4,14.84,92.34,0.0,0.0,0.0,309.27,3.34,71.0,847.9,
2009,6,19,5,15.15,92.28,0.0,0.0,0.0,305.45,3.39,72.0,848.23,
2009,6,19,6,16.25,85.63,117.0,107.42,93.0,309.9,3.58,72.0,848.26,
2009,6,19,7,17.35,78.97,277.0,215.71,188.0,314.35,3.77,73.0,848.29,
2009,6,19,8,18.45,72.32,514.0,510.09,213.0,318.8,3.96,74.0,848.32,
2009,6,19,9,20.1,64.16,697.0,621.08,235.0,318.62,3.86,78.0,847.57,
2009,6,19,10,21.75,56.01,859.0,740.09,220.0,318.43,3.77,82.0,846.82,
2009,6,19,11,23.4,47.85,966.0,809.07,205.0,318.25,3.67,86.0,846.07,
2009,6,19,12,24.03,44.44,995.0,801.95,217.0,323.88,3.71,94.0,845.35,
2009,6,19,13,24.65,41.02,971.0,795.76,215.0,329.52,3.76,102.0,844.62,
2009,6,19,14,25.28,37.61,890.0,775.81,206.0,335.15,3.81,110.0,843.9,
2009,6,19,15,24.6,38.01,755.0,723.68,198.0,337.02,4.04,100.0,844.12,
2009,6,19,16,23.92,38.42,573.0,614.43,191.0,338.88,4.28,91.0,844.35,
2009,6,19,17,23.24,38.82,384.0,522.5,150.0,340.75,4.51,81.0,844.57,
2009,6,19,18,21.57,43.61,116.0,50.01,103.0,334.85,4.35,78.0,845.26,
2009,6,19,19,19.91,48.41,23.0,0.0,23.0,328.95,4.19,74.0,845.96,
2009,6,19,20,18.25,53.2,0.0,0.0,0.0,323.05,4.03,71.0,846.65,
2009,6,19,21,17.23,57.56,0.0,0.0,0.0,318.58,3.87,72.0,846.96,
2009,6,19,22,16.21,61.92,0.0,0.0,0.0,314.12,3.71,73.0,847.26,
2009,6,19,23,15.2,66.28,0.0,0.0,0.0,309.65,3.56,74.0,847.57,
2009,6,20,0,14.75,69.8,0.0,0.0,0.0,307.57,3.29,73.0,847.59,
2009,6,20,1,14.29,73.31,0.0,0.0,0.0,305.48,3.03,72.0,847.62,
2009,6,20,2,13.84,76.83,0.0,0.0,0.0,303.4,2.76,71.0,847.65,
2009,6,20,3,14.2,75.96,0.0,0.0,0.0,303.38,2.95,72.0,847.57,
2009,6,20,4,14.56,75.08,0.0,0.0,0.0,303.37,3.14,73.0,847.48,
2009,6,20,5,14.93,74.21,0.0,0.0,0.0,303.35,3.34,74.0,847.4,
2009,6,20,6,16.74,68.04,178.0,507.18,65.0,308.95,3.53,78.0,847.01,
2009,6,20,7,18.55,61.86,348.0,502.46,141.0,314.55,3.72,81.0,846.62,
2009,6,20,8,20.36,55.69,591.0,831.16,101.0,320.15,3.92,84.0,846.23,
2009,6,20,9,22.0,52.21,750.0,803.06,153.0,325.03,3.67,98.0,845.48,
2009,6,20,10,23.63,48.73,893.0,846.96,162.0,329.92,3.43,112.0,844.73,
2009,6,20,11,25.27,45.25,856.0,531.68,356.0,334.8,3.19,126.0,843.99,
2009,6,20,12,25.6,42.07,1029.0,898.84,157.0,337.48,3.19,126.0,843.29,
2009,6,20,13,25.92,38.9,1004.0,892.43,156.0,340.17,3.19,125.0,842.6,
2009,6,20,14,26.25,35.72,891.0,775.5,207.0,342.85,3.19,124.0,841.9,
2009,6,20,15,25.85,35.46,570.0,258.38,371.0,341.97,3.35,116.0,841.9,
2009,6,20,16,25.45,35.2,580.0,639.54,182.0,341.08,3.51,108.0,841.9,
2009,6,20,17,25.05,34.94,369.0,450.36,167.0,340.2,3.67,101.0,841.9,
2009,6,20,18,23.21,39.83,99.0,19.18,94.0,336.65,3.51,94.0,842.46,
2009,6,20,19,21.37,44.71,4.0,0.0,4.0,333.1,3.36,88.0,843.01,
2009,6,20,20,19.54,49.6,0.0,0.0,0.0,329.55,3.2,81.0,843.57,
2009,6,20,21,18.33,55.0,0.0,0.0,0.0,322.45,3.09,82.0,843.82,
2009,6,20,22,17.13,60.4,0.0,0.0,0.0,315.35,2.99,84.0,844.07,
2009,6,20,23,15.93,65.8,0.0,0.0,0.0,308.25,2.88,85.0,844.32,
2009,6,21,0,15.54,70.14,0.0,0.0,0.0,304.47,2.86,85.0,844.32,
2009,6,21,1,15.15,74.47,0.0,0.0,0.0,300.68,2.84,84.0,844.32,
2009,6,21,2,14.76,78.81,0.0,0.0,0.0,296.9,2.81,84.0,844.32,
2009,6,21,3,15.26,79.72,0.0,0.0,0.0,295.8,2.63,85.0,844.73,
2009,6,21,4,15.76,80.64,0.0,0.0,0.0,294.7,2.46,86.0,845.15,
2009,6,21,5,16.27,81.55,0.0,0.0,0.0,293.6,2.28,86.0,845.57,
2009,6,21,6,18.75,71.96,164.0,382.7,79.0,298.53,2.32,92.0,845.18,
2009,6,21,7,21.24,62.38,371.0,634.57,110.0,303.47,2.37,97.0,844.79,
2009,6,21,8,23.73,52.79,575.0,759.0,128.0,308.4,2.41,103.0,844.4,
2009,6,21,9,24.99,46.15,769.0,878.98,116.0,316.85,2.03,126.0,843.87,
2009,6,21,10,26.24,39.52,902.0,878.61,144.0,325.3,1.64,150.0,843.35,
2009,6,21,11,27.5,32.88,992.0,889.16,156.0,333.75,1.26,173.0,842.82,
2009,6,21,12,27.74,31.22,1040.0,931.85,136.0,338.3,1.06,224.0,842.49,
2009,6,21,13,27.97,29.56,1010.0,909.13,146.0,342.85,0.87,275.0,842.15,
2009,6,21,14,28.21,27.9,921.0,869.3,154.0,347.4,0.68,326.0,841.82,
2009,6,21,15,27.41,29.55,790.0,843.47,140.0,345.58,1.28,342.0,841.99,
2009,6,21,16,26.6,31.21,614.0,775.43,131.0,343.77,1.89,359.0,842.15,
2009,6,21,17,25.8,32.86,403.0,612.25,128.0,341.95,2.5,16.0,842.32,
2009,6,21,18,23.85,38.85,125.0,68.89,107.0,336.73,2.61,25.0,842.82,
2009,6,21,19,21.9,44.85,21.0,0.0,21.0,331.52,2.73,33.0,843.32,
2009,6,21,20,19.96,50.84,0.0,0.0,0.0,326.3,2.84,41.0,843.82,
2009,6,21,21,18.8,56.16,0.0,0.0,0.0,318.97,2.7,46.0,843.9,
2009,6,21,22,17.65,61.48,0.0,0.0,0.0,311.63,2.57,50.0,843.99,
2009,6,21,23,16.5,66.8,0.0,0.0,0.0,304.3,2.43,55.0,844.07,
2009,6,22,0,16.17,70.66,0.0,0.0,0.0,301.68,2.41,56.0,844.1,
2009,6,22,1,15.84,74.53,0.0,0.0,0.0,299.07,2.39,57.0,844.12,
2009,6,22,2,15.51,78.39,0.0,0.0,0.0,296.45,2.37,58.0,844.15,
2009,6,22,3,16.01,77.42,0.0,0.0,0.0,295.53,2.31,57.0,844.37,
2009,6,22,4,16.5,76.44,0.0,0.0,0.0,294.62,2.24,57.0,844.6,
2009,6,22,5,17.0,75.47,0.0,0.0,0.0,293.7,2.18,57.0,844.82,
2009,6,22,6,19.27,65.59,163.0,379.49,79.0,304.4,2.43,58.0,844.57,
2009,6,22,7,21.54,55.72,370.0,633.26,110.0,315.1,2.69,58.0,844.32,
2009,6,22,8,23.81,45.84,575.0,759.84,128.0,325.8,2.94,58.0,844.07,
2009,6,22,9,24.99,40.81,757.0,832.47,139.0,330.45,2.91,67.0,843.57,
2009,6,22,10,26.18,35.79,902.0,879.02,144.0,335.1,2.87,75.0,843.07,
2009,6,22,11,27.36,30.76,1007.0,939.37,124.0,339.75,2.84,83.0,842.57,
2009,6,22,12,27.49,28.78,984.0,770.06,237.0,343.78,2.87,83.0,842.07,
2009,6,22,13,27.61,26.81,955.0,750.15,242.0,347.82,2.9,83.0,841.57,
2009,6,22,14,27.73,24.83,800.0,531.39,331.0,351.85,2.92,83.0,841.07,
2009,6,22,15,27.05,26.51,713.0,590.12,258.0,348.18,3.3,75.0,841.13,
2009,6,22,16,26.37,28.2,598.0,705.81,158.0,344.52,3.67,67.0,841.18,
2009,6,22,17,25.7,29.88,300.0,206.79,207.0,340.85,4.04,59.0,841.24,
2009,6,22,18,24.11,34.21,171.0,232.92,110.0,334.57,3.88,58.0,841.82,
2009,6,22,19,22.53,38.54,15.0,0.0,15.0,328.28,3.71,57.0,842.4,
2009,6,22,20,20.95,42.87,0.0,0.0,0.0,322.0,3.54,56.0,842.99,
2009,6,22,21,19.85,47.83,0.0,0.0,0.0,317.7,3.35,55.0,843.18,
2009,6,22,22,18.75,52.78,0.0,0.0,0.0,313.4,3.16,54.0,843.37,
2009,6,22,23,17.66,57.74,0.0,0.0,0.0,309.1,2.97,53.0,843.57,
2009,6,23,0,17.38,61.25,0.0,0.0,0.0,307.52,2.97,54.0,843.65,
2009,6,23,1,17.1,64.75,0.0,0.0,0.0,305.93,2.97,55.0,843.74,
2009,6,23,2,16.82,68.26,0.0,0.0,0.0,304.35,2.97,55.0,843.82,
2009,6,23,3,17.34,69.38,0.0,0.0,0.0,306.45,2.87,57.0,843.99,
2009,6,23,4,17.86,70.5,0.0,0.0,0.0,308.55,2.77,58.0,844.15,
2009,6,23,5,18.38,71.62,0.0,0.0,0.0,310.65,2.68,60.0,844.32,
2009,6,23,6,20.4,61.71,175.0,494.26,66.0,317.35,2.99,63.0,843.93,
2009,6,23,7,22.42,51.81,368.0,622.27,113.0,324.05,3.3,66.0,843.54,
2009,6,23,8,24.44,41.9,565.0,716.49,144.0,330.75,3.61,69.0,843.15,
2009,6,23,9,25.12,37.91,740.0,772.46,167.0,334.3,3.68,80.0,842.63,
2009,6,23,10,25.81,33.93,867.0,769.23,204.0,337.85,3.75,90.0,842.1,
2009,6,23,11,26.49,29.94,1007.0,938.57,125.0,341.4,3.82,100.0,841.57,
2009,6,23,12,26.22,31.19,1028.0,897.97,157.0,343.83,3.84,98.0,841.52,
2009,6,23,13,25.95,32.44,1004.0,892.1,156.0,346.27,3.87,95.0,841.46,
2009,6,23,14,25.68,33.69,810.0,556.16,319.0,348.7,3.89,93.0,841.4,
2009,6,23,15,24.86,38.18,163.0,0.0,163.0,348.07,3.82,84.0,841.74,
2009,6,23,16,24.03,42.67,104.0,0.0,104.0,347.43,3.74,74.0,842.07,
2009,6,23,17,23.21,47.16,348.0,359.8,186.0,346.8,3.67,65.0,842.4,
2009,6,23,18,21.62,52.81,158.0,175.3,112.0,339.07,3.43,62.0,842.68,
2009,6,23,19,20.03,58.47,7.0,0.0,7.0,331.33,3.19,59.0,842.96,
2009,6,23,20,18.45,64.12,0.0,0.0,0.0,323.6,2.95,57.0,843.24,
2009,6,23,21,17.72,67.07,0.0,0.0,0.0,320.05,2.94,57.0,843.29,
2009,6,23,22,17.0,70.03,0.0,0.0,0.0,316.5,2.93,57.0,843.35,
2009,6,23,23,16.28,72.98,0.0,0.0,0.0,312.95,2.92,58.0,843.4,
2009,6,24,0,16.08,75.01,0.0,0.0,0.0,310.27,2.93,59.0,843.46,
2009,6,24,1,15.89,77.03,0.0,0.0,0.0,307.58,2.94,61.0,843.51,
2009,6,24,2,15.69,79.06,0.0,0.0,0.0,304.9,2.95,63.0,843.57,
2009,6,24,3,16.16,79.92,0.0,0.0,0.0,302.2,2.81,66.0,843.74,
2009,6,24,4,16.63,80.79,0.0,0.0,0.0,299.5,2.67,70.0,843.9,
2009,6,24,5,17.1,81.65,0.0,0.0,0.0,296.8,2.52,73.0,844.07,
2009,6,24,6,19.42,70.51,168.0,437.07,72.0,302.4,2.64,78.0,843.68,
2009,6,24,7,21.75,59.38,374.0,670.0,100.0,308.0,2.75,83.0,843.29,
2009,6,24,8,24.08,48.24,579.0,787.27,117.0,313.6,2.87,88.0,842.9,
2009,6,24,9,25.15,43.43,763.0,862.15,124.0,323.27,2.79,104.0,842.29,
2009,6,24,10,26.22,38.61,910.0,911.27,125.0,332.93,2.7,121.0,841.68,
2009,6,24,11,27.29,33.8,1001.0,921.83,135.0,342.6,2.62,137.0,841.07,
2009,6,24,12,27.51,32.53,1028.0,898.07,157.0,347.6,2.21,140.0,840.65,
2009,6,24,13,27.72,31.25,1004.0,892.05,156.0,352.6,1.79,143.0,840.24,
2009,6,24,14,27.93,29.98,654.0,248.01,435.0,357.6,1.38,147.0,839.82,
2009,6,24,15,27.32,29.73,791.0,843.56,140.0,355.52,1.51,123.0,839.77,
2009,6,24,16,26.71,29.48,559.0,555.85,212.0,353.43,1.64,98.0,839.71,
2009,6,24,17,26.1,29.23,389.0,534.72,148.0,351.35,1.77,74.0,839.66,
2009,6,24,18,24.29,33.92,204.0,437.49,89.0,346.35,2.13,71.0,839.99,
2009,6,24,19,22.49,38.61,23.0,0.0,23.0,341.35,2.49,68.0,840.32,
2009,6,24,20,20.69,43.3,0.0,0.0,0.0,336.35,2.86,64.0,840.65,
2009,6,24,21,19.6,48.55,0.0,0.0,0.0,329.53,2.76,68.0,840.85,
2009,6,24,22,18.51,53.8,0.0,0.0,0.0,322.72,2.66,73.0,841.04,
2009,6,24,23,17.43,59.05,0.0,0.0,0.0,315.9,2.57,77.0,841.24,
2009,6,25,0,17.05,63.95,0.0,0.0,0.0,312.7,2.56,78.0,841.4,
2009,6,25,1,16.68,68.85,0.0,0.0,0.0,309.5,2.55,79.0,841.57,
2009,6,25,2,16.3,73.75,0.0,0.0,0.0,306.3,2.54,80.0,841.74,
2009,6,25,3,16.8,73.42,0.0,0.0,0.0,303.62,2.4,81.0,842.04,
2009,6,25,4,17.29,73.1,0.0,0.0,0.0,300.93,2.27,82.0,842.35,
2009,6,25,5,17.79,72.77,0.0,0.0,0.0,298.25,2.14,83.0,842.65,
2009,6,25,6,20.65,63.19,153.0,320.08,83.0,304.42,2.06,89.0,842.38,
2009,6,25,7,23.51,53.6,373.0,669.0,100.0,310.58,1.98,96.0,842.1,
2009,6,25,8,26.37,44.02,563.0,716.66,143.0,316.75,1.9,102.0,841.82,
2009,6,25,9,27.66,37.45,754.0,831.85,138.0,324.15,1.83,136.0,841.18,
2009,6,25,10,28.94,30.88,900.0,878.11,144.0,331.55,1.77,170.0,840.54,
2009,6,25,11,30.23,24.31,1006.0,939.18,124.0,338.95,1.7,205.0,839.91,
2009,6,25,12,30.55,22.92,1028.0,898.2,157.0,339.38,1.97,226.0,839.66,
2009,6,25,13,30.87,21.53,994.0,859.42,177.0,339.82,2.25,247.0,839.41,
2009,6,25,14,31.19,20.14,922.0,869.55,154.0,340.25,2.52,268.0,839.16,
2009,6,25,15,30.41,20.79,757.0,724.08,198.0,334.5,3.01,281.0,839.07,
2009,6,25,16,29.63,21.44,600.0,707.62,158.0,328.75,3.5,295.0,838.99,
2009,6,25,17,28.85,22.09,412.0,649.53,119.0,323.0,3.99,308.0,838.91,
2009,6,25,18,26.6,27.73,185.0,307.7,104.0,322.28,3.66,324.0,839.54,
2009,6,25,19,24.35,33.36,22.0,0.0,22.0,321.57,3.33,339.0,840.18,
2009,6,25,20,22.11,39.0,0.0,0.0,0.0,320.85,3.01,354.0,840.82,
2009,6,25,21,21.11,44.3,0.0,0.0,0.0,318.93,2.83,8.0,841.13,
2009,6,25,22,20.11,49.59,0.0,0.0,0.0,317.02,2.66,23.0,841.43,
2009,6,25,23,19.11,54.89,0.0,0.0,0.0,315.1,2.48,38.0,841.74,
2009,6,26,0,18.55,58.88,0.0,0.0,0.0,312.42,2.34,44.0,841.85,
2009,6,26,1,18.0,62.88,0.0,0.0,0.0,309.73,2.21,50.0,841.96,
2009,6,26,2,17.44,66.87,0.0,0.0,0.0,307.05,2.07,56.0,842.07,
2009,6,26,3,17.97,67.59,0.0,0.0,0.0,304.52,2.0,59.0,842.29,
2009,6,26,4,18.5,68.3,0.0,0.0,0.0,301.98,1.93,62.0,842.51,
2009,6,26,5,19.04,69.02,0.0,0.0,0.0,299.45,1.86,65.0,842.74,
2009,6,26,6,21.95,59.51,151.0,312.37,83.0,306.3,1.77,63.0,842.49,
2009,6,26,7,24.86,50.0,349.0,530.54,133.0,313.15,1.67,61.0,842.24,
2009,6,26,8,27.78,40.49,552.0,676.67,156.0,320.0,1.57,59.0,841.99,
2009,6,26,9,29.03,32.95,733.0,756.93,173.0,327.4,1.57,24.0,841.35,
2009,6,26,10,30.27,25.41,870.0,783.34,196.0,334.8,1.57,348.0,840.71,
2009,6,26,11,31.52,17.87,968.0,823.42,195.0,342.2,1.57,312.0,840.07,
2009,6,26,12,31.79,16.67,1011.0,848.86,188.0,341.9,2.23,305.0,839.68,
2009,6,26,13,32.05,15.47,955.0,750.02,242.0,341.6,2.88,298.0,839.29,
2009,6,26,14,32.31,14.27,856.0,674.71,260.0,341.3,3.53,291.0,838.91,
2009,6,26,15,31.48,16.04,697.0,541.27,279.0,341.1,3.6,294.0,838.99,
2009,6,26,16,30.65,17.81,516.0,416.04,256.0,340.9,3.67,296.0,839.07,
2009,6,26,17,29.82,19.58,79.0,0.0,79.0,340.7,3.74,298.0,839.16,
2009,6,26,18,27.66,22.91,70.0,0.0,70.0,335.58,3.39,332.0,839.27,
2009,6,26,19,25.51,26.23,7.0,0.0,7.0,330.47,3.04,6.0,839.38,
2009,6,26,20,23.36,29.56,0.0,0.0,0.0,325.35,2.69,39.0,839.49,
2009,6,26,21,22.02,32.84,0.0,0.0,0.0,321.62,2.74,55.0,839.49,
2009,6,26,22,20.69,36.12,0.0,0.0,0.0,317.88,2.79,70.0,839.49,
2009,6,26,23,19.36,39.4,0.0,0.0,0.0,314.15,2.84,85.0,839.49,
2009,6,27,0,18.95,43.3,0.0,0.0,0.0,311.35,2.91,90.0,839.68,
2009,6,27,1,18.55,47.2,0.0,0.0,0.0,308.55,2.98,94.0,839.88,
2009,6,27,2,18.14,51.1,0.0,0.0,0.0,305.75,3.05,99.0,840.07,
2009,6,27,3,18.53,54.16,0.0,0.0,0.0,303.6,3.05,99.0,840.46,
2009,6,27,4,18.91,57.22,0.0,0.0,0.0,301.45,3.05,99.0,840.85,
2009,6,27,5,19.3,60.28,0.0,0.0,0.0,299.3,3.05,98.0,841.24,
2009,6,27,6,22.48,51.8,136.0,221.59,88.0,306.62,3.31,108.0,840.79,
2009,6,27,7,25.67,43.33,323.0,413.65,155.0,313.93,3.56,117.0,840.35,
2009,6,27,8,28.86,34.85,542.0,636.61,170.0,321.25,3.82,126.0,839.91,
2009,6,27,9,30.39,27.81,724.0,727.91,186.0,327.43,4.62,153.0,838.99,
2009,6,27,10,31.92,20.76,860.0,753.61,212.0,333.62,5.42,181.0,838.07,
2009,6,27,11,33.45,13.72,957.0,791.78,214.0,339.8,6.22,208.0,837.16,
2009,6,27,12,33.21,12.45,988.0,785.07,227.0,338.62,6.91,216.0,836.66,
2009,6,27,13,32.96,11.18,971.0,795.29,215.0,337.43,7.61,225.0,836.16,
2009,6,27,14,32.72,9.91,867.0,701.8,247.0,336.25,8.3,233.0,835.66,
2009,6,27,15,31.33,11.15,715.0,590.33,259.0,331.08,7.7,236.0,836.02,
2009,6,27,16,29.94,12.4,536.0,476.65,238.0,325.92,7.1,240.0,836.38,
2009,6,27,17,28.55,13.64,351.0,369.72,184.0,320.75,6.5,244.0,836.74,
2009,6,27,18,26.36,15.49,141.0,106.15,113.0,315.73,5.06,246.0,837.57,
2009,6,27,19,24.18,17.33,23.0,0.0,23.0,310.72,3.63,248.0,838.41,
2009,6,27,20,22.0,19.18,0.0,0.0,0.0,305.7,2.19,250.0,839.24,
2009,6,27,21,21.88,25.24,0.0,0.0,0.0,302.28,2.03,200.0,839.99,
2009,6,27,22,21.76,31.3,0.0,0.0,0.0,298.87,1.87,149.0,840.74,
2009,6,27,23,21.64,37.36,0.0,0.0,0.0,295.45,1.71,98.0,841.49,
2009,6,28,0,19.74,45.21,0.0,0.0,0.0,291.43,2.03,91.0,842.18,
2009,6,28,1,17.84,53.05,0.0,0.0,0.0,287.42,2.35,84.0,842.88,
2009,6,28,2,15.94,60.9,0.0,0.0,0.0,283.4,2.68,77.0,843.57,
2009,6,28,3,16.35,63.55,0.0,0.0,0.0,287.12,2.61,77.0,844.07,
2009,6,28,4,16.76,66.2,0.0,0.0,0.0,290.83,2.54,77.0,844.57,
2009,6,28,5,17.18,68.85,0.0,0.0,0.0,294.55,2.47,78.0,845.07,
2009,6,28,6,19.79,60.23,136.0,222.74,88.0,300.42,2.54,79.0,844.76,
2009,6,28,7,22.41,51.6,322.0,412.25,155.0,306.28,2.61,80.0,844.46,
2009,6,28,8,25.03,42.98,522.0,563.9,193.0,312.15,2.68,81.0,844.15,
2009,6,28,9,26.67,36.56,707.0,671.78,211.0,315.95,2.46,96.0,843.4,
2009,6,28,10,28.32,30.13,859.0,754.13,211.0,319.75,2.24,112.0,842.65,
2009,6,28,11,29.96,23.71,967.0,823.04,195.0,323.55,2.03,127.0,841.9,
2009,6,28,12,30.65,21.2,1010.0,848.21,188.0,326.15,2.03,149.0,841.24,
2009,6,28,13,31.34,18.68,993.0,858.48,177.0,328.75,2.03,172.0,840.57,
2009,6,28,14,32.03,16.17,902.0,805.89,190.0,331.35,2.03,194.0,839.91,
2009,6,28,15,31.35,16.04,767.0,753.3,185.0,327.63,2.02,219.0,839.74,
2009,6,28,16,30.66,15.9,604.0,721.15,153.0,323.92,2.01,245.0,839.57,
2009,6,28,17,29.98,15.77,407.0,615.18,129.0,320.2,2.0,271.0,839.41,
2009,6,28,18,28.26,19.56,173.0,234.9,111.0,316.43,1.9,308.0,839.93,
2009,6,28,19,26.54,23.34,23.0,0.0,23.0,312.67,1.81,345.0,840.46,
2009,6,28,20,24.83,27.13,0.0,0.0,0.0,308.9,1.71,22.0,840.99,
2009,6,28,21,22.84,33.19,0.0,0.0,0.0,306.37,2.06,34.0,841.54,
2009,6,28,22,20.86,39.26,0.0,0.0,0.0,303.83,2.41,46.0,842.1,
2009,6,28,23,18.88,45.32,0.0,0.0,0.0,301.3,2.76,59.0,842.65,
2009,6,29,0,18.15,51.14,0.0,0.0,0.0,298.8,2.76,61.0,842.99,
2009,6,29,1,17.41,56.95,0.0,0.0,0.0,296.3,2.76,64.0,843.32,
2009,6,29,2,16.68,62.77,0.0,0.0,0.0,293.8,2.76,67.0,843.65,
2009,6,29,3,17.06,64.25,0.0,0.0,0.0,291.52,2.57,68.0,843.96,
2009,6,29,4,17.44,65.74,0.0,0.0,0.0,289.23,2.39,68.0,844.26,
2009,6,29,5,17.83,67.22,0.0,0.0,0.0,286.95,2.21,69.0,844.57,
2009,6,29,6,20.71,57.9,147.0,303.3,82.0,293.25,2.19,72.0,844.12,
2009,6,29,7,23.6,48.58,343.0,519.79,133.0,299.55,2.17,74.0,843.68,
2009,6,29,8,26.49,39.26,546.0,660.97,161.0,305.85,2.15,76.0,843.24,
2009,6,29,9,28.23,33.49,731.0,755.21,174.0,314.93,1.77,89.0,842.38,
2009,6,29,10,29.98,27.72,878.0,814.07,179.0,324.02,1.38,103.0,841.52,
2009,6,29,11,31.72,21.95,978.0,855.43,176.0,333.1,0.99,116.0,840.65,
2009,6,29,12,32.34,19.59,1027.0,897.98,157.0,335.95,1.2,156.0,839.93,
2009,6,29,13,32.95,17.22,1009.0,908.03,146.0,338.8,1.4,196.0,839.21,
2009,6,29,14,33.56,14.86,922.0,869.26,154.0,341.65,1.6,236.0,838.49,
2009,6,29,15,32.82,15.09,784.0,812.73,156.0,336.12,2.04,249.0,838.38,
2009,6,29,16,32.08,15.32,611.0,749.76,142.0,330.58,2.48,262.0,838.27,
2009,6,29,17,31.35,15.55,416.0,663.66,116.0,325.05,2.92,274.0,838.16,
2009,6,29,18,29.32,18.83,187.0,314.36,104.0,320.93,2.29,295.0,838.43,
2009,6,29,19,27.29,22.1,25.0,0.0,25.0,316.82,1.65,315.0,838.71,
2009,6,29,20,25.27,25.38,0.0,0.0,0.0,312.7,1.01,335.0,838.99,
2009,6,29,21,24.66,29.88,0.0,0.0,0.0,309.73,1.3,9.0,839.35,
2009,6,29,22,24.05,34.37,0.0,0.0,0.0,306.77,1.6,43.0,839.71,
2009,6,29,23,23.44,38.87,0.0,0.0,0.0,303.8,1.89,78.0,840.07,
2009,6,30,0,21.66,45.21,0.0,0.0,0.0,301.13,2.06,80.0,840.24,
2009,6,30,1,19.88,51.54,0.0,0.0,0.0,298.47,2.24,83.0,840.4,
2009,6,30,2,18.1,57.88,0.0,0.0,0.0,295.8,2.41,85.0,840.57,
2009,6,30,3,18.25,56.74,0.0,0.0,0.0,291.72,2.23,91.0,840.65,
2009,6,30,4,18.4,55.59,0.0,0.0,0.0,287.63,2.05,96.0,840.74,
2009,6,30,5,18.55,54.45,0.0,0.0,0.0,283.55,1.86,102.0,840.82,
2009,6,30,6,22.03,46.36,151.0,342.61,78.0,289.22,1.52,111.0,840.57,
2009,6,30,7,25.51,38.26,349.0,553.53,126.0,294.88,1.17,120.0,840.32,
2009,6,30,8,28.99,30.17,552.0,687.9,152.0,300.55,0.83,129.0,840.07,
2009,6,30,9,30.36,26.04,737.0,777.78,164.0,307.63,1.14,172.0,839.38,
2009,6,30,10,31.72,21.9,882.0,827.5,172.0,314.72,1.45,214.0,838.68,
2009,6,30,11,33.09,17.77,984.0,871.86,167.0,321.8,1.77,256.0,837.99,
2009,6,30,12,33.27,16.54,1018.0,866.24,179.0,321.87,2.39,263.0,837.46,
2009,6,30,13,33.45,15.32,995.0,859.75,178.0,321.93,3.02,269.0,836.94,
2009,6,30,14,33.62,14.09,918.0,852.3,165.0,322.0,3.64,276.0,836.41,
2009,6,30,15,32.63,14.4,796.0,854.08,136.0,317.45,3.75,286.0,836.6,
2009,6,30,16,31.64,14.71,615.0,765.63,136.0,312.9,3.86,296.0,836.8,
2009,6,30,17,30.65,15.02,419.0,679.04,112.0,308.35,3.97,307.0,836.99,
2009,6,30,18,28.41,19.4,213.0,492.34,83.0,307.65,3.63,332.0,837.66,
2009,6,30,19,21.48,33.18,24.0,0.0,24.0,296.25,3.0,357.0,838.32,
2009,6,30,20,21.54,36.02,0.0,0.0,0.0,299.45,3.15,22.0,838.99,
2009,6,30,21,21.6,38.87,0.0,0.0,0.0,302.66,3.31,33.0,839.74,
2009,6,30,22,21.66,41.71,0.0,0.0,0.0,305.86,3.46,43.0,840.49,
2009,6,30,23,21.72,44.55,0.0,0.0,0.0,309.07,3.61,54.0,841.24,
2014,7,1,0,21.77,47.4,0.0,0.0,0.0,312.27,3.76,56.0,841.52,
2014,7,1,1,21.83,50.24,0.0,0.0,0.0,315.48,3.91,58.0,841.79,
2014,7,1,2,21.89,53.08,0.0,0.0,0.0,318.68,4.06,60.0,842.07,
2014,7,1,3,21.95,55.93,0.0,0.0,0.0,321.89,4.21,65.0,847.4,
2014,7,1,4,22.01,58.77,0.0,0.0,0.0,325.09,4.36,67.0,847.32,
2014,7,1,5,22.07,61.61,0.0,0.0,0.0,328.3,4.52,68.0,847.23,
2014,7,1,6,22.13,64.46,154.0,370.77,75.0,331.5,4.67,70.0,847.09,
2014,7,1,7,22.19,67.3,352.0,583.31,117.0,334.7,4.82,73.0,846.96,
2014,7,1,8,22.25,70.15,544.0,665.54,157.0,337.91,4.97,75.0,846.82,
2014,7,1,9,22.31,72.99,738.0,796.78,151.0,341.11,5.12,79.0,846.12,
2014,7,1,10,22.36,75.83,875.0,817.01,174.0,344.32,5.27,84.0,845.43,
2014,7,1,11,28.96,47.13,976.0,861.19,169.0,348.7,4.18,88.0,844.73,
2014,7,1,12,29.52,43.56,1009.0,856.95,179.0,353.92,3.39,100.0,843.93,
2014,7,1,13,30.08,40.0,997.0,881.85,159.0,359.13,2.61,112.0,843.12,
2014,7,1,14,30.63,36.43,930.0,905.5,130.0,364.35,1.82,124.0,842.32,
2014,7,1,15,30.4,36.18,785.0,826.91,146.0,363.63,1.61,96.0,841.99,
2014,7,1,16,30.17,35.92,600.0,714.49,153.0,362.92,1.41,68.0,841.65,
2014,7,1,17,29.94,35.67,406.0,619.32,126.0,362.2,1.2,40.0,841.32,
2014,7,1,18,28.15,41.9,204.0,435.54,89.0,358.22,2.39,43.0,842.32,
2014,7,1,19,26.36,48.14,25.0,0.0,25.0,354.23,3.57,46.0,843.32,
2014,7,1,20,24.58,54.37,0.0,0.0,0.0,350.25,4.76,48.0,844.32,
2014,7,1,21,23.53,60.75,0.0,0.0,0.0,347.93,5.22,51.0,844.9,
2014,7,1,22,22.48,67.13,0.0,0.0,0.0,345.62,5.69,54.0,845.48,
2014,7,1,23,21.44,73.51,0.0,0.0,0.0,343.3,6.15,56.0,846.07,
2014,7,2,0,20.98,77.47,0.0,0.0,0.0,343.13,5.49,59.0,846.21,
2014,7,2,1,20.53,81.44,0.0,0.0,0.0,342.97,4.83,62.0,846.34,
2014,7,2,2,20.08,85.4,0.0,0.0,0.0,342.8,4.17,65.0,846.48,
2014,7,2,3,20.21,85.73,0.0,0.0,0.0,340.93,3.96,64.0,846.4,
2014,7,2,4,20.34,86.07,0.0,0.0,0.0,339.07,3.76,62.0,846.32,
2014,7,2,5,20.47,86.4,0.0,0.0,0.0,337.2,3.56,60.0,846.23,
2014,7,2,6,21.97,79.37,147.0,321.1,79.0,339.78,3.95,62.0,845.93,
2014,7,2,7,23.47,72.35,336.0,500.39,135.0,342.37,4.34,64.0,845.62,
2014,7,2,8,24.97,65.32,542.0,665.01,156.0,344.95,4.73,66.0,845.32,
2014,7,2,9,26.74,58.66,725.0,752.87,171.0,350.43,4.54,70.0,844.51,
2014,7,2,10,28.5,52.0,869.0,802.5,181.0,355.92,4.35,74.0,843.71,
2014,7,2,11,30.27,45.34,965.0,829.61,188.0,361.4,4.17,78.0,842.9,
2014,7,2,12,30.7,42.32,1009.0,856.21,180.0,366.73,3.65,85.0,842.18,
2014,7,2,13,31.13,39.29,997.0,882.02,159.0,372.07,3.13,92.0,841.46,
2014,7,2,14,31.56,36.27,920.0,873.87,148.0,377.4,2.61,99.0,840.74,
2014,7,2,15,30.73,37.66,768.0,768.66,174.0,381.48,4.11,82.0,840.6,
2014,7,2,16,29.91,39.05,600.0,714.45,153.0,385.57,5.6,65.0,840.46,
2014,7,2,17,29.08,40.44,384.0,510.93,153.0,389.65,7.1,48.0,840.32,
2014,7,2,18,27.48,46.31,191.0,344.72,100.0,385.57,6.7,48.0,841.32,
2014,7,2,19,25.88,52.18,25.0,0.0,25.0,381.48,6.3,49.0,842.32,
2014,7,2,20,24.29,58.05,0.0,0.0,0.0,377.4,5.9,49.0,843.32,
2014,7,2,21,23.38,63.26,0.0,0.0,0.0,372.78,6.02,49.0,843.82,
2014,7,2,22,22.47,68.47,0.0,0.0,0.0,368.17,6.13,49.0,844.32,
2014,7,2,23,21.56,73.68,0.0,0.0,0.0,363.55,6.25,49.0,844.82,
2014,7,3,0,21.11,76.76,0.0,0.0,0.0,360.57,6.29,50.0,844.82,
2014,7,3,1,20.66,79.83,0.0,0.0,0.0,357.58,6.32,51.0,844.82,
2014,7,3,2,20.21,82.91,0.0,0.0,0.0,354.6,6.36,52.0,844.82,
2014,7,3,3,20.04,84.66,0.0,0.0,0.0,352.98,5.65,51.0,844.96,
2014,7,3,4,19.86,86.4,0.0,0.0,0.0,351.37,4.93,50.0,845.1,
2014,7,3,5,19.69,88.15,0.0,0.0,0.0,349.75,4.22,48.0,845.23,
2014,7,3,6,20.85,80.45,146.0,323.16,78.0,352.87,4.84,51.0,844.98,
2014,7,3,7,22.01,72.76,335.0,499.42,135.0,355.98,5.45,54.0,844.73,
2014,7,3,8,23.18,65.06,511.0,545.42,195.0,359.1,6.07,57.0,844.48,
2014,7,3,9,24.69,59.79,700.0,670.79,207.0,360.97,6.15,60.0,843.65,
2014,7,3,10,26.19,54.51,859.0,771.64,198.0,362.83,6.23,62.0,842.82,
2014,7,3,11,27.7,49.24,954.0,799.09,206.0,364.7,6.32,65.0,841.99,
2014,7,3,12,27.94,47.43,997.0,824.49,199.0,366.7,6.29,68.0,841.38,
2014,7,3,13,28.18,45.63,986.0,850.63,178.0,368.7,6.25,70.0,840.77,
2014,7,3,14,28.42,43.82,891.0,781.14,201.0,370.7,6.22,73.0,840.16,
2014,7,3,15,27.74,43.99,752.0,711.76,202.0,370.12,6.54,70.0,839.88,
2014,7,3,16,27.06,44.15,410.0,174.22,301.0,369.53,6.86,68.0,839.6,
2014,7,3,17,26.38,44.32,391.0,544.18,145.0,368.95,7.19,66.0,839.32,
2014,7,3,18,24.82,50.33,191.0,344.91,100.0,366.33,7.09,64.0,840.1,
2014,7,3,19,23.27,56.35,25.0,0.0,25.0,363.72,7.0,62.0,840.88,
2014,7,3,20,21.72,62.36,0.0,0.0,0.0,361.1,6.91,60.0,841.65,
2014,7,3,21,20.54,67.91,0.0,0.0,0.0,358.05,6.78,59.0,841.9,
2014,7,3,22,19.36,73.45,0.0,0.0,0.0,355.0,6.65,58.0,842.15,
2014,7,3,23,18.18,79.0,0.0,0.0,0.0,351.95,6.52,57.0,842.4,
2014,7,4,0,17.95,81.29,0.0,0.0,0.0,347.0,6.34,57.0,842.21,
2014,7,4,1,17.72,83.59,0.0,0.0,0.0,342.05,6.16,57.0,842.01,
2014,7,4,2,17.49,85.88,0.0,0.0,0.0,337.1,5.97,57.0,841.82,
2014,7,4,3,17.74,84.57,0.0,0.0,0.0,334.33,5.91,60.0,841.79,
2014,7,4,4,18.0,83.26,0.0,0.0,0.0,331.57,5.84,63.0,841.76,
2014,7,4,5,18.25,81.95,0.0,0.0,0.0,328.8,5.78,67.0,841.74,
2014,7,4,6,20.03,75.17,144.0,310.98,79.0,331.38,5.92,73.0,841.29,
2014,7,4,7,21.82,68.39,341.0,538.59,126.0,333.97,6.06,79.0,840.85,
2014,7,4,8,23.61,61.61,540.0,664.06,156.0,336.55,6.19,85.0,840.4,
2014,7,4,9,25.26,55.63,715.0,724.77,183.0,341.42,5.76,90.0,839.57,
2014,7,4,10,26.91,49.64,863.0,786.33,190.0,346.28,5.33,94.0,838.74,
2014,7,4,11,28.56,43.66,953.0,798.5,206.0,351.15,4.9,99.0,837.91,
2014,7,4,12,28.71,41.55,992.0,809.31,209.0,355.82,3.71,104.0,837.32,
2014,7,4,13,28.86,39.43,873.0,556.0,345.0,360.48,2.53,109.0,836.74,
2014,7,4,14,29.0,37.32,796.0,528.77,329.0,365.15,1.35,114.0,836.16,
2014,7,4,15,28.69,37.62,298.0,7.77,292.0,366.05,2.18,100.0,836.05,
2014,7,4,16,28.37,37.91,393.0,147.07,301.0,366.95,3.02,86.0,835.94,
2014,7,4,17,28.06,38.21,260.0,117.28,207.0,367.85,3.85,72.0,835.83,
2014,7,4,18,26.34,42.9,197.0,386.92,95.0,366.77,4.74,65.0,836.57,
2014,7,4,19,24.62,47.59,24.0,0.0,24.0,365.68,5.64,59.0,837.32,
2014,7,4,20,22.9,52.28,0.0,0.0,0.0,364.6,6.54,53.0,838.07,
2014,7,4,21,22.13,57.27,0.0,0.0,0.0,360.82,6.39,55.0,838.52,
2014,7,4,22,21.37,62.26,0.0,0.0,0.0,357.03,6.23,57.0,838.96,
2014,7,4,23,20.61,67.25,0.0,0.0,0.0,353.25,6.08,59.0,839.41,
2014,7,5,0,20.31,72.05,0.0,0.0,0.0,348.6,5.56,62.0,839.63,
2014,7,5,1,20.01,76.84,0.0,0.0,0.0,343.95,5.04,64.0,839.85,
2014,7,5,2,19.71,81.64,0.0,0.0,0.0,339.3,4.52,67.0,840.07,
2014,7,5,3,19.79,82.71,0.0,0.0,0.0,331.8,4.45,68.0,840.43,
2014,7,5,4,19.88,83.79,0.0,0.0,0.0,324.3,4.37,70.0,840.79,
2014,7,5,5,19.96,84.86,0.0,0.0,0.0,316.8,4.29,71.0,841.15,
2014,7,5,6,21.85,77.21,40.0,0.0,40.0,320.13,4.32,77.0,840.88,
2014,7,5,7,23.74,69.55,136.0,7.54,133.0,323.47,4.34,83.0,840.6,
2014,7,5,8,25.64,61.9,342.0,117.83,274.0,326.8,4.37,90.0,840.32,
2014,7,5,9,27.17,56.22,690.0,643.87,218.0,333.43,3.6,110.0,839.63,
2014,7,5,10,28.7,50.53,800.0,606.94,281.0,340.07,2.83,131.0,838.93,
2014,7,5,11,30.23,44.85,994.0,926.28,128.0,346.7,2.06,152.0,838.24,
2014,7,5,12,30.67,41.21,1029.0,921.34,138.0,349.73,2.0,164.0,837.6,
2014,7,5,13,31.11,37.58,1012.0,931.16,128.0,352.77,1.95,177.0,836.96,
2014,7,5,14,31.54,33.94,890.0,781.43,200.0,355.8,1.9,190.0,836.32,
2014,7,5,15,30.11,33.45,760.0,740.46,188.0,359.58,1.96,199.0,836.35,
2014,7,5,16,28.69,32.96,593.0,687.56,163.0,363.37,2.01,209.0,836.38,
2014,7,5,17,27.26,32.47,295.0,197.02,206.0,367.15,2.07,218.0,836.41,
2014,7,5,18,25.45,40.15,99.0,18.99,94.0,365.43,2.67,229.0,837.35,
2014,7,5,19,23.64,47.84,24.0,0.0,24.0,363.72,3.27,240.0,838.3,
2014,7,5,20,21.83,55.52,0.0,0.0,0.0,362.0,3.88,251.0,839.24,
2014,7,5,21,21.7,59.96,0.0,0.0,0.0,362.32,4.09,289.0,839.49,
2014,7,5,22,21.58,64.41,0.0,0.0,0.0,362.63,4.31,326.0,839.74,
2014,7,5,23,21.46,68.85,0.0,0.0,0.0,362.95,4.52,4.0,839.99,
2014,7,6,0,21.54,69.84,0.0,0.0,0.0,359.82,4.11,35.0,839.68,
2014,7,6,1,21.62,70.83,0.0,0.0,0.0,356.68,3.69,65.0,839.38,
2014,7,6,2,21.7,71.82,0.0,0.0,0.0,353.55,3.27,96.0,839.07,
2014,7,6,3,21.89,73.06,0.0,0.0,0.0,350.13,3.21,96.0,839.6,
2014,7,6,4,22.07,74.31,0.0,0.0,0.0,346.72,3.15,96.0,840.13,
2014,7,6,5,22.26,75.55,0.0,0.0,0.0,343.3,3.09,97.0,840.65,
2014,7,6,6,24.39,66.59,44.0,0.0,44.0,345.58,2.71,108.0,840.57,
2014,7,6,7,26.52,57.64,128.0,5.04,126.0,347.87,2.33,119.0,840.49,
2014,7,6,8,28.66,48.68,528.0,625.08,168.0,350.15,1.94,130.0,840.4,
2014,7,6,9,29.87,42.06,657.0,546.39,257.0,352.02,2.41,153.0,840.04,
2014,7,6,10,31.07,35.44,847.0,742.11,213.0,353.88,2.88,176.0,839.68,
2014,7,6,11,32.28,28.82,952.0,798.44,206.0,355.75,3.35,200.0,839.32,
2014,7,6,12,32.4,27.19,996.0,824.52,199.0,355.27,2.91,208.0,838.99,
2014,7,6,13,32.51,25.55,980.0,834.53,188.0,354.78,2.47,217.0,838.66,
2014,7,6,14,32.62,23.92,895.0,796.36,192.0,354.3,2.03,225.0,838.32,
2014,7,6,15,31.91,24.6,352.0,25.9,332.0,353.18,1.94,235.0,838.1,
2014,7,6,16,31.21,25.29,593.0,687.78,163.0,352.07,1.85,244.0,837.88,
2014,7,6,17,30.5,25.97,384.0,511.67,153.0,350.95,1.77,254.0,837.66,
2014,7,6,18,29.13,29.69,212.0,502.01,80.0,350.25,1.59,218.0,838.05,
2014,7,6,19,27.77,33.41,25.0,0.0,25.0,349.55,1.42,182.0,838.43,
2014,7,6,20,26.41,37.13,0.0,0.0,0.0,348.85,1.24,146.0,838.82,
2014,7,6,21,25.89,42.72,0.0,0.0,0.0,344.97,2.04,139.0,839.07,
2014,7,6,22,25.38,48.3,0.0,0.0,0.0,341.08,2.83,132.0,839.32,
2014,7,6,23,24.87,53.89,0.0,0.0,0.0,337.2,3.63,126.0,839.57,
2014,7,7,0,23.51,59.77,0.0,0.0,0.0,332.35,3.73,125.0,839.57,
2014,7,7,1,22.16,65.65,0.0,0.0,0.0,327.5,3.83,124.0,839.57,
2014,7,7,2,20.8,71.53,0.0,0.0,0.0,322.65,3.93,123.0,839.57,
2014,7,7,3,20.84,75.05,0.0,0.0,0.0,318.4,4.09,121.0,840.1,
2014,7,7,4,20.87,78.58,0.0,0.0,0.0,314.15,4.24,120.0,840.63,
2014,7,7,5,20.91,82.1,0.0,0.0,0.0,309.9,4.4,118.0,841.15,
2014,7,7,6,23.98,70.7,102.0,97.8,82.0,317.97,4.36,134.0,840.9,
2014,7,7,7,27.06,59.29,329.0,496.06,133.0,326.03,4.32,149.0,840.65,
2014,7,7,8,30.14,47.89,527.0,624.66,168.0,334.1,4.28,164.0,840.4,
2014,7,7,9,31.15,38.8,720.0,750.97,171.0,337.28,4.19,177.0,839.63,
2014,7,7,10,32.17,29.7,869.0,815.47,173.0,340.47,4.1,191.0,838.85,
2014,7,7,11,33.18,20.61,972.0,860.04,169.0,343.65,4.01,204.0,838.07,
2014,7,7,12,32.95,18.94,946.0,691.41,278.0,344.93,4.23,210.0,837.44,
2014,7,7,13,32.71,17.27,920.0,672.51,282.0,346.22,4.46,216.0,836.8,
2014,7,7,14,32.47,15.6,890.0,780.75,201.0,347.5,4.68,222.0,836.16,
2014,7,7,15,31.28,16.76,751.0,712.38,201.0,347.07,4.58,231.0,836.05,
2014,7,7,16,30.09,17.92,593.0,688.08,163.0,346.63,4.48,240.0,835.94,
2014,7,7,17,28.9,19.08,403.0,609.59,128.0,346.2,4.39,249.0,835.83,
2014,7,7,18,27.09,20.19,195.0,380.97,95.0,343.6,3.31,255.0,836.27,
2014,7,7,19,25.29,21.29,24.0,0.0,24.0,341.0,2.24,261.0,836.71,
2014,7,7,20,23.49,22.4,0.0,0.0,0.0,338.4,1.17,268.0,837.16,
2014,7,7,21,22.96,26.87,0.0,0.0,0.0,331.17,1.51,247.0,837.35,
2014,7,7,22,22.43,31.35,0.0,0.0,0.0,323.93,1.84,227.0,837.55,
2014,7,7,23,21.9,35.82,0.0,0.0,0.0,316.7,2.18,206.0,837.74,
2014,7,8,0,21.97,42.56,0.0,0.0,0.0,311.5,2.39,179.0,837.82,
2014,7,8,1,22.05,49.31,0.0,0.0,0.0,306.3,2.6,152.0,837.91,
2014,7,8,2,22.12,56.05,0.0,0.0,0.0,301.1,2.81,125.0,837.99,
2014,7,8,3,21.22,59.54,0.0,0.0,0.0,298.05,2.89,121.0,838.38,
2014,7,8,4,20.33,63.04,0.0,0.0,0.0,295.0,2.96,117.0,838.77,
2014,7,8,5,19.43,66.53,0.0,0.0,0.0,291.95,3.03,113.0,839.16,
2014,7,8,6,22.15,58.16,149.0,394.28,69.0,298.23,2.69,121.0,838.99,
2014,7,8,7,24.88,49.79,346.0,596.94,111.0,304.52,2.34,130.0,838.82,
2014,7,8,8,27.61,41.42,540.0,685.31,147.0,310.8,1.99,139.0,838.66,
2014,7,8,9,28.78,36.57,726.0,779.44,157.0,315.33,2.4,161.0,837.8,
2014,7,8,10,29.96,31.73,868.0,815.11,173.0,319.87,2.81,183.0,836.94,
2014,7,8,11,31.13,26.88,950.0,798.49,205.0,324.4,3.23,205.0,836.08,
2014,7,8,12,31.09,24.17,1000.0,839.86,189.0,324.3,3.3,215.0,835.49,
2014,7,8,13,31.05,21.45,984.0,849.95,178.0,324.2,3.37,226.0,834.91,
2014,7,8,14,31.0,18.74,914.0,858.11,157.0,324.1,3.45,236.0,834.33,
2014,7,8,15,30.09,18.91,776.0,798.17,160.0,319.57,3.25,244.0,834.38,
2014,7,8,16,29.17,19.09,599.0,714.06,153.0,315.03,3.04,253.0,834.44,
2014,7,8,17,28.26,19.26,403.0,607.93,129.0,310.5,2.84,261.0,834.49,
2014,7,8,18,26.22,20.36,208.0,477.19,83.0,309.43,2.2,264.0,834.83,
2014,7,8,19,24.19,21.47,24.0,0.0,24.0,308.37,1.56,267.0,835.16,
2014,7,8,20,22.16,22.57,0.0,0.0,0.0,307.3,0.92,270.0,835.49,
2014,7,8,21,22.34,29.41,0.0,0.0,0.0,306.18,1.47,224.0,835.88,
2014,7,8,22,22.53,36.24,0.0,0.0,0.0,305.07,2.02,179.0,836.27,
2014,7,8,23,22.72,43.08,0.0,0.0,0.0,303.95,2.57,133.0,836.66,
2014,7,9,0,22.12,48.52,0.0,0.0,0.0,301.52,2.75,121.0,836.96,
2014,7,9,1,21.52,53.96,0.0,0.0,0.0,299.08,2.94,108.0,837.27,
2014,7,9,2,20.92,59.4,0.0,0.0,0.0,296.65,3.13,96.0,837.57,
2014,7,9,3,20.34,62.12,0.0,0.0,0.0,296.55,3.2,90.0,838.16,
2014,7,9,4,19.77,64.85,0.0,0.0,0.0,296.45,3.26,84.0,838.74,
2014,7,9,5,19.19,67.57,0.0,0.0,0.0,296.35,3.32,79.0,839.32,
2014,7,9,6,21.68,60.93,146.0,382.6,69.0,304.15,3.16,86.0,839.07,
2014,7,9,7,24.17,54.28,337.0,553.29,120.0,311.95,2.99,93.0,838.82,
2014,7,9,8,26.66,47.64,545.0,711.32,138.0,319.75,2.83,100.0,838.57,
2014,7,9,9,27.85,41.47,725.0,777.85,158.0,322.6,3.04,144.0,837.85,
2014,7,9,10,29.05,35.29,877.0,845.3,157.0,325.45,3.25,188.0,837.13,
2014,7,9,11,30.24,29.12,975.0,876.31,158.0,328.3,3.46,233.0,836.41,
2014,7,9,12,30.43,26.4,1000.0,839.3,190.0,327.33,3.59,239.0,835.8,
2014,7,9,13,30.61,23.67,984.0,849.28,179.0,326.37,3.71,246.0,835.19,
2014,7,9,14,30.79,20.95,918.0,873.21,148.0,325.4,3.83,252.0,834.58,
2014,7,9,15,30.04,20.75,767.0,768.72,174.0,321.02,3.09,257.0,834.58,
2014,7,9,16,29.3,20.55,599.0,714.51,153.0,316.63,2.35,261.0,834.58,
2014,7,9,17,28.55,20.35,402.0,608.58,128.0,312.25,1.61,266.0,834.58,
2014,7,9,18,26.64,23.61,201.0,424.75,90.0,311.83,1.51,274.0,835.08,
2014,7,9,19,24.73,26.87,24.0,0.0,24.0,311.42,1.4,282.0,835.58,
2014,7,9,20,22.82,30.13,0.0,0.0,0.0,311.0,1.3,290.0,836.08,
2014,7,9,21,23.03,34.26,0.0,0.0,0.0,310.47,1.88,327.0,836.38,
2014,7,9,22,23.25,38.39,0.0,0.0,0.0,309.93,2.46,4.0,836.69,
2014,7,9,23,23.47,42.52,0.0,0.0,0.0,309.4,3.05,41.0,836.99,
2014,7,10,0,22.28,47.45,0.0,0.0,0.0,306.8,3.2,54.0,837.16,
2014,7,10,1,21.09,52.39,0.0,0.0,0.0,304.2,3.34,67.0,837.32,
2014,7,10,2,19.9,57.32,0.0,0.0,0.0,301.6,3.49,80.0,837.49,
2014,7,10,3,19.8,58.86,0.0,0.0,0.0,299.48,3.32,79.0,838.1,
2014,7,10,4,19.71,60.39,0.0,0.0,0.0,297.37,3.15,78.0,838.71,
2014,7,10,5,19.61,61.93,0.0,0.0,0.0,295.25,2.98,77.0,839.32,
2014,7,10,6,22.32,54.89,145.0,380.84,69.0,301.32,2.87,75.0,839.24,
2014,7,10,7,25.04,47.84,343.0,596.39,110.0,307.38,2.77,74.0,839.16,
2014,7,10,8,27.76,40.8,543.0,709.45,138.0,313.45,2.66,73.0,839.07,
2014,7,10,9,28.9,35.11,723.0,777.66,157.0,319.45,2.51,103.0,838.41,
2014,7,10,10,30.03,29.41,866.0,814.47,173.0,325.45,2.37,133.0,837.74,
2014,7,10,11,31.17,23.72,964.0,843.72,178.0,331.45,2.22,163.0,837.07,
2014,7,10,12,31.33,21.45,1010.0,871.94,169.0,333.15,2.65,190.0,836.52,
2014,7,10,13,31.49,19.18,999.0,898.25,148.0,334.85,3.08,217.0,835.96,
2014,7,10,14,31.64,16.91,903.0,825.97,175.0,336.55,3.5,244.0,835.41,
2014,7,10,15,30.93,18.64,775.0,797.66,160.0,332.68,3.39,256.0,835.35,
2014,7,10,16,30.22,20.37,598.0,713.43,153.0,328.82,3.28,268.0,835.3,
2014,7,10,17,29.51,22.1,410.0,653.81,116.0,324.95,3.17,280.0,835.24,
2014,7,10,18,27.45,24.8,207.0,475.77,83.0,322.27,3.01,309.0,835.8,
2014,7,10,19,25.39,27.51,23.0,0.0,23.0,319.58,2.85,339.0,836.35,
2014,7,10,20,23.34,30.21,0.0,0.0,0.0,316.9,2.69,8.0,836.91,
2014,7,10,21,22.49,36.6,0.0,0.0,0.0,313.75,3.32,23.0,837.6,
2014,7,10,22,21.64,42.98,0.0,0.0,0.0,310.6,3.95,39.0,838.3,
2014,7,10,23,20.79,49.37,0.0,0.0,0.0,307.45,4.58,54.0,838.99,
2014,7,11,0,20.3,58.11,0.0,0.0,0.0,306.6,4.42,57.0,839.43,
2014,7,11,1,19.82,66.84,0.0,0.0,0.0,305.75,4.27,59.0,839.88,
2014,7,11,2,19.33,75.58,0.0,0.0,0.0,304.9,4.11,62.0,840.32,
2014,7,11,3,19.51,75.98,0.0,0.0,0.0,304.35,3.8,63.0,840.79,
2014,7,11,4,19.7,76.37,0.0,0.0,0.0,303.8,3.49,64.0,841.27,
2014,7,11,5,19.88,76.77,0.0,0.0,0.0,303.25,3.19,65.0,841.74,
2014,7,11,6,22.21,67.99,143.0,379.13,68.0,309.93,2.87,64.0,841.63,
2014,7,11,7,24.55,59.21,334.0,552.51,119.0,316.62,2.56,63.0,841.52,
2014,7,11,8,26.89,50.43,542.0,709.38,138.0,323.3,2.25,61.0,841.4,
2014,7,11,9,28.56,44.77,722.0,777.51,157.0,331.67,2.02,65.0,840.65,
2014,7,11,10,30.23,39.11,865.0,814.19,173.0,340.03,1.79,69.0,839.91,
2014,7,11,11,31.9,33.45,974.0,875.56,159.0,348.4,1.56,73.0,839.16,
2014,7,11,12,32.16,29.85,1009.0,871.45,169.0,353.35,1.47,79.0,838.57,
2014,7,11,13,32.42,26.26,994.0,881.83,159.0,358.3,1.37,86.0,837.99,
2014,7,11,14,32.68,22.66,893.0,795.75,192.0,363.25,1.28,92.0,837.41,
2014,7,11,15,32.25,22.64,767.0,768.29,175.0,361.82,1.8,77.0,837.38,
2014,7,11,16,31.81,22.61,592.0,686.75,164.0,360.38,2.31,62.0,837.35,
2014,7,11,17,31.38,22.59,401.0,607.96,128.0,358.95,2.83,47.0,837.32,
2014,7,11,18,29.67,27.54,193.0,377.15,95.0,354.35,3.6,50.0,838.16,
2014,7,11,19,27.97,32.49,23.0,0.0,23.0,349.75,4.38,53.0,838.99,
2014,7,11,20,26.27,37.44,0.0,0.0,0.0,345.15,5.16,56.0,839.82,
2014,7,11,21,25.21,44.01,0.0,0.0,0.0,344.5,5.2,57.0,840.46,
2014,7,11,22,24.16,50.57,0.0,0.0,0.0,343.85,5.24,58.0,841.1,
2014,7,11,23,23.11,57.14,0.0,0.0,0.0,343.2,5.28,59.0,841.74,
2014,7,12,0,22.61,62.34,0.0,0.0,0.0,338.45,4.94,58.0,842.01,
2014,7,12,1,22.12,67.55,0.0,0.0,0.0,333.7,4.59,57.0,842.29,
2014,7,12,2,21.63,72.75,0.0,0.0,0.0,328.95,4.25,56.0,842.57,
2014,7,12,3,21.8,72.54,0.0,0.0,0.0,331.05,4.03,57.0,842.85,
2014,7,12,4,21.98,72.32,0.0,0.0,0.0,333.15,3.82,59.0,843.12,
2014,7,12,5,22.15,72.11,0.0,0.0,0.0,335.25,3.6,60.0,843.4,
2014,7,12,6,24.03,63.39,141.0,372.37,68.0,340.4,3.75,63.0,843.04,
2014,7,12,7,25.91,54.66,332.0,549.62,119.0,345.55,3.89,66.0,842.68,
2014,7,12,8,27.79,45.94,531.0,670.61,150.0,350.7,4.04,69.0,842.32,
2014,7,12,9,29.58,41.29,721.0,777.37,157.0,354.53,3.9,77.0,841.4,
2014,7,12,10,31.36,36.64,855.0,784.49,189.0,358.37,3.76,86.0,840.49,
2014,7,12,11,33.15,31.99,957.0,827.91,187.0,362.2,3.61,94.0,839.57,
2014,7,12,12,33.2,29.94,998.0,839.85,189.0,366.83,2.99,104.0,838.91,
2014,7,12,13,33.25,27.89,982.0,849.59,178.0,371.47,2.37,114.0,838.24,
2014,7,12,14,33.3,25.84,902.0,825.73,175.0,376.1,1.75,124.0,837.57,
2014,7,12,15,32.81,25.67,758.0,740.24,188.0,376.53,2.47,102.0,837.32,
2014,7,12,16,32.32,25.51,591.0,687.39,163.0,376.97,3.19,79.0,837.07,
2014,7,12,17,31.83,25.34,394.0,575.46,136.0,377.4,3.9,56.0,836.82,
2014,7,12,18,30.15,29.61,159.0,193.07,109.0,376.32,3.98,55.0,837.46,
2014,7,12,19,28.48,33.88,21.0,0.0,21.0,375.23,4.05,53.0,838.1,
2014,7,12,20,26.81,38.15,0.0,0.0,0.0,374.15,4.12,51.0,838.74,
2014,7,12,21,25.99,44.37,0.0,0.0,0.0,373.45,4.65,51.0,839.29,
2014,7,12,22,25.17,50.6,0.0,0.0,0.0,372.75,5.18,51.0,839.85,
2014,7,12,23,24.35,56.82,0.0,0.0,0.0,372.05,5.71,51.0,840.4,
2014,7,13,0,23.86,61.68,0.0,0.0,0.0,363.97,5.99,54.0,840.49,
2014,7,13,1,23.38,66.54,0.0,0.0,0.0,355.88,6.27,57.0,840.57,
2014,7,13,2,22.89,71.4,0.0,0.0,0.0,347.8,6.55,59.0,840.65,
2014,7,13,3,22.93,71.72,0.0,0.0,0.0,341.85,6.61,60.0,840.79,
2014,7,13,4,22.96,72.04,0.0,0.0,0.0,335.9,6.66,61.0,840.93,
2014,7,13,5,23.0,72.36,0.0,0.0,0.0,329.95,6.72,63.0,841.07,
2014,7,13,6,25.0,63.2,103.0,128.72,78.0,332.82,6.69,68.0,840.65,
2014,7,13,7,27.0,54.05,301.0,399.05,147.0,335.68,6.65,73.0,840.24,
2014,7,13,8,29.01,44.89,501.0,550.53,189.0,338.55,6.62,79.0,839.82,
2014,7,13,9,30.74,39.83,704.0,720.67,182.0,345.58,5.75,94.0,838.93,
2014,7,13,10,32.47,34.78,835.0,726.44,219.0,352.62,4.87,109.0,838.05,
2014,7,13,11,34.2,29.72,920.0,723.17,248.0,359.65,4.0,124.0,837.16,
2014,7,13,12,34.16,27.92,997.0,839.4,189.0,364.08,3.72,141.0,836.66,
2014,7,13,13,34.11,26.12,735.0,298.17,453.0,368.52,3.45,159.0,836.16,
2014,7,13,14,34.06,24.32,887.0,780.79,200.0,372.95,3.17,176.0,835.66,
2014,7,13,15,33.33,27.42,379.0,41.59,347.0,373.92,3.11,161.0,835.41,
2014,7,13,16,32.61,30.52,558.0,564.32,207.0,374.88,3.05,145.0,835.16,
2014,7,13,17,31.88,33.62,106.0,0.0,106.0,375.85,2.99,130.0,834.91,
2014,7,13,18,29.96,40.99,205.0,472.82,83.0,371.42,4.39,111.0,835.69,
2014,7,13,19,28.04,48.37,15.0,0.0,15.0,366.98,5.79,93.0,836.46,
2014,7,13,20,26.12,55.74,0.0,0.0,0.0,362.55,7.19,75.0,837.24,
2014,7,13,21,25.21,59.75,0.0,0.0,0.0,356.5,7.26,75.0,837.66,
2014,7,13,22,24.31,63.77,0.0,0.0,0.0,350.45,7.34,75.0,838.07,
2014,7,13,23,23.41,67.78,0.0,0.0,0.0,344.4,7.42,75.0,838.49,
2014,7,14,0,22.81,69.8,0.0,0.0,0.0,340.98,7.29,75.0,838.68,
2014,7,14,1,22.22,71.82,0.0,0.0,0.0,337.57,7.16,75.0,838.88,
2014,7,14,2,21.62,73.84,0.0,0.0,0.0,334.15,7.03,75.0,839.07,
2014,7,14,3,21.7,73.11,0.0,0.0,0.0,328.27,6.6,75.0,839.29,
2014,7,14,4,21.79,72.38,0.0,0.0,0.0,322.38,6.16,75.0,839.52,
2014,7,14,5,21.87,71.65,0.0,0.0,0.0,316.5,5.72,75.0,839.74,
2014,7,14,6,23.92,63.86,136.0,358.71,67.0,320.82,5.55,79.0,839.46,
2014,7,14,7,25.97,56.07,329.0,549.1,118.0,325.13,5.38,82.0,839.18,
2014,7,14,8,28.02,48.28,528.0,668.68,150.0,329.45,5.21,86.0,838.91,
2014,7,14,9,29.78,43.46,710.0,748.16,169.0,336.68,4.09,105.0,838.1,
2014,7,14,10,31.53,38.64,862.0,813.5,173.0,343.92,2.96,125.0,837.3,
2014,7,14,11,33.29,33.82,961.0,843.39,178.0,351.15,1.83,144.0,836.49,
2014,7,14,12,33.72,30.52,1007.0,871.21,169.0,351.18,2.5,164.0,835.58,
2014,7,14,13,34.14,27.23,992.0,881.36,159.0,351.22,3.17,184.0,834.66,
2014,7,14,14,34.56,23.93,901.0,825.68,175.0,351.25,3.83,203.0,833.74,
2014,7,14,15,33.75,24.36,765.0,767.42,175.0,350.82,3.38,214.0,833.49,
2014,7,14,16,32.93,24.8,590.0,687.31,163.0,350.38,2.93,225.0,833.24,
2014,7,14,17,32.12,25.23,393.0,573.1,137.0,349.95,2.48,236.0,832.99,
2014,7,14,18,30.63,29.87,190.0,369.67,95.0,345.92,3.46,294.0,834.33,
2014,7,14,19,29.15,34.5,21.0,0.0,21.0,341.88,4.44,352.0,835.66,
2014,7,14,20,27.67,39.14,0.0,0.0,0.0,337.85,5.42,50.0,836.99,
2014,7,14,21,26.03,46.28,0.0,0.0,0.0,334.83,6.12,53.0,838.07,
2014,7,14,22,24.39,53.41,0.0,0.0,0.0,331.82,6.82,55.0,839.16,
2014,7,14,23,22.76,60.55,0.0,0.0,0.0,328.8,7.52,58.0,840.24,
2014,7,15,0,22.08,64.12,0.0,0.0,0.0,328.95,7.25,59.0,840.68,
2014,7,15,1,21.4,67.69,0.0,0.0,0.0,329.1,6.98,60.0,841.13,
2014,7,15,2,20.72,71.26,0.0,0.0,0.0,329.25,6.72,61.0,841.57,
2014,7,15,3,20.71,70.39,0.0,0.0,0.0,327.45,6.64,63.0,841.74,
2014,7,15,4,20.69,69.53,0.0,0.0,0.0,325.65,6.56,64.0,841.9,
2014,7,15,5,20.68,68.66,0.0,0.0,0.0,323.85,6.48,66.0,842.07,
2014,7,15,6,22.44,62.75,128.0,299.28,71.0,328.43,6.36,70.0,841.76,
2014,7,15,7,24.2,56.85,318.0,496.64,128.0,333.02,6.23,75.0,841.46,
2014,7,15,8,25.96,50.94,518.0,631.4,162.0,337.6,6.11,80.0,841.15,
2014,7,15,9,28.07,46.04,701.0,718.97,182.0,344.77,5.59,91.0,840.27,
2014,7,15,10,30.17,41.14,842.0,754.21,204.0,351.93,5.06,102.0,839.38,
2014,7,15,11,32.28,36.24,949.0,811.84,196.0,359.1,4.54,113.0,838.49,
2014,7,15,12,32.94,32.78,1006.0,870.84,169.0,363.0,3.11,130.0,837.63,
2014,7,15,13,33.6,29.33,954.0,772.93,224.0,366.9,1.68,147.0,836.77,
2014,7,15,14,34.25,25.87,876.0,751.18,216.0,370.8,0.25,164.0,835.91,
2014,7,15,15,33.32,25.8,562.0,251.26,369.0,375.1,0.51,139.0,835.88,
2014,7,15,16,32.39,25.74,455.0,272.37,286.0,379.4,0.78,115.0,835.85,
2014,7,15,17,31.46,25.67,333.0,323.05,189.0,383.7,1.05,90.0,835.83,
2014,7,15,18,29.6,31.62,195.0,414.28,89.0,377.68,2.74,79.0,836.82,
2014,7,15,19,27.75,37.56,19.0,0.0,19.0,371.67,4.44,67.0,837.82,
2014,7,15,20,25.9,43.51,0.0,0.0,0.0,365.65,6.14,56.0,838.82,
2014,7,15,21,24.91,48.55,0.0,0.0,0.0,361.17,6.39,60.0,839.57,
2014,7,15,22,23.93,53.58,0.0,0.0,0.0,356.68,6.64,63.0,840.32,
2014,7,15,23,22.95,58.62,0.0,0.0,0.0,352.2,6.9,66.0,841.07,
2014,7,16,0,22.47,61.3,0.0,0.0,0.0,346.8,6.75,68.0,841.38,
2014,7,16,1,22.0,63.99,0.0,0.0,0.0,341.4,6.6,70.0,841.68,
2014,7,16,2,21.53,66.67,0.0,0.0,0.0,336.0,6.46,72.0,841.99,
2014,7,16,3,21.64,66.38,0.0,0.0,0.0,333.97,6.35,72.0,842.13,
2014,7,16,4,21.75,66.09,0.0,0.0,0.0,331.93,6.25,72.0,842.26,
2014,7,16,5,21.86,65.8,0.0,0.0,0.0,329.9,6.15,72.0,842.4,
2014,7,16,6,23.96,58.62,120.0,244.01,74.0,333.9,6.02,77.0,842.01,
2014,7,16,7,26.06,51.44,339.0,627.54,100.0,337.9,5.89,82.0,841.63,
2014,7,16,8,28.17,44.26,511.0,606.4,170.0,341.9,5.75,87.0,841.24,
2014,7,16,9,30.16,39.88,704.0,732.73,176.0,349.7,4.75,103.0,840.38,
2014,7,16,10,32.15,35.49,855.0,797.78,181.0,357.5,3.75,118.0,839.52,
2014,7,16,11,34.14,31.11,948.0,811.55,196.0,365.3,2.74,134.0,838.66,
2014,7,16,12,34.58,28.33,995.0,839.27,189.0,370.43,2.92,155.0,837.82,
2014,7,16,13,35.02,25.56,964.0,802.12,207.0,375.57,3.09,176.0,836.99,
2014,7,16,14,35.45,22.78,890.0,795.06,192.0,380.7,3.27,197.0,836.16,
2014,7,16,15,34.71,25.08,755.0,738.89,188.0,381.57,3.0,217.0,835.99,
2014,7,16,16,33.96,27.39,585.0,673.0,168.0,382.43,2.74,238.0,835.83,
2014,7,16,17,33.22,29.69,304.0,231.6,201.0,383.3,2.47,259.0,835.66,
2014,7,16,18,32.12,30.43,162.0,215.98,107.0,382.95,2.39,301.0,836.24,
2014,7,16,19,31.02,31.17,15.0,0.0,15.0,382.6,2.31,344.0,836.82,
2014,7,16,20,29.92,31.91,0.0,0.0,0.0,382.25,2.23,27.0,837.41,
2014,7,16,21,28.42,37.02,0.0,0.0,0.0,378.1,3.14,40.0,838.13,
2014,7,16,22,26.93,42.13,0.0,0.0,0.0,373.95,4.05,52.0,838.85,
2014,7,16,23,25.44,47.24,0.0,0.0,0.0,369.8,4.95,65.0,839.57,
2014,7,17,0,24.81,51.67,0.0,0.0,0.0,362.42,4.89,70.0,839.82,
2014,7,17,1,24.19,56.09,0.0,0.0,0.0,355.03,4.83,74.0,840.07,
2014,7,17,2,23.57,60.52,0.0,0.0,0.0,347.65,4.77,78.0,840.32,
2014,7,17,3,23.73,61.91,0.0,0.0,0.0,346.12,4.86,78.0,840.46,
2014,7,17,4,23.88,63.29,0.0,0.0,0.0,344.58,4.95,78.0,840.6,
2014,7,17,5,24.04,64.68,0.0,0.0,0.0,343.05,5.03,78.0,840.74,
2014,7,17,6,26.34,57.63,94.0,107.21,74.0,345.73,4.91,85.0,840.46,
2014,7,17,7,28.64,50.59,314.0,493.27,127.0,348.42,4.8,91.0,840.18,
2014,7,17,8,30.94,43.54,515.0,629.44,162.0,351.1,4.68,98.0,839.91,
2014,7,17,9,32.66,38.83,695.0,704.86,188.0,356.85,3.47,118.0,839.07,
2014,7,17,10,34.37,34.12,849.0,782.22,189.0,362.6,2.26,138.0,838.24,
2014,7,17,11,36.09,29.41,926.0,751.87,230.0,368.35,1.05,159.0,837.41,
2014,7,17,12,36.48,25.89,988.0,823.31,198.0,371.98,1.79,182.0,836.57,
2014,7,17,13,36.87,22.37,963.0,802.77,206.0,375.62,2.53,205.0,835.74,
2014,7,17,14,37.25,18.85,806.0,564.32,311.0,379.25,3.27,228.0,834.91,
2014,7,17,15,36.27,19.58,666.0,478.77,299.0,378.32,2.86,241.0,834.63,
2014,7,17,16,35.28,20.31,555.0,564.1,206.0,377.38,2.46,253.0,834.35,
2014,7,17,17,34.3,21.04,381.0,529.7,146.0,376.45,2.06,266.0,834.08,
2014,7,17,18,32.41,24.47,140.0,130.25,107.0,374.1,1.8,299.0,834.49,
2014,7,17,19,30.52,27.89,19.0,0.0,19.0,371.75,1.55,332.0,834.91,
2014,7,17,20,28.64,31.32,0.0,0.0,0.0,369.4,1.3,5.0,835.33,
2014,7,17,21,27.99,35.34,0.0,0.0,0.0,365.22,2.57,28.0,835.71,
2014,7,17,22,27.35,39.35,0.0,0.0,0.0,361.03,3.85,51.0,836.1,
2014,7,17,23,26.71,43.37,0.0,0.0,0.0,356.85,5.13,74.0,836.49,
2014,7,18,0,25.57,49.05,0.0,0.0,0.0,351.65,4.9,77.0,836.63,
2014,7,18,1,24.44,54.74,0.0,0.0,0.0,346.45,4.67,81.0,836.77,
2014,7,18,2,23.31,60.42,0.0,0.0,0.0,341.25,4.44,85.0,836.91,
2014,7,18,3,23.38,62.56,0.0,0.0,0.0,336.12,4.13,86.0,837.27,
2014,7,18,4,23.45,64.7,0.0,0.0,0.0,330.98,3.82,87.0,837.63,
2014,7,18,5,23.52,66.84,0.0,0.0,0.0,325.85,3.5,88.0,837.99,
2014,7,18,6,26.42,58.8,127.0,330.57,66.0,331.72,3.36,99.0,837.68,
2014,7,18,7,29.32,50.77,320.0,532.71,119.0,337.58,3.22,109.0,837.38,
2014,7,18,8,32.23,42.73,522.0,665.16,150.0,343.45,3.08,119.0,837.07,
2014,7,18,9,33.88,36.32,701.0,731.22,176.0,350.05,3.13,149.0,836.19,
2014,7,18,10,35.54,29.92,853.0,797.5,181.0,356.65,3.19,180.0,835.3,
2014,7,18,11,37.19,23.51,946.0,811.05,196.0,363.25,3.24,210.0,834.41,
2014,7,18,12,37.1,20.31,977.0,791.7,218.0,363.15,3.33,220.0,833.72,
2014,7,18,13,37.01,17.12,968.0,817.24,198.0,363.05,3.43,229.0,833.02,
2014,7,18,14,36.92,13.92,889.0,795.34,192.0,362.95,3.52,238.0,832.33,
2014,7,18,15,35.79,13.36,753.0,739.22,187.0,360.95,3.4,245.0,832.38,
2014,7,18,16,34.65,12.79,583.0,673.48,167.0,358.95,3.28,252.0,832.44,
2014,7,18,17,33.52,12.23,395.0,605.69,127.0,356.95,3.16,259.0,832.49,
2014,7,18,18,31.33,14.47,191.0,404.79,89.0,355.02,2.45,263.0,832.88,
2014,7,18,19,29.15,16.71,19.0,0.0,19.0,353.08,1.74,267.0,833.27,
2014,7,18,20,26.97,18.95,0.0,0.0,0.0,351.15,1.03,271.0,833.66,
2014,7,18,21,26.1,20.78,0.0,0.0,0.0,346.0,1.18,249.0,833.8,
2014,7,18,22,25.23,22.61,0.0,0.0,0.0,340.85,1.33,227.0,833.94,
2014,7,18,23,24.37,24.44,0.0,0.0,0.0,335.7,1.48,205.0,834.08,
2014,7,19,0,24.06,27.43,0.0,0.0,0.0,332.05,1.67,185.0,834.16,
2014,7,19,1,23.76,30.43,0.0,0.0,0.0,328.4,1.86,166.0,834.24,
2014,7,19,2,23.45,33.42,0.0,0.0,0.0,324.75,2.06,147.0,834.33,
2014,7,19,3,23.37,32.59,0.0,0.0,0.0,321.3,2.15,155.0,834.69,
2014,7,19,4,23.29,31.77,0.0,0.0,0.0,317.85,2.25,163.0,835.05,
2014,7,19,5,23.21,30.94,0.0,0.0,0.0,314.4,2.34,171.0,835.41,
2014,7,19,6,26.12,27.68,125.0,323.31,66.0,320.63,2.26,185.0,835.41,
2014,7,19,7,29.04,24.41,316.0,521.96,120.0,326.87,2.18,199.0,835.41,
2014,7,19,8,31.96,21.15,525.0,690.34,140.0,333.1,2.1,213.0,835.41,
2014,7,19,9,33.31,18.9,699.0,731.2,175.0,337.42,2.75,222.0,834.77,
2014,7,19,10,34.65,16.64,837.0,752.25,204.0,341.73,3.4,230.0,834.13,
2014,7,19,11,36.0,14.39,940.0,795.68,205.0,346.05,4.06,239.0,833.49,
2014,7,19,12,35.92,13.36,959.0,747.54,243.0,345.67,4.09,242.0,832.86,
2014,7,19,13,35.84,12.34,951.0,772.3,224.0,345.28,4.13,245.0,832.22,
2014,7,19,14,35.75,11.31,878.0,765.28,208.0,344.9,4.17,248.0,831.58,
2014,7,19,15,34.42,11.6,753.0,738.82,188.0,343.17,4.46,249.0,831.66,
2014,7,19,16,33.1,11.9,582.0,673.03,167.0,341.43,4.74,250.0,831.75,
2014,7,19,17,31.77,12.19,394.0,605.14,127.0,339.7,5.03,250.0,831.83,
2014,7,19,18,29.6,15.9,189.0,403.17,88.0,336.05,4.16,249.0,832.19,
2014,7,19,19,27.43,19.6,19.0,0.0,19.0,332.4,3.29,248.0,832.55,
2014,7,19,20,25.27,23.31,0.0,0.0,0.0,328.75,2.41,247.0,832.91,
2014,7,19,21,24.56,25.31,0.0,0.0,0.0,325.03,2.13,232.0,833.05,
2014,7,19,22,23.85,27.31,0.0,0.0,0.0,321.32,1.85,216.0,833.19,
2014,7,19,23,23.14,29.31,0.0,0.0,0.0,317.6,1.57,201.0,833.33,
2014,7,20,0,22.87,30.69,0.0,0.0,0.0,314.82,1.6,182.0,833.41,
2014,7,20,1,22.61,32.06,0.0,0.0,0.0,312.03,1.62,163.0,833.49,
2014,7,20,2,22.34,33.44,0.0,0.0,0.0,309.25,1.64,144.0,833.58,
2014,7,20,3,22.35,39.36,0.0,0.0,0.0,309.05,1.97,139.0,834.02,
2014,7,20,4,22.36,45.29,0.0,0.0,0.0,308.85,2.29,134.0,834.47,
2014,7,20,5,22.37,51.21,0.0,0.0,0.0,308.65,2.62,128.0,834.91,
2014,7,20,6,25.04,42.65,123.0,315.95,66.0,315.15,2.62,134.0,834.94,
2014,7,20,7,27.71,34.09,321.0,559.32,112.0,321.65,2.62,140.0,834.96,
2014,7,20,8,30.38,25.53,515.0,650.97,153.0,328.15,2.62,146.0,834.99,
2014,7,20,9,31.61,23.26,698.0,731.21,175.0,334.75,2.52,166.0,834.35,
2014,7,20,10,32.84,21.0,850.0,796.14,181.0,341.35,2.43,185.0,833.72,
2014,7,20,11,34.07,18.73,944.0,810.65,196.0,347.95,2.33,205.0,833.08,
2014,7,20,12,33.96,17.75,986.0,822.47,199.0,348.2,2.69,214.0,832.49,
2014,7,20,13,33.85,16.77,950.0,771.96,224.0,348.45,3.05,223.0,831.91,
2014,7,20,14,33.74,15.79,877.0,764.94,208.0,348.7,3.41,232.0,831.33,
2014,7,20,15,32.53,16.4,752.0,738.48,188.0,352.17,3.3,233.0,831.0,
2014,7,20,16,31.32,17.01,581.0,672.66,167.0,355.63,3.19,235.0,830.66,
2014,7,20,17,30.11,17.62,384.0,559.23,138.0,359.1,3.08,236.0,830.33,
2014,7,20,18,28.26,21.71,180.0,349.45,93.0,349.5,2.67,234.0,831.25,
2014,7,20,19,26.42,25.81,17.0,0.0,17.0,339.9,2.26,231.0,832.16,
2014,7,20,20,24.58,29.9,0.0,0.0,0.0,330.3,1.85,229.0,833.08,
2014,7,20,21,23.54,34.17,0.0,0.0,0.0,324.88,2.58,200.0,833.69,
2014,7,20,22,22.5,38.45,0.0,0.0,0.0,319.47,3.31,171.0,834.3,
2014,7,20,23,21.46,42.72,0.0,0.0,0.0,314.05,4.04,141.0,834.91,
2014,7,21,0,21.28,46.71,0.0,0.0,0.0,309.67,3.72,136.0,835.16,
2014,7,21,1,21.11,50.69,0.0,0.0,0.0,305.28,3.41,130.0,835.41,
2014,7,21,2,20.93,54.68,0.0,0.0,0.0,300.9,3.09,125.0,835.66,
2014,7,21,3,21.11,57.38,0.0,0.0,0.0,299.98,2.95,135.0,835.85,
2014,7,21,4,21.29,60.09,0.0,0.0,0.0,299.07,2.8,144.0,836.05,
2014,7,21,5,21.47,62.79,0.0,0.0,0.0,298.15,2.66,154.0,836.24,
2014,7,21,6,23.49,54.59,126.0,364.55,61.0,303.42,2.98,168.0,836.05,
2014,7,21,7,25.51,46.38,312.0,519.09,119.0,308.68,3.3,181.0,835.85,
2014,7,21,8,27.54,38.18,514.0,651.07,153.0,313.95,3.61,195.0,835.66,
2014,7,21,9,28.55,33.27,704.0,757.85,163.0,318.07,3.9,205.0,835.05,
2014,7,21,10,29.56,28.37,849.0,796.09,181.0,322.18,4.19,215.0,834.44,
2014,7,21,11,30.57,23.46,938.0,795.3,205.0,326.3,4.48,226.0,833.83,
2014,7,21,12,30.3,22.38,974.0,791.91,217.0,326.37,4.81,229.0,833.44,
2014,7,21,13,30.03,21.31,949.0,771.67,224.0,326.43,5.14,233.0,833.05,
2014,7,21,14,29.75,20.23,876.0,764.64,208.0,326.5,5.48,236.0,832.66,
2014,7,21,15,28.5,21.34,750.0,738.2,187.0,321.58,5.45,239.0,833.05,
2014,7,21,16,27.26,22.46,578.45,665.45,169.7,316.67,5.43,242.0,833.44,
2014,7,21,17,26.01,23.57,382.0,558.76,137.0,311.75,5.41,244.0,833.83,
2014,7,21,18,24.5,27.54,185.0,392.2,88.0,309.82,4.3,244.0,834.44,
2014,7,21,19,22.99,31.51,17.0,0.0,17.0,307.88,3.2,244.0,835.05,
2014,7,21,20,21.49,35.48,0.0,0.0,0.0,305.95,2.1,244.0,835.66,
2014,7,21,21,21.0,40.27,0.0,0.0,0.0,304.02,1.69,239.0,835.85,
2014,7,21,22,20.52,45.05,0.0,0.0,0.0,302.08,1.29,234.0,836.05,
2014,7,21,23,20.04,49.84,0.0,0.0,0.0,300.15,0.88,229.0,836.24,
2014,7,22,0,19.96,50.4,0.0,0.0,0.0,298.52,0.86,222.0,836.35,
2014,7,22,1,19.88,50.95,0.0,0.0,0.0,296.88,0.85,215.0,836.46,
2014,7,22,2,19.8,51.51,0.0,0.0,0.0,295.25,0.83,208.0,836.57,
2014,7,22,3,20.04,56.7,0.0,0.0,0.0,294.55,0.85,200.0,837.24,
2014,7,22,4,20.28,61.9,0.0,0.0,0.0,293.85,0.86,191.0,837.91,
2014,7,22,5,20.52,67.09,0.0,0.0,0.0,293.15,0.88,183.0,838.57,
2014,7,22,6,22.37,57.83,112.0,255.45,67.0,300.08,1.09,161.0,838.55,
2014,7,22,7,24.23,48.56,296.0,440.64,133.0,307.02,1.3,139.0,838.52,
2014,7,22,8,26.09,39.3,503.0,613.21,164.0,313.95,1.5,118.0,838.49,
2014,7,22,9,27.06,35.04,695.0,729.89,175.0,318.52,1.73,136.0,838.05,
2014,7,22,10,28.04,30.79,838.0,766.23,196.0,323.08,1.95,154.0,837.6,
2014,7,22,11,29.01,26.53,937.0,795.16,205.0,327.65,2.18,172.0,837.16,
2014,7,22,12,29.24,24.64,973.0,791.7,217.0,328.83,2.53,193.0,836.82,
2014,7,22,13,29.47,22.74,948.0,771.41,224.0,330.02,2.89,214.0,836.49,
2014,7,22,14,29.69,20.85,865.0,735.74,223.0,331.2,3.24,235.0,836.16,
2014,7,22,15,29.18,20.6,749.0,737.98,187.0,326.95,3.05,258.0,836.13,
2014,7,22,16,28.68,20.35,578.0,672.15,166.0,322.7,2.86,281.0,836.1,
2014,7,22,17,28.17,20.1,387.0,590.42,129.0,318.45,2.68,305.0,836.08,
2014,7,22,18,26.41,23.04,190.0,435.68,83.0,317.57,2.58,333.0,836.8,
2014,7,22,19,24.65,25.97,16.0,0.0,16.0,316.68,2.49,1.0,837.52,
2014,7,22,20,22.89,28.91,0.0,0.0,0.0,315.8,2.4,29.0,838.24,
2014,7,22,21,22.31,32.68,0.0,0.0,0.0,312.83,3.2,36.0,838.88,
2014,7,22,22,21.73,36.46,0.0,0.0,0.0,309.87,3.99,44.0,839.52,
2014,7,22,23,21.16,40.23,0.0,0.0,0.0,306.9,4.79,51.0,840.16,
2014,7,23,0,20.63,44.16,0.0,0.0,0.0,304.15,4.7,52.0,840.6,
2014,7,23,1,20.11,48.09,0.0,0.0,0.0,301.4,4.61,52.0,841.04,
2014,7,23,2,19.59,52.02,0.0,0.0,0.0,298.65,4.52,52.0,841.49,
2014,7,23,3,19.46,51.35,0.0,0.0,0.0,295.82,4.32,52.0,842.01,
2014,7,23,4,19.32,50.69,0.0,0.0,0.0,292.98,4.12,53.0,842.54,
2014,7,23,5,19.19,50.02,0.0,0.0,0.0,290.15,3.92,53.0,843.07,
2014,7,23,6,20.93,44.03,116.0,298.86,64.0,294.4,4.37,54.0,842.76,
2014,7,23,7,22.67,38.05,307.0,505.44,121.0,298.65,4.82,55.0,842.46,
2014,7,23,8,24.42,32.06,502.0,613.25,164.0,302.9,5.27,56.0,842.15,
2014,7,23,9,26.23,28.92,693.0,729.96,174.0,309.35,4.97,59.0,841.29,
2014,7,23,10,28.04,25.78,837.0,766.18,196.0,315.8,4.66,62.0,840.43,
2014,7,23,11,29.85,22.64,941.0,810.26,196.0,322.25,4.36,65.0,839.57,
2014,7,23,12,30.37,21.67,983.0,821.92,199.0,326.27,3.9,69.0,838.96,
2014,7,23,13,30.89,20.69,958.0,801.06,207.0,330.28,3.44,73.0,838.35,
2014,7,23,14,31.4,19.72,874.0,764.2,208.0,334.3,2.98,77.0,837.74,
2014,7,23,15,30.74,20.54,756.0,766.76,173.0,335.58,3.15,72.0,837.82,
2014,7,23,16,30.07,21.37,583.0,696.54,157.0,336.87,3.32,67.0,837.91,
2014,7,23,17,29.41,22.19,386.0,590.26,129.0,338.15,3.49,62.0,837.99,
2014,7,23,18,27.45,25.59,181.0,381.5,88.0,335.27,4.25,58.0,838.93,
2014,7,23,19,25.5,29.0,15.0,0.0,15.0,332.38,5.02,54.0,839.88,
2014,7,23,20,23.55,32.4,0.0,0.0,0.0,329.5,5.78,49.0,840.82,
2014,7,23,21,22.52,35.75,0.0,0.0,0.0,326.3,5.7,51.0,841.29,
2014,7,23,22,21.49,39.09,0.0,0.0,0.0,323.1,5.61,52.0,841.76,
2014,7,23,23,20.47,42.44,0.0,0.0,0.0,319.9,5.53,53.0,842.24,
2014,7,24,0,20.01,45.45,0.0,0.0,0.0,317.23,5.17,54.0,842.38,
2014,7,24,1,19.55,48.46,0.0,0.0,0.0,314.57,4.8,55.0,842.51,
2014,7,24,2,19.09,51.47,0.0,0.0,0.0,311.9,4.44,55.0,842.65,
2014,7,24,3,19.17,51.4,0.0,0.0,0.0,309.63,3.78,56.0,842.68,
2014,7,24,4,19.25,51.32,0.0,0.0,0.0,307.37,3.13,56.0,842.71,
2014,7,24,5,19.33,51.25,0.0,0.0,0.0,305.1,2.47,57.0,842.74,
2014,7,24,6,21.32,45.51,113.0,291.04,63.0,309.67,3.2,62.0,842.29,
2014,7,24,7,23.32,39.76,311.0,543.63,112.0,314.23,3.92,66.0,841.85,
2014,7,24,8,25.32,34.02,508.0,647.9,152.0,318.8,4.65,71.0,841.4,
2014,7,24,9,27.44,30.99,692.0,728.65,175.0,326.9,4.3,82.0,840.32,
2014,7,24,10,29.55,27.95,835.0,766.16,195.0,335.0,3.96,92.0,839.24,
2014,7,24,11,31.67,24.92,929.0,779.7,213.0,343.1,3.61,103.0,838.16,
2014,7,24,12,32.45,23.69,971.0,791.36,217.0,348.32,2.75,121.0,837.24,
2014,7,24,13,33.23,22.45,957.0,800.91,207.0,353.53,1.89,139.0,836.32,
2014,7,24,14,34.01,21.22,873.0,764.05,208.0,358.75,1.03,157.0,835.41,
2014,7,24,15,33.64,21.12,755.0,765.41,174.0,360.7,1.88,176.0,834.88,
2014,7,24,16,33.27,21.03,582.0,696.55,157.0,362.65,2.72,196.0,834.35,
2014,7,24,17,32.9,20.93,384.0,587.91,129.0,364.6,3.56,216.0,833.83,
2014,7,24,18,31.21,24.87,172.0,330.76,92.0,359.92,2.79,160.0,834.44,
2014,7,24,19,29.52,28.82,15.0,0.0,15.0,355.23,2.01,105.0,835.05,
2014,7,24,20,27.84,32.76,0.0,0.0,0.0,350.55,1.24,50.0,835.66,
2014,7,24,21,26.25,37.76,0.0,0.0,0.0,345.22,2.07,56.0,836.19,
2014,7,24,22,24.66,42.76,0.0,0.0,0.0,339.88,2.91,62.0,836.71,
2014,7,24,23,23.08,47.76,0.0,0.0,0.0,334.55,3.74,67.0,837.24,
2014,7,25,0,22.55,52.14,0.0,0.0,0.0,330.97,3.46,69.0,837.41,
2014,7,25,1,22.03,56.51,0.0,0.0,0.0,327.38,3.18,70.0,837.57,
2014,7,25,2,21.5,60.89,0.0,0.0,0.0,323.8,2.9,71.0,837.74,
2014,7,25,3,21.48,61.34,0.0,0.0,0.0,320.22,2.98,71.0,838.02,
2014,7,25,4,21.45,61.78,0.0,0.0,0.0,316.63,3.07,71.0,838.3,
2014,7,25,5,21.43,62.23,0.0,0.0,0.0,313.05,3.16,72.0,838.57,
2014,7,25,6,24.16,54.97,110.0,277.16,63.0,319.45,2.92,79.0,838.24,
2014,7,25,7,26.89,47.71,296.0,464.16,127.0,325.85,2.69,86.0,837.91,
2014,7,25,8,29.62,40.45,498.0,611.59,163.0,332.25,2.46,93.0,837.57,
2014,7,25,9,31.43,35.8,679.0,687.82,192.0,340.72,2.34,131.0,836.66,
2014,7,25,10,33.23,31.16,834.0,764.97,196.0,349.18,2.23,169.0,835.74,
2014,7,25,11,35.04,26.51,928.0,779.62,213.0,357.65,2.12,207.0,834.83,
2014,7,25,12,35.25,23.49,969.0,791.24,216.0,357.93,2.59,214.0,834.13,
2014,7,25,13,35.46,20.48,945.0,770.87,224.0,358.22,3.06,222.0,833.44,
2014,7,25,14,35.67,17.46,872.0,763.95,208.0,358.5,3.53,230.0,832.74,
2014,7,25,15,34.63,17.94,745.0,737.72,186.0,361.2,3.06,237.0,832.77,
2014,7,25,16,33.58,18.43,564.0,632.56,179.0,363.9,2.58,243.0,832.8,
2014,7,25,17,32.54,18.91,382.0,587.97,128.0,366.6,2.11,250.0,832.83,
2014,7,25,18,30.5,22.55,177.0,371.03,88.0,363.42,1.6,254.0,833.33,
2014,7,25,19,28.47,26.2,13.0,0.0,13.0,360.23,1.08,259.0,833.83,
2014,7,25,20,26.44,29.84,0.0,0.0,0.0,357.05,0.57,263.0,834.33,
2014,7,25,21,26.22,32.51,0.0,0.0,0.0,353.15,0.89,320.0,834.6,
2014,7,25,22,26.01,35.18,0.0,0.0,0.0,349.25,1.21,18.0,834.88,
2014,7,25,23,25.8,37.85,0.0,0.0,0.0,345.35,1.53,76.0,835.16,
2014,7,26,0,25.56,40.64,0.0,0.0,0.0,343.57,1.68,78.0,835.49,
2014,7,26,1,25.33,43.42,0.0,0.0,0.0,341.78,1.83,80.0,835.83,
2014,7,26,2,25.09,46.21,0.0,0.0,0.0,340.0,1.99,82.0,836.16,
2014,7,26,3,25.1,46.37,0.0,0.0,0.0,345.73,2.55,82.0,836.6,
2014,7,26,4,25.11,46.54,0.0,0.0,0.0,351.47,3.11,82.0,837.05,
2014,7,26,5,25.12,46.7,0.0,0.0,0.0,357.2,3.67,82.0,837.49,
2014,7,26,6,27.22,41.52,69.0,47.81,61.0,359.18,3.93,85.0,837.52,
2014,7,26,7,29.32,36.33,225.0,173.98,162.0,361.17,4.19,88.0,837.55,
2014,7,26,8,31.43,31.15,284.0,65.93,248.0,363.15,4.46,91.0,837.57,
2014,7,26,9,32.73,28.61,654.0,610.03,223.0,365.7,3.38,120.0,836.88,
2014,7,26,10,34.03,26.08,809.0,694.14,231.0,368.25,2.31,148.0,836.19,
2014,7,26,11,35.33,23.54,922.0,764.28,222.0,370.8,1.24,177.0,835.49,
2014,7,26,12,35.35,21.78,974.0,805.89,208.0,372.33,1.79,189.0,834.99,
2014,7,26,13,35.37,20.01,827.0,483.87,375.0,373.87,2.34,200.0,834.49,
2014,7,26,14,35.38,18.25,880.0,793.86,191.0,375.4,2.9,212.0,833.99,
2014,7,26,15,34.13,18.39,744.0,736.43,187.0,371.48,2.76,221.0,833.74,
2014,7,26,16,32.88,18.54,563.0,632.58,179.0,367.57,2.63,230.0,833.49,
2014,7,26,17,31.63,18.68,378.0,576.51,130.0,363.65,2.5,239.0,833.24,
2014,7,26,18,29.82,20.66,174.0,361.66,88.0,358.22,2.41,241.0,834.1,
2014,7,26,19,28.01,22.64,12.0,0.0,12.0,352.78,2.33,244.0,834.96,
2014,7,26,20,26.21,24.62,0.0,0.0,0.0,347.35,2.25,247.0,835.83,
2014,7,26,21,25.23,30.71,0.0,0.0,0.0,343.3,2.06,223.0,836.41,
2014,7,26,22,24.25,36.81,0.0,0.0,0.0,339.25,1.86,199.0,836.99,
2014,7,26,23,23.27,42.9,0.0,0.0,0.0,335.2,1.67,174.0,837.57,
2014,7,27,0,23.15,45.57,0.0,0.0,0.0,331.6,1.69,163.0,837.82,
2014,7,27,1,23.03,48.25,0.0,0.0,0.0,328.0,1.71,151.0,838.07,
2014,7,27,2,22.91,50.92,0.0,0.0,0.0,324.4,1.72,139.0,838.32,
2014,7,27,3,22.91,54.58,0.0,0.0,0.0,321.77,1.55,150.0,838.71,
2014,7,27,4,22.9,58.24,0.0,0.0,0.0,319.13,1.37,162.0,839.1,
2014,7,27,5,22.9,61.9,0.0,0.0,0.0,316.5,1.2,174.0,839.49,
2014,7,27,6,25.09,52.18,111.0,315.05,59.0,320.47,1.57,197.0,839.54,
2014,7,27,7,27.29,42.46,297.0,488.75,121.0,324.43,1.94,220.0,839.6,
2014,7,27,8,29.49,32.74,500.0,633.88,155.0,328.4,2.32,243.0,839.66,
2014,7,27,9,30.42,29.24,683.0,713.49,180.0,330.18,2.66,243.0,839.18,
2014,7,27,10,31.34,25.75,831.0,765.05,195.0,331.97,3.01,242.0,838.71,
2014,7,27,11,32.27,22.25,925.0,779.53,212.0,333.75,3.35,242.0,838.24,
2014,7,27,12,32.1,20.03,967.0,791.11,216.0,330.2,3.29,245.0,837.74,
2014,7,27,13,31.93,17.8,932.0,741.76,240.0,326.65,3.22,248.0,837.24,
2014,7,27,14,31.75,15.58,860.0,735.06,223.0,323.1,3.16,251.0,836.74,
2014,7,27,15,30.62,15.35,738.0,721.97,193.0,318.27,3.27,252.0,836.8,
2014,7,27,16,29.5,15.13,577.0,693.79,157.0,313.43,3.38,253.0,836.85,
2014,7,27,17,28.37,14.9,377.0,574.42,131.0,308.6,3.49,254.0,836.91,
2014,7,27,18,26.44,16.51,172.0,360.75,87.0,306.43,3.04,254.0,837.44,
2014,7,27,19,24.51,18.13,10.0,0.0,10.0,304.27,2.6,256.0,837.96,
2014,7,27,20,22.59,19.74,0.0,0.0,0.0,302.1,2.15,256.0,838.49,
2014,7,27,21,21.93,24.13,0.0,0.0,0.0,300.45,2.01,213.0,838.91,
2014,7,27,22,21.27,28.52,0.0,0.0,0.0,298.8,1.88,169.0,839.32,
2014,7,27,23,20.61,32.91,0.0,0.0,0.0,297.15,1.74,125.0,839.74,
2014,7,28,0,20.92,37.19,0.0,0.0,0.0,294.65,2.38,110.0,839.99,
2014,7,28,1,21.24,41.48,0.0,0.0,0.0,292.15,3.03,94.0,840.24,
2014,7,28,2,21.56,45.76,0.0,0.0,0.0,289.65,3.67,79.0,840.49,
2014,7,28,3,20.77,47.36,0.0,0.0,0.0,287.97,4.51,74.0,840.99,
2014,7,28,4,19.98,48.96,0.0,0.0,0.0,286.28,5.36,69.0,841.49,
2014,7,28,5,19.19,50.56,0.0,0.0,0.0,284.6,6.21,64.0,841.99,
2014,7,28,6,21.44,45.44,109.0,307.21,59.0,290.6,6.47,65.0,841.9,
2014,7,28,7,23.69,40.32,295.0,488.73,120.0,296.6,6.73,65.0,841.82,
2014,7,28,8,25.95,35.2,498.0,632.27,155.0,302.6,6.99,65.0,841.74,
2014,7,28,9,27.25,32.01,674.0,686.64,191.0,309.47,6.4,66.0,841.04,
2014,7,28,10,28.56,28.81,820.0,735.01,210.0,316.33,5.82,67.0,840.35,
2014,7,28,11,29.86,25.62,924.0,778.44,213.0,323.2,5.23,67.0,839.66,
2014,7,28,12,30.1,24.87,960.0,775.27,225.0,327.2,4.01,68.0,838.96,
2014,7,28,13,30.34,24.11,931.0,740.63,241.0,331.2,2.79,69.0,838.27,
2014,7,28,14,30.58,23.36,873.0,777.83,200.0,335.2,1.57,70.0,837.57,
2014,7,28,15,29.92,24.62,737.0,722.11,193.0,333.5,1.56,63.0,837.74,
2014,7,28,16,29.26,25.87,575.0,694.14,156.0,331.8,1.55,57.0,837.91,
2014,7,28,17,28.6,27.13,375.0,574.76,130.0,330.1,1.54,50.0,838.07,
2014,7,28,18,26.7,32.73,184.0,471.38,74.0,326.33,3.27,50.0,839.1,
2014,7,28,19,24.81,38.34,10.0,0.0,10.0,322.57,5.0,49.0,840.13,
2014,7,28,20,22.92,43.94,0.0,0.0,0.0,318.8,6.73,48.0,841.15,
2014,7,28,21,21.9,49.06,0.0,0.0,0.0,316.73,6.72,49.0,841.6,
2014,7,28,22,20.88,54.17,0.0,0.0,0.0,314.67,6.71,49.0,842.04,
2014,7,28,23,19.87,59.29,0.0,0.0,0.0,312.6,6.7,50.0,842.49,
2014,7,29,0,19.31,63.12,0.0,0.0,0.0,311.7,5.74,51.0,842.65,
2014,7,29,1,18.75,66.96,0.0,0.0,0.0,310.8,4.78,52.0,842.82,
2014,7,29,2,18.19,70.79,0.0,0.0,0.0,309.9,3.82,53.0,842.99,
2014,7,29,3,17.94,72.77,0.0,0.0,0.0,308.37,3.66,53.0,843.26,
2014,7,29,4,17.7,74.74,0.0,0.0,0.0,306.83,3.5,54.0,843.54,
2014,7,29,5,17.45,76.72,0.0,0.0,0.0,305.3,3.34,54.0,843.82,
2014,7,29,6,18.91,68.27,111.0,355.28,54.0,306.57,3.77,54.0,843.54,
2014,7,29,7,20.37,59.82,299.0,525.24,112.0,307.83,4.2,55.0,843.26,
2014,7,29,8,21.83,51.37,496.0,632.53,154.0,309.1,4.63,55.0,842.99,
2014,7,29,9,23.75,45.16,680.0,712.41,180.0,314.2,3.98,55.0,842.1,
2014,7,29,10,25.67,38.94,828.0,764.03,195.0,319.3,3.33,56.0,841.21,
2014,7,29,11,27.59,32.73,923.0,778.47,213.0,324.4,2.68,56.0,840.32,
2014,7,29,12,28.12,30.46,959.0,775.27,225.0,328.85,1.96,58.0,839.71,
2014,7,29,13,28.65,28.19,945.0,785.76,214.0,333.3,1.25,59.0,839.1,
2014,7,29,14,29.18,25.92,871.0,777.97,199.0,337.75,0.54,61.0,838.49,
2014,7,29,15,28.63,26.08,743.0,750.26,179.0,337.25,1.23,62.0,838.43,
2014,7,29,16,28.08,26.23,570.0,679.62,161.0,336.75,1.92,63.0,838.38,
2014,7,29,17,27.53,26.39,378.0,605.86,121.0,336.25,2.61,63.0,838.32,
2014,7,29,18,25.69,30.22,179.0,445.87,76.0,333.02,4.21,61.0,839.24,
2014,7,29,19,23.86,34.06,0.0,0.0,0.0,329.78,5.82,59.0,840.16,
2014,7,29,20,22.03,37.89,0.0,0.0,0.0,326.55,7.42,57.0,841.07,
2014,7,29,21,21.06,42.28,0.0,0.0,0.0,321.87,7.31,57.0,841.57,
2014,7,29,22,20.09,46.67,0.0,0.0,0.0,317.18,7.2,57.0,842.07,
2014,7,29,23,19.13,51.06,0.0,0.0,0.0,312.5,7.09,57.0,842.57,
2014,7,30,0,18.63,55.63,0.0,0.0,0.0,308.07,6.43,59.0,842.74,
2014,7,30,1,18.13,60.2,0.0,0.0,0.0,303.63,5.77,62.0,842.9,
2014,7,30,2,17.63,64.77,0.0,0.0,0.0,299.2,5.1,64.0,843.07,
2014,7,30,3,17.51,63.19,0.0,0.0,0.0,297.75,4.69,65.0,843.12,
2014,7,30,4,17.4,61.6,0.0,0.0,0.0,296.3,4.27,67.0,843.18,
2014,7,30,5,17.28,60.02,0.0,0.0,0.0,294.85,3.85,68.0,843.24,
2014,7,30,6,19.1,53.44,108.0,341.56,54.0,298.98,4.27,69.0,842.93,
2014,7,30,7,20.92,46.85,304.0,565.04,104.0,303.12,4.69,69.0,842.63,
2014,7,30,8,22.75,40.27,494.0,630.95,154.0,307.25,5.12,70.0,842.32,
2014,7,30,9,24.87,35.9,678.0,711.19,180.0,314.87,4.98,72.0,841.43,
2014,7,30,10,26.99,31.52,836.0,793.17,180.0,322.48,4.85,75.0,840.54,
2014,7,30,11,29.11,27.15,921.0,778.53,212.0,330.1,4.72,77.0,839.66,
2014,7,30,12,29.69,26.08,936.0,716.07,259.0,333.8,4.12,81.0,838.93,
2014,7,30,13,30.27,25.02,928.0,740.64,240.0,337.5,3.53,85.0,838.21,
2014,7,30,14,30.85,23.95,860.0,748.0,215.0,341.2,2.94,90.0,837.49,
2014,7,30,15,30.46,24.32,734.0,721.27,193.0,341.62,3.13,87.0,837.41,
2014,7,30,16,30.08,24.68,568.0,680.11,160.0,342.03,3.31,85.0,837.32,
2014,7,30,17,29.69,25.05,370.0,571.05,129.0,342.45,3.5,82.0,837.24,
2014,7,30,18,27.73,29.61,176.0,433.13,77.0,339.97,4.88,76.0,838.16,
2014,7,30,19,25.78,34.18,0.0,0.0,0.0,337.48,6.25,70.0,839.07,
2014,7,30,20,23.83,38.74,0.0,0.0,0.0,335.0,7.63,64.0,839.99,
2014,7,30,21,22.82,43.13,0.0,0.0,0.0,331.78,7.45,65.0,840.49,
2014,7,30,22,21.81,47.51,0.0,0.0,0.0,328.57,7.28,67.0,840.99,
2014,7,30,23,20.8,51.9,0.0,0.0,0.0,325.35,7.1,69.0,841.49,
2014,7,31,0,20.39,55.07,0.0,0.0,0.0,324.42,6.6,71.0,841.57,
2014,7,31,1,19.99,58.25,0.0,0.0,0.0,323.48,6.1,73.0,841.65,
2014,7,31,2,19.59,61.42,0.0,0.0,0.0,322.55,5.6,75.0,841.74,
2014,7,31,3,19.54,61.03,0.0,0.0,0.0,322.5,5.52,74.0,841.93,
2014,7,31,4,19.49,60.64,0.0,0.0,0.0,322.45,5.43,72.0,842.13,
2014,7,31,5,19.44,60.25,0.0,0.0,0.0,322.4,5.35,71.0,842.32,
2014,7,31,6,21.26,53.67,101.0,282.52,57.0,325.4,5.58,74.0,841.96,
2014,7,31,7,23.09,47.08,287.0,474.6,120.0,328.4,5.81,78.0,841.6,
2014,7,31,8,24.92,40.5,492.0,629.38,154.0,331.4,6.04,81.0,841.24,
2014,7,31,9,26.83,36.97,676.0,711.41,179.0,337.28,5.42,90.0,840.29,
2014,7,31,10,28.74,33.43,825.0,763.1,195.0,343.17,4.79,98.0,839.35,
2014,7,31,11,30.65,29.9,899.0,720.33,244.0,349.05,4.17,107.0,838.41,
2014,7,31,12,31.18,28.32,951.0,759.48,234.0,353.03,3.46,122.0,837.6,
2014,7,31,13,31.71,26.74,932.0,754.72,232.0,357.02,2.75,136.0,836.8,
2014,7,31,14,32.23,25.16,854.0,734.26,222.0,361.0,2.04,151.0,835.99,
2014,7,31,15,32.09,23.67,732.0,720.28,193.0,357.8,2.11,103.0,835.69,
2014,7,31,16,31.95,22.17,560.0,653.93,169.0,354.6,2.19,55.0,835.38,
2014,7,31,17,31.81,20.68,366.0,559.81,131.0,351.4,2.26,7.0,835.08,
2014,7,31,18,29.74,26.34,167.0,380.45,81.0,346.27,3.02,20.0,835.99,
2014,7,31,19,21.18,54.5,0.0,0.0,0.0,327.48,5.71,34.0,836.91,
2014,7,31,20,21.82,53.23,0.0,0.0,0.0,328.44,5.64,47.0,837.82,
2014,7,31,21,22.46,51.96,0.0,0.0,0.0,329.41,5.58,53.0,838.57,
2014,7,31,22,23.1,50.7,0.0,0.0,0.0,330.38,5.52,59.0,839.32,
2014,7,31,23,23.74,49.43,0.0,0.0,0.0,331.34,5.45,64.0,840.07,
2011,8,1,0,24.38,48.16,0.0,0.0,0.0,332.31,5.39,67.0,840.4,
2011,8,1,1,25.02,46.89,0.0,0.0,0.0,333.27,5.32,70.0,840.74,
2011,8,1,2,25.66,45.62,0.0,0.0,0.0,334.24,5.26,74.0,841.07,
2011,8,1,3,26.3,44.35,0.0,0.0,0.0,335.2,5.19,87.0,837.19,
2011,8,1,4,26.94,43.08,0.0,0.0,0.0,336.17,5.13,90.0,837.38,
2011,8,1,5,27.59,41.81,0.0,0.0,0.0,337.14,5.07,94.0,837.57,
2011,8,1,6,28.23,40.54,101.0,306.47,54.0,338.1,5.0,98.0,837.77,
2011,8,1,7,28.87,39.27,294.0,520.35,112.0,339.07,4.94,102.0,837.96,
2011,8,1,8,29.51,38.0,503.0,682.02,138.0,340.03,4.87,107.0,838.16,
2011,8,1,9,30.15,36.73,702.0,809.23,138.0,341.0,4.81,115.0,837.57,
2011,8,1,10,30.79,35.46,851.0,848.22,152.0,341.96,4.74,124.0,836.99,
2011,8,1,11,37.01,17.28,969.0,928.54,126.0,355.25,2.4,132.0,836.41,
2011,8,1,12,36.98,16.41,1002.0,908.08,146.0,355.33,1.86,127.0,835.94,
2011,8,1,13,36.96,15.54,976.0,886.6,155.0,355.42,1.32,122.0,835.46,
2011,8,1,14,36.94,14.67,885.0,831.09,171.0,355.5,0.79,117.0,834.99,
2011,8,1,15,36.22,18.2,739.0,744.8,183.0,349.78,0.97,110.0,834.91,
2011,8,1,16,35.51,21.73,575.0,719.96,146.0,344.07,1.15,103.0,834.83,
2011,8,1,17,34.79,25.26,362.0,543.77,135.0,338.35,1.34,95.0,834.74,
2011,8,1,18,32.71,23.3,163.0,362.53,82.0,337.13,2.87,91.0,835.24,
2011,8,1,19,30.64,21.35,0.0,0.0,0.0,335.92,4.41,87.0,835.74,
2011,8,1,20,28.56,19.39,0.0,0.0,0.0,334.7,5.94,83.0,836.24,
2011,8,1,21,27.33,21.34,0.0,0.0,0.0,332.88,6.2,84.0,836.77,
2011,8,1,22,26.1,23.3,0.0,0.0,0.0,331.07,6.46,85.0,837.3,
2011,8,1,23,24.87,25.25,0.0,0.0,0.0,329.25,6.72,85.0,837.82,
2011,8,2,0,24.32,27.46,0.0,0.0,0.0,324.87,6.29,87.0,838.07,
2011,8,2,1,23.78,29.67,0.0,0.0,0.0,320.48,5.85,89.0,838.32,
2011,8,2,2,23.23,31.88,0.0,0.0,0.0,316.1,5.42,91.0,838.57,
2011,8,2,3,23.17,34.89,0.0,0.0,0.0,315.45,5.29,93.0,838.71,
2011,8,2,4,23.1,37.89,0.0,0.0,0.0,314.8,5.16,95.0,838.85,
2011,8,2,5,23.04,40.9,0.0,0.0,0.0,314.15,5.03,97.0,838.99,
2011,8,2,6,26.24,35.0,99.0,291.47,55.0,319.22,5.3,101.0,838.96,
2011,8,2,7,29.44,29.09,292.0,520.65,111.0,324.28,5.56,105.0,838.93,
2011,8,2,8,32.64,23.19,493.0,643.16,150.0,329.35,5.82,110.0,838.91,
2011,8,2,9,34.24,20.32,692.0,778.1,151.0,335.67,4.58,126.0,838.3,
2011,8,2,10,35.85,17.45,849.0,847.37,152.0,341.98,3.34,142.0,837.68,
2011,8,2,11,37.46,14.58,957.0,895.83,145.0,348.3,2.1,158.0,837.07,
2011,8,2,12,37.44,14.08,1000.0,908.43,145.0,348.9,2.14,168.0,836.55,
2011,8,2,13,37.42,13.57,959.0,838.31,184.0,349.5,2.19,178.0,836.02,
2011,8,2,14,37.41,13.07,874.0,800.06,188.0,350.1,2.23,188.0,835.49,
2011,8,2,15,36.47,12.93,650.0,480.78,292.0,346.88,2.16,182.0,835.21,
2011,8,2,16,35.53,12.79,538.0,579.39,194.0,343.67,2.09,177.0,834.94,
2011,8,2,17,34.59,12.65,357.0,532.48,136.0,340.45,2.01,171.0,834.66,
2011,8,2,18,33.54,15.79,152.0,299.01,86.0,336.65,2.31,144.0,834.99,
2011,8,2,19,32.48,18.94,0.0,0.0,0.0,332.85,2.61,117.0,835.33,
2011,8,2,20,31.43,22.08,0.0,0.0,0.0,329.05,2.91,90.0,835.66,
2011,8,2,21,29.16,25.29,0.0,0.0,0.0,327.67,4.01,90.0,836.13,
2011,8,2,22,26.9,28.5,0.0,0.0,0.0,326.28,5.11,89.0,836.6,
2011,8,2,23,24.63,31.71,0.0,0.0,0.0,324.9,6.21,88.0,837.07,
2011,8,3,0,23.9,35.81,0.0,0.0,0.0,322.68,5.8,90.0,837.21,
2011,8,3,1,23.18,39.9,0.0,0.0,0.0,320.47,5.4,92.0,837.35,
2011,8,3,2,22.45,44.0,0.0,0.0,0.0,318.25,4.99,94.0,837.49,
2011,8,3,3,22.41,45.99,0.0,0.0,0.0,315.98,4.81,98.0,837.38,
2011,8,3,4,22.36,47.99,0.0,0.0,0.0,313.72,4.63,101.0,837.27,
2011,8,3,5,22.32,49.98,0.0,0.0,0.0,311.45,4.44,104.0,837.16,
2011,8,3,6,25.96,42.45,96.0,282.74,54.0,317.08,4.55,114.0,837.16,
2011,8,3,7,29.6,34.93,296.0,558.6,103.0,322.72,4.65,124.0,837.16,
2011,8,3,8,33.24,27.4,499.0,681.21,137.0,328.35,4.76,134.0,837.16,
2011,8,3,9,34.76,23.15,690.0,778.56,150.0,334.6,4.2,159.0,836.49,
2011,8,3,10,36.29,18.9,847.0,847.76,151.0,340.85,3.64,183.0,835.83,
2011,8,3,11,37.82,14.65,960.0,911.68,135.0,347.1,3.08,208.0,835.16,
2011,8,3,12,37.62,13.75,999.0,907.76,146.0,346.67,3.26,218.0,834.71,
2011,8,3,13,37.42,12.84,963.0,853.85,175.0,346.23,3.44,227.0,834.27,
2011,8,3,14,37.22,11.94,867.0,785.34,195.0,345.8,3.63,237.0,833.83,
2011,8,3,15,36.13,12.89,743.0,772.9,169.0,343.5,3.22,243.0,833.66,
2011,8,3,16,35.04,13.83,561.0,677.93,160.0,341.2,2.81,248.0,833.49,
2011,8,3,17,33.95,14.78,355.0,530.86,136.0,338.9,2.4,254.0,833.33,
2011,8,3,18,31.72,18.08,157.0,344.13,82.0,337.4,2.31,258.0,833.69,
2011,8,3,19,29.49,21.38,0.0,0.0,0.0,335.9,2.22,263.0,834.05,
2011,8,3,20,27.26,24.68,0.0,0.0,0.0,334.4,2.12,267.0,834.41,
2011,8,3,21,26.81,25.33,0.0,0.0,0.0,332.67,2.17,245.0,834.55,
2011,8,3,22,26.36,25.98,0.0,0.0,0.0,330.93,2.23,222.0,834.69,
2011,8,3,23,25.91,26.63,0.0,0.0,0.0,329.2,2.28,200.0,834.83,
2011,8,4,0,25.32,31.37,0.0,0.0,0.0,326.52,2.46,174.0,834.85,
2011,8,4,1,24.73,36.12,0.0,0.0,0.0,323.83,2.64,148.0,834.88,
2011,8,4,2,24.14,40.86,0.0,0.0,0.0,321.15,2.83,122.0,834.91,
2011,8,4,3,23.69,43.48,0.0,0.0,0.0,319.03,3.27,120.0,835.44,
2011,8,4,4,23.23,46.1,0.0,0.0,0.0,316.92,3.72,117.0,835.96,
2011,8,4,5,22.78,48.72,0.0,0.0,0.0,314.8,4.17,114.0,836.49,
2011,8,4,6,26.12,41.05,93.0,273.76,53.0,320.2,4.16,121.0,836.66,
2011,8,4,7,29.46,33.38,279.0,468.91,118.0,325.6,4.15,128.0,836.82,
2011,8,4,8,32.8,25.71,497.0,679.89,137.0,331.0,4.14,134.0,836.99,
2011,8,4,9,34.18,22.21,689.0,777.61,151.0,337.35,3.79,158.0,836.21,
2011,8,4,10,35.57,18.7,841.0,831.1,160.0,343.7,3.44,182.0,835.44,
2011,8,4,11,36.96,15.2,954.0,895.52,145.0,350.05,3.09,206.0,834.66,
2011,8,4,12,36.86,13.43,997.0,907.13,146.0,346.62,3.44,214.0,834.19,
2011,8,4,13,36.76,11.67,971.0,885.77,155.0,343.18,3.8,223.0,833.72,
2011,8,4,14,36.66,9.9,875.0,815.11,179.0,339.75,4.15,232.0,833.24,
2011,8,4,15,35.29,10.55,733.0,743.97,182.0,335.7,3.53,237.0,833.33,
2011,8,4,16,33.93,11.2,559.0,677.17,160.0,331.65,2.91,242.0,833.41,
2011,8,4,17,32.56,11.85,361.0,573.23,126.0,327.6,2.29,247.0,833.49,
2011,8,4,18,30.4,13.66,160.0,381.28,78.0,326.23,2.41,248.0,833.97,
2011,8,4,19,28.24,15.47,0.0,0.0,0.0,324.87,2.54,248.0,834.44,
2011,8,4,20,26.08,17.28,0.0,0.0,0.0,323.5,2.66,249.0,834.91,
2011,8,4,21,25.3,20.72,0.0,0.0,0.0,320.23,2.58,212.0,835.13,
2011,8,4,22,24.52,24.15,0.0,0.0,0.0,316.97,2.51,174.0,835.35,
2011,8,4,23,23.74,27.59,0.0,0.0,0.0,313.7,2.43,137.0,835.58,
2011,8,5,0,23.47,31.42,0.0,0.0,0.0,311.28,2.73,129.0,835.8,
2011,8,5,1,23.2,35.26,0.0,0.0,0.0,308.87,3.03,121.0,836.02,
2011,8,5,2,22.93,39.09,0.0,0.0,0.0,306.45,3.32,113.0,836.24,
2011,8,5,3,22.48,43.64,0.0,0.0,0.0,305.52,3.44,114.0,836.6,
2011,8,5,4,22.03,48.18,0.0,0.0,0.0,304.58,3.55,115.0,836.96,
2011,8,5,5,21.59,52.73,0.0,0.0,0.0,303.65,3.67,115.0,837.32,
2011,8,5,6,24.72,43.59,84.0,208.82,54.0,309.45,3.49,120.0,837.41,
2011,8,5,7,27.85,34.45,291.0,553.96,102.0,315.25,3.31,124.0,837.49,
2011,8,5,8,30.99,25.31,492.0,665.32,141.0,321.05,3.13,129.0,837.57,
2011,8,5,9,32.41,22.31,683.0,762.18,157.0,328.32,3.04,155.0,836.85,
2011,8,5,10,33.83,19.32,840.0,831.53,160.0,335.58,2.96,182.0,836.13,
2011,8,5,11,35.25,16.32,957.0,911.5,135.0,342.85,2.87,208.0,835.41,
2011,8,5,12,35.43,14.58,974.0,842.48,185.0,341.98,3.13,220.0,834.83,
2011,8,5,13,35.61,12.83,949.0,821.07,194.0,341.12,3.39,232.0,834.24,
2011,8,5,14,35.8,11.09,864.0,784.04,196.0,340.25,3.66,244.0,833.66,
2011,8,5,15,34.63,12.47,730.0,743.38,181.0,337.75,3.14,251.0,833.33,
2011,8,5,16,33.46,13.85,553.0,662.87,164.0,335.25,2.63,258.0,832.99,
2011,8,5,17,32.29,15.23,364.0,604.0,118.0,332.75,2.11,264.0,832.66,
2011,8,5,18,30.15,19.12,163.0,433.75,71.0,329.6,2.12,291.0,833.24,
2011,8,5,19,28.01,23.0,0.0,0.0,0.0,326.45,2.14,317.0,833.83,
2011,8,5,20,25.87,26.89,0.0,0.0,0.0,323.3,2.15,343.0,834.41,
2011,8,5,21,24.9,34.56,0.0,0.0,0.0,321.4,3.34,12.0,835.05,
2011,8,5,22,23.94,42.23,0.0,0.0,0.0,319.5,4.53,42.0,835.69,
2011,8,5,23,22.97,49.9,0.0,0.0,0.0,317.6,5.72,71.0,836.32,
2011,8,6,0,22.29,59.0,0.0,0.0,0.0,317.15,6.41,72.0,836.69,
2011,8,6,1,21.62,68.1,0.0,0.0,0.0,316.7,7.09,74.0,837.05,
2011,8,6,2,20.94,77.2,0.0,0.0,0.0,316.25,7.78,76.0,837.41,
2011,8,6,3,20.73,77.29,0.0,0.0,0.0,310.98,7.59,75.0,837.82,
2011,8,6,4,20.52,77.38,0.0,0.0,0.0,305.72,7.39,74.0,838.24,
2011,8,6,5,20.32,77.47,0.0,0.0,0.0,300.45,7.2,73.0,838.66,
2011,8,6,6,22.73,70.07,94.0,318.68,49.0,307.32,7.24,76.0,838.57,
2011,8,6,7,25.14,62.67,288.0,542.78,104.0,314.18,7.28,78.0,838.49,
2011,8,6,8,27.56,55.27,490.0,665.88,140.0,321.05,7.32,81.0,838.41,
2011,8,6,9,29.33,49.07,681.0,762.68,156.0,330.72,6.01,95.0,837.49,
2011,8,6,10,31.1,42.86,838.0,830.76,160.0,340.38,4.69,108.0,836.57,
2011,8,6,11,32.87,36.66,945.0,877.58,155.0,350.05,3.38,122.0,835.66,
2011,8,6,12,33.55,32.55,962.0,810.81,204.0,351.97,3.66,144.0,834.77,
2011,8,6,13,34.24,28.45,942.0,805.22,203.0,353.88,3.94,166.0,833.88,
2011,8,6,14,34.93,24.34,862.0,783.48,196.0,355.8,4.22,189.0,832.99,
2011,8,6,15,33.92,23.43,736.0,771.38,168.0,348.75,3.72,206.0,832.74,
2011,8,6,16,32.9,22.53,569.0,742.66,135.0,341.7,3.22,223.0,832.49,
2011,8,6,17,31.89,21.62,369.0,647.65,107.0,334.65,2.72,240.0,832.24,
2011,8,6,18,30.42,27.26,165.0,478.34,65.0,329.87,3.14,297.0,833.3,
2011,8,6,19,28.96,32.9,0.0,0.0,0.0,325.08,3.57,353.0,834.35,
2011,8,6,20,27.49,38.54,0.0,0.0,0.0,320.3,4.0,50.0,835.41,
2011,8,6,21,25.74,47.08,0.0,0.0,0.0,320.57,5.57,53.0,836.3,
2011,8,6,22,23.98,55.62,0.0,0.0,0.0,320.83,7.14,57.0,837.19,
2011,8,6,23,22.23,64.16,0.0,0.0,0.0,321.1,8.7,61.0,838.07,
2011,8,7,0,21.85,69.19,0.0,0.0,0.0,322.58,8.84,61.0,838.43,
2011,8,7,1,21.48,74.21,0.0,0.0,0.0,324.07,8.97,62.0,838.8,
2011,8,7,2,21.1,79.24,0.0,0.0,0.0,325.55,9.1,62.0,839.16,
2011,8,7,3,21.27,80.44,0.0,0.0,0.0,325.8,9.0,63.0,839.18,
2011,8,7,4,21.44,81.63,0.0,0.0,0.0,326.05,8.9,63.0,839.21,
2011,8,7,5,21.62,82.83,0.0,0.0,0.0,326.3,8.8,63.0,839.24,
2011,8,7,6,23.17,76.79,91.0,309.95,48.0,333.18,8.83,69.0,839.29,
2011,8,7,7,24.72,70.75,278.0,492.88,112.0,340.07,8.86,75.0,839.35,
2011,8,7,8,26.28,64.71,480.0,626.36,152.0,346.95,8.9,82.0,839.41,
2011,8,7,9,27.89,57.87,679.0,761.75,156.0,352.45,7.74,92.0,838.74,
2011,8,7,10,29.5,51.04,836.0,830.01,160.0,357.95,6.59,103.0,838.07,
2011,8,7,11,31.12,44.2,934.0,845.8,174.0,363.45,5.43,114.0,837.41,
2011,8,7,12,31.79,40.52,981.0,874.43,165.0,365.22,4.15,130.0,836.77,
2011,8,7,13,32.46,36.84,956.0,852.67,175.0,366.98,2.86,147.0,836.13,
2011,8,7,14,33.13,33.16,860.0,784.16,195.0,368.75,1.57,163.0,835.49,
2011,8,7,15,32.54,31.03,742.0,799.63,155.0,358.63,2.04,112.0,835.19,
2011,8,7,16,31.96,28.89,557.0,701.21,149.0,348.52,2.5,62.0,834.88,
2011,8,7,17,31.37,26.76,356.0,589.99,119.0,338.4,2.97,11.0,834.58,
2011,8,7,18,29.26,35.92,155.0,412.78,70.0,336.73,4.69,24.0,835.96,
2011,8,7,19,27.16,45.09,0.0,0.0,0.0,335.07,6.4,36.0,837.35,
2011,8,7,20,25.05,54.25,0.0,0.0,0.0,333.4,8.12,49.0,838.74,
2011,8,7,21,23.83,60.67,0.0,0.0,0.0,333.98,8.16,52.0,839.41,
2011,8,7,22,22.62,67.08,0.0,0.0,0.0,334.57,8.2,56.0,840.07,
2011,8,7,23,21.4,73.5,0.0,0.0,0.0,335.15,8.23,59.0,840.74,
2011,8,8,0,21.19,75.95,0.0,0.0,0.0,336.57,7.0,61.0,840.9,
2011,8,8,1,20.98,78.39,0.0,0.0,0.0,337.98,5.76,64.0,841.07,
2011,8,8,2,20.77,80.84,0.0,0.0,0.0,339.4,4.52,66.0,841.24,
2011,8,8,3,21.08,80.92,0.0,0.0,0.0,345.48,5.16,63.0,841.38,
2011,8,8,4,21.38,81.0,0.0,0.0,0.0,351.57,5.79,61.0,841.52,
2011,8,8,5,21.69,81.08,0.0,0.0,0.0,357.65,6.43,59.0,841.65,
2011,8,8,6,22.76,75.54,82.0,234.88,50.0,360.03,6.23,64.0,841.79,
2011,8,8,7,23.83,70.0,275.0,490.16,111.0,362.42,6.03,69.0,841.93,
2011,8,8,8,24.9,64.46,486.0,663.25,140.0,364.8,5.83,74.0,842.07,
2011,8,8,9,26.49,58.71,677.0,760.85,156.0,364.78,5.54,78.0,841.43,
2011,8,8,10,28.09,52.97,834.0,830.53,159.0,364.77,5.26,81.0,840.79,
2011,8,8,11,29.69,47.22,922.0,813.94,192.0,364.75,4.97,85.0,840.16,
2011,8,8,12,30.27,44.0,969.0,841.71,185.0,366.83,4.68,92.0,839.54,
2011,8,8,13,30.85,40.77,943.0,820.5,193.0,368.92,4.39,100.0,838.93,
2011,8,8,14,31.43,37.55,848.0,752.98,211.0,371.0,4.1,107.0,838.32,
2011,8,8,15,30.93,38.15,731.0,770.75,167.0,370.8,4.51,92.0,838.21,
2011,8,8,16,30.42,38.75,569.0,768.26,124.0,370.6,4.93,77.0,838.1,
2011,8,8,17,29.92,39.35,330.0,463.91,145.0,370.4,5.35,61.0,837.99,
2011,8,8,18,27.78,46.59,98.0,78.93,82.0,366.93,6.54,59.0,839.18,
2011,8,8,19,25.63,53.83,0.0,0.0,0.0,363.47,7.73,56.0,840.38,
2011,8,8,20,23.49,61.07,0.0,0.0,0.0,360.0,8.92,53.0,841.57,
2011,8,8,21,22.41,65.59,0.0,0.0,0.0,357.73,9.01,55.0,841.96,
2011,8,8,22,21.33,70.1,0.0,0.0,0.0,355.47,9.09,57.0,842.35,
2011,8,8,23,20.25,74.62,0.0,0.0,0.0,353.2,9.17,59.0,842.74,
2011,8,9,0,20.17,75.73,0.0,0.0,0.0,351.47,8.46,61.0,842.6,
2011,8,9,1,20.1,76.85,0.0,0.0,0.0,349.73,7.75,63.0,842.46,
2011,8,9,2,20.02,77.96,0.0,0.0,0.0,348.0,7.03,65.0,842.32,
2011,8,9,3,20.05,78.57,0.0,0.0,0.0,345.08,7.34,64.0,842.35,
2011,8,9,4,20.08,79.19,0.0,0.0,0.0,342.17,7.65,63.0,842.38,
2011,8,9,5,20.11,79.8,0.0,0.0,0.0,339.25,7.96,61.0,842.4,
2011,8,9,6,21.45,74.38,85.0,284.13,47.0,342.92,8.08,69.0,842.32,
2011,8,9,7,22.8,68.96,279.0,526.54,104.0,346.58,8.2,77.0,842.24,
2011,8,9,8,24.15,63.54,492.0,700.44,128.0,350.25,8.32,84.0,842.15,
2011,8,9,9,25.9,58.84,657.0,691.14,185.0,354.4,7.59,96.0,841.43,
2011,8,9,10,27.65,54.14,824.0,799.02,176.0,358.55,6.86,107.0,840.71,
2011,8,9,11,29.4,49.44,930.0,845.67,173.0,362.7,6.14,118.0,839.99,
2011,8,9,12,30.0,47.56,967.0,841.18,185.0,368.3,5.07,116.0,839.24,
2011,8,9,13,30.61,45.67,941.0,820.05,193.0,373.9,4.0,114.0,838.49,
2011,8,9,14,31.22,43.79,826.0,695.64,239.0,379.5,2.94,112.0,837.74,
2011,8,9,15,30.48,43.62,701.0,671.82,211.0,375.82,4.28,90.0,837.52,
2011,8,9,16,29.74,43.46,475.0,414.54,236.0,372.13,5.62,68.0,837.3,
2011,8,9,17,29.0,43.29,350.0,586.18,118.0,368.45,6.97,46.0,837.07,
2011,8,9,18,26.71,50.6,148.0,391.17,70.0,365.15,7.26,48.0,838.18,
2011,8,9,19,24.41,57.92,0.0,0.0,0.0,361.85,7.55,49.0,839.29,
2011,8,9,20,22.12,65.23,0.0,0.0,0.0,358.55,7.85,51.0,840.4,
2011,8,9,21,21.1,69.3,0.0,0.0,0.0,356.75,7.7,51.0,840.77,
2011,8,9,22,20.08,73.37,0.0,0.0,0.0,354.95,7.54,52.0,841.13,
2011,8,9,23,19.06,77.44,0.0,0.0,0.0,353.15,7.39,52.0,841.49,
2011,8,10,0,19.07,78.5,0.0,0.0,0.0,353.45,6.86,54.0,841.32,
2011,8,10,1,19.08,79.55,0.0,0.0,0.0,353.75,6.34,55.0,841.15,
2011,8,10,2,19.09,80.61,0.0,0.0,0.0,354.05,5.81,56.0,840.99,
2011,8,10,3,19.0,80.71,0.0,0.0,0.0,354.28,5.79,55.0,841.24,
2011,8,10,4,18.9,80.8,0.0,0.0,0.0,354.52,5.77,53.0,841.49,
2011,8,10,5,18.81,80.9,0.0,0.0,0.0,354.75,5.75,52.0,841.74,
2011,8,10,6,19.98,75.5,83.0,274.33,47.0,352.87,6.07,56.0,841.68,
2011,8,10,7,21.16,70.1,277.0,527.09,103.0,350.98,6.4,60.0,841.63,
2011,8,10,8,22.34,64.7,490.0,699.3,128.0,349.1,6.72,65.0,841.57,
2011,8,10,9,24.03,60.21,662.0,717.99,173.0,351.03,6.15,74.0,840.85,
2011,8,10,10,25.72,55.71,822.0,798.3,176.0,352.97,5.58,83.0,840.13,
2011,8,10,11,27.41,51.22,918.0,813.77,191.0,354.9,5.01,92.0,839.41,
2011,8,10,12,28.09,49.02,966.0,840.7,186.0,361.0,4.16,93.0,838.82,
2011,8,10,13,28.77,46.82,918.0,759.22,227.0,367.1,3.31,93.0,838.24,
2011,8,10,14,29.46,44.62,781.0,576.27,296.0,373.2,2.46,93.0,837.66,
2011,8,10,15,28.95,45.25,714.0,726.39,186.0,372.63,3.72,79.0,837.49,
2011,8,10,16,28.45,45.88,552.0,711.09,144.0,372.07,4.99,66.0,837.32,
2011,8,10,17,27.94,46.51,322.0,450.73,145.0,371.5,6.26,52.0,837.16,
2011,8,10,18,25.92,53.16,144.0,377.52,70.0,367.53,6.73,51.0,838.16,
2011,8,10,19,23.91,59.81,0.0,0.0,0.0,363.57,7.2,50.0,839.16,
2011,8,10,20,21.89,66.46,0.0,0.0,0.0,359.6,7.67,49.0,840.16,
2011,8,10,21,20.92,70.37,0.0,0.0,0.0,356.53,7.34,51.0,840.54,
2011,8,10,22,19.96,74.29,0.0,0.0,0.0,353.47,7.02,52.0,840.93,
2011,8,10,23,18.99,78.2,0.0,0.0,0.0,350.4,6.69,54.0,841.32,
2011,8,11,0,18.94,79.41,0.0,0.0,0.0,348.02,6.17,56.0,841.24,
2011,8,11,1,18.89,80.62,0.0,0.0,0.0,345.63,5.65,58.0,841.15,
2011,8,11,2,18.84,81.83,0.0,0.0,0.0,343.25,5.13,60.0,841.07,
2011,8,11,3,18.7,82.49,0.0,0.0,0.0,339.85,5.17,62.0,841.13,
2011,8,11,4,18.56,83.16,0.0,0.0,0.0,336.45,5.2,64.0,841.18,
2011,8,11,5,18.43,83.82,0.0,0.0,0.0,333.05,5.24,66.0,841.24,
2011,8,11,6,19.72,77.29,85.0,334.1,42.0,333.25,4.8,69.0,841.07,
2011,8,11,7,21.01,70.77,273.0,515.46,104.0,333.45,4.36,72.0,840.9,
2011,8,11,8,22.31,64.24,477.0,647.76,143.0,333.65,3.92,75.0,840.74,
2011,8,11,9,24.22,58.3,679.0,787.7,144.0,338.8,2.74,78.0,839.79,
2011,8,11,10,26.14,52.37,829.0,828.56,160.0,343.95,1.57,81.0,838.85,
2011,8,11,11,28.06,46.43,941.0,892.81,145.0,349.1,0.4,84.0,837.91,
2011,8,11,12,28.45,43.45,979.0,888.86,156.0,357.3,1.19,70.0,837.13,
2011,8,11,13,28.84,40.48,953.0,867.75,165.0,365.5,1.98,55.0,836.35,
2011,8,11,14,29.24,37.5,860.0,812.54,178.0,373.7,2.77,41.0,835.58,
2011,8,11,15,28.82,36.76,720.0,753.8,174.0,370.93,3.35,30.0,835.35,
2011,8,11,16,28.39,36.03,543.0,683.12,153.0,368.17,3.93,20.0,835.13,
2011,8,11,17,27.97,35.29,342.0,569.92,120.0,365.4,4.51,9.0,834.91,
2011,8,11,18,26.52,39.92,140.0,368.74,69.0,360.05,3.55,20.0,835.49,
2011,8,11,19,25.06,44.55,0.0,0.0,0.0,354.7,2.6,30.0,836.08,
2011,8,11,20,23.61,49.18,0.0,0.0,0.0,349.35,1.64,40.0,836.66,
2011,8,11,21,22.86,54.22,0.0,0.0,0.0,346.45,2.56,45.0,836.94,
2011,8,11,22,22.11,59.25,0.0,0.0,0.0,343.55,3.48,51.0,837.21,
2011,8,11,23,21.36,64.29,0.0,0.0,0.0,340.65,4.4,57.0,837.49,
2011,8,12,0,21.16,68.53,0.0,0.0,0.0,340.57,4.3,61.0,837.57,
2011,8,12,1,20.97,72.78,0.0,0.0,0.0,340.48,4.21,65.0,837.66,
2011,8,12,2,20.77,77.02,0.0,0.0,0.0,340.4,4.11,69.0,837.74,
2011,8,12,3,20.75,78.77,0.0,0.0,0.0,341.95,4.11,72.0,837.88,
2011,8,12,4,20.73,80.52,0.0,0.0,0.0,343.5,4.11,74.0,838.02,
2011,8,12,5,20.72,82.27,0.0,0.0,0.0,345.05,4.11,77.0,838.16,
2011,8,12,6,22.44,74.3,21.0,0.0,21.0,349.8,3.49,80.0,837.88,
2011,8,12,7,24.16,66.32,88.0,0.0,88.0,354.55,2.88,83.0,837.6,
2011,8,12,8,25.89,58.35,245.0,42.84,223.0,359.3,2.26,86.0,837.32,
2011,8,12,9,26.74,52.09,87.0,0.0,87.0,365.57,2.02,139.0,836.77,
2011,8,12,10,27.59,45.84,412.0,45.93,375.0,371.83,1.77,191.0,836.21,
2011,8,12,11,28.45,39.58,645.0,223.66,446.0,378.1,1.53,244.0,835.66,
2011,8,12,12,28.31,39.58,568.0,108.23,468.0,381.65,2.15,262.0,835.33,
2011,8,12,13,28.17,39.58,930.0,803.55,202.0,385.2,2.77,281.0,834.99,
2011,8,12,14,28.04,39.58,853.0,796.9,186.0,388.75,3.39,299.0,834.66,
2011,8,12,15,27.58,40.57,701.0,696.96,198.0,387.2,2.46,304.0,834.44,
2011,8,12,16,27.13,41.55,512.0,570.44,188.0,385.65,1.52,309.0,834.22,
2011,8,12,17,26.67,42.54,223.0,119.08,177.0,384.1,0.58,314.0,833.99,
2011,8,12,18,25.59,46.98,63.0,10.58,61.0,382.48,1.06,345.0,834.33,
2011,8,12,19,24.51,51.43,0.0,0.0,0.0,380.87,1.54,16.0,834.66,
2011,8,12,20,23.43,55.87,0.0,0.0,0.0,379.25,2.01,47.0,834.99,
2011,8,12,21,22.55,59.85,0.0,0.0,0.0,368.9,2.47,60.0,834.91,
2011,8,12,22,21.68,63.82,0.0,0.0,0.0,358.55,2.93,74.0,834.83,
2011,8,12,23,20.8,67.8,0.0,0.0,0.0,348.2,3.39,87.0,834.74,
2011,8,13,0,20.51,71.5,0.0,0.0,0.0,341.17,3.65,91.0,834.6,
2011,8,13,1,20.21,75.21,0.0,0.0,0.0,334.13,3.91,95.0,834.47,
2011,8,13,2,19.92,78.91,0.0,0.0,0.0,327.1,4.17,99.0,834.33,
2011,8,13,3,19.77,81.55,0.0,0.0,0.0,327.37,4.17,99.0,834.49,
2011,8,13,4,19.61,84.19,0.0,0.0,0.0,327.63,4.17,100.0,834.66,
2011,8,13,5,19.46,86.83,0.0,0.0,0.0,327.9,4.18,100.0,834.83,
2011,8,13,6,22.17,75.4,80.0,315.46,41.0,333.82,3.71,112.0,834.74,
2011,8,13,7,24.89,63.98,267.0,501.05,105.0,339.73,3.25,124.0,834.66,
2011,8,13,8,27.61,52.55,473.0,645.16,143.0,345.65,2.79,136.0,834.58,
2011,8,13,9,28.81,42.89,664.0,743.31,162.0,349.6,3.12,162.0,833.99,
2011,8,13,10,30.01,33.23,825.0,827.4,160.0,353.55,3.45,188.0,833.41,
2011,8,13,11,31.22,23.57,923.0,843.62,174.0,357.5,3.78,214.0,832.83,
2011,8,13,12,31.27,20.9,949.0,809.13,203.0,355.0,3.28,221.0,832.38,
2011,8,13,13,31.32,18.24,917.0,773.39,218.0,352.5,2.79,227.0,831.94,
2011,8,13,14,31.37,15.57,841.0,765.65,202.0,350.0,2.29,234.0,831.5,
2011,8,13,15,30.3,15.35,714.0,752.42,173.0,344.27,2.08,239.0,831.5,
2011,8,13,16,29.24,15.14,533.0,667.3,156.0,338.53,1.88,244.0,831.5,
2011,8,13,17,28.17,14.92,341.0,600.6,111.0,332.8,1.67,250.0,831.5,
2011,8,13,18,26.02,16.32,131.0,339.87,68.0,328.48,1.6,255.0,832.11,
2011,8,13,19,23.88,17.72,0.0,0.0,0.0,324.17,1.52,261.0,832.72,
2011,8,13,20,21.73,19.12,0.0,0.0,0.0,319.85,1.45,266.0,833.33,
2011,8,13,21,21.41,20.26,0.0,0.0,0.0,315.98,1.42,249.0,833.63,
2011,8,13,22,21.08,21.39,0.0,0.0,0.0,312.12,1.39,231.0,833.94,
2011,8,13,23,20.76,22.53,0.0,0.0,0.0,308.25,1.37,214.0,834.24,
2011,8,14,0,21.15,27.37,0.0,0.0,0.0,309.18,1.59,180.0,834.52,
2011,8,14,1,21.55,32.2,0.0,0.0,0.0,310.12,1.82,145.0,834.8,
2011,8,14,2,21.94,37.04,0.0,0.0,0.0,311.05,2.04,111.0,835.08,
2011,8,14,3,21.22,40.86,0.0,0.0,0.0,312.3,2.04,113.0,835.49,
2011,8,14,4,20.5,44.69,0.0,0.0,0.0,313.55,2.04,115.0,835.91,
2011,8,14,5,19.78,48.51,0.0,0.0,0.0,314.8,2.04,116.0,836.32,
2011,8,14,6,22.47,39.77,72.0,231.26,44.0,320.48,2.21,125.0,836.55,
2011,8,14,7,25.17,31.04,265.0,498.4,105.0,326.17,2.37,133.0,836.77,
2011,8,14,8,27.87,22.3,468.0,632.09,146.0,331.85,2.54,141.0,836.99,
2011,8,14,9,29.16,19.88,662.0,742.49,162.0,334.82,2.97,159.0,836.49,
2011,8,14,10,30.45,17.46,818.0,811.9,167.0,337.78,3.4,178.0,835.99,
2011,8,14,11,31.75,15.04,900.0,781.12,208.0,340.75,3.83,196.0,835.49,
2011,8,14,12,31.78,14.18,947.0,808.76,203.0,339.37,3.62,204.0,835.19,
2011,8,14,13,31.81,13.31,925.0,803.03,201.0,337.98,3.4,212.0,834.88,
2011,8,14,14,31.84,12.45,848.0,795.57,186.0,336.6,3.19,220.0,834.58,
2011,8,14,15,30.53,12.82,699.0,709.26,191.0,330.62,2.76,228.0,834.77,
2011,8,14,16,29.22,13.19,545.0,731.48,134.0,324.63,2.33,237.0,834.96,
2011,8,14,17,27.91,13.56,335.0,584.92,113.0,318.65,1.9,245.0,835.16,
2011,8,14,18,25.66,16.06,126.0,319.29,68.0,314.17,2.47,250.0,835.85,
2011,8,14,19,23.42,18.57,0.0,0.0,0.0,309.68,3.04,254.0,836.55,
2011,8,14,20,21.17,21.07,0.0,0.0,0.0,305.2,3.61,258.0,837.24,
2011,8,14,21,20.47,23.54,0.0,0.0,0.0,301.57,2.8,251.0,837.49,
2011,8,14,22,19.76,26.0,0.0,0.0,0.0,297.93,1.99,244.0,837.74,
2011,8,14,23,19.06,28.47,0.0,0.0,0.0,294.3,1.17,237.0,837.99,
2011,8,15,0,19.51,29.86,0.0,0.0,0.0,293.72,1.2,228.0,838.16,
2011,8,15,1,19.95,31.24,0.0,0.0,0.0,293.13,1.23,218.0,838.32,
2011,8,15,2,20.4,32.63,0.0,0.0,0.0,292.55,1.26,209.0,838.49,
2011,8,15,3,20.02,37.16,0.0,0.0,0.0,291.78,1.27,206.0,838.91,
2011,8,15,4,19.63,41.68,0.0,0.0,0.0,291.02,1.29,204.0,839.32,
2011,8,15,5,19.25,46.21,0.0,0.0,0.0,290.25,1.31,202.0,839.74,
2011,8,15,6,21.83,38.29,74.0,286.88,40.0,295.25,1.37,219.0,839.91,
2011,8,15,7,24.42,30.38,270.0,545.92,96.0,300.25,1.42,237.0,840.07,
2011,8,15,8,27.01,22.46,476.0,680.05,131.0,305.25,1.48,254.0,840.24,
2011,8,15,9,28.32,20.23,660.0,741.7,162.0,310.22,1.76,235.0,839.66,
2011,8,15,10,29.63,18.01,808.0,781.36,183.0,315.18,2.05,215.0,839.07,
2011,8,15,11,30.95,15.78,903.0,796.44,199.0,320.15,2.33,195.0,838.49,
2011,8,15,12,31.17,14.67,950.0,823.68,194.0,320.4,2.4,205.0,838.05,
2011,8,15,13,31.39,13.56,933.0,833.99,183.0,320.65,2.46,215.0,837.6,
2011,8,15,14,31.61,12.45,854.0,825.74,169.0,320.9,2.52,225.0,837.16,
2011,8,15,15,30.65,15.3,712.0,765.36,166.0,315.72,2.43,236.0,837.07,
2011,8,15,16,29.69,18.16,533.0,690.88,147.0,310.53,2.33,247.0,836.99,
2011,8,15,17,28.73,21.01,332.0,585.03,112.0,305.35,2.23,258.0,836.91,
2011,8,15,18,26.91,22.33,129.0,371.08,63.0,304.28,2.17,284.0,837.38,
2011,8,15,19,25.1,23.64,0.0,0.0,0.0,303.22,2.1,310.0,837.85,
2011,8,15,20,23.28,24.96,0.0,0.0,0.0,302.15,2.03,336.0,838.32,
2011,8,15,21,22.62,30.26,0.0,0.0,0.0,300.72,2.56,360.0,838.82,
2011,8,15,22,21.95,35.56,0.0,0.0,0.0,299.28,3.09,24.0,839.32,
2011,8,15,23,21.29,40.86,0.0,0.0,0.0,297.85,3.61,48.0,839.82,
2011,8,16,0,20.25,46.55,0.0,0.0,0.0,296.68,3.61,52.0,840.04,
2011,8,16,1,19.21,52.25,0.0,0.0,0.0,295.52,3.61,57.0,840.27,
2011,8,16,2,18.17,57.94,0.0,0.0,0.0,294.35,3.61,61.0,840.49,
2011,8,16,3,17.87,60.78,0.0,0.0,0.0,293.17,3.89,64.0,840.49,
2011,8,16,4,17.57,63.61,0.0,0.0,0.0,291.98,4.16,68.0,840.49,
2011,8,16,5,17.27,66.45,0.0,0.0,0.0,290.8,4.43,71.0,840.49,
2011,8,16,6,20.46,57.11,72.0,275.99,40.0,297.82,5.19,73.0,840.32,
2011,8,16,7,23.66,47.78,266.0,534.11,97.0,304.83,5.94,75.0,840.16,
2011,8,16,8,26.86,38.44,471.0,667.07,134.0,311.85,6.7,76.0,839.99,
2011,8,16,9,28.41,34.39,658.0,742.42,161.0,320.33,5.48,91.0,839.07,
2011,8,16,10,29.96,30.33,806.0,780.78,183.0,328.82,4.26,106.0,838.16,
2011,8,16,11,31.51,26.28,921.0,858.36,164.0,337.3,3.03,121.0,837.24,
2011,8,16,12,31.93,24.18,948.0,823.42,194.0,340.28,3.0,148.0,836.44,
2011,8,16,13,32.35,22.08,941.0,865.16,165.0,343.27,2.97,175.0,835.63,
2011,8,16,14,32.77,19.98,856.0,840.44,161.0,346.25,2.94,202.0,834.83,
2011,8,16,15,31.56,20.76,728.0,837.47,133.0,338.63,3.04,223.0,834.66,
2011,8,16,16,30.36,21.55,538.0,729.12,133.0,331.02,3.14,243.0,834.49,
2011,8,16,17,29.15,22.33,326.0,569.16,114.0,323.4,3.24,264.0,834.33,
2011,8,16,18,27.12,26.46,125.0,356.34,63.0,320.28,2.82,283.0,834.96,
2011,8,16,19,25.1,30.6,0.0,0.0,0.0,317.17,2.4,303.0,835.6,
2011,8,16,20,23.07,34.73,0.0,0.0,0.0,314.05,1.99,322.0,836.24,
2011,8,16,21,22.96,38.66,0.0,0.0,0.0,311.12,2.64,351.0,836.8,
2011,8,16,22,22.84,42.58,0.0,0.0,0.0,308.18,3.3,20.0,837.35,
2011,8,16,23,22.73,46.51,0.0,0.0,0.0,305.25,3.96,49.0,837.91,
2011,8,17,0,21.38,51.19,0.0,0.0,0.0,302.95,3.92,54.0,838.1,
2011,8,17,1,20.04,55.86,0.0,0.0,0.0,300.65,3.88,59.0,838.3,
2011,8,17,2,18.69,60.54,0.0,0.0,0.0,298.35,3.83,63.0,838.49,
2011,8,17,3,18.47,61.32,0.0,0.0,0.0,297.23,3.89,64.0,838.74,
2011,8,17,4,18.25,62.11,0.0,0.0,0.0,296.12,3.94,65.0,838.99,
2011,8,17,5,18.03,62.89,0.0,0.0,0.0,295.0,4.0,66.0,839.24,
2011,8,17,6,20.87,54.0,69.0,264.62,39.0,300.7,4.21,64.0,839.16,
2011,8,17,7,23.71,45.1,264.0,531.7,97.0,306.4,4.42,62.0,839.07,
2011,8,17,8,26.56,36.21,461.0,630.15,144.0,312.1,4.63,60.0,838.99,
2011,8,17,9,28.06,32.64,655.0,741.68,160.0,319.78,3.66,63.0,838.21,
2011,8,17,10,29.56,29.06,803.0,780.23,182.0,327.47,2.69,67.0,837.44,
2011,8,17,11,31.06,25.49,909.0,826.27,182.0,335.15,1.71,71.0,836.66,
2011,8,17,12,31.35,24.03,956.0,854.96,175.0,336.68,2.26,12.0,836.08,
2011,8,17,13,31.65,22.58,938.0,865.26,164.0,338.22,2.81,313.0,835.49,
2011,8,17,14,31.95,21.12,853.0,839.54,161.0,339.75,3.37,254.0,834.91,
2011,8,17,15,31.13,20.69,713.0,791.54,153.0,331.53,3.6,268.0,834.74,
2011,8,17,16,30.31,20.27,517.0,650.2,158.0,323.32,3.84,282.0,834.58,
2011,8,17,17,29.49,19.84,323.0,566.65,114.0,315.1,4.08,296.0,834.41,
2011,8,17,18,27.24,24.61,114.0,282.27,66.0,314.38,4.13,323.0,835.21,
2011,8,17,19,24.98,29.37,0.0,0.0,0.0,313.67,4.18,349.0,836.02,
2011,8,17,20,22.73,34.14,0.0,0.0,0.0,312.95,4.23,16.0,836.82,
2011,8,17,21,22.1,41.11,0.0,0.0,0.0,312.17,4.77,26.0,837.44,
2011,8,17,22,21.47,48.08,0.0,0.0,0.0,311.38,5.31,37.0,838.05,
2011,8,17,23,20.84,55.05,0.0,0.0,0.0,310.6,5.85,47.0,838.66,
2011,8,18,0,20.5,60.17,0.0,0.0,0.0,310.07,5.34,50.0,839.02,
2011,8,18,1,20.16,65.28,0.0,0.0,0.0,309.53,4.83,52.0,839.38,
2011,8,18,2,19.82,70.4,0.0,0.0,0.0,309.0,4.32,54.0,839.74,
2011,8,18,3,19.54,71.0,0.0,0.0,0.0,310.1,4.27,57.0,839.93,
2011,8,18,4,19.25,71.6,0.0,0.0,0.0,311.2,4.23,59.0,840.13,
2011,8,18,5,18.97,72.2,0.0,0.0,0.0,312.3,4.18,61.0,840.32,
2011,8,18,6,21.12,62.97,67.0,252.74,39.0,315.67,5.08,62.0,840.24,
2011,8,18,7,23.27,53.75,253.0,471.53,106.0,319.03,5.98,62.0,840.16,
2011,8,18,8,25.42,44.52,467.0,664.8,134.0,322.4,6.88,62.0,840.07,
2011,8,18,9,27.08,39.72,660.0,768.02,149.0,329.18,6.11,68.0,839.24,
2011,8,18,10,28.74,34.91,810.0,809.94,167.0,335.97,5.34,74.0,838.41,
2011,8,18,11,30.4,30.11,917.0,857.87,164.0,342.75,4.57,80.0,837.57,
2011,8,18,12,30.8,28.13,959.0,870.25,166.0,346.07,3.42,107.0,836.94,
2011,8,18,13,31.2,26.15,926.0,832.91,183.0,349.38,2.28,134.0,836.3,
2011,8,18,14,31.6,24.17,841.0,808.27,177.0,352.7,1.13,161.0,835.66,
2011,8,18,15,31.06,23.87,695.0,733.95,178.0,347.42,2.29,209.0,835.3,
2011,8,18,16,30.52,23.58,522.0,687.03,145.0,342.13,3.44,257.0,834.94,
2011,8,18,17,29.98,23.28,310.0,512.18,123.0,336.85,4.59,305.0,834.58,
2011,8,18,18,27.96,27.7,109.0,271.04,64.0,333.65,4.99,333.0,835.33,
2011,8,18,19,25.95,32.11,0.0,0.0,0.0,330.45,5.38,2.0,836.08,
2011,8,18,20,23.93,36.53,0.0,0.0,0.0,327.25,5.78,31.0,836.82,
2011,8,18,21,23.19,42.85,0.0,0.0,0.0,324.5,5.93,39.0,837.38,
2011,8,18,22,22.44,49.16,0.0,0.0,0.0,321.75,6.08,47.0,837.93,
2011,8,18,23,21.7,55.48,0.0,0.0,0.0,319.0,6.23,55.0,838.49,
2011,8,19,0,21.22,60.71,0.0,0.0,0.0,318.18,5.37,57.0,838.85,
2011,8,19,1,20.75,65.95,0.0,0.0,0.0,317.37,4.51,59.0,839.21,
2011,8,19,2,20.27,71.18,0.0,0.0,0.0,316.55,3.66,61.0,839.57,
2011,8,19,3,19.95,74.74,0.0,0.0,0.0,319.58,3.83,63.0,839.91,
2011,8,19,4,19.63,78.31,0.0,0.0,0.0,322.62,4.0,64.0,840.24,
2011,8,19,5,19.32,81.87,0.0,0.0,0.0,325.65,4.17,66.0,840.57,
2011,8,19,6,21.24,71.75,64.0,240.3,38.0,328.47,4.68,67.0,840.52,
2011,8,19,7,23.17,61.63,258.0,517.12,98.0,331.28,5.19,68.0,840.46,
2011,8,19,8,25.1,51.51,454.0,615.56,147.0,334.1,5.7,69.0,840.4,
2011,8,19,9,26.75,45.54,658.0,767.41,149.0,339.3,5.02,79.0,839.6,
2011,8,19,10,28.4,39.58,817.0,839.84,152.0,344.5,4.34,90.0,838.8,
2011,8,19,11,30.05,33.61,905.0,825.71,182.0,349.7,3.66,100.0,837.99,
2011,8,19,12,30.5,31.37,946.0,838.35,184.0,351.05,2.74,139.0,837.3,
2011,8,19,13,30.95,29.14,918.0,816.17,192.0,352.4,1.82,178.0,836.6,
2011,8,19,14,31.4,26.9,838.0,807.39,177.0,353.75,0.9,217.0,835.91,
2011,8,19,15,30.72,25.97,680.0,691.6,195.0,346.28,2.0,229.0,835.6,
2011,8,19,16,30.04,25.05,507.0,634.55,161.0,338.82,3.09,242.0,835.3,
2011,8,19,17,29.36,24.12,313.0,550.78,114.0,331.35,4.19,255.0,834.99,
2011,8,19,18,27.44,27.98,111.0,308.77,61.0,329.67,4.23,301.0,835.71,
2011,8,19,19,25.53,31.83,0.0,0.0,0.0,327.98,4.27,347.0,836.44,
2011,8,19,20,23.61,35.69,0.0,0.0,0.0,326.3,4.3,33.0,837.16,
2011,8,19,21,22.85,42.66,0.0,0.0,0.0,322.62,4.89,41.0,837.82,
2011,8,19,22,22.1,49.62,0.0,0.0,0.0,318.93,5.48,48.0,838.49,
2011,8,19,23,21.34,56.59,0.0,0.0,0.0,315.25,6.07,56.0,839.16,
2011,8,20,0,20.88,62.01,0.0,0.0,0.0,316.37,5.66,59.0,839.63,
2011,8,20,1,20.41,67.42,0.0,0.0,0.0,317.48,5.25,61.0,840.1,
2011,8,20,2,19.95,72.84,0.0,0.0,0.0,318.6,4.84,63.0,840.57,
2011,8,20,3,19.74,76.74,0.0,0.0,0.0,317.8,4.74,63.0,840.99,
2011,8,20,4,19.53,80.65,0.0,0.0,0.0,317.0,4.63,64.0,841.4,
2011,8,20,5,19.33,84.55,0.0,0.0,0.0,316.2,4.52,64.0,841.82,
2011,8,20,6,21.09,76.56,35.0,0.0,35.0,321.55,4.54,67.0,841.9,
2011,8,20,7,22.86,68.58,254.0,504.81,99.0,326.9,4.56,70.0,841.99,
2011,8,20,8,24.63,60.59,452.0,614.25,147.0,332.25,4.58,72.0,842.07,
2011,8,20,9,26.18,53.12,645.0,724.48,166.0,336.12,3.44,87.0,841.27,
2011,8,20,10,27.73,45.64,801.0,793.96,174.0,339.98,2.31,102.0,840.46,
2011,8,20,11,29.29,38.17,903.0,825.49,182.0,343.85,1.17,117.0,839.66,
2011,8,20,12,29.82,34.26,944.0,837.22,185.0,342.98,2.62,151.0,839.04,
2011,8,20,13,30.35,30.36,935.0,879.45,155.0,342.12,4.06,185.0,838.43,
2011,8,20,14,30.89,26.45,835.0,806.57,177.0,341.25,5.5,219.0,837.82,
2011,8,20,15,29.94,26.62,699.0,775.01,158.0,334.2,4.44,229.0,837.77,
2011,8,20,16,29.0,26.8,512.0,670.09,149.0,327.15,3.37,238.0,837.71,
2011,8,20,17,28.05,26.97,314.0,581.93,106.0,320.1,2.3,248.0,837.66,
2011,8,20,18,26.1,31.09,106.0,291.57,60.0,316.22,2.16,275.0,838.35,
2011,8,20,19,24.14,35.22,0.0,0.0,0.0,312.33,2.01,303.0,839.04,
2011,8,20,20,22.19,39.34,0.0,0.0,0.0,308.45,1.86,331.0,839.74,
2011,8,20,21,21.91,46.21,0.0,0.0,0.0,306.22,2.86,2.0,840.35,
2011,8,20,22,21.63,53.09,0.0,0.0,0.0,303.98,3.86,33.0,840.96,
2011,8,20,23,21.35,59.96,0.0,0.0,0.0,301.75,4.86,64.0,841.57,
2011,8,21,0,20.51,65.59,0.0,0.0,0.0,302.18,4.94,66.0,841.96,
2011,8,21,1,19.68,71.22,0.0,0.0,0.0,302.62,5.02,69.0,842.35,
2011,8,21,2,18.84,76.85,0.0,0.0,0.0,303.05,5.1,72.0,842.74,
2011,8,21,3,18.59,78.78,0.0,0.0,0.0,303.78,4.98,77.0,842.79,
2011,8,21,4,18.34,80.72,0.0,0.0,0.0,304.52,4.86,82.0,842.85,
2011,8,21,5,18.09,82.65,0.0,0.0,0.0,305.25,4.73,87.0,842.9,
2011,8,21,6,20.9,74.09,37.0,0.0,37.0,310.93,4.16,96.0,842.74,
2011,8,21,7,23.71,65.53,251.0,505.46,97.0,316.62,3.59,106.0,842.57,
2011,8,21,8,26.53,56.97,450.0,612.95,147.0,322.3,3.02,115.0,842.4,
2011,8,21,9,28.03,47.5,650.0,752.61,154.0,326.97,3.64,147.0,841.52,
2011,8,21,10,29.53,38.02,790.0,764.37,188.0,331.63,4.25,180.0,840.63,
2011,8,21,11,31.03,28.55,890.0,794.33,198.0,336.3,4.87,213.0,839.74,
2011,8,21,12,31.05,25.08,941.0,837.24,184.0,336.5,4.78,224.0,839.16,
2011,8,21,13,31.08,21.6,913.0,815.37,192.0,336.7,4.69,235.0,838.57,
2011,8,21,14,31.11,18.13,832.0,805.82,177.0,336.9,4.61,247.0,837.99,
2011,8,21,15,29.96,17.54,688.0,744.13,171.0,331.42,3.93,252.0,838.1,
2011,8,21,16,28.82,16.96,497.0,618.85,164.0,325.93,3.25,257.0,838.21,
2011,8,21,17,27.67,16.37,304.0,537.51,114.0,320.45,2.57,263.0,838.32,
2011,8,21,18,25.89,17.47,101.0,280.08,58.0,318.78,2.91,268.0,838.68,
2011,8,21,19,24.1,18.58,0.0,0.0,0.0,317.12,3.26,273.0,839.04,
2011,8,21,20,22.32,19.68,0.0,0.0,0.0,315.45,3.6,278.0,839.41,
2011,8,21,21,22.65,25.27,0.0,0.0,0.0,313.82,2.78,324.0,839.74,
2011,8,21,22,22.98,30.85,0.0,0.0,0.0,312.18,1.95,10.0,840.07,
2011,8,21,23,23.31,36.44,0.0,0.0,0.0,310.55,1.13,56.0,840.4,
2011,8,22,0,21.98,41.83,0.0,0.0,0.0,310.4,1.16,58.0,840.82,
2011,8,22,1,20.65,47.22,0.0,0.0,0.0,310.25,1.19,61.0,841.24,
2011,8,22,2,19.32,52.61,0.0,0.0,0.0,310.1,1.21,63.0,841.65,
2011,8,22,3,19.35,58.05,0.0,0.0,0.0,311.08,1.39,62.0,842.29,
2011,8,22,4,19.37,63.49,0.0,0.0,0.0,312.07,1.57,61.0,842.93,
2011,8,22,5,19.4,68.93,0.0,0.0,0.0,313.05,1.75,60.0,843.57,
2011,8,22,6,21.63,65.71,35.0,0.0,35.0,319.07,1.71,61.0,843.65,
2011,8,22,7,23.87,62.48,241.0,446.59,106.0,325.08,1.67,62.0,843.74,
2011,8,22,8,26.11,59.26,445.0,599.47,150.0,331.1,1.63,63.0,843.82,
2011,8,22,9,27.64,51.02,637.0,709.41,171.0,336.57,2.45,123.0,842.96,
2011,8,22,10,29.17,42.77,788.0,763.94,188.0,342.03,3.27,182.0,842.1,
2011,8,22,11,30.71,34.53,893.0,809.07,190.0,347.5,4.1,242.0,841.24,
2011,8,22,12,30.83,31.02,928.0,805.16,202.0,347.43,3.97,247.0,840.71,
2011,8,22,13,30.95,27.52,925.0,862.13,165.0,347.37,3.84,252.0,840.18,
2011,8,22,14,31.07,24.01,838.0,835.99,161.0,347.3,3.71,257.0,839.66,
2011,8,22,15,30.19,25.13,692.0,772.33,158.0,344.95,3.11,265.0,839.46,
2011,8,22,16,29.31,26.26,501.0,654.95,151.0,342.6,2.51,272.0,839.27,
2011,8,22,17,28.43,27.38,261.0,329.08,146.0,340.25,1.9,280.0,839.07,
2011,8,22,18,26.53,32.34,65.0,60.31,56.0,335.6,2.05,308.0,839.68,
2011,8,22,19,24.63,37.31,0.0,0.0,0.0,330.95,2.2,336.0,840.29,
2011,8,22,20,22.73,42.27,0.0,0.0,0.0,326.3,2.34,4.0,840.9,
2011,8,22,21,22.02,47.49,0.0,0.0,0.0,323.05,3.11,21.0,841.15,
2011,8,22,22,21.3,52.72,0.0,0.0,0.0,319.8,3.88,38.0,841.4,
2011,8,22,23,20.59,57.94,0.0,0.0,0.0,316.55,4.65,55.0,841.65,
2011,8,23,0,20.21,63.34,0.0,0.0,0.0,315.77,4.63,62.0,841.93,
2011,8,23,1,19.82,68.73,0.0,0.0,0.0,314.98,4.6,68.0,842.21,
2011,8,23,2,19.44,74.13,0.0,0.0,0.0,314.2,4.58,75.0,842.49,
2011,8,23,3,19.12,77.2,0.0,0.0,0.0,314.45,4.41,80.0,842.71,
2011,8,23,4,18.79,80.26,0.0,0.0,0.0,314.7,4.24,86.0,842.93,
2011,8,23,5,18.47,83.33,0.0,0.0,0.0,314.95,4.07,91.0,843.15,
2011,8,23,6,21.34,73.07,32.0,0.0,32.0,320.22,3.66,95.0,843.1,
2011,8,23,7,24.21,62.81,245.0,490.16,98.0,325.48,3.24,99.0,843.04,
2011,8,23,8,27.08,52.55,380.0,349.08,209.0,330.75,2.83,103.0,842.99,
2011,8,23,9,28.73,45.03,628.0,682.76,181.0,335.1,3.0,144.0,842.13,
2011,8,23,10,30.38,37.52,777.0,734.18,202.0,339.45,3.18,186.0,841.27,
2011,8,23,11,32.04,30.0,891.0,808.94,190.0,343.8,3.35,227.0,840.4,
2011,8,23,12,32.07,27.6,936.0,836.33,184.0,342.95,3.06,235.0,839.74,
2011,8,23,13,32.1,25.21,912.0,829.58,183.0,342.1,2.76,244.0,839.07,
2011,8,23,14,32.14,22.81,830.0,819.37,169.0,341.25,2.47,252.0,838.41,
2011,8,23,15,31.13,24.09,677.0,728.22,176.0,341.03,2.29,278.0,838.41,
2011,8,23,16,30.13,25.37,497.0,653.95,150.0,340.82,2.1,304.0,838.41,
2011,8,23,17,29.12,26.65,277.0,425.63,130.0,340.6,1.92,330.0,838.41,
2011,8,23,18,27.17,31.67,73.0,103.56,58.0,335.82,2.29,354.0,839.13,
2011,8,23,19,25.21,36.69,0.0,0.0,0.0,331.03,2.66,18.0,839.85,
2011,8,23,20,23.26,41.71,0.0,0.0,0.0,326.25,3.03,42.0,840.57,
2011,8,23,21,22.42,47.6,0.0,0.0,0.0,321.62,4.08,49.0,840.96,
2011,8,23,22,21.57,53.48,0.0,0.0,0.0,316.98,5.12,56.0,841.35,
2011,8,23,23,20.73,59.37,0.0,0.0,0.0,312.35,6.17,62.0,841.74,
2011,8,24,0,20.37,64.53,0.0,0.0,0.0,312.73,5.83,64.0,842.07,
2011,8,24,1,20.01,69.69,0.0,0.0,0.0,313.12,5.49,65.0,842.4,
2011,8,24,2,19.65,74.85,0.0,0.0,0.0,313.5,5.14,66.0,842.74,
2011,8,24,3,19.52,77.86,0.0,0.0,0.0,316.02,4.98,65.0,842.82,
2011,8,24,4,19.38,80.88,0.0,0.0,0.0,318.53,4.81,64.0,842.9,
2011,8,24,5,19.25,83.89,0.0,0.0,0.0,321.05,4.65,63.0,842.99,
2011,8,24,6,20.78,76.06,34.0,0.0,34.0,326.18,4.85,64.0,842.9,
2011,8,24,7,22.32,68.23,243.0,487.4,98.0,331.32,5.05,66.0,842.82,
2011,8,24,8,23.86,60.4,448.0,633.73,139.0,336.45,5.26,67.0,842.74,
2011,8,24,9,25.51,53.83,643.0,750.98,153.0,341.18,4.23,68.0,841.9,
2011,8,24,10,27.16,47.27,792.0,792.64,173.0,345.92,3.2,70.0,841.07,
2011,8,24,11,28.82,40.7,888.0,808.84,189.0,350.65,2.18,71.0,840.24,
2011,8,24,12,29.15,37.58,933.0,835.39,184.0,356.13,1.81,73.0,839.54,
2011,8,24,13,29.48,34.46,909.0,828.85,183.0,361.62,1.44,76.0,838.85,
2011,8,24,14,29.82,31.34,835.0,849.97,152.0,367.1,1.08,78.0,838.16,
2011,8,24,15,29.07,32.16,685.0,769.93,158.0,365.1,0.9,70.0,838.13,
2011,8,24,16,28.33,32.99,490.0,639.74,153.0,363.1,0.73,63.0,838.1,
2011,8,24,17,27.58,33.81,286.0,498.23,116.0,361.1,0.55,56.0,838.07,
2011,8,24,18,25.96,40.78,87.0,227.91,55.0,355.0,3.24,59.0,839.13,
2011,8,24,19,24.33,47.76,0.0,0.0,0.0,348.9,5.92,63.0,840.18,
2011,8,24,20,22.71,54.73,0.0,0.0,0.0,342.8,8.61,66.0,841.24,
2011,8,24,21,21.85,59.9,0.0,0.0,0.0,341.05,8.51,68.0,841.6,
2011,8,24,22,20.99,65.08,0.0,0.0,0.0,339.3,8.41,70.0,841.96,
2011,8,24,23,20.13,70.25,0.0,0.0,0.0,337.55,8.32,72.0,842.32,
2011,8,25,0,20.01,72.29,0.0,0.0,0.0,337.07,7.56,73.0,842.4,
2011,8,25,1,19.89,74.33,0.0,0.0,0.0,336.58,6.8,73.0,842.49,
2011,8,25,2,19.77,76.37,0.0,0.0,0.0,336.1,6.04,74.0,842.57,
2011,8,25,3,19.63,76.77,0.0,0.0,0.0,338.23,6.05,74.0,842.54,
2011,8,25,4,19.48,77.16,0.0,0.0,0.0,340.37,6.05,74.0,842.51,
2011,8,25,5,19.34,77.56,0.0,0.0,0.0,342.5,6.06,75.0,842.49,
2011,8,25,6,20.39,72.76,32.0,0.0,32.0,341.97,6.49,78.0,842.46,
2011,8,25,7,21.44,67.96,239.0,477.83,98.0,341.43,6.92,81.0,842.43,
2011,8,25,8,22.49,63.16,446.0,632.59,139.0,340.9,7.35,84.0,842.4,
2011,8,25,9,24.04,57.84,638.0,735.11,160.0,345.57,6.23,92.0,841.71,
2011,8,25,10,25.59,52.52,781.0,761.58,188.0,350.23,5.12,101.0,841.02,
2011,8,25,11,27.15,47.2,876.0,777.46,206.0,354.9,4.0,109.0,840.32,
2011,8,25,12,27.26,45.03,930.0,835.61,183.0,361.35,2.77,121.0,839.79,
2011,8,25,13,27.37,42.85,906.0,828.18,183.0,367.8,1.54,133.0,839.27,
2011,8,25,14,27.48,40.68,823.0,818.41,168.0,374.25,0.3,145.0,838.74,
2011,8,25,15,27.15,38.56,688.0,797.46,145.0,369.72,0.77,107.0,838.52,
2011,8,25,16,26.83,36.43,503.0,713.37,130.0,365.18,1.24,68.0,838.3,
2011,8,25,17,26.5,34.31,288.0,534.17,108.0,360.65,1.71,30.0,838.07,
2011,8,25,18,25.16,39.3,82.0,206.03,54.0,354.02,2.85,40.0,838.99,
2011,8,25,19,23.83,44.3,0.0,0.0,0.0,347.38,3.98,50.0,839.91,
2011,8,25,20,22.49,49.29,0.0,0.0,0.0,340.75,5.12,59.0,840.82,
2011,8,25,21,21.76,54.72,0.0,0.0,0.0,341.57,5.66,61.0,841.38,
2011,8,25,22,21.02,60.15,0.0,0.0,0.0,342.38,6.2,63.0,841.93,
2011,8,25,23,20.29,65.58,0.0,0.0,0.0,343.2,6.74,64.0,842.49,
2011,8,26,0,20.16,69.08,0.0,0.0,0.0,343.82,6.74,64.0,842.79,
2011,8,26,1,20.02,72.57,0.0,0.0,0.0,344.43,6.73,64.0,843.1,
2011,8,26,2,19.89,76.07,0.0,0.0,0.0,345.05,6.72,64.0,843.4,
2011,8,26,3,19.75,78.29,0.0,0.0,0.0,342.2,6.79,66.0,843.6,
2011,8,26,4,19.6,80.51,0.0,0.0,0.0,339.35,6.86,68.0,843.79,
2011,8,26,5,19.46,82.73,0.0,0.0,0.0,336.5,6.94,70.0,843.99,
2011,8,26,6,20.62,78.04,31.0,0.0,31.0,340.65,6.69,74.0,844.18,
2011,8,26,7,21.79,73.36,214.0,334.87,116.0,344.8,6.43,78.0,844.37,
2011,8,26,8,22.96,68.67,443.0,631.47,138.0,348.95,6.18,82.0,844.57,
2011,8,26,9,24.47,62.04,618.0,666.69,186.0,352.93,4.8,93.0,843.96,
2011,8,26,10,25.99,55.42,775.0,747.11,195.0,356.92,3.41,104.0,843.35,
2011,8,26,11,27.51,48.79,883.0,807.63,189.0,360.9,2.03,115.0,842.74,
2011,8,26,12,27.93,45.72,923.0,819.06,193.0,361.37,2.23,88.0,842.13,
2011,8,26,13,28.36,42.64,893.0,797.67,199.0,361.83,2.42,61.0,841.52,
2011,8,26,14,28.79,39.57,765.0,646.14,250.0,362.3,2.62,34.0,840.9,
2011,8,26,15,28.1,38.99,705.0,882.96,107.0,353.02,2.45,39.0,840.54,
2011,8,26,16,27.4,38.4,498.0,711.14,129.0,343.73,2.28,44.0,840.18,
2011,8,26,17,26.71,37.82,290.0,571.13,100.0,334.45,2.11,50.0,839.82,
2011,8,26,18,24.98,44.52,89.0,319.8,47.0,330.38,4.19,57.0,840.49,
2011,8,26,19,23.25,51.22,0.0,0.0,0.0,326.32,6.27,64.0,841.15,
2011,8,26,20,21.52,57.92,0.0,0.0,0.0,322.25,8.34,72.0,841.82,
2011,8,26,21,20.6,63.1,0.0,0.0,0.0,322.18,7.9,77.0,842.15,
2011,8,26,22,19.69,68.29,0.0,0.0,0.0,322.12,7.45,82.0,842.49,
2011,8,26,23,18.77,73.47,0.0,0.0,0.0,322.05,7.01,87.0,842.82,
2011,8,27,0,18.48,75.53,0.0,0.0,0.0,320.23,6.59,86.0,843.12,
2011,8,27,1,18.19,77.58,0.0,0.0,0.0,318.42,6.17,85.0,843.43,
2011,8,27,2,17.9,79.64,0.0,0.0,0.0,316.6,5.75,84.0,843.74,
2011,8,27,3,17.68,81.49,0.0,0.0,0.0,315.55,5.78,84.0,843.99,
2011,8,27,4,17.46,83.35,0.0,0.0,0.0,314.5,5.82,84.0,844.24,
2011,8,27,5,17.24,85.2,0.0,0.0,0.0,313.45,5.85,84.0,844.48,
2011,8,27,6,19.41,77.48,30.0,0.0,30.0,318.42,5.5,87.0,844.48,
2011,8,27,7,21.58,69.77,241.0,520.3,90.0,323.38,5.15,90.0,844.48,
2011,8,27,8,23.75,62.05,448.0,667.81,127.0,328.35,4.8,93.0,844.48,
2011,8,27,9,25.23,55.63,626.0,706.24,170.0,332.38,3.2,87.0,843.93,
2011,8,27,10,26.71,49.21,772.0,746.81,194.0,336.42,1.61,81.0,843.37,
2011,8,27,11,28.19,42.79,861.0,746.97,221.0,340.45,0.01,76.0,842.82,
2011,8,27,12,28.37,40.58,909.0,787.82,209.0,341.82,1.21,60.0,842.46,
2011,8,27,13,28.56,38.37,909.0,859.28,164.0,343.18,2.4,45.0,842.1,
2011,8,27,14,28.75,36.16,820.0,831.57,160.0,344.55,3.6,30.0,841.74,
2011,8,27,15,27.88,39.18,643.0,656.21,201.0,340.72,2.56,34.0,841.85,
2011,8,27,16,27.01,42.19,459.0,551.63,175.0,336.88,1.52,39.0,841.96,
2011,8,27,17,26.14,45.21,286.0,569.58,99.0,333.05,0.48,43.0,842.07,
2011,8,27,18,24.03,52.77,83.0,292.02,46.0,333.82,3.46,49.0,843.26,
2011,8,27,19,21.93,60.33,0.0,0.0,0.0,334.58,6.44,55.0,844.46,
2011,8,27,20,19.82,67.89,0.0,0.0,0.0,335.35,9.42,62.0,845.65,
2011,8,27,21,19.0,70.78,0.0,0.0,0.0,335.62,9.24,66.0,845.82,
2011,8,27,22,18.19,73.66,0.0,0.0,0.0,335.88,9.05,71.0,845.98,
2011,8,27,23,17.37,76.55,0.0,0.0,0.0,336.15,8.87,75.0,846.15,
2011,8,28,0,17.24,77.23,0.0,0.0,0.0,334.02,8.27,75.0,846.07,
2011,8,28,1,17.1,77.92,0.0,0.0,0.0,331.88,7.66,76.0,845.98,
2011,8,28,2,16.97,78.6,0.0,0.0,0.0,329.75,7.06,76.0,845.9,
2011,8,28,3,17.12,78.7,0.0,0.0,0.0,337.32,7.14,76.0,845.84,
2011,8,28,4,17.26,78.81,0.0,0.0,0.0,344.88,7.21,75.0,845.79,
2011,8,28,5,17.41,78.91,0.0,0.0,0.0,352.45,7.28,74.0,845.73,
2011,8,28,6,18.05,74.79,30.0,0.0,30.0,354.2,7.24,76.0,845.93,
2011,8,28,7,18.69,70.67,237.0,507.36,91.0,355.95,7.2,77.0,846.12,
2011,8,28,8,19.34,66.55,436.0,616.72,141.0,357.7,7.16,78.0,846.32,
2011,8,28,9,20.82,61.9,620.0,691.69,175.0,349.52,6.56,77.0,845.79,
2011,8,28,10,22.3,57.24,778.0,775.05,180.0,341.33,5.95,77.0,845.26,
2011,8,28,11,23.78,52.59,863.0,760.92,213.0,333.15,5.35,76.0,844.73,
2011,8,28,12,24.23,50.64,917.0,818.53,192.0,336.0,5.09,71.0,844.32,
2011,8,28,13,24.69,48.69,896.0,826.48,182.0,338.85,4.84,66.0,843.9,
2011,8,28,14,25.15,46.74,799.0,770.64,190.0,341.7,4.58,62.0,843.49,
2011,8,28,15,24.35,48.59,665.0,750.98,162.0,340.73,5.47,60.0,843.46,
2011,8,28,16,23.55,50.45,487.0,695.1,132.0,339.77,6.35,58.0,843.43,
2011,8,28,17,22.75,52.3,280.0,555.76,100.0,338.8,7.24,56.0,843.4,
2011,8,28,18,21.03,58.73,55.0,73.76,46.0,338.63,7.83,55.0,844.46,
2011,8,28,19,19.32,65.16,0.0,0.0,0.0,338.47,8.43,55.0,845.51,
2011,8,28,20,17.6,71.59,0.0,0.0,0.0,338.3,9.02,55.0,846.57,
2011,8,28,21,16.69,77.08,0.0,0.0,0.0,334.48,8.62,53.0,847.09,
2011,8,28,22,15.77,82.58,0.0,0.0,0.0,330.67,8.21,51.0,847.62,
2011,8,28,23,14.86,88.07,0.0,0.0,0.0,326.85,7.81,49.0,848.15,
2011,8,29,0,14.74,87.66,0.0,0.0,0.0,326.6,7.31,48.0,848.23,
2011,8,29,1,14.62,87.25,0.0,0.0,0.0,326.35,6.8,47.0,848.32,
2011,8,29,2,14.5,86.84,0.0,0.0,0.0,326.1,6.3,45.0,848.4,
2011,8,29,3,14.6,85.18,0.0,0.0,0.0,327.62,6.27,46.0,848.4,
2011,8,29,4,14.7,83.53,0.0,0.0,0.0,329.13,6.24,47.0,848.4,
2011,8,29,5,14.8,81.87,0.0,0.0,0.0,330.65,6.21,47.0,848.4,
2011,8,29,6,15.63,76.47,28.0,0.0,28.0,329.73,6.77,51.0,848.7,
2011,8,29,7,16.47,71.08,235.0,504.73,91.0,328.82,7.33,54.0,849.01,
2011,8,29,8,17.31,65.68,443.0,663.91,127.0,327.9,7.89,57.0,849.31,
2011,8,29,9,18.82,58.57,618.0,691.12,175.0,325.87,7.63,57.0,848.65,
2011,8,29,10,20.33,51.45,776.0,774.91,180.0,323.83,7.37,56.0,847.98,
2011,8,29,11,21.84,44.34,841.0,703.36,242.0,321.8,7.12,56.0,847.32,
2011,8,29,12,22.24,41.96,904.0,787.2,209.0,319.43,6.88,58.0,846.73,
2011,8,29,13,22.64,39.59,888.0,810.92,190.0,317.07,6.65,60.0,846.15,
2011,8,29,14,23.04,37.21,813.0,829.98,160.0,314.7,6.41,62.0,845.57,
2011,8,29,15,22.01,38.39,665.0,764.33,156.0,310.08,6.06,64.0,845.73,
2011,8,29,16,20.98,39.58,480.0,679.13,136.0,305.47,5.7,65.0,845.9,
2011,8,29,17,19.95,40.76,281.0,591.75,92.0,300.85,5.34,67.0,846.07,
2011,8,29,18,18.58,46.25,79.0,332.57,40.0,296.88,5.21,66.0,846.71,
2011,8,29,19,17.2,51.75,0.0,0.0,0.0,292.92,5.09,64.0,847.34,
2011,8,29,20,15.83,57.24,0.0,0.0,0.0,288.95,4.97,63.0,847.98,
2011,8,29,21,14.97,62.81,0.0,0.0,0.0,287.13,4.93,64.0,848.09,
2011,8,29,22,14.11,68.37,0.0,0.0,0.0,285.32,4.9,64.0,848.2,
2011,8,29,23,13.25,73.94,0.0,0.0,0.0,283.5,4.87,65.0,848.32,
2011,8,30,0,13.0,78.96,0.0,0.0,0.0,282.3,4.47,68.0,848.32,
2011,8,30,1,12.75,83.98,0.0,0.0,0.0,281.1,4.08,72.0,848.32,
2011,8,30,2,12.5,89.0,0.0,0.0,0.0,279.9,3.68,75.0,848.32,
2011,8,30,3,12.34,91.23,0.0,0.0,0.0,281.77,3.71,77.0,848.34,
2011,8,30,4,12.17,93.45,0.0,0.0,0.0,283.63,3.75,80.0,848.37,
2011,8,30,5,12.01,95.68,0.0,0.0,0.0,285.5,3.78,82.0,848.4,
2011,8,30,6,14.07,82.78,27.0,0.0,27.0,286.08,4.55,86.0,848.18,
2011,8,30,7,16.14,69.89,238.0,551.58,82.0,286.67,5.32,90.0,847.95,
2011,8,30,8,18.21,56.99,438.0,650.36,130.0,287.25,6.1,94.0,847.73,
2011,8,30,9,20.42,47.39,625.0,731.29,158.0,288.93,5.71,96.0,846.71,
2011,8,30,10,22.63,37.79,760.0,730.46,200.0,290.62,5.32,97.0,845.68,
2011,8,30,11,24.84,28.19,848.0,731.48,227.0,292.3,4.94,99.0,844.65,
2011,8,30,12,25.63,25.08,880.0,727.3,240.0,295.35,4.49,99.0,843.76,
2011,8,30,13,26.42,21.97,884.0,810.46,189.0,298.4,4.04,100.0,842.88,
2011,8,30,14,27.22,18.86,800.0,798.0,175.0,301.45,3.59,101.0,841.99,
2011,8,30,15,26.09,19.88,671.0,805.09,138.0,299.6,2.9,98.0,841.9,
2011,8,30,16,24.97,20.89,475.0,676.91,135.0,297.75,2.21,95.0,841.82,
2011,8,30,17,23.84,21.91,268.0,527.26,102.0,295.9,1.52,93.0,841.74,
2011,8,30,18,21.78,25.41,74.0,302.31,40.0,295.85,2.13,91.0,842.07,
2011,8,30,19,19.73,28.91,0.0,0.0,0.0,295.8,2.75,89.0,842.4,
2011,8,30,20,17.67,32.41,0.0,0.0,0.0,295.75,3.37,87.0,842.74,
2011,8,30,21,16.77,35.81,0.0,0.0,0.0,293.75,3.64,89.0,842.79,
2011,8,30,22,15.87,39.21,0.0,0.0,0.0,291.75,3.92,91.0,842.85,
2011,8,30,23,14.97,42.61,0.0,0.0,0.0,289.75,4.19,93.0,842.9,
2011,8,31,0,14.76,46.86,0.0,0.0,0.0,286.55,4.01,95.0,842.93,
2011,8,31,1,14.54,51.1,0.0,0.0,0.0,283.35,3.83,98.0,842.96,
2011,8,31,2,14.33,55.35,0.0,0.0,0.0,280.15,3.66,100.0,842.99,
2011,8,31,3,14.17,59.66,0.0,0.0,0.0,279.67,3.59,99.0,843.15,
2011,8,31,4,14.0,63.96,0.0,0.0,0.0,279.18,3.52,99.0,843.32,
2011,8,31,5,13.84,68.27,0.0,0.0,0.0,278.7,3.45,98.0,843.49,
2011,8,31,6,17.0,59.87,26.0,0.0,26.0,282.48,3.48,102.0,843.46,
2011,8,31,7,20.16,51.47,228.0,492.27,90.0,286.27,3.5,106.0,843.43,
2011,8,31,8,23.33,43.07,436.0,649.44,130.0,290.05,3.53,111.0,843.4,
2011,8,31,9,25.19,36.59,620.0,716.78,164.0,297.03,3.01,120.0,842.49,
2011,8,31,10,27.05,30.12,749.0,701.46,213.0,304.02,2.48,129.0,841.57,
2011,8,31,11,28.91,23.64,826.0,673.55,256.0,311.0,1.96,139.0,840.65,
2011,8,31,12,29.26,21.71,887.0,755.98,224.0,313.7,1.66,154.0,839.91,
2011,8,31,13,29.61,19.77,861.0,749.18,221.0,316.4,1.36,170.0,839.16,
2011,8,31,14,29.96,17.84,796.0,797.86,174.0,319.1,1.06,186.0,838.41,
2011,8,31,15,28.51,18.43,645.0,718.77,172.0,316.92,1.34,199.0,838.32,
2011,8,31,16,27.05,19.02,476.0,700.84,127.0,314.73,1.62,212.0,838.24,
2011,8,31,17,25.6,19.61,270.0,573.78,92.0,312.55,1.9,225.0,838.16,
2011,8,31,18,25.14,24.17,69.0,278.77,39.0,310.12,2.22,176.0,838.32,
2011,8,31,19,20.35,39.15,0.0,0.0,0.0,297.62,2.86,128.0,838.49,
2011,8,31,20,20.34,39.95,0.0,0.0,0.0,298.54,2.9,80.0,838.66,
2011,8,31,21,20.32,40.76,0.0,0.0,0.0,299.45,2.93,84.0,838.68,
2011,8,31,22,20.31,41.56,0.0,0.0,0.0,300.36,2.96,88.0,838.71,
2011,8,31,23,20.3,42.37,0.0,0.0,0.0,301.28,2.99,92.0,838.74,
2009,9,1,0,20.28,43.17,0.0,0.0,0.0,302.19,3.02,93.0,838.93,
2009,9,1,1,20.27,43.98,0.0,0.0,0.0,303.1,3.06,95.0,839.13,
2009,9,1,2,20.26,44.78,0.0,0.0,0.0,304.01,3.09,96.0,839.32,
2009,9,1,3,20.25,45.59,0.0,0.0,0.0,304.93,3.12,77.0,845.48,
2009,9,1,4,20.23,46.39,0.0,0.0,0.0,305.84,3.15,78.0,845.4,
2009,9,1,5,20.22,47.2,0.0,0.0,0.0,306.75,3.18,80.0,845.32,
2009,9,1,6,20.21,48.0,24.0,0.0,24.0,307.67,3.22,84.0,845.04,
2009,9,1,7,20.19,48.81,230.0,530.3,84.0,308.58,3.25,89.0,844.76,
2009,9,1,8,20.18,49.61,442.0,703.42,114.0,309.49,3.28,93.0,844.48,
2009,9,1,9,20.17,50.41,634.0,796.83,131.0,310.41,3.31,112.0,843.57,
2009,9,1,10,20.16,51.22,780.0,822.18,156.0,311.32,3.34,131.0,842.65,
2009,9,1,11,28.04,29.13,893.0,901.63,135.0,332.2,3.06,150.0,841.74,
2009,9,1,12,28.58,26.44,931.0,912.84,136.0,334.07,3.36,172.0,840.85,
2009,9,1,13,29.12,23.74,884.0,840.08,172.0,335.93,3.65,194.0,839.96,
2009,9,1,14,29.66,21.05,811.0,878.05,133.0,337.8,3.94,216.0,839.07,
2009,9,1,15,28.46,21.3,671.0,857.01,114.0,331.88,3.74,227.0,838.91,
2009,9,1,16,27.27,21.56,470.0,711.41,122.0,325.97,3.54,237.0,838.74,
2009,9,1,17,26.07,21.81,259.0,548.48,94.0,320.05,3.34,248.0,838.57,
2009,9,1,18,24.23,25.38,35.0,0.0,35.0,314.55,2.53,269.0,839.21,
2009,9,1,19,22.4,28.94,0.0,0.0,0.0,309.05,1.73,289.0,839.85,
2009,9,1,20,20.56,32.51,0.0,0.0,0.0,303.55,0.92,310.0,840.49,
2009,9,1,21,20.51,38.6,0.0,0.0,0.0,299.4,1.18,349.0,840.9,
2009,9,1,22,20.47,44.68,0.0,0.0,0.0,295.25,1.44,29.0,841.32,
2009,9,1,23,20.42,50.77,0.0,0.0,0.0,291.1,1.7,69.0,841.74,
2009,9,2,0,18.82,57.07,0.0,0.0,0.0,289.93,1.91,70.0,842.04,
2009,9,2,1,17.22,63.37,0.0,0.0,0.0,288.77,2.12,70.0,842.35,
2009,9,2,2,15.62,69.67,0.0,0.0,0.0,287.6,2.33,71.0,842.65,
2009,9,2,3,14.96,72.12,0.0,0.0,0.0,284.3,2.34,71.0,843.07,
2009,9,2,4,14.29,74.58,0.0,0.0,0.0,281.0,2.34,71.0,843.49,
2009,9,2,5,13.63,77.03,0.0,0.0,0.0,277.7,2.34,72.0,843.9,
2009,9,2,6,16.65,68.0,23.0,0.0,23.0,281.77,2.34,71.0,843.96,
2009,9,2,7,19.67,58.97,227.0,527.89,83.0,285.83,2.33,71.0,844.01,
2009,9,2,8,22.69,49.94,439.0,700.71,114.0,289.9,2.32,71.0,844.07,
2009,9,2,9,24.33,43.84,628.0,780.93,137.0,298.4,1.89,80.0,843.32,
2009,9,2,10,25.97,37.75,777.0,821.09,156.0,306.9,1.46,90.0,842.57,
2009,9,2,11,27.61,31.65,890.0,901.12,135.0,315.4,1.03,99.0,841.82,
2009,9,2,12,28.06,27.3,913.0,863.12,164.0,317.18,0.87,44.0,841.21,
2009,9,2,13,28.51,22.94,890.0,871.95,154.0,318.97,0.7,350.0,840.6,
2009,9,2,14,28.96,18.59,794.0,829.04,157.0,320.75,0.54,295.0,839.99,
2009,9,2,15,27.69,20.28,656.0,809.88,133.0,314.52,1.19,313.0,840.21,
2009,9,2,16,26.41,21.96,463.0,697.37,125.0,308.28,1.83,332.0,840.43,
2009,9,2,17,25.14,23.65,259.0,587.73,85.0,302.05,2.48,351.0,840.65,
2009,9,2,18,23.54,28.18,9.0,0.0,9.0,300.42,2.87,6.0,841.4,
2009,9,2,19,21.94,32.71,0.0,0.0,0.0,298.78,3.26,21.0,842.15,
2009,9,2,20,20.34,37.24,0.0,0.0,0.0,297.15,3.64,36.0,842.9,
2009,9,2,21,19.51,42.98,0.0,0.0,0.0,295.88,3.56,42.0,843.43,
2009,9,2,22,18.68,48.73,0.0,0.0,0.0,294.62,3.48,48.0,843.96,
2009,9,2,23,17.84,54.47,0.0,0.0,0.0,293.35,3.39,54.0,844.48,
2009,9,3,0,17.4,59.58,0.0,0.0,0.0,292.62,3.23,57.0,844.79,
2009,9,3,1,16.96,64.68,0.0,0.0,0.0,291.88,3.07,60.0,845.1,
2009,9,3,2,16.51,69.79,0.0,0.0,0.0,291.15,2.91,63.0,845.4,
2009,9,3,3,16.05,73.67,0.0,0.0,0.0,294.73,2.87,64.0,845.68,
2009,9,3,4,15.58,77.56,0.0,0.0,0.0,298.32,2.84,65.0,845.96,
2009,9,3,5,15.11,81.44,0.0,0.0,0.0,301.9,2.8,66.0,846.23,
2009,9,3,6,17.73,69.81,21.0,0.0,21.0,308.55,2.95,68.0,846.12,
2009,9,3,7,20.36,58.17,224.0,518.06,84.0,315.2,3.1,70.0,846.01,
2009,9,3,8,22.98,46.54,436.0,700.17,113.0,321.85,3.26,72.0,845.9,
2009,9,3,9,24.92,39.34,626.0,780.91,137.0,324.45,3.2,76.0,844.98,
2009,9,3,10,26.85,32.15,782.0,851.88,140.0,327.05,3.15,80.0,844.07,
2009,9,3,11,28.79,24.95,878.0,868.32,153.0,329.65,3.1,84.0,843.15,
2009,9,3,12,29.26,21.78,919.0,895.22,145.0,331.72,2.86,85.0,842.49,
2009,9,3,13,29.74,18.61,891.0,887.5,145.0,333.78,2.61,85.0,841.82,
2009,9,3,14,30.22,15.44,790.0,829.31,156.0,335.85,2.36,85.0,841.15,
2009,9,3,15,29.14,16.62,644.0,777.8,145.0,332.63,2.56,80.0,841.04,
2009,9,3,16,28.05,17.8,465.0,735.21,112.0,329.42,2.75,74.0,840.93,
2009,9,3,17,26.97,18.98,246.0,521.93,94.0,326.2,2.95,68.0,840.82,
2009,9,3,18,25.29,23.48,33.0,0.0,33.0,323.53,3.2,66.0,841.54,
2009,9,3,19,23.6,27.97,0.0,0.0,0.0,320.87,3.46,64.0,842.26,
2009,9,3,20,21.92,32.47,0.0,0.0,0.0,318.2,3.71,62.0,842.99,
2009,9,3,21,20.82,37.76,0.0,0.0,0.0,315.58,3.55,65.0,843.24,
2009,9,3,22,19.72,43.06,0.0,0.0,0.0,312.97,3.4,67.0,843.49,
2009,9,3,23,18.61,48.35,0.0,0.0,0.0,310.35,3.24,70.0,843.74,
2009,9,4,0,18.15,52.16,0.0,0.0,0.0,307.75,3.18,72.0,843.82,
2009,9,4,1,17.69,55.97,0.0,0.0,0.0,305.15,3.11,74.0,843.9,
2009,9,4,2,17.23,59.78,0.0,0.0,0.0,302.55,3.05,76.0,843.99,
2009,9,4,3,16.79,59.52,0.0,0.0,0.0,301.33,3.02,79.0,843.93,
2009,9,4,4,16.35,59.27,0.0,0.0,0.0,300.12,2.99,81.0,843.87,
2009,9,4,5,15.91,59.01,0.0,0.0,0.0,298.9,2.97,84.0,843.82,
2009,9,4,6,18.73,50.84,19.0,0.0,19.0,302.77,3.06,85.0,843.57,
2009,9,4,7,21.55,42.68,221.0,515.54,83.0,306.63,3.16,87.0,843.32,
2009,9,4,8,24.36,34.51,424.0,647.35,127.0,310.5,3.26,89.0,843.07,
2009,9,4,9,26.01,30.85,629.0,808.2,125.0,317.68,3.14,97.0,842.21,
2009,9,4,10,27.65,27.18,771.0,820.35,155.0,324.87,3.03,106.0,841.35,
2009,9,4,11,29.3,23.52,870.0,850.97,162.0,332.05,2.92,114.0,840.49,
2009,9,4,12,29.47,22.02,896.0,830.09,181.0,336.13,2.24,120.0,839.85,
2009,9,4,13,29.65,20.51,887.0,887.7,144.0,340.22,1.55,125.0,839.21,
2009,9,4,14,29.82,19.01,738.0,666.61,231.0,344.3,0.87,130.0,838.57,
2009,9,4,15,28.66,18.61,618.0,692.01,177.0,336.73,1.21,89.0,838.35,
2009,9,4,16,27.49,18.21,410.0,489.98,177.0,329.17,1.55,47.0,838.13,
2009,9,4,17,26.33,17.81,240.0,506.37,95.0,321.6,1.89,5.0,837.91,
2009,9,4,18,24.62,21.97,30.0,0.0,30.0,318.32,2.26,19.0,838.6,
2009,9,4,19,22.92,26.12,0.0,0.0,0.0,315.03,2.63,33.0,839.29,
2009,9,4,20,21.21,30.28,0.0,0.0,0.0,311.75,2.99,47.0,839.99,
2009,9,4,21,20.23,36.38,0.0,0.0,0.0,308.1,3.0,54.0,840.29,
2009,9,4,22,19.25,42.48,0.0,0.0,0.0,304.45,3.0,61.0,840.6,
2009,9,4,23,18.27,48.58,0.0,0.0,0.0,300.8,3.01,68.0,840.9,
2009,9,5,0,17.8,53.34,0.0,0.0,0.0,299.13,2.95,72.0,841.02,
2009,9,5,1,17.32,58.11,0.0,0.0,0.0,297.47,2.89,76.0,841.13,
2009,9,5,2,16.84,62.87,0.0,0.0,0.0,295.8,2.83,80.0,841.24,
2009,9,5,3,16.29,63.37,0.0,0.0,0.0,294.23,2.8,81.0,841.32,
2009,9,5,4,15.73,63.87,0.0,0.0,0.0,292.67,2.77,83.0,841.4,
2009,9,5,5,15.18,64.37,0.0,0.0,0.0,291.1,2.74,85.0,841.49,
2009,9,5,6,18.01,56.75,19.0,0.0,19.0,295.32,2.87,87.0,841.27,
2009,9,5,7,20.84,49.13,217.0,501.69,84.0,299.53,2.99,89.0,841.04,
2009,9,5,8,23.67,41.51,429.0,683.85,117.0,303.75,3.12,92.0,840.82,
2009,9,5,9,25.42,36.51,617.0,763.29,143.0,311.15,3.07,102.0,839.93,
2009,9,5,10,27.17,31.5,764.0,804.67,162.0,318.55,3.03,111.0,839.04,
2009,9,5,11,28.92,26.5,867.0,850.43,162.0,325.95,2.98,121.0,838.16,
2009,9,5,12,29.29,23.74,903.0,861.24,164.0,329.83,2.8,133.0,837.38,
2009,9,5,13,29.67,20.97,864.0,821.97,179.0,333.72,2.63,145.0,836.6,
2009,9,5,14,30.05,18.21,760.0,750.75,192.0,337.6,2.46,157.0,835.83,
2009,9,5,15,28.77,18.2,515.0,369.7,281.0,332.92,2.06,146.0,835.58,
2009,9,5,16,27.5,18.19,428.0,590.39,150.0,328.23,1.67,136.0,835.33,
2009,9,5,17,26.22,18.18,195.0,259.39,122.0,323.55,1.28,126.0,835.08,
2009,9,5,18,24.69,23.07,29.0,0.0,29.0,318.38,1.96,107.0,835.8,
2009,9,5,19,23.17,27.97,0.0,0.0,0.0,313.22,2.63,87.0,836.52,
2009,9,5,20,21.64,32.86,0.0,0.0,0.0,308.05,3.31,68.0,837.24,
2009,9,5,21,20.43,40.58,0.0,0.0,0.0,305.37,3.41,70.0,837.91,
2009,9,5,22,19.22,48.3,0.0,0.0,0.0,302.68,3.51,71.0,838.57,
2009,9,5,23,18.01,56.02,0.0,0.0,0.0,300.0,3.61,73.0,839.24,
2009,9,6,0,17.54,60.06,0.0,0.0,0.0,299.55,3.59,74.0,839.68,
2009,9,6,1,17.07,64.1,0.0,0.0,0.0,299.1,3.57,74.0,840.13,
2009,9,6,2,16.6,68.14,0.0,0.0,0.0,298.65,3.54,75.0,840.57,
2009,9,6,3,16.1,68.1,0.0,0.0,0.0,296.33,3.48,77.0,840.6,
2009,9,6,4,15.59,68.06,0.0,0.0,0.0,294.02,3.42,79.0,840.63,
2009,9,6,5,15.09,68.02,0.0,0.0,0.0,291.7,3.35,81.0,840.65,
2009,9,6,6,17.56,60.29,18.0,0.0,18.0,293.15,3.49,84.0,840.63,
2009,9,6,7,20.03,52.57,206.0,434.26,92.0,294.6,3.62,87.0,840.6,
2009,9,6,8,22.5,44.84,417.0,632.62,130.0,296.05,3.75,90.0,840.57,
2009,9,6,9,24.29,39.0,614.0,763.33,142.0,303.38,3.63,103.0,839.82,
2009,9,6,10,26.09,33.15,761.0,803.68,162.0,310.72,3.51,116.0,839.07,
2009,9,6,11,27.88,27.31,863.0,849.94,161.0,318.05,3.39,130.0,838.32,
2009,9,6,12,28.22,24.54,904.0,877.48,154.0,320.37,3.15,149.0,837.71,
2009,9,6,13,28.56,21.77,879.0,885.88,144.0,322.68,2.91,167.0,837.1,
2009,9,6,14,28.9,19.0,764.0,780.03,177.0,325.0,2.66,186.0,836.49,
2009,9,6,15,27.26,22.28,56.0,0.0,56.0,328.07,1.81,197.0,836.71,
2009,9,6,16,25.63,25.55,79.0,0.0,79.0,331.13,0.95,208.0,836.94,
2009,9,6,17,23.99,28.83,166.0,148.3,125.0,334.2,0.1,219.0,837.16,
2009,9,6,18,22.16,37.77,20.0,0.0,20.0,333.1,0.91,165.0,838.46,
2009,9,6,19,20.33,46.7,0.0,0.0,0.0,332.0,1.73,111.0,839.77,
2009,9,6,20,18.5,55.64,0.0,0.0,0.0,330.9,2.55,57.0,841.07,
2009,9,6,21,18.11,58.6,0.0,0.0,0.0,333.93,2.69,61.0,841.68,
2009,9,6,22,17.72,61.55,0.0,0.0,0.0,336.97,2.84,65.0,842.29,
2009,9,6,23,17.33,64.51,0.0,0.0,0.0,340.0,2.98,69.0,842.9,
2009,9,7,0,17.16,65.79,0.0,0.0,0.0,334.2,2.97,70.0,843.26,
2009,9,7,1,16.98,67.08,0.0,0.0,0.0,328.4,2.95,72.0,843.62,
2009,9,7,2,16.8,68.36,0.0,0.0,0.0,322.6,2.94,74.0,843.99,
2009,9,7,3,16.3,72.88,0.0,0.0,0.0,314.85,2.92,77.0,844.21,
2009,9,7,4,15.8,77.39,0.0,0.0,0.0,307.1,2.91,79.0,844.43,
2009,9,7,5,15.3,81.91,0.0,0.0,0.0,299.35,2.9,81.0,844.65,
2009,9,7,6,17.09,75.81,17.0,0.0,17.0,299.7,3.19,83.0,844.9,
2009,9,7,7,18.89,69.7,196.0,377.06,98.0,300.05,3.48,85.0,845.15,
2009,9,7,8,20.68,63.6,421.0,669.52,119.0,300.4,3.77,87.0,845.4,
2009,9,7,9,22.23,56.03,611.0,761.78,142.0,308.5,3.44,93.0,844.93,
2009,9,7,10,23.77,48.46,766.0,833.7,147.0,316.6,3.12,100.0,844.46,
2009,9,7,11,25.32,40.89,869.0,882.3,143.0,324.7,2.8,106.0,843.99,
2009,9,7,12,25.78,37.59,910.0,909.18,136.0,329.03,2.63,106.0,843.6,
2009,9,7,13,26.25,34.3,875.0,885.06,144.0,333.37,2.45,105.0,843.21,
2009,9,7,14,26.71,31.0,777.0,840.41,148.0,337.7,2.28,105.0,842.82,
2009,9,7,15,25.81,30.99,625.0,772.3,143.0,333.45,2.59,90.0,842.88,
2009,9,7,16,24.92,30.98,423.0,608.99,142.0,329.2,2.91,75.0,842.93,
2009,9,7,17,24.02,30.97,228.0,512.07,89.0,324.95,3.23,60.0,842.99,
2009,9,7,18,22.62,35.67,24.0,0.0,24.0,325.08,3.43,59.0,843.99,
2009,9,7,19,21.21,40.38,0.0,0.0,0.0,325.22,3.62,59.0,844.98,
2009,9,7,20,19.81,45.08,0.0,0.0,0.0,325.35,3.82,58.0,845.98,
2009,9,7,21,18.79,50.6,0.0,0.0,0.0,319.47,3.68,60.0,846.51,
2009,9,7,22,17.77,56.12,0.0,0.0,0.0,313.58,3.54,62.0,847.04,
2009,9,7,23,16.75,61.64,0.0,0.0,0.0,307.7,3.39,64.0,847.57,
2009,9,8,0,16.45,64.85,0.0,0.0,0.0,305.03,3.37,67.0,847.87,
2009,9,8,1,16.15,68.05,0.0,0.0,0.0,302.37,3.34,69.0,848.18,
2009,9,8,2,15.84,71.26,0.0,0.0,0.0,299.7,3.31,72.0,848.48,
2009,9,8,3,15.45,74.03,0.0,0.0,0.0,299.43,3.2,75.0,848.43,
2009,9,8,4,15.06,76.79,0.0,0.0,0.0,299.17,3.09,77.0,848.37,
2009,9,8,5,14.67,79.56,0.0,0.0,0.0,298.9,2.98,80.0,848.32,
2009,9,8,6,16.75,71.46,16.0,0.0,16.0,301.63,3.08,84.0,848.26,
2009,9,8,7,18.83,63.36,207.0,478.07,84.0,304.37,3.17,88.0,848.2,
2009,9,8,8,20.91,55.26,418.0,666.75,119.0,307.1,3.27,92.0,848.15,
2009,9,8,9,22.77,48.98,608.0,761.89,141.0,313.3,2.97,101.0,847.29,
2009,9,8,10,24.64,42.71,763.0,832.91,147.0,319.5,2.66,109.0,846.43,
2009,9,8,11,26.5,36.43,852.0,833.23,169.0,325.7,2.36,118.0,845.57,
2009,9,8,12,27.04,33.08,897.0,875.14,155.0,329.72,2.0,140.0,844.85,
2009,9,8,13,27.58,29.72,866.0,867.25,153.0,333.73,1.63,162.0,844.12,
2009,9,8,14,28.12,26.37,780.0,870.63,132.0,337.75,1.27,183.0,843.4,
2009,9,8,15,26.85,26.49,627.0,800.5,131.0,332.95,1.09,232.0,843.12,
2009,9,8,16,25.58,26.61,432.0,681.1,121.0,328.15,0.9,280.0,842.85,
2009,9,8,17,24.31,26.73,229.0,559.32,80.0,323.35,0.72,329.0,842.57,
2009,9,8,18,22.75,30.3,22.0,0.0,22.0,318.23,1.42,357.0,843.15,
2009,9,8,19,21.19,33.87,0.0,0.0,0.0,313.12,2.12,25.0,843.74,
2009,9,8,20,19.63,37.44,0.0,0.0,0.0,308.0,2.83,53.0,844.32,
2009,9,8,21,18.73,43.15,0.0,0.0,0.0,304.83,2.89,60.0,844.6,
2009,9,8,22,17.84,48.85,0.0,0.0,0.0,301.67,2.96,66.0,844.87,
2009,9,8,23,16.94,54.56,0.0,0.0,0.0,298.5,3.02,73.0,845.15,
2009,9,9,0,16.5,59.81,0.0,0.0,0.0,298.27,2.98,76.0,845.21,
2009,9,9,1,16.06,65.06,0.0,0.0,0.0,298.03,2.94,78.0,845.26,
2009,9,9,2,15.62,70.31,0.0,0.0,0.0,297.8,2.9,81.0,845.32,
2009,9,9,3,15.21,71.6,0.0,0.0,0.0,296.52,2.88,84.0,845.26,
2009,9,9,4,14.79,72.88,0.0,0.0,0.0,295.23,2.86,86.0,845.21,
2009,9,9,5,14.37,74.17,0.0,0.0,0.0,293.95,2.84,89.0,845.15,
2009,9,9,6,17.09,66.86,15.0,0.0,15.0,296.02,2.97,94.0,844.73,
2009,9,9,7,19.81,59.55,204.0,463.39,86.0,298.08,3.1,99.0,844.32,
2009,9,9,8,22.52,52.24,416.0,666.22,119.0,300.15,3.23,104.0,843.9,
2009,9,9,9,24.34,45.42,605.0,760.41,141.0,306.75,3.27,126.0,842.71,
2009,9,9,10,26.16,38.6,748.0,786.01,169.0,313.35,3.32,149.0,841.52,
2009,9,9,11,27.98,31.78,839.0,800.98,185.0,319.95,3.37,172.0,840.32,
2009,9,9,12,28.09,28.55,888.0,858.65,163.0,319.72,4.0,191.0,839.49,
2009,9,9,13,28.21,25.31,852.0,834.67,169.0,319.48,4.63,210.0,838.66,
2009,9,9,14,28.33,22.08,776.0,870.17,132.0,319.25,5.26,229.0,837.82,
2009,9,9,15,26.66,25.27,615.0,769.02,142.0,315.47,4.87,236.0,837.96,
2009,9,9,16,24.98,28.45,418.0,628.64,134.0,311.68,4.49,243.0,838.1,
2009,9,9,17,23.31,31.64,222.0,543.43,80.0,307.9,4.11,249.0,838.24,
2009,9,9,18,21.91,38.9,20.0,0.0,20.0,306.35,3.16,273.0,839.07,
2009,9,9,19,20.52,46.16,0.0,0.0,0.0,304.8,2.21,297.0,839.91,
2009,9,9,20,19.12,53.42,0.0,0.0,0.0,303.25,1.26,320.0,840.74,
2009,9,9,21,18.13,59.23,0.0,0.0,0.0,302.07,1.43,353.0,840.85,
2009,9,9,22,17.14,65.03,0.0,0.0,0.0,300.88,1.61,26.0,840.96,
2009,9,9,23,16.14,70.84,0.0,0.0,0.0,299.7,1.79,59.0,841.07,
2009,9,10,0,15.82,73.79,0.0,0.0,0.0,298.27,1.86,62.0,841.24,
2009,9,10,1,15.49,76.73,0.0,0.0,0.0,296.83,1.92,65.0,841.4,
2009,9,10,2,15.16,79.68,0.0,0.0,0.0,295.4,1.99,69.0,841.57,
2009,9,10,3,14.49,82.52,0.0,0.0,0.0,292.32,1.99,71.0,841.79,
2009,9,10,4,13.81,85.35,0.0,0.0,0.0,289.23,2.0,74.0,842.01,
2009,9,10,5,13.14,88.19,0.0,0.0,0.0,286.15,2.0,77.0,842.24,
2009,9,10,6,15.52,79.02,14.0,0.0,14.0,289.87,1.89,80.0,842.15,
2009,9,10,7,17.9,69.86,201.0,464.31,84.0,293.58,1.77,83.0,842.07,
2009,9,10,8,20.27,60.69,411.0,652.2,122.0,297.3,1.66,86.0,841.99,
2009,9,10,9,21.6,52.83,609.0,788.6,130.0,302.07,1.34,141.0,841.18,
2009,9,10,10,22.92,44.96,745.0,786.47,168.0,306.83,1.02,197.0,840.38,
2009,9,10,11,24.25,37.1,845.0,831.23,169.0,311.6,0.7,253.0,839.57,
2009,9,10,12,24.68,34.21,884.0,857.53,163.0,309.18,1.54,257.0,839.16,
2009,9,10,13,25.12,31.32,862.0,881.65,144.0,306.77,2.37,262.0,838.74,
2009,9,10,14,25.55,28.43,759.0,820.85,155.0,304.35,3.2,267.0,838.32,
2009,9,10,15,24.37,29.72,623.0,827.22,118.0,300.58,3.14,269.0,838.46,
2009,9,10,16,23.2,31.02,436.0,756.36,98.0,296.82,3.08,272.0,838.6,
2009,9,10,17,22.02,32.31,223.0,589.43,72.0,293.05,3.02,274.0,838.74,
2009,9,10,18,20.78,36.74,17.0,0.0,17.0,292.67,2.47,284.0,839.29,
2009,9,10,19,19.53,41.18,0.0,0.0,0.0,292.28,1.92,293.0,839.85,
2009,9,10,20,18.29,45.61,0.0,0.0,0.0,291.9,1.37,302.0,840.4,
2009,9,10,21,18.25,48.71,0.0,0.0,0.0,290.2,1.11,351.0,840.65,
2009,9,10,22,18.22,51.8,0.0,0.0,0.0,288.5,0.86,39.0,840.9,
2009,9,10,23,18.18,54.9,0.0,0.0,0.0,286.8,0.61,87.0,841.15,
2009,9,11,0,17.91,58.35,0.0,0.0,0.0,285.27,0.91,99.0,841.35,
2009,9,11,1,17.63,61.8,0.0,0.0,0.0,283.73,1.22,111.0,841.54,
2009,9,11,2,17.35,65.25,0.0,0.0,0.0,282.2,1.53,123.0,841.74,
2009,9,11,3,16.43,68.51,0.0,0.0,0.0,281.92,1.61,135.0,842.13,
2009,9,11,4,15.5,71.77,0.0,0.0,0.0,281.63,1.69,148.0,842.51,
2009,9,11,5,14.58,75.03,0.0,0.0,0.0,281.35,1.77,160.0,842.9,
2009,9,11,6,17.4,63.18,13.0,0.0,13.0,285.75,1.84,179.0,843.04,
2009,9,11,7,20.22,51.32,191.0,401.11,91.0,290.15,1.92,198.0,843.18,
2009,9,11,8,23.03,39.47,399.0,601.71,134.0,294.55,2.0,217.0,843.32,
2009,9,11,9,24.27,33.46,596.0,744.32,146.0,298.1,2.68,226.0,842.82,
2009,9,11,10,25.51,27.45,742.0,785.62,168.0,301.65,3.35,235.0,842.32,
2009,9,11,11,26.75,21.44,837.0,814.85,177.0,305.2,4.03,244.0,841.82,
2009,9,11,12,26.9,20.34,890.0,889.89,145.0,305.68,4.52,249.0,841.4,
2009,9,11,13,27.06,19.23,849.0,848.94,161.0,306.17,5.01,253.0,840.99,
2009,9,11,14,27.22,18.13,762.0,851.66,139.0,306.65,5.5,257.0,840.57,
2009,9,11,15,25.79,19.54,602.0,751.03,147.0,304.3,5.17,257.0,840.9,
2009,9,11,16,24.35,20.94,412.0,649.4,125.0,301.95,4.83,256.0,841.24,
2009,9,11,17,22.92,22.35,202.0,450.16,89.0,299.6,4.5,256.0,841.57,
2009,9,11,18,21.7,25.19,15.0,0.0,15.0,299.15,4.16,255.0,842.21,
2009,9,11,19,20.47,28.02,0.0,0.0,0.0,298.7,3.83,253.0,842.85,
2009,9,11,20,19.25,30.86,0.0,0.0,0.0,298.25,3.49,252.0,843.49,
2009,9,11,21,18.52,34.0,0.0,0.0,0.0,296.88,3.01,244.0,843.57,
2009,9,11,22,17.8,37.13,0.0,0.0,0.0,295.52,2.52,237.0,843.65,
2009,9,11,23,17.07,40.27,0.0,0.0,0.0,294.15,2.04,229.0,843.74,
2009,9,12,0,16.88,42.54,0.0,0.0,0.0,293.17,1.98,217.0,843.76,
2009,9,12,1,16.69,44.8,0.0,0.0,0.0,292.18,1.92,204.0,843.79,
2009,9,12,2,16.49,47.07,0.0,0.0,0.0,291.2,1.86,191.0,843.82,
2009,9,12,3,16.47,48.04,0.0,0.0,0.0,291.8,2.03,186.0,843.99,
2009,9,12,4,16.44,49.02,0.0,0.0,0.0,292.4,2.19,181.0,844.15,
2009,9,12,5,16.42,49.99,0.0,0.0,0.0,293.0,2.36,176.0,844.32,
2009,9,12,6,19.68,42.52,12.0,0.0,12.0,298.92,2.52,181.0,844.24,
2009,9,12,7,22.94,35.06,194.0,437.93,86.0,304.83,2.69,187.0,844.15,
2009,9,12,8,26.19,27.59,396.0,600.89,133.0,310.75,2.86,193.0,844.07,
2009,9,12,9,27.41,24.72,590.0,729.57,151.0,317.87,3.89,206.0,843.29,
2009,9,12,10,28.63,21.86,747.0,815.05,154.0,324.98,4.92,220.0,842.51,
2009,9,12,11,29.85,18.99,834.0,814.51,177.0,332.1,5.96,234.0,841.74,
2009,9,12,12,29.76,18.65,876.0,856.61,162.0,334.52,6.41,234.0,841.24,
2009,9,12,13,29.68,18.32,158.0,0.0,158.0,336.93,6.87,233.0,840.74,
2009,9,12,14,29.59,17.98,670.0,555.59,266.0,339.35,7.32,233.0,840.24,
2009,9,12,15,28.28,18.94,540.0,530.65,221.0,332.23,6.57,233.0,840.18,
2009,9,12,16,26.98,19.91,398.0,597.29,137.0,325.12,5.83,232.0,840.13,
2009,9,12,17,25.67,20.87,165.0,235.93,107.0,318.0,5.08,232.0,840.07,
2009,9,12,18,24.32,22.83,13.0,0.0,13.0,316.2,4.72,231.0,840.46,
2009,9,12,19,22.96,24.79,0.0,0.0,0.0,314.4,4.37,229.0,840.85,
2009,9,12,20,21.61,26.75,0.0,0.0,0.0,312.6,4.01,227.0,841.24,
2009,9,12,21,20.88,29.15,0.0,0.0,0.0,311.6,3.83,224.0,841.21,
2009,9,12,22,20.15,31.56,0.0,0.0,0.0,310.6,3.65,220.0,841.18,
2009,9,12,23,19.42,33.96,0.0,0.0,0.0,309.6,3.46,217.0,841.15,
2009,9,13,0,19.24,37.1,0.0,0.0,0.0,308.77,3.45,218.0,841.32,
2009,9,13,1,19.06,40.25,0.0,0.0,0.0,307.93,3.43,218.0,841.49,
2009,9,13,2,18.88,43.39,0.0,0.0,0.0,307.1,3.42,219.0,841.65,
2009,9,13,3,18.55,46.49,0.0,0.0,0.0,306.33,3.36,218.0,842.18,
2009,9,13,4,18.21,49.58,0.0,0.0,0.0,305.57,3.29,218.0,842.71,
2009,9,13,5,17.87,52.68,0.0,0.0,0.0,304.8,3.23,218.0,843.24,
2009,9,13,6,20.03,46.75,0.0,0.0,0.0,307.32,4.04,224.0,843.4,
2009,9,13,7,22.2,40.83,183.0,381.3,90.0,309.83,4.86,229.0,843.57,
2009,9,13,8,24.36,34.9,391.0,588.62,135.0,312.35,5.67,235.0,843.74,
2009,9,13,9,25.37,30.42,587.0,728.09,151.0,314.08,6.05,239.0,843.29,
2009,9,13,10,26.37,25.95,731.0,768.86,174.0,315.82,6.43,243.0,842.85,
2009,9,13,11,27.38,21.47,807.0,738.27,214.0,317.55,6.81,246.0,842.4,
2009,9,13,12,27.34,20.58,868.0,839.96,171.0,316.85,6.86,249.0,842.01,
2009,9,13,13,27.31,19.7,840.0,846.26,161.0,316.15,6.9,252.0,841.63,
2009,9,13,14,27.27,18.81,748.0,832.93,146.0,315.45,6.94,254.0,841.24,
2009,9,13,15,25.73,20.58,595.0,761.21,141.0,310.27,6.25,254.0,841.46,
2009,9,13,16,24.19,22.36,408.0,680.6,114.0,305.08,5.57,253.0,841.68,
2009,9,13,17,22.65,24.13,202.0,531.97,74.0,299.9,4.88,252.0,841.9,
2009,9,13,18,21.17,27.39,11.0,0.0,11.0,296.9,4.33,249.0,842.24,
2009,9,13,19,19.7,30.64,0.0,0.0,0.0,293.9,3.78,246.0,842.57,
2009,9,13,20,18.22,33.9,0.0,0.0,0.0,290.9,3.23,243.0,842.9,
2009,9,13,21,17.82,35.81,0.0,0.0,0.0,287.83,2.83,240.0,842.9,
2009,9,13,22,17.42,37.72,0.0,0.0,0.0,284.77,2.43,236.0,842.9,
2009,9,13,23,17.01,39.63,0.0,0.0,0.0,281.7,2.03,233.0,842.9,
2009,9,14,0,16.86,40.51,0.0,0.0,0.0,281.17,1.72,227.0,842.93,
2009,9,14,1,16.71,41.39,0.0,0.0,0.0,280.63,1.41,221.0,842.96,
2009,9,14,2,16.56,42.27,0.0,0.0,0.0,280.1,1.1,215.0,842.99,
2009,9,14,3,16.56,47.22,0.0,0.0,0.0,280.62,0.94,261.0,843.43,
2009,9,14,4,16.55,52.16,0.0,0.0,0.0,281.13,0.78,307.0,843.87,
2009,9,14,5,16.55,57.11,0.0,0.0,0.0,281.65,0.62,354.0,844.32,
2009,9,14,6,18.51,54.9,0.0,0.0,0.0,288.48,1.22,6.0,844.48,
2009,9,14,7,20.47,52.69,195.0,489.29,77.0,295.32,1.82,18.0,844.65,
2009,9,14,8,22.43,50.48,406.0,684.98,110.0,302.15,2.41,30.0,844.82,
2009,9,14,9,23.47,46.81,584.0,728.32,150.0,311.37,2.4,21.0,844.29,
2009,9,14,10,24.5,43.14,543.0,263.41,353.0,320.58,2.39,13.0,843.76,
2009,9,14,11,25.54,39.47,475.0,91.27,402.0,329.8,2.37,5.0,843.24,
2009,9,14,12,25.53,36.78,786.0,606.51,285.0,334.42,2.63,2.0,842.63,
2009,9,14,13,25.52,34.08,747.0,573.76,289.0,339.03,2.89,358.0,842.01,
2009,9,14,14,25.51,31.39,620.0,439.93,304.0,343.65,3.14,355.0,841.4,
2009,9,14,15,24.64,32.24,73.0,0.0,73.0,338.18,3.15,1.0,841.32,
2009,9,14,16,23.77,33.09,367.0,491.88,157.0,332.72,3.15,8.0,841.24,
2009,9,14,17,22.9,33.94,173.0,335.64,94.0,327.25,3.16,15.0,841.15,
2009,9,14,18,21.76,39.28,0.0,0.0,0.0,327.6,3.15,28.0,841.57,
2009,9,14,19,20.63,44.61,0.0,0.0,0.0,327.95,3.15,41.0,841.99,
2009,9,14,20,19.49,49.95,0.0,0.0,0.0,328.3,3.14,54.0,842.4,
2009,9,14,21,18.5,55.49,0.0,0.0,0.0,323.28,2.96,60.0,842.32,
2009,9,14,22,17.52,61.03,0.0,0.0,0.0,318.27,2.78,65.0,842.24,
2009,9,14,23,16.53,66.57,0.0,0.0,0.0,313.25,2.59,71.0,842.15,
2009,9,15,0,16.35,70.77,0.0,0.0,0.0,314.07,2.53,73.0,842.15,
2009,9,15,1,16.17,74.96,0.0,0.0,0.0,314.88,2.47,76.0,842.15,
2009,9,15,2,15.98,79.16,0.0,0.0,0.0,315.7,2.41,79.0,842.15,
2009,9,15,3,15.71,83.09,0.0,0.0,0.0,316.05,2.31,82.0,841.96,
2009,9,15,4,15.43,87.01,0.0,0.0,0.0,316.4,2.2,84.0,841.76,
2009,9,15,5,15.15,90.94,0.0,0.0,0.0,316.75,2.1,87.0,841.57,
2009,9,15,6,17.04,85.87,0.0,0.0,0.0,320.78,2.24,94.0,841.49,
2009,9,15,7,18.93,80.81,127.0,104.86,102.0,324.82,2.39,100.0,841.4,
2009,9,15,8,20.81,75.74,292.0,214.3,200.0,328.85,2.54,106.0,841.32,
2009,9,15,9,21.27,72.53,571.0,684.75,165.0,331.18,2.16,132.0,840.85,
2009,9,15,10,21.73,69.33,512.0,213.06,359.0,333.52,1.78,157.0,840.38,
2009,9,15,11,22.19,66.12,698.0,454.6,336.0,335.85,1.41,182.0,839.91,
2009,9,15,12,21.85,68.62,77.0,0.0,77.0,336.88,1.35,210.0,839.63,
2009,9,15,13,21.52,71.11,346.0,15.11,334.0,337.92,1.29,238.0,839.35,
2009,9,15,14,21.18,73.61,108.0,0.0,108.0,338.95,1.23,265.0,839.07,
2009,9,15,15,20.2,71.52,503.0,449.87,239.0,341.68,1.43,304.0,839.57,
2009,9,15,16,19.22,69.44,329.0,348.46,182.0,344.42,1.62,342.0,840.07,
2009,9,15,17,18.24,67.35,60.0,0.0,60.0,347.15,1.82,21.0,840.57,
2009,9,15,18,17.34,72.11,0.0,0.0,0.0,344.38,1.77,37.0,840.82,
2009,9,15,19,16.44,76.87,0.0,0.0,0.0,341.62,1.71,53.0,841.07,
2009,9,15,20,15.54,81.63,0.0,0.0,0.0,338.85,1.66,70.0,841.32,
2009,9,15,21,14.93,85.21,0.0,0.0,0.0,330.58,1.67,76.0,841.13,
2009,9,15,22,14.33,88.78,0.0,0.0,0.0,322.32,1.68,82.0,840.93,
2009,9,15,23,13.72,92.36,0.0,0.0,0.0,314.05,1.7,88.0,840.74,
2009,9,16,0,13.94,93.4,0.0,0.0,0.0,316.52,1.88,92.0,840.65,
2009,9,16,1,14.16,94.43,0.0,0.0,0.0,318.98,2.06,97.0,840.57,
2009,9,16,2,14.38,95.47,0.0,0.0,0.0,321.45,2.25,101.0,840.49,
2009,9,16,3,14.15,91.88,0.0,0.0,0.0,319.5,2.15,103.0,840.77,
2009,9,16,4,13.91,88.29,0.0,0.0,0.0,317.55,2.06,105.0,841.04,
2009,9,16,5,13.68,84.7,0.0,0.0,0.0,315.6,1.96,107.0,841.32,
2009,9,16,6,15.46,80.32,0.0,0.0,0.0,319.6,2.25,119.0,841.38,
2009,9,16,7,17.24,75.94,145.0,186.72,101.0,323.6,2.55,130.0,841.43,
2009,9,16,8,19.02,71.56,306.0,260.28,195.0,327.6,2.84,142.0,841.49,
2009,9,16,9,19.7,66.75,467.0,340.73,266.0,333.35,3.39,166.0,840.85,
2009,9,16,10,20.38,61.93,660.0,563.75,257.0,339.1,3.94,190.0,840.21,
2009,9,16,11,21.06,57.12,773.0,664.75,246.0,344.85,4.5,214.0,839.57,
2009,9,16,12,20.29,62.68,822.0,729.5,225.0,341.97,4.55,220.0,839.52,
2009,9,16,13,19.52,68.23,753.0,611.49,270.0,339.08,4.61,226.0,839.46,
2009,9,16,14,18.75,73.79,443.0,119.84,358.0,336.2,4.66,232.0,839.41,
2009,9,16,15,18.14,70.35,52.0,0.0,52.0,334.75,3.76,235.0,839.88,
2009,9,16,16,17.54,66.91,35.0,0.0,35.0,333.3,2.86,238.0,840.35,
2009,9,16,17,16.93,63.47,21.0,0.0,21.0,331.85,1.96,240.0,840.82,
2009,9,16,18,15.92,71.51,0.0,0.0,0.0,332.83,1.63,211.0,841.27,
2009,9,16,19,14.91,79.54,0.0,0.0,0.0,333.82,1.3,182.0,841.71,
2009,9,16,20,13.9,87.58,0.0,0.0,0.0,334.8,0.97,152.0,842.15,
2009,9,16,21,13.39,90.33,0.0,0.0,0.0,327.73,1.07,148.0,842.32,
2009,9,16,22,12.88,93.08,0.0,0.0,0.0,320.67,1.17,143.0,842.49,
2009,9,16,23,12.36,95.83,0.0,0.0,0.0,313.6,1.27,139.0,842.65,
2009,9,17,0,12.44,96.62,0.0,0.0,0.0,310.57,1.28,139.0,842.65,
2009,9,17,1,12.52,97.41,0.0,0.0,0.0,307.53,1.29,139.0,842.65,
2009,9,17,2,12.59,98.2,0.0,0.0,0.0,304.5,1.3,138.0,842.65,
2009,9,17,3,12.05,97.46,0.0,0.0,0.0,298.1,1.2,128.0,843.35,
2009,9,17,4,11.5,96.71,0.0,0.0,0.0,291.7,1.09,117.0,844.04,
2009,9,17,5,10.96,95.97,0.0,0.0,0.0,285.3,0.99,106.0,844.73,
2009,9,17,6,13.05,91.81,0.0,0.0,0.0,286.62,1.04,119.0,844.79,
2009,9,17,7,15.15,87.65,163.0,296.33,94.0,287.93,1.09,131.0,844.85,
2009,9,17,8,17.24,83.49,393.0,653.94,116.0,289.25,1.14,144.0,844.9,
2009,9,17,9,19.11,72.02,587.0,782.12,128.0,296.15,2.06,174.0,844.12,
2009,9,17,10,20.98,60.55,749.0,889.58,116.0,303.05,2.97,204.0,843.35,
2009,9,17,11,22.85,49.08,846.0,923.72,117.0,309.95,3.88,234.0,842.57,
2009,9,17,12,23.2,43.45,893.0,987.16,89.0,309.72,4.13,238.0,841.9,
2009,9,17,13,23.56,37.82,821.0,842.64,159.0,309.48,4.39,241.0,841.24,
2009,9,17,14,23.91,32.19,724.0,811.73,152.0,309.25,4.65,245.0,840.57,
2009,9,17,15,22.35,36.24,561.0,698.31,158.0,306.07,3.89,260.0,840.63,
2009,9,17,16,20.79,40.3,371.0,583.05,131.0,302.88,3.13,274.0,840.68,
2009,9,17,17,19.23,44.35,161.0,341.67,86.0,299.7,2.37,288.0,840.74,
2009,9,17,18,18.87,48.77,0.0,0.0,0.0,298.58,1.87,320.0,840.96,
2009,9,17,19,18.5,53.19,0.0,0.0,0.0,297.47,1.36,353.0,841.18,
2009,9,17,20,18.14,57.61,0.0,0.0,0.0,296.35,0.86,25.0,841.4,
2009,9,17,21,16.5,60.33,0.0,0.0,0.0,296.58,1.19,58.0,841.32,
2009,9,17,22,14.87,63.06,0.0,0.0,0.0,296.82,1.53,90.0,841.24,
2009,9,17,23,13.23,65.78,0.0,0.0,0.0,297.05,1.86,123.0,841.15,
2009,9,18,0,13.19,67.34,0.0,0.0,0.0,295.03,1.95,127.0,841.24,
2009,9,18,1,13.14,68.91,0.0,0.0,0.0,293.02,2.04,131.0,841.32,
2009,9,18,2,13.09,70.47,0.0,0.0,0.0,291.0,2.12,136.0,841.4,
2009,9,18,3,12.56,75.08,0.0,0.0,0.0,290.12,2.13,137.0,841.65,
2009,9,18,4,12.02,79.69,0.0,0.0,0.0,289.23,2.14,139.0,841.9,
2009,9,18,5,11.48,84.3,0.0,0.0,0.0,288.35,2.15,140.0,842.15,
2009,9,18,6,14.6,72.58,0.0,0.0,0.0,290.73,2.3,159.0,842.21,
2009,9,18,7,17.73,60.87,181.0,452.12,77.0,293.12,2.46,179.0,842.26,
2009,9,18,8,20.85,49.15,390.0,653.71,115.0,295.5,2.61,198.0,842.32,
2009,9,18,9,21.8,40.58,578.0,751.99,139.0,300.5,3.76,211.0,841.68,
2009,9,18,10,22.74,32.01,545.0,286.62,342.0,305.5,4.91,223.0,841.04,
2009,9,18,11,23.69,23.44,498.0,123.48,401.0,310.5,6.06,236.0,840.4,
2009,9,18,12,23.31,22.49,345.0,12.34,335.0,316.97,6.22,238.0,840.07,
2009,9,18,13,22.94,21.54,83.0,0.0,83.0,323.43,6.38,241.0,839.74,
2009,9,18,14,22.56,20.59,124.0,0.0,124.0,329.9,6.54,243.0,839.41,
2009,9,18,15,21.01,22.34,483.0,424.68,240.0,322.67,5.68,244.0,839.85,
2009,9,18,16,19.45,24.08,389.0,715.91,98.0,315.43,4.82,245.0,840.29,
2009,9,18,17,17.9,25.83,126.0,149.4,94.0,308.2,3.96,246.0,840.74,
2009,9,18,18,16.92,28.93,0.0,0.0,0.0,303.65,3.39,240.0,841.13,
2009,9,18,19,15.93,32.04,0.0,0.0,0.0,299.1,2.83,234.0,841.52,
2009,9,18,20,14.95,35.14,0.0,0.0,0.0,294.55,2.26,228.0,841.9,
2009,9,18,21,14.3,37.79,0.0,0.0,0.0,294.45,2.17,210.0,841.82,
2009,9,18,22,13.65,40.45,0.0,0.0,0.0,294.35,2.07,192.0,841.74,
2009,9,18,23,12.99,43.1,0.0,0.0,0.0,294.25,1.97,174.0,841.65,
2009,9,19,0,13.12,44.44,0.0,0.0,0.0,293.8,2.11,161.0,841.65,
2009,9,19,1,13.25,45.77,0.0,0.0,0.0,293.35,2.26,149.0,841.65,
2009,9,19,2,13.37,47.11,0.0,0.0,0.0,292.9,2.4,137.0,841.65,
2009,9,19,3,13.03,50.08,0.0,0.0,0.0,292.15,2.41,146.0,841.65,
2009,9,19,4,12.68,53.05,0.0,0.0,0.0,291.4,2.43,155.0,841.65,
2009,9,19,5,12.34,56.02,0.0,0.0,0.0,290.65,2.44,164.0,841.65,
2009,9,19,6,14.69,51.62,0.0,0.0,0.0,297.85,2.61,181.0,841.85,
2009,9,19,7,17.04,47.22,184.0,501.78,70.0,305.05,2.77,197.0,842.04,
2009,9,19,8,19.39,42.82,169.0,16.76,162.0,312.25,2.94,214.0,842.24,
2009,9,19,9,19.82,41.92,463.0,347.88,261.0,321.93,4.16,220.0,841.76,
2009,9,19,10,20.26,41.02,550.0,303.6,336.0,331.62,5.37,227.0,841.29,
2009,9,19,11,20.69,40.12,469.0,94.64,395.0,341.3,6.59,234.0,840.82,
2009,9,19,12,20.5,40.64,214.0,0.0,214.0,340.32,6.32,233.0,840.63,
2009,9,19,13,20.32,41.17,155.0,0.0,155.0,339.33,6.05,232.0,840.43,
2009,9,19,14,20.14,41.69,289.0,11.5,281.0,338.35,5.78,231.0,840.24,
2009,9,19,15,18.48,51.57,572.0,793.31,122.0,336.05,4.57,231.0,840.74,
2009,9,19,16,16.81,61.45,373.0,647.89,113.0,333.75,3.37,230.0,841.24,
2009,9,19,17,15.15,71.33,162.0,416.55,75.0,331.45,2.17,230.0,841.74,
2009,9,19,18,14.92,75.41,0.0,0.0,0.0,323.58,1.72,203.0,841.96,
2009,9,19,19,14.68,79.5,0.0,0.0,0.0,315.72,1.28,176.0,842.18,
2009,9,19,20,14.45,83.58,0.0,0.0,0.0,307.85,0.84,149.0,842.4,
2009,9,19,21,13.49,85.59,0.0,0.0,0.0,304.8,1.13,149.0,842.26,
2009,9,19,22,12.53,87.59,0.0,0.0,0.0,301.75,1.41,148.0,842.13,
2009,9,19,23,11.57,89.6,0.0,0.0,0.0,298.7,1.7,148.0,841.99,
2009,9,20,0,11.62,90.29,0.0,0.0,0.0,300.63,1.83,149.0,841.96,
2009,9,20,1,11.67,90.97,0.0,0.0,0.0,302.57,1.96,150.0,841.93,
2009,9,20,2,11.72,91.66,0.0,0.0,0.0,304.5,2.1,151.0,841.9,
2009,9,20,3,12.21,89.44,0.0,0.0,0.0,313.23,2.2,157.0,842.18,
2009,9,20,4,12.7,87.21,0.0,0.0,0.0,321.97,2.3,162.0,842.46,
2009,9,20,5,13.19,84.99,0.0,0.0,0.0,330.7,2.4,168.0,842.74,
2009,9,20,6,14.36,76.96,0.0,0.0,0.0,333.23,2.57,172.0,843.07,
2009,9,20,7,15.54,68.94,174.0,427.94,78.0,335.77,2.75,176.0,843.4,
2009,9,20,8,16.71,60.91,390.0,687.14,105.0,338.3,2.92,180.0,843.74,
2009,9,20,9,17.33,59.39,577.0,777.48,128.0,334.55,3.16,191.0,843.4,
2009,9,20,10,17.96,57.88,719.0,808.31,152.0,330.8,3.39,203.0,843.07,
2009,9,20,11,18.58,56.36,538.0,179.9,398.0,327.05,3.63,215.0,842.74,
2009,9,20,12,18.66,54.92,619.0,275.4,398.0,328.23,3.88,222.0,842.71,
2009,9,20,13,18.75,53.49,213.0,0.0,213.0,329.42,4.12,228.0,842.68,
2009,9,20,14,18.84,52.05,156.0,0.0,156.0,330.6,4.37,235.0,842.65,
2009,9,20,15,17.69,56.88,72.0,0.0,72.0,328.4,3.49,232.0,843.32,
2009,9,20,16,16.54,61.72,175.0,27.77,164.0,326.2,2.62,230.0,843.99,
2009,9,20,17,15.39,66.55,106.0,93.36,87.0,324.0,1.74,227.0,844.65,
2009,9,20,18,14.62,72.42,0.0,0.0,0.0,321.17,1.7,220.0,845.32,
2009,9,20,19,13.85,78.3,0.0,0.0,0.0,318.33,1.66,213.0,845.98,
2009,9,20,20,13.08,84.17,0.0,0.0,0.0,315.5,1.63,205.0,846.65,
2009,9,20,21,12.84,87.16,0.0,0.0,0.0,313.32,1.55,193.0,846.68,
2009,9,20,22,12.6,90.16,0.0,0.0,0.0,311.13,1.48,181.0,846.71,
2009,9,20,23,12.35,93.15,0.0,0.0,0.0,308.95,1.41,168.0,846.73,
2009,9,21,0,12.53,94.21,0.0,0.0,0.0,306.33,1.46,164.0,846.79,
2009,9,21,1,12.71,95.28,0.0,0.0,0.0,303.72,1.51,160.0,846.84,
2009,9,21,2,12.88,96.34,0.0,0.0,0.0,301.1,1.56,155.0,846.9,
2009,9,21,3,13.02,96.39,0.0,0.0,0.0,299.8,1.65,161.0,846.96,
2009,9,21,4,13.15,96.45,0.0,0.0,0.0,298.5,1.73,166.0,847.01,
2009,9,21,5,13.28,96.5,0.0,0.0,0.0,297.2,1.82,172.0,847.07,
2009,9,21,6,15.09,91.0,0.0,0.0,0.0,299.88,2.35,184.0,847.07,
2009,9,21,7,16.9,85.51,170.0,415.45,78.0,302.57,2.89,196.0,847.07,
2009,9,21,8,18.7,80.01,378.0,636.29,116.0,305.25,3.42,209.0,847.07,
2009,9,21,9,19.8,68.56,454.0,337.8,260.0,312.58,4.4,217.0,846.48,
2009,9,21,10,20.91,57.11,723.0,838.1,138.0,319.92,5.37,226.0,845.9,
2009,9,21,11,22.01,45.66,714.0,544.92,292.0,327.25,6.34,234.0,845.32,
2009,9,21,12,21.83,42.99,745.0,563.65,295.0,331.78,6.32,236.0,844.85,
2009,9,21,13,21.66,40.31,598.0,288.99,376.0,336.32,6.3,237.0,844.37,
2009,9,21,14,21.48,37.64,555.0,345.5,318.0,340.85,6.28,239.0,843.9,
2009,9,21,15,20.26,40.12,539.0,690.87,154.0,337.98,5.42,240.0,844.15,
2009,9,21,16,19.04,42.61,368.0,677.94,103.0,335.12,4.56,242.0,844.4,
2009,9,21,17,17.82,45.09,141.0,312.86,79.0,332.25,3.7,243.0,844.65,
2009,9,21,18,16.8,50.28,0.0,0.0,0.0,328.18,3.23,238.0,844.87,
2009,9,21,19,15.77,55.46,0.0,0.0,0.0,324.12,2.76,233.0,845.1,
2009,9,21,20,14.75,60.65,0.0,0.0,0.0,320.05,2.29,228.0,845.32,
2009,9,21,21,14.25,64.75,0.0,0.0,0.0,311.78,2.26,219.0,845.18,
2009,9,21,22,13.75,68.85,0.0,0.0,0.0,303.52,2.23,210.0,845.04,
2009,9,21,23,13.25,72.95,0.0,0.0,0.0,295.25,2.19,200.0,844.9,
2009,9,22,0,13.18,75.36,0.0,0.0,0.0,291.48,2.25,199.0,844.85,
2009,9,22,1,13.1,77.77,0.0,0.0,0.0,287.72,2.3,197.0,844.79,
2009,9,22,2,13.02,80.18,0.0,0.0,0.0,283.95,2.36,196.0,844.73,
2009,9,22,3,12.94,83.48,0.0,0.0,0.0,286.22,2.17,200.0,845.1,
2009,9,22,4,12.85,86.79,0.0,0.0,0.0,288.48,1.97,204.0,845.46,
2009,9,22,5,12.76,90.09,0.0,0.0,0.0,290.75,1.78,208.0,845.82,
2009,9,22,6,14.58,86.32,0.0,0.0,0.0,293.8,2.18,218.0,845.9,
2009,9,22,7,16.4,82.54,174.0,471.3,71.0,296.85,2.58,229.0,845.98,
2009,9,22,8,18.21,78.77,373.0,621.44,119.0,299.9,2.98,239.0,846.07,
2009,9,22,9,19.24,68.47,549.0,677.67,162.0,302.37,3.74,241.0,845.4,
2009,9,22,10,20.27,58.17,700.0,761.69,171.0,304.83,4.5,243.0,844.73,
2009,9,22,11,21.3,47.87,657.0,408.76,342.0,307.3,5.26,245.0,844.07,
2009,9,22,12,21.34,43.13,806.0,755.44,206.0,307.38,5.5,248.0,843.57,
2009,9,22,13,21.39,38.39,780.0,775.14,188.0,307.47,5.75,251.0,843.07,
2009,9,22,14,21.43,33.65,586.0,433.06,291.0,307.55,6.0,254.0,842.57,
2009,9,22,15,19.93,35.86,543.0,729.75,140.0,304.98,5.1,255.0,842.65,
2009,9,22,16,18.42,38.06,360.0,663.79,104.0,302.42,4.2,256.0,842.74,
2009,9,22,17,16.92,40.27,155.0,482.33,62.0,299.85,3.3,257.0,842.82,
2009,9,22,18,16.17,44.59,0.0,0.0,0.0,295.73,2.68,250.0,843.26,
2009,9,22,19,15.42,48.92,0.0,0.0,0.0,291.62,2.06,244.0,843.71,
2009,9,22,20,14.67,53.24,0.0,0.0,0.0,287.5,1.45,237.0,844.15,
2009,9,22,21,14.43,57.27,0.0,0.0,0.0,284.87,1.34,198.0,844.43,
2009,9,22,22,14.2,61.31,0.0,0.0,0.0,282.23,1.23,158.0,844.71,
2009,9,22,23,13.96,65.34,0.0,0.0,0.0,279.6,1.12,119.0,844.98,
2009,9,23,0,12.73,70.2,0.0,0.0,0.0,278.43,1.38,106.0,845.35,
2009,9,23,1,11.5,75.06,0.0,0.0,0.0,277.27,1.65,93.0,845.71,
2009,9,23,2,10.26,79.92,0.0,0.0,0.0,276.1,1.92,81.0,846.07,
2009,9,23,3,10.13,83.03,0.0,0.0,0.0,276.82,1.96,74.0,846.46,
2009,9,23,4,10.0,86.14,0.0,0.0,0.0,277.53,2.0,68.0,846.84,
2009,9,23,5,9.87,89.25,0.0,0.0,0.0,278.25,2.04,62.0,847.23,
2009,9,23,6,12.06,86.78,0.0,0.0,0.0,283.5,2.19,62.0,847.62,
2009,9,23,7,14.26,84.32,73.0,9.28,71.0,288.75,2.34,61.0,848.01,
2009,9,23,8,16.45,81.85,115.0,0.0,115.0,294.0,2.48,61.0,848.4,
2009,9,23,9,16.42,81.51,107.0,0.0,107.0,297.0,2.34,52.0,848.29,
2009,9,23,10,16.39,81.17,63.0,0.0,63.0,300.0,2.21,43.0,848.18,
2009,9,23,11,16.36,80.83,71.0,0.0,71.0,303.0,2.07,33.0,848.07,
2009,9,23,12,16.09,82.48,85.0,0.0,85.0,307.22,2.4,32.0,848.01,
2009,9,23,13,15.83,84.12,166.0,0.0,166.0,311.43,2.72,30.0,847.95,
2009,9,23,14,15.56,85.77,247.0,4.44,244.0,315.65,3.05,28.0,847.9,
2009,9,23,15,14.35,88.63,474.0,469.67,217.0,315.2,3.09,32.0,848.18,
2009,9,23,16,13.13,91.5,345.0,599.33,117.0,314.75,3.14,36.0,848.45,
2009,9,23,17,11.92,94.36,81.0,42.68,73.0,314.3,3.19,41.0,848.73,
2009,9,23,18,11.18,95.34,0.0,0.0,0.0,305.62,2.92,42.0,849.18,
2009,9,23,19,10.45,96.32,0.0,0.0,0.0,296.93,2.66,44.0,849.62,
2009,9,23,20,9.71,97.3,0.0,0.0,0.0,288.25,2.4,46.0,850.06,
2009,9,23,21,9.59,97.07,0.0,0.0,0.0,288.88,2.4,48.0,850.01,
2009,9,23,22,9.47,96.84,0.0,0.0,0.0,289.52,2.4,49.0,849.95,
2009,9,23,23,9.35,96.61,0.0,0.0,0.0,290.15,2.4,51.0,849.9,
2009,9,24,0,9.76,96.37,0.0,0.0,0.0,297.8,2.37,51.0,850.01,
2009,9,24,1,10.17,96.12,0.0,0.0,0.0,305.45,2.34,50.0,850.12,
2009,9,24,2,10.58,95.88,0.0,0.0,0.0,313.1,2.32,50.0,850.23,
2009,9,24,3,10.4,95.41,0.0,0.0,0.0,312.75,2.28,53.0,850.37,
2009,9,24,4,10.21,94.93,0.0,0.0,0.0,312.4,2.24,56.0,850.51,
2009,9,24,5,10.03,94.46,0.0,0.0,0.0,312.05,2.21,58.0,850.65,
2009,9,24,6,10.9,89.44,0.0,0.0,0.0,315.12,2.46,63.0,850.81,
2009,9,24,7,11.77,84.41,174.0,521.96,63.0,318.18,2.7,67.0,850.98,
2009,9,24,8,12.63,79.39,381.0,705.47,97.0,321.25,2.95,71.0,851.15,
2009,9,24,9,14.25,71.63,566.0,786.54,122.0,311.13,2.58,72.0,850.37,
2009,9,24,10,15.86,63.87,696.0,773.94,164.0,301.02,2.22,74.0,849.59,
2009,9,24,11,17.48,56.11,738.0,646.22,245.0,290.9,1.85,75.0,848.81,
2009,9,24,12,18.02,52.16,755.0,693.89,209.7,293.17,1.58,66.0,848.09,
2009,9,24,13,18.56,48.2,787.0,834.76,157.0,295.43,1.31,58.0,847.37,
2009,9,24,14,19.1,44.25,695.0,832.37,136.0,297.7,1.03,50.0,846.65,
2009,9,24,15,17.6,49.1,544.0,782.1,120.0,295.43,1.35,43.0,846.68,
2009,9,24,16,16.09,53.96,354.0,693.01,94.0,293.17,1.66,36.0,846.71,
2009,9,24,17,14.59,58.81,142.0,439.3,62.0,290.9,1.97,29.0,846.73,
2009,9,24,18,13.46,63.46,0.0,0.0,0.0,288.1,2.1,35.0,847.04,
2009,9,24,19,12.33,68.11,0.0,0.0,0.0,285.3,2.23,41.0,847.34,
2009,9,24,20,11.2,72.76,0.0,0.0,0.0,282.5,2.36,46.0,847.65,
2009,9,24,21,10.53,75.58,0.0,0.0,0.0,279.77,2.25,52.0,847.51,
2009,9,24,22,9.87,78.4,0.0,0.0,0.0,277.03,2.14,58.0,847.37,
2009,9,24,23,9.2,81.22,0.0,0.0,0.0,274.3,2.03,63.0,847.23,
2009,9,25,0,9.08,83.06,0.0,0.0,0.0,274.82,2.0,67.0,847.23,
2009,9,25,1,8.96,84.91,0.0,0.0,0.0,275.33,1.98,70.0,847.23,
2009,9,25,2,8.84,86.75,0.0,0.0,0.0,275.85,1.96,73.0,847.23,
2009,9,25,3,8.65,87.46,0.0,0.0,0.0,278.78,1.85,79.0,847.2,
2009,9,25,4,8.46,88.18,0.0,0.0,0.0,281.72,1.75,84.0,847.18,
2009,9,25,5,8.27,88.89,0.0,0.0,0.0,284.65,1.64,89.0,847.15,
2009,9,25,6,11.38,79.31,0.0,0.0,0.0,288.98,1.46,90.0,847.2,
2009,9,25,7,14.49,69.72,156.0,381.53,76.0,293.32,1.28,91.0,847.26,
2009,9,25,8,17.6,60.14,370.0,653.41,109.0,297.65,1.1,93.0,847.32,
2009,9,25,9,18.81,53.96,554.0,743.12,137.0,301.08,1.22,33.0,846.62,
2009,9,25,10,20.03,47.77,692.0,773.65,163.0,304.52,1.34,333.0,845.93,
2009,9,25,11,21.24,41.59,730.0,631.12,251.0,307.95,1.46,274.0,845.23,
2009,9,25,12,21.49,39.46,815.0,829.06,167.0,307.28,2.09,275.0,844.71,
2009,9,25,13,21.75,37.32,782.0,833.17,157.0,306.62,2.72,276.0,844.18,
2009,9,25,14,22.01,35.19,704.0,893.91,108.0,305.95,3.35,277.0,843.65,
2009,9,25,15,20.33,37.42,546.0,823.03,104.0,301.12,3.01,284.0,843.71,
2009,9,25,16,18.65,39.64,347.0,675.82,97.0,296.28,2.66,291.0,843.76,
2009,9,25,17,16.97,41.87,136.0,418.66,62.0,291.45,2.32,298.0,843.82,
2009,9,25,18,16.89,46.35,0.0,0.0,0.0,288.47,1.76,309.0,843.9,
2009,9,25,19,16.8,50.83,0.0,0.0,0.0,285.48,1.2,320.0,843.99,
2009,9,25,20,16.72,55.31,0.0,0.0,0.0,282.5,0.65,331.0,844.07,
2009,9,25,21,15.39,60.7,0.0,0.0,0.0,279.62,0.92,24.0,843.76,
2009,9,25,22,14.06,66.08,0.0,0.0,0.0,276.73,1.2,76.0,843.46,
2009,9,25,23,12.72,71.47,0.0,0.0,0.0,273.85,1.48,129.0,843.15,
2009,9,26,0,12.22,72.16,0.0,0.0,0.0,271.98,1.67,132.0,842.99,
2009,9,26,1,11.72,72.84,0.0,0.0,0.0,270.12,1.86,136.0,842.82,
2009,9,26,2,11.21,73.53,0.0,0.0,0.0,268.25,2.06,139.0,842.65,
2009,9,26,3,11.01,72.25,0.0,0.0,0.0,266.63,2.17,149.0,842.63,
2009,9,26,4,10.8,70.96,0.0,0.0,0.0,265.02,2.29,159.0,842.6,
2009,9,26,5,10.59,69.68,0.0,0.0,0.0,263.4,2.4,170.0,842.57,
2009,9,26,6,13.58,61.06,0.0,0.0,0.0,267.4,2.53,178.0,842.57,
2009,9,26,7,16.57,52.44,169.0,527.38,60.0,271.4,2.66,187.0,842.57,
2009,9,26,8,19.55,43.82,241.0,136.27,187.0,275.4,2.79,196.0,842.57,
2009,9,26,9,20.8,37.1,449.0,362.16,247.0,279.68,4.0,211.0,841.76,
2009,9,26,10,22.06,30.39,657.0,658.71,209.0,283.97,5.22,226.0,840.96,
2009,9,26,11,23.31,23.67,726.0,630.46,250.0,288.25,6.44,241.0,840.16,
2009,9,26,12,23.03,23.74,802.0,796.32,183.0,295.92,6.7,242.0,839.71,
2009,9,26,13,22.75,23.81,764.0,785.99,178.0,303.58,6.97,243.0,839.27,
2009,9,26,14,22.47,23.88,651.0,696.52,190.0,311.25,7.23,244.0,838.82,
2009,9,26,15,21.01,27.11,521.0,720.0,138.0,308.25,6.19,240.0,838.88,
2009,9,26,16,19.55,30.33,308.0,471.67,136.0,305.25,5.15,237.0,838.93,
2009,9,26,17,18.09,33.56,129.0,396.7,61.0,302.25,4.11,233.0,838.99,
2009,9,26,18,17.12,34.85,0.0,0.0,0.0,297.28,3.96,225.0,839.13,
2009,9,26,19,16.15,36.14,0.0,0.0,0.0,292.32,3.81,217.0,839.27,
2009,9,26,20,15.18,37.43,0.0,0.0,0.0,287.35,3.66,208.0,839.41,
2009,9,26,21,14.73,38.64,0.0,0.0,0.0,285.18,3.62,204.0,839.27,
2009,9,26,22,14.28,39.85,0.0,0.0,0.0,283.02,3.59,200.0,839.13,
2009,9,26,23,13.83,41.06,0.0,0.0,0.0,280.85,3.56,196.0,838.99,
2009,9,27,0,13.85,42.0,0.0,0.0,0.0,279.47,3.61,193.0,838.91,
2009,9,27,1,13.86,42.93,0.0,0.0,0.0,278.08,3.67,190.0,838.82,
2009,9,27,2,13.87,43.87,0.0,0.0,0.0,276.7,3.72,186.0,838.74,
2009,9,27,3,13.73,44.24,0.0,0.0,0.0,277.03,3.77,186.0,838.96,
2009,9,27,4,13.58,44.62,0.0,0.0,0.0,277.37,3.82,186.0,839.18,
2009,9,27,5,13.43,44.99,0.0,0.0,0.0,277.7,3.86,186.0,839.41,
2009,9,27,6,15.66,39.21,0.0,0.0,0.0,279.53,4.59,191.0,839.49,
2009,9,27,7,17.9,33.43,135.0,250.42,84.0,281.37,5.32,197.0,839.57,
2009,9,27,8,20.13,27.65,327.0,450.28,150.0,283.2,6.06,202.0,839.66,
2009,9,27,9,20.54,25.1,516.0,607.93,179.0,291.0,7.28,210.0,839.35,
2009,9,27,10,20.94,22.55,527.0,300.11,324.0,298.8,8.5,219.0,839.04,
2009,9,27,11,21.35,20.0,497.0,147.8,386.0,306.6,9.72,228.0,838.74,
2009,9,27,12,20.65,21.38,716.0,547.22,293.0,312.45,9.46,228.0,838.57,
2009,9,27,13,19.96,22.77,397.0,53.99,357.0,318.3,9.2,227.0,838.41,
2009,9,27,14,19.27,24.15,664.0,767.16,160.0,324.15,8.94,227.0,838.24,
2009,9,27,15,17.84,23.79,524.0,759.25,124.0,314.17,7.69,226.0,838.82,
2009,9,27,16,16.42,23.42,192.0,77.91,164.0,304.18,6.45,224.0,839.41,
2009,9,27,17,14.99,23.06,103.0,198.7,70.0,294.2,5.2,223.0,839.99,
2009,9,27,18,13.82,24.66,0.0,0.0,0.0,289.65,4.65,218.0,840.49,
2009,9,27,19,12.64,26.25,0.0,0.0,0.0,285.1,4.1,212.0,840.99,
2009,9,27,20,11.47,27.85,0.0,0.0,0.0,280.55,3.54,207.0,841.49,
2009,9,27,21,11.04,30.11,0.0,0.0,0.0,276.7,3.51,204.0,841.43,
2009,9,27,22,10.61,32.37,0.0,0.0,0.0,272.85,3.47,201.0,841.38,
2009,9,27,23,10.17,34.63,0.0,0.0,0.0,269.0,3.43,198.0,841.32,
2009,9,28,0,10.22,35.96,0.0,0.0,0.0,267.87,3.43,199.0,841.27,
2009,9,28,1,10.26,37.28,0.0,0.0,0.0,266.73,3.43,200.0,841.21,
2009,9,28,2,10.3,38.61,0.0,0.0,0.0,265.6,3.43,201.0,841.15,
2009,9,28,3,10.35,49.61,0.0,0.0,0.0,269.38,3.31,200.0,841.29,
2009,9,28,4,10.39,60.62,0.0,0.0,0.0,273.17,3.2,199.0,841.43,
2009,9,28,5,10.44,71.62,0.0,0.0,0.0,276.95,3.08,198.0,841.57,
2009,9,28,6,12.04,60.25,0.0,0.0,0.0,271.98,4.24,205.0,841.76,
2009,9,28,7,13.64,48.88,132.0,244.26,83.0,267.02,5.41,212.0,841.96,
2009,9,28,8,15.23,37.51,308.0,377.05,161.0,262.05,6.58,219.0,842.15,
2009,9,28,9,15.92,30.47,458.0,408.43,233.0,260.03,7.3,225.0,841.88,
2009,9,28,10,16.62,23.42,646.0,643.7,213.0,258.02,8.02,231.0,841.6,
2009,9,28,11,17.31,16.38,744.0,712.23,212.0,256.0,8.74,237.0,841.32,
2009,9,28,12,17.12,16.22,797.0,809.22,175.0,253.4,8.55,242.0,841.4,
2009,9,28,13,16.93,16.06,741.0,738.86,197.0,250.8,8.36,248.0,841.49,
2009,9,28,14,16.74,15.9,636.0,679.4,193.0,248.2,8.17,253.0,841.57,
2009,9,28,15,15.17,18.9,490.0,622.95,165.0,245.33,6.84,252.0,841.9,
2009,9,28,16,13.59,21.9,294.0,446.15,136.0,242.47,5.52,252.0,842.24,
2009,9,28,17,12.02,24.9,110.0,286.15,64.0,239.6,4.19,251.0,842.57,
2009,9,28,18,10.73,26.13,0.0,0.0,0.0,237.98,3.54,242.0,843.04,
2009,9,28,19,9.43,27.37,0.0,0.0,0.0,236.37,2.89,234.0,843.51,
2009,9,28,20,8.14,28.6,0.0,0.0,0.0,234.75,2.23,225.0,843.99,
2009,9,28,21,7.83,31.98,0.0,0.0,0.0,232.93,2.23,218.0,844.01,
2009,9,28,22,7.52,35.35,0.0,0.0,0.0,231.12,2.23,211.0,844.04,
2009,9,28,23,7.2,38.73,0.0,0.0,0.0,229.3,2.23,203.0,844.07,
2009,9,29,0,7.11,40.17,0.0,0.0,0.0,228.2,2.24,200.0,844.24,
2009,9,29,1,7.01,41.6,0.0,0.0,0.0,227.1,2.24,198.0,844.4,
2009,9,29,2,6.91,43.04,0.0,0.0,0.0,226.0,2.25,195.0,844.57,
2009,9,29,3,6.48,46.7,0.0,0.0,0.0,225.9,2.17,194.0,844.98,
2009,9,29,4,6.05,50.35,0.0,0.0,0.0,225.8,2.1,193.0,845.4,
2009,9,29,5,5.62,54.01,0.0,0.0,0.0,225.7,2.03,192.0,845.82,
2009,9,29,6,8.57,45.79,0.0,0.0,0.0,229.25,2.09,196.0,845.98,
2009,9,29,7,11.52,37.57,142.0,339.19,75.0,232.8,2.15,199.0,846.15,
2009,9,29,8,14.46,29.35,352.0,620.78,112.0,236.35,2.21,203.0,846.32,
2009,9,29,9,16.07,26.17,515.0,632.09,169.0,240.9,2.66,212.0,845.51,
2009,9,29,10,17.67,22.99,623.0,578.56,236.0,245.45,3.11,221.0,844.71,
2009,9,29,11,19.28,19.81,705.0,601.72,258.0,250.0,3.56,230.0,843.9,
2009,9,29,12,19.52,18.77,761.0,703.96,223.0,251.5,4.07,235.0,843.43,
2009,9,29,13,19.77,17.74,702.0,626.03,244.0,253.0,4.59,240.0,842.96,
2009,9,29,14,20.01,16.7,638.0,706.21,181.0,254.5,5.1,244.0,842.49,
2009,9,29,15,17.67,19.83,501.0,698.82,140.0,251.75,4.44,246.0,842.88,
2009,9,29,16,15.32,22.95,310.0,567.52,112.0,249.0,3.78,248.0,843.26,
2009,9,29,17,12.98,26.08,116.0,392.41,55.0,246.25,3.12,249.0,843.65,
2009,9,29,18,11.96,28.58,0.0,0.0,0.0,245.42,2.77,242.0,844.07,
2009,9,29,19,10.94,31.08,0.0,0.0,0.0,244.58,2.42,235.0,844.48,
2009,9,29,20,9.92,33.58,0.0,0.0,0.0,243.75,2.07,228.0,844.9,
2009,9,29,21,9.4,35.82,0.0,0.0,0.0,241.8,1.97,220.0,845.04,
2009,9,29,22,8.89,38.05,0.0,0.0,0.0,239.85,1.88,211.0,845.18,
2009,9,29,23,8.37,40.29,0.0,0.0,0.0,237.9,1.78,203.0,845.32,
2009,9,30,0,8.29,42.14,0.0,0.0,0.0,236.7,1.78,196.0,845.43,
2009,9,30,1,8.21,44.0,0.0,0.0,0.0,235.5,1.79,188.0,845.54,
2009,9,30,2,8.13,45.85,0.0,0.0,0.0,234.3,1.79,181.0,845.65,
2009,9,30,3,7.58,48.01,0.0,0.0,0.0,235.2,1.88,181.0,845.98,
2009,9,30,4,7.03,50.18,0.0,0.0,0.0,236.1,1.96,182.0,846.32,
2009,9,30,5,6.47,52.34,0.0,0.0,0.0,237.0,2.04,182.0,846.65,
2009,9,30,6,9.72,44.3,0.0,0.0,0.0,241.63,1.96,187.0,846.96,
2009,9,30,7,12.97,36.26,155.0,473.18,63.0,246.27,1.88,192.0,847.26,
2009,9,30,8,16.21,28.22,346.0,586.97,121.0,250.9,1.79,197.0,847.57,
2009,9,30,9,17.82,24.82,549.0,781.45,124.0,256.38,2.33,211.0,846.87,
2009,9,30,10,19.42,21.41,640.0,631.5,220.0,261.87,2.86,226.0,846.18,
2009,9,30,11,21.03,18.01,707.0,603.72,261.0,267.35,3.39,241.0,845.48,
2009,9,30,12,21.28,17.13,714.0,559.33,289.0,268.97,3.73,248.0,845.07,
2009,9,30,13,21.53,16.24,729.0,709.87,213.0,270.58,4.07,255.0,844.65,
2009,9,30,14,21.79,15.36,657.0,778.61,157.0,272.2,4.41,262.0,844.24,
2009,9,30,15,19.76,18.9,503.0,713.66,138.0,267.78,3.84,272.0,844.85,
2009,9,30,16,17.74,22.43,319.0,646.04,97.0,263.37,3.26,283.0,845.46,
2009,9,30,17,15.71,25.97,116.0,439.53,50.0,258.95,2.69,293.0,846.07,
2009,9,30,18,14.63,30.26,0.0,0.0,0.0,258.8,2.51,314.0,846.79,
2009,9,30,19,7.39,49.66,0.0,0.0,0.0,245.85,2.73,336.0,847.51,
2009,9,30,20,8.13,50.34,0.0,0.0,0.0,249.01,2.69,357.0,848.23,
2009,9,30,21,8.87,51.01,0.0,0.0,0.0,252.16,2.64,13.0,848.56,
2009,9,30,22,9.61,51.69,0.0,0.0,0.0,255.32,2.59,29.0,848.9,
2009,9,30,23,10.36,52.37,0.0,0.0,0.0,258.48,2.54,44.0,849.23,
2012,10,1,0,11.1,53.04,0.0,0.0,0.0,261.63,2.49,49.0,849.7,
2012,10,1,1,11.84,53.72,0.0,0.0,0.0,264.79,2.44,53.0,850.17,
2012,10,1,2,12.58,54.4,0.0,0.0,0.0,267.94,2.39,58.0,850.65,
2012,10,1,3,13.32,55.07,0.0,0.0,0.0,271.1,2.35,84.0,850.54,
2012,10,1,4,14.07,55.75,0.0,0.0,0.0,274.26,2.3,84.0,850.84,
2012,10,1,5,14.81,56.43,0.0,0.0,0.0,277.41,2.25,84.0,851.15,
2012,10,1,6,15.55,57.1,0.0,0.0,0.0,280.57,2.2,85.0,851.37,
2012,10,1,7,16.29,57.78,152.0,442.32,66.0,283.72,2.15,86.0,851.59,
2012,10,1,8,17.03,58.46,357.0,662.62,103.0,286.88,2.1,86.0,851.81,
2012,10,1,9,17.78,59.13,530.0,702.39,148.0,290.04,2.05,96.0,850.98,
2012,10,1,10,18.52,59.81,646.0,661.57,206.0,293.19,2.01,107.0,850.15,
2012,10,1,11,25.13,26.11,714.0,632.15,247.0,307.4,1.32,117.0,849.31,
2012,10,1,12,25.38,23.34,778.0,768.59,194.0,307.82,1.85,109.0,848.76,
2012,10,1,13,25.64,20.57,748.0,786.91,176.0,308.23,2.38,102.0,848.2,
2012,10,1,14,25.9,17.8,648.0,753.69,164.0,308.65,2.91,95.0,847.65,
2012,10,1,15,24.03,20.48,496.0,690.19,143.0,305.03,2.69,68.0,847.9,
2012,10,1,16,22.16,23.16,317.0,640.22,97.0,301.42,2.46,41.0,848.15,
2012,10,1,17,20.29,25.84,105.0,313.0,58.0,297.8,2.23,13.0,848.4,
2012,10,1,18,19.05,28.65,0.0,0.0,0.0,295.12,1.95,20.0,848.87,
2012,10,1,19,17.81,31.47,0.0,0.0,0.0,292.43,1.66,26.0,849.34,
2012,10,1,20,16.57,34.28,0.0,0.0,0.0,289.75,1.38,32.0,849.81,
2012,10,1,21,15.71,38.08,0.0,0.0,0.0,286.92,1.69,37.0,849.95,
2012,10,1,22,14.86,41.87,0.0,0.0,0.0,284.08,2.0,42.0,850.09,
2012,10,1,23,14.0,45.67,0.0,0.0,0.0,281.25,2.3,48.0,850.23,
2012,10,2,0,13.59,51.23,0.0,0.0,0.0,281.4,2.41,52.0,850.42,
2012,10,2,1,13.18,56.78,0.0,0.0,0.0,281.55,2.52,57.0,850.62,
2012,10,2,2,12.77,62.34,0.0,0.0,0.0,281.7,2.63,62.0,850.81,
2012,10,2,3,12.07,69.12,0.0,0.0,0.0,280.05,2.7,64.0,851.2,
2012,10,2,4,11.36,75.9,0.0,0.0,0.0,278.4,2.76,66.0,851.59,
2012,10,2,5,10.65,82.68,0.0,0.0,0.0,276.75,2.83,69.0,851.98,
2012,10,2,6,13.75,74.96,0.0,0.0,0.0,280.7,2.71,70.0,852.23,
2012,10,2,7,16.85,67.23,134.45,345.78,68.3,284.65,2.59,71.0,852.48,
2012,10,2,8,19.94,59.51,313.85,543.28,107.4,288.6,2.47,72.0,852.73,
2012,10,2,9,22.12,48.72,481.0,614.85,148.8,295.32,1.91,59.0,851.9,
2012,10,2,10,24.31,37.94,561.9,582.17,176.95,302.03,1.36,46.0,851.06,
2012,10,2,11,26.49,27.15,684.3,613.19,233.85,308.75,0.8,33.0,850.23,
2012,10,2,12,26.65,23.97,743.5,709.97,207.2,308.2,1.64,29.0,849.73,
2012,10,2,13,26.81,20.78,701.8,718.54,182.9,307.65,2.48,24.0,849.23,
2012,10,2,14,26.97,17.6,558.8,632.05,156.05,307.1,3.32,19.0,848.73,
2012,10,2,15,24.96,20.63,460.85,622.93,145.45,300.77,2.81,24.0,849.01,
2012,10,2,16,22.96,23.65,278.0,514.05,104.05,294.43,2.3,28.0,849.29,
2012,10,2,17,20.95,26.68,96.3,307.82,51.7,288.1,1.79,32.0,849.56,
2012,10,2,18,19.49,32.27,0.0,0.0,0.0,287.58,2.69,41.0,850.17,
2012,10,2,19,18.02,37.87,0.0,0.0,0.0,287.07,3.58,49.0,850.79,
2012,10,2,20,16.56,43.46,0.0,0.0,0.0,286.55,4.47,57.0,851.4,
2012,10,2,21,15.53,50.66,0.0,0.0,0.0,286.98,4.69,59.0,851.73,
2012,10,2,22,14.51,57.86,0.0,0.0,0.0,287.42,4.91,61.0,852.06,
2012,10,2,23,13.48,65.06,0.0,0.0,0.0,287.85,5.13,63.0,852.4,
2012,10,3,0,13.05,71.95,0.0,0.0,0.0,286.78,4.84,63.0,852.73,
2012,10,3,1,12.62,78.84,0.0,0.0,0.0,285.72,4.55,63.0,853.06,
2012,10,3,2,12.19,85.73,0.0,0.0,0.0,284.65,4.26,63.0,853.39,
2012,10,3,3,12.2,89.2,0.0,0.0,0.0,288.17,4.15,67.0,853.64,
2012,10,3,4,12.2,92.67,0.0,0.0,0.0,291.68,4.03,71.0,853.89,
2012,10,3,5,12.21,96.14,0.0,0.0,0.0,295.2,3.92,74.0,854.14,
2012,10,3,6,14.2,90.46,0.0,0.0,0.0,300.55,3.58,77.0,854.23,
2012,10,3,7,16.19,84.79,143.0,409.24,66.0,305.9,3.24,79.0,854.31,
2012,10,3,8,18.18,79.11,351.0,661.08,102.0,311.25,2.9,81.0,854.39,
2012,10,3,9,20.59,66.42,539.0,773.26,124.0,312.8,2.27,79.0,853.34,
2012,10,3,10,22.99,53.73,671.0,778.88,159.0,314.35,1.65,77.0,852.28,
2012,10,3,11,25.4,41.04,730.0,707.82,213.0,315.9,1.02,75.0,851.23,
2012,10,3,12,25.8,35.5,777.0,788.39,185.0,313.13,1.11,63.0,850.4,
2012,10,3,13,26.2,29.97,758.0,854.45,145.0,310.37,1.2,51.0,849.56,
2012,10,3,14,26.6,24.43,651.0,800.33,145.0,307.6,1.28,39.0,848.73,
2012,10,3,15,24.65,26.92,492.0,716.31,133.0,302.48,1.29,45.0,848.81,
2012,10,3,16,22.69,29.42,295.0,552.28,111.0,297.37,1.3,51.0,848.9,
2012,10,3,17,20.74,31.91,107.0,436.83,46.0,292.25,1.31,57.0,848.98,
2012,10,3,18,19.19,35.4,0.0,0.0,0.0,291.68,1.88,63.0,849.31,
2012,10,3,19,17.64,38.89,0.0,0.0,0.0,291.12,2.45,68.0,849.65,
2012,10,3,20,16.09,42.38,0.0,0.0,0.0,290.55,3.02,74.0,849.98,
2012,10,3,21,15.27,46.28,0.0,0.0,0.0,288.4,3.35,77.0,849.95,
2012,10,3,22,14.46,50.18,0.0,0.0,0.0,286.25,3.68,80.0,849.92,
2012,10,3,23,13.64,54.08,0.0,0.0,0.0,284.1,4.01,83.0,849.9,
2012,10,4,0,13.25,58.55,0.0,0.0,0.0,284.0,3.76,86.0,849.87,
2012,10,4,1,12.85,63.02,0.0,0.0,0.0,283.9,3.5,90.0,849.84,
2012,10,4,2,12.46,67.49,0.0,0.0,0.0,283.8,3.24,93.0,849.81,
2012,10,4,3,11.9,68.11,0.0,0.0,0.0,279.98,3.11,95.0,849.65,
2012,10,4,4,11.33,68.73,0.0,0.0,0.0,276.17,2.97,96.0,849.48,
2012,10,4,5,10.77,69.35,0.0,0.0,0.0,272.35,2.84,98.0,849.31,
2012,10,4,6,14.38,59.79,0.0,0.0,0.0,276.22,2.57,101.0,849.45,
2012,10,4,7,17.98,50.22,139.0,394.64,66.0,280.08,2.3,104.0,849.59,
2012,10,4,8,21.58,40.66,346.0,645.64,105.0,283.95,2.03,106.0,849.73,
2012,10,4,9,23.39,34.01,523.0,716.62,141.0,290.5,1.77,108.0,848.76,
2012,10,4,10,25.21,27.37,656.0,734.58,176.0,297.05,1.51,109.0,847.79,
2012,10,4,11,27.02,20.72,734.0,735.34,200.0,303.6,1.26,111.0,846.82,
2012,10,4,12,27.12,19.32,768.0,773.05,191.0,302.95,1.52,80.0,846.09,
2012,10,4,13,27.22,17.92,740.0,805.44,166.0,302.3,1.79,50.0,845.37,
2012,10,4,14,27.32,16.52,631.0,739.72,167.0,301.65,2.06,19.0,844.65,
2012,10,4,15,26.56,18.28,494.0,755.98,119.0,297.67,2.14,23.0,844.65,
2012,10,4,16,25.8,20.04,297.0,603.75,99.0,293.68,2.22,26.0,844.65,
2012,10,4,17,25.04,21.8,96.0,342.2,50.0,289.7,2.3,30.0,844.65,
2012,10,4,18,23.19,25.28,0.0,0.0,0.0,290.1,2.14,48.0,844.82,
2012,10,4,19,21.33,28.75,0.0,0.0,0.0,290.5,1.97,66.0,844.98,
2012,10,4,20,19.47,32.23,0.0,0.0,0.0,290.9,1.81,84.0,845.15,
2012,10,4,21,18.02,35.55,0.0,0.0,0.0,292.78,2.13,86.0,845.15,
2012,10,4,22,16.58,38.87,0.0,0.0,0.0,294.67,2.45,88.0,845.15,
2012,10,4,23,15.13,42.19,0.0,0.0,0.0,296.55,2.77,90.0,845.15,
2012,10,5,0,14.37,47.23,0.0,0.0,0.0,290.8,2.62,92.0,845.15,
2012,10,5,1,13.61,52.28,0.0,0.0,0.0,285.05,2.47,94.0,845.15,
2012,10,5,2,12.85,57.32,0.0,0.0,0.0,279.3,2.32,97.0,845.15,
2012,10,5,3,12.31,59.76,0.0,0.0,0.0,277.33,2.41,97.0,845.37,
2012,10,5,4,11.77,62.2,0.0,0.0,0.0,275.37,2.51,97.0,845.6,
2012,10,5,5,11.23,64.64,0.0,0.0,0.0,273.4,2.61,97.0,845.82,
2012,10,5,6,14.82,56.45,0.0,0.0,0.0,277.37,2.46,102.0,845.76,
2012,10,5,7,18.4,48.27,142.0,462.1,58.0,281.33,2.32,106.0,845.71,
2012,10,5,8,21.98,40.08,340.0,629.96,107.0,285.3,2.18,110.0,845.65,
2012,10,5,9,23.83,32.58,520.0,714.04,142.0,291.13,2.35,145.0,844.73,
2012,10,5,10,25.69,25.09,659.0,762.15,164.0,296.97,2.52,179.0,843.82,
2012,10,5,11,27.54,17.59,738.0,763.21,187.0,302.8,2.69,214.0,842.9,
2012,10,5,12,27.44,16.82,750.0,726.55,211.0,305.38,3.25,225.0,842.38,
2012,10,5,13,27.34,16.06,731.0,789.69,172.0,307.97,3.81,236.0,841.85,
2012,10,5,14,27.25,15.29,636.0,782.61,149.0,310.55,4.37,247.0,841.32,
2012,10,5,15,25.08,17.5,467.0,645.73,150.0,309.07,3.5,250.0,841.57,
2012,10,5,16,22.9,19.71,298.0,647.56,89.0,307.58,2.63,253.0,841.82,
2012,10,5,17,20.73,21.92,55.0,46.43,49.0,306.1,1.75,256.0,842.07,
2012,10,5,18,20.82,25.78,0.0,0.0,0.0,305.22,1.69,221.0,842.29,
2012,10,5,19,20.91,29.65,0.0,0.0,0.0,304.33,1.62,185.0,842.51,
2012,10,5,20,21.0,33.51,0.0,0.0,0.0,303.45,1.56,149.0,842.74,
2012,10,5,21,19.23,35.86,0.0,0.0,0.0,298.7,1.76,143.0,842.74,
2012,10,5,22,17.47,38.21,0.0,0.0,0.0,293.95,1.95,136.0,842.74,
2012,10,5,23,15.7,40.56,0.0,0.0,0.0,289.2,2.15,130.0,842.74,
2012,10,6,0,15.32,42.08,0.0,0.0,0.0,288.38,2.05,131.0,842.76,
2012,10,6,1,14.94,43.61,0.0,0.0,0.0,287.57,1.94,132.0,842.79,
2012,10,6,2,14.56,45.13,0.0,0.0,0.0,286.75,1.83,133.0,842.82,
2012,10,6,3,14.26,44.19,0.0,0.0,0.0,286.77,1.84,142.0,843.12,
2012,10,6,4,13.96,43.25,0.0,0.0,0.0,286.78,1.85,151.0,843.43,
2012,10,6,5,13.66,42.31,0.0,0.0,0.0,286.8,1.86,160.0,843.74,
2012,10,6,6,16.67,37.3,0.0,0.0,0.0,289.6,2.38,169.0,843.9,
2012,10,6,7,19.67,32.28,131.0,369.64,65.0,292.4,2.89,178.0,844.07,
2012,10,6,8,22.67,27.27,337.0,627.7,107.0,295.2,3.41,187.0,844.24,
2012,10,6,9,23.82,23.76,524.0,755.21,127.0,298.05,4.01,203.0,843.74,
2012,10,6,10,24.97,20.25,655.0,760.66,164.0,300.9,4.62,218.0,843.24,
2012,10,6,11,26.12,16.74,721.0,717.6,206.0,303.75,5.23,233.0,842.74,
2012,10,6,12,25.88,15.9,766.0,800.2,176.0,303.7,5.43,238.0,842.51,
2012,10,6,13,25.64,15.05,734.0,817.84,159.0,303.65,5.64,243.0,842.29,
2012,10,6,14,25.4,14.21,616.0,722.52,170.0,303.6,5.85,248.0,842.07,
2012,10,6,15,23.34,16.79,480.0,734.87,123.0,300.05,4.76,249.0,842.54,
2012,10,6,16,21.28,19.37,283.0,573.1,101.0,296.5,3.68,249.0,843.01,
2012,10,6,17,19.22,21.95,84.0,298.22,47.0,292.95,2.59,250.0,843.49,
2012,10,6,18,17.8,25.34,0.0,0.0,0.0,288.55,2.3,246.0,843.99,
2012,10,6,19,16.37,28.72,0.0,0.0,0.0,284.15,2.0,242.0,844.48,
2012,10,6,20,14.95,32.11,0.0,0.0,0.0,279.75,1.71,238.0,844.98,
2012,10,6,21,14.39,35.28,0.0,0.0,0.0,275.98,1.61,230.0,845.07,
2012,10,6,22,13.84,38.44,0.0,0.0,0.0,272.22,1.51,222.0,845.15,
2012,10,6,23,13.28,41.61,0.0,0.0,0.0,268.45,1.41,213.0,845.23,
2012,10,7,0,13.32,43.58,0.0,0.0,0.0,266.92,1.41,209.0,845.46,
2012,10,7,1,13.35,45.54,0.0,0.0,0.0,265.38,1.42,204.0,845.68,
2012,10,7,2,13.39,47.51,0.0,0.0,0.0,263.85,1.42,200.0,845.9,
2012,10,7,3,12.81,48.69,0.0,0.0,0.0,266.23,1.4,189.0,846.18,
2012,10,7,4,12.23,49.88,0.0,0.0,0.0,268.62,1.37,177.0,846.46,
2012,10,7,5,11.65,51.06,0.0,0.0,0.0,271.0,1.35,166.0,846.73,
2012,10,7,6,14.9,43.85,0.0,0.0,0.0,276.18,1.23,174.0,847.15,
2012,10,7,7,18.15,36.63,135.0,433.54,59.0,281.37,1.1,182.0,847.57,
2012,10,7,8,21.4,29.42,331.0,614.42,108.0,286.55,0.98,190.0,847.98,
2012,10,7,9,22.8,26.18,509.0,697.39,145.0,294.6,1.65,208.0,847.34,
2012,10,7,10,24.2,22.93,646.0,745.16,168.0,302.65,2.31,226.0,846.71,
2012,10,7,11,25.6,19.69,737.0,790.62,173.0,310.7,2.98,243.0,846.07,
2012,10,7,12,25.23,18.92,770.0,829.77,162.0,313.32,3.58,245.0,845.73,
2012,10,7,13,24.87,18.14,271.0,5.73,267.0,315.93,4.17,247.0,845.4,
2012,10,7,14,24.51,17.37,69.0,0.0,69.0,318.55,4.77,249.0,845.07,
2012,10,7,15,22.88,20.08,57.0,0.0,57.0,315.12,3.72,243.0,845.46,
2012,10,7,16,21.26,22.78,141.0,35.21,130.0,311.68,2.68,236.0,845.84,
2012,10,7,17,19.63,25.49,71.0,193.37,48.0,308.25,1.63,230.0,846.23,
2012,10,7,18,18.64,26.46,0.0,0.0,0.0,305.03,1.77,217.0,846.57,
2012,10,7,19,17.65,27.43,0.0,0.0,0.0,301.82,1.9,204.0,846.9,
2012,10,7,20,16.66,28.4,0.0,0.0,0.0,298.6,2.04,191.0,847.23,
2012,10,7,21,15.99,31.21,0.0,0.0,0.0,294.83,2.09,176.0,847.32,
2012,10,7,22,15.33,34.02,0.0,0.0,0.0,291.07,2.14,160.0,847.4,
2012,10,7,23,14.66,36.83,0.0,0.0,0.0,287.3,2.19,145.0,847.48,
2012,10,8,0,14.1,39.21,0.0,0.0,0.0,286.1,2.16,135.0,847.73,
2012,10,8,1,13.55,41.6,0.0,0.0,0.0,284.9,2.12,124.0,847.98,
2012,10,8,2,12.99,43.98,0.0,0.0,0.0,283.7,2.08,114.0,848.23,
2012,10,8,3,12.45,46.1,0.0,0.0,0.0,281.18,2.44,112.0,848.48,
2012,10,8,4,11.91,48.22,0.0,0.0,0.0,278.67,2.79,110.0,848.73,
2012,10,8,5,11.37,50.34,0.0,0.0,0.0,276.15,3.14,107.0,848.98,
2012,10,8,6,14.81,43.73,0.0,0.0,0.0,281.12,2.86,111.0,849.23,
2012,10,8,7,18.25,37.11,93.0,122.08,72.0,286.08,2.58,115.0,849.48,
2012,10,8,8,21.69,30.5,318.0,556.42,118.0,291.05,2.3,119.0,849.73,
2012,10,8,9,22.91,27.2,482.0,594.39,174.0,301.63,2.41,155.0,848.98,
2012,10,8,10,24.12,23.91,407.0,130.21,324.0,312.22,2.51,192.0,848.23,
2012,10,8,11,25.34,20.61,271.0,5.64,267.0,322.8,2.62,228.0,847.48,
2012,10,8,12,24.95,20.65,288.0,6.87,283.0,321.33,2.95,233.0,847.12,
2012,10,8,13,24.56,20.68,707.0,754.2,184.0,319.87,3.27,239.0,846.76,
2012,10,8,14,24.17,20.72,512.0,398.48,270.0,318.4,3.6,244.0,846.4,
2012,10,8,15,22.3,24.83,309.0,155.59,235.0,316.95,2.81,246.0,846.96,
2012,10,8,16,20.42,28.93,169.0,91.12,141.0,315.5,2.03,249.0,847.51,
2012,10,8,17,18.55,33.04,52.0,70.27,44.0,314.05,1.24,251.0,848.07,
2012,10,8,18,17.92,35.85,0.0,0.0,0.0,306.82,1.58,244.0,848.26,
2012,10,8,19,17.29,38.67,0.0,0.0,0.0,299.58,1.92,236.0,848.45,
2012,10,8,20,16.66,41.48,0.0,0.0,0.0,292.35,2.26,229.0,848.65,
2012,10,8,21,15.93,44.67,0.0,0.0,0.0,294.82,2.09,209.0,848.43,
2012,10,8,22,15.21,47.87,0.0,0.0,0.0,297.28,1.92,189.0,848.2,
2012,10,8,23,14.49,51.06,0.0,0.0,0.0,299.75,1.75,169.0,847.98,
2012,10,9,0,14.32,52.54,0.0,0.0,0.0,300.75,1.64,160.0,847.73,
2012,10,9,1,14.15,54.01,0.0,0.0,0.0,301.75,1.52,151.0,847.48,
2012,10,9,2,13.98,55.49,0.0,0.0,0.0,302.75,1.41,142.0,847.23,
2012,10,9,3,13.49,56.66,0.0,0.0,0.0,299.43,1.5,142.0,847.4,
2012,10,9,4,13.0,57.83,0.0,0.0,0.0,296.12,1.59,141.0,847.57,
2012,10,9,5,12.51,59.0,0.0,0.0,0.0,292.8,1.68,141.0,847.73,
2012,10,9,6,15.41,50.94,0.0,0.0,0.0,295.28,1.78,148.0,847.62,
2012,10,9,7,18.31,42.89,68.0,35.56,62.0,297.77,1.88,154.0,847.51,
2012,10,9,8,21.2,34.83,212.0,126.44,167.0,300.25,1.97,160.0,847.4,
2012,10,9,9,22.26,32.41,436.0,427.7,216.0,309.77,3.25,180.0,846.68,
2012,10,9,10,23.33,30.0,58.0,0.0,58.0,319.28,4.53,199.0,845.96,
2012,10,9,11,24.39,27.58,85.0,0.0,85.0,328.8,5.81,218.0,845.23,
2012,10,9,12,24.12,27.66,91.0,0.0,91.0,334.05,4.78,217.0,844.73,
2012,10,9,13,23.85,27.73,570.0,358.69,323.0,339.3,3.76,215.0,844.24,
2012,10,9,14,23.58,27.81,318.0,53.13,286.0,344.55,2.73,214.0,843.74,
2012,10,9,15,22.32,29.81,54.0,0.0,54.0,342.1,2.31,208.0,843.79,
2012,10,9,16,21.05,31.81,243.0,403.73,121.0,339.65,1.89,203.0,843.85,
2012,10,9,17,19.79,33.81,34.0,9.19,33.0,337.2,1.48,198.0,843.9,
2012,10,9,18,19.45,34.56,0.0,0.0,0.0,340.35,1.66,193.0,843.76,
2012,10,9,19,19.1,35.3,0.0,0.0,0.0,343.5,1.85,187.0,843.62,
2012,10,9,20,18.75,36.05,0.0,0.0,0.0,346.65,2.04,182.0,843.49,
2012,10,9,21,18.51,36.08,0.0,0.0,0.0,339.5,2.09,181.0,842.93,
2012,10,9,22,18.28,36.11,0.0,0.0,0.0,332.35,2.13,179.0,842.38,
2012,10,9,23,18.05,36.14,0.0,0.0,0.0,325.2,2.18,178.0,841.82,
2012,10,10,0,17.63,38.25,0.0,0.0,0.0,324.77,2.41,184.0,841.63,
2012,10,10,1,17.22,40.37,0.0,0.0,0.0,324.33,2.65,190.0,841.43,
2012,10,10,2,16.8,42.48,0.0,0.0,0.0,323.9,2.88,196.0,841.24,
2012,10,10,3,16.07,44.08,0.0,0.0,0.0,312.88,2.76,196.0,841.6,
2012,10,10,4,15.33,45.68,0.0,0.0,0.0,301.87,2.64,195.0,841.96,
2012,10,10,5,14.6,47.28,0.0,0.0,0.0,290.85,2.52,194.0,842.32,
2012,10,10,6,16.74,43.58,0.0,0.0,0.0,291.77,3.37,203.0,842.43,
2012,10,10,7,18.88,39.87,123.0,392.98,58.0,292.68,4.22,212.0,842.54,
2012,10,10,8,21.02,36.17,317.0,584.65,111.0,293.6,5.06,221.0,842.65,
2012,10,10,9,21.84,32.71,499.0,707.08,138.0,298.35,6.15,225.0,842.13,
2012,10,10,10,22.66,29.26,651.0,813.69,139.0,303.1,7.24,230.0,841.6,
2012,10,10,11,23.48,25.8,727.0,802.52,165.0,307.85,8.33,234.0,841.07,
2012,10,10,12,23.19,24.83,758.0,841.56,153.0,305.95,7.91,235.0,840.77,
2012,10,10,13,22.9,23.85,660.0,627.39,231.0,304.05,7.49,237.0,840.46,
2012,10,10,14,22.62,22.88,627.0,862.16,112.0,302.15,7.06,238.0,840.16,
2012,10,10,15,20.9,25.91,420.0,539.26,169.0,294.45,5.62,240.0,840.93,
2012,10,10,16,19.19,28.95,270.0,622.67,85.0,286.75,4.17,241.0,841.71,
2012,10,10,17,17.47,31.98,61.0,192.7,41.0,279.05,2.73,242.0,842.49,
2012,10,10,18,16.19,35.94,0.0,0.0,0.0,276.55,2.17,240.0,843.04,
2012,10,10,19,14.9,39.91,0.0,0.0,0.0,274.05,1.61,237.0,843.6,
2012,10,10,20,13.61,43.87,0.0,0.0,0.0,271.55,1.05,235.0,844.15,
2012,10,10,21,13.16,47.62,0.0,0.0,0.0,270.57,1.2,224.0,844.15,
2012,10,10,22,12.72,51.37,0.0,0.0,0.0,269.58,1.34,212.0,844.15,
2012,10,10,23,12.27,55.12,0.0,0.0,0.0,268.6,1.49,201.0,844.15,
2012,10,11,0,11.99,57.41,0.0,0.0,0.0,268.17,1.49,191.0,844.35,
2012,10,11,1,11.72,59.69,0.0,0.0,0.0,267.73,1.48,181.0,844.54,
2012,10,11,2,11.44,61.98,0.0,0.0,0.0,267.3,1.48,170.0,844.73,
2012,10,11,3,10.91,63.05,0.0,0.0,0.0,265.78,1.57,168.0,844.87,
2012,10,11,4,10.39,64.13,0.0,0.0,0.0,264.27,1.66,165.0,845.01,
2012,10,11,5,9.86,65.2,0.0,0.0,0.0,262.75,1.75,162.0,845.15,
2012,10,11,6,12.77,56.83,0.0,0.0,0.0,266.03,1.95,169.0,845.4,
2012,10,11,7,15.68,48.46,104.0,240.66,65.0,269.32,2.16,176.0,845.65,
2012,10,11,8,18.59,40.09,293.0,467.37,130.0,272.6,2.36,184.0,845.9,
2012,10,11,9,19.92,33.66,506.0,759.82,121.0,276.98,2.91,196.0,845.35,
2012,10,11,10,21.25,27.22,653.0,843.07,126.0,281.37,3.47,208.0,844.79,
2012,10,11,11,22.58,20.79,718.0,786.04,171.0,285.75,4.03,220.0,844.24,
2012,10,11,12,22.46,19.62,682.0,597.82,255.0,284.9,3.94,224.0,843.9,
2012,10,11,13,22.34,18.45,608.0,480.15,282.0,284.05,3.86,229.0,843.57,
2012,10,11,14,22.22,17.28,559.0,594.23,207.0,283.2,3.78,233.0,843.24,
2012,10,11,15,19.95,20.38,442.0,668.97,134.0,278.07,3.04,236.0,843.74,
2012,10,11,16,17.69,23.47,255.0,540.97,97.0,272.93,2.3,238.0,844.24,
2012,10,11,17,15.42,26.57,56.0,172.03,39.0,267.8,1.56,241.0,844.73,
2012,10,11,18,14.41,29.76,0.0,0.0,0.0,265.37,1.67,235.0,845.26,
2012,10,11,19,13.39,32.94,0.0,0.0,0.0,262.93,1.79,228.0,845.79,
2012,10,11,20,12.37,36.13,0.0,0.0,0.0,260.5,1.9,221.0,846.32,
2012,10,11,21,11.96,38.83,0.0,0.0,0.0,259.05,1.74,213.0,846.46,
2012,10,11,22,11.55,41.52,0.0,0.0,0.0,257.6,1.57,206.0,846.59,
2012,10,11,23,11.14,44.22,0.0,0.0,0.0,256.15,1.41,198.0,846.73,
2012,10,12,0,10.84,46.13,0.0,0.0,0.0,257.25,1.33,189.0,846.87,
2012,10,12,1,10.55,48.05,0.0,0.0,0.0,258.35,1.26,180.0,847.01,
2012,10,12,2,10.25,49.96,0.0,0.0,0.0,259.45,1.19,171.0,847.15,
2012,10,12,3,10.09,51.25,0.0,0.0,0.0,262.42,1.38,168.0,847.37,
2012,10,12,4,9.93,52.55,0.0,0.0,0.0,265.38,1.58,165.0,847.59,
2012,10,12,5,9.77,53.84,0.0,0.0,0.0,268.35,1.78,162.0,847.82,
2012,10,12,6,13.24,46.17,0.0,0.0,0.0,273.13,1.71,162.0,847.93,
2012,10,12,7,16.71,38.49,114.0,359.21,57.0,277.92,1.63,162.0,848.04,
2012,10,12,8,20.17,30.82,307.0,567.88,111.0,282.7,1.56,161.0,848.15,
2012,10,12,9,21.9,27.32,480.0,650.34,153.0,289.42,2.17,182.0,847.23,
2012,10,12,10,23.63,23.83,592.0,615.2,210.0,296.13,2.78,203.0,846.32,
2012,10,12,11,25.36,20.33,713.0,783.83,171.0,302.85,3.39,224.0,845.4,
2012,10,12,12,25.26,19.66,731.0,777.89,179.0,310.98,3.35,225.0,844.65,
2012,10,12,13,25.16,18.99,689.0,763.96,174.0,319.12,3.3,227.0,843.9,
2012,10,12,14,25.06,18.32,613.0,842.69,118.0,327.25,3.26,228.0,843.15,
2012,10,12,15,22.89,20.63,444.0,704.89,123.0,322.35,2.91,226.0,843.32,
2012,10,12,16,20.72,22.93,248.0,526.02,97.0,317.45,2.57,223.0,843.49,
2012,10,12,17,18.55,25.24,63.0,319.49,33.0,312.55,2.23,221.0,843.65,
2012,10,12,18,17.79,28.37,0.0,0.0,0.0,314.12,2.25,211.0,844.04,
2012,10,12,19,17.02,31.5,0.0,0.0,0.0,315.68,2.27,202.0,844.43,
2012,10,12,20,16.26,34.63,0.0,0.0,0.0,317.25,2.29,192.0,844.82,
2012,10,12,21,16.02,37.12,0.0,0.0,0.0,313.85,1.75,187.0,844.51,
2012,10,12,22,15.79,39.61,0.0,0.0,0.0,310.45,1.2,181.0,844.21,
2012,10,12,23,15.55,42.1,0.0,0.0,0.0,307.05,0.66,175.0,843.9,
2012,10,13,0,15.59,46.62,0.0,0.0,0.0,306.35,1.51,178.0,843.82,
2012,10,13,1,15.63,51.13,0.0,0.0,0.0,305.65,2.35,180.0,843.74,
2012,10,13,2,15.67,55.65,0.0,0.0,0.0,304.95,3.2,183.0,843.65,
2012,10,13,3,15.45,54.28,0.0,0.0,0.0,300.32,2.69,186.0,843.43,
2012,10,13,4,15.24,52.92,0.0,0.0,0.0,295.68,2.18,189.0,843.21,
2012,10,13,5,15.02,51.55,0.0,0.0,0.0,291.05,1.67,193.0,842.99,
2012,10,13,6,17.07,45.9,0.0,0.0,0.0,295.83,2.67,202.0,842.93,
2012,10,13,7,19.12,40.25,111.0,347.74,57.0,300.62,3.66,211.0,842.88,
2012,10,13,8,21.16,34.6,302.0,556.37,112.0,305.4,4.66,220.0,842.82,
2012,10,13,9,21.67,32.51,512.0,837.84,94.0,309.48,5.88,225.0,842.38,
2012,10,13,10,22.17,30.42,659.0,912.84,96.0,313.57,7.09,230.0,841.93,
2012,10,13,11,22.68,28.33,727.0,860.22,136.0,317.65,8.3,236.0,841.49,
2012,10,13,12,22.22,28.64,722.0,760.34,186.0,316.4,8.16,239.0,841.43,
2012,10,13,13,21.77,28.96,649.0,636.51,223.0,315.15,8.02,242.0,841.38,
2012,10,13,14,21.32,29.27,414.0,206.02,294.0,313.9,7.88,245.0,841.32,
2012,10,13,15,19.72,31.96,428.0,650.54,135.0,309.75,6.56,248.0,842.1,
2012,10,13,16,18.12,34.66,24.0,0.0,24.0,305.6,5.24,251.0,842.88,
2012,10,13,17,16.52,37.35,30.0,0.0,30.0,301.45,3.92,254.0,843.65,
2012,10,13,18,15.25,41.8,0.0,0.0,0.0,295.52,2.84,256.0,844.32,
2012,10,13,19,13.98,46.24,0.0,0.0,0.0,289.58,1.77,258.0,844.98,
2012,10,13,20,12.71,50.69,0.0,0.0,0.0,283.65,0.69,260.0,845.65,
2012,10,13,21,12.84,55.35,0.0,0.0,0.0,278.93,0.81,265.0,846.01,
2012,10,13,22,12.97,60.01,0.0,0.0,0.0,274.22,0.94,270.0,846.37,
2012,10,13,23,13.1,64.67,0.0,0.0,0.0,269.5,1.06,276.0,846.73,
2012,10,14,0,11.76,68.52,0.0,0.0,0.0,266.7,1.29,299.0,847.18,
2012,10,14,1,10.41,72.36,0.0,0.0,0.0,263.9,1.52,322.0,847.62,
2012,10,14,2,9.07,76.21,0.0,0.0,0.0,261.1,1.75,345.0,848.07,
2012,10,14,3,8.61,79.98,0.0,0.0,0.0,258.78,1.8,2.0,848.62,
2012,10,14,4,8.15,83.74,0.0,0.0,0.0,256.47,1.84,20.0,849.18,
2012,10,14,5,7.69,87.51,0.0,0.0,0.0,254.15,1.89,38.0,849.73,
2012,10,14,6,10.27,79.06,0.0,0.0,0.0,256.73,1.73,42.0,850.06,
2012,10,14,7,12.85,70.6,114.0,414.83,51.0,259.32,1.58,47.0,850.4,
2012,10,14,8,15.43,62.15,315.0,666.01,90.0,261.9,1.42,51.0,850.73,
2012,10,14,9,16.94,53.32,487.0,725.31,128.0,267.53,1.26,55.0,850.09,
2012,10,14,10,18.46,44.48,622.0,764.02,154.0,273.17,1.1,60.0,849.45,
2012,10,14,11,19.97,35.65,722.0,858.51,136.0,278.8,0.94,64.0,848.81,
2012,10,14,12,20.37,32.64,737.0,835.38,152.0,280.22,1.31,63.0,848.29,
2012,10,14,13,20.78,29.62,694.0,820.23,149.0,281.63,1.68,62.0,847.76,
2012,10,14,14,21.19,26.61,579.0,734.17,155.0,283.05,2.06,61.0,847.23,
2012,10,14,15,19.28,29.55,430.0,684.73,125.0,279.1,2.06,55.0,847.51,
2012,10,14,16,17.36,32.49,243.0,559.23,88.0,275.15,2.06,49.0,847.79,
2012,10,14,17,15.45,35.43,22.0,0.0,22.0,271.2,2.07,43.0,848.07,
2012,10,14,18,14.09,38.16,0.0,0.0,0.0,269.58,1.94,50.0,848.45,
2012,10,14,19,12.72,40.88,0.0,0.0,0.0,267.97,1.82,56.0,848.84,
2012,10,14,20,11.35,43.61,0.0,0.0,0.0,266.35,1.7,63.0,849.23,
2012,10,14,21,10.78,47.58,0.0,0.0,0.0,268.83,2.66,68.0,849.29,
2012,10,14,22,10.22,51.56,0.0,0.0,0.0,271.32,3.62,73.0,849.34,
2012,10,14,23,9.66,55.53,0.0,0.0,0.0,273.8,4.58,78.0,849.4,
2012,10,15,0,9.35,62.14,0.0,0.0,0.0,275.87,4.46,80.0,849.48,
2012,10,15,1,9.04,68.74,0.0,0.0,0.0,277.93,4.33,82.0,849.56,
2012,10,15,2,8.73,75.35,0.0,0.0,0.0,280.0,4.21,85.0,849.65,
2012,10,15,3,8.28,79.35,0.0,0.0,0.0,281.33,4.11,85.0,849.95,
2012,10,15,4,7.83,83.34,0.0,0.0,0.0,282.67,4.02,86.0,850.26,
2012,10,15,5,7.38,87.34,0.0,0.0,0.0,284.0,3.93,86.0,850.56,
2012,10,15,6,10.1,80.45,0.0,0.0,0.0,287.08,3.89,92.0,850.67,
2012,10,15,7,12.82,73.55,110.0,404.23,50.0,290.17,3.85,98.0,850.79,
2012,10,15,8,15.53,66.66,301.0,592.57,103.0,293.25,3.81,103.0,850.9,
2012,10,15,9,17.32,59.07,462.0,619.15,158.0,296.13,3.08,108.0,849.98,
2012,10,15,10,19.1,51.49,603.0,705.22,174.0,299.02,2.35,113.0,849.06,
2012,10,15,11,20.89,43.9,678.0,707.85,198.0,301.9,1.63,117.0,848.15,
2012,10,15,12,21.32,40.41,695.0,700.11,208.0,300.95,1.59,128.0,847.48,
2012,10,15,13,21.76,36.91,688.0,818.65,148.0,300.0,1.54,139.0,846.82,
2012,10,15,14,22.2,33.42,570.0,717.77,159.0,299.05,1.5,150.0,846.15,
2012,10,15,15,21.46,36.18,431.0,721.92,113.0,294.68,1.61,106.0,846.29,
2012,10,15,16,20.72,38.95,244.0,605.99,79.0,290.32,1.71,62.0,846.43,
2012,10,15,17,19.98,41.71,29.0,0.0,29.0,285.95,1.82,17.0,846.57,
2012,10,15,18,17.69,46.31,0.0,0.0,0.0,283.55,2.21,29.0,847.04,
2012,10,15,19,15.39,50.9,0.0,0.0,0.0,281.15,2.59,40.0,847.51,
2012,10,15,20,13.1,55.5,0.0,0.0,0.0,278.75,2.98,52.0,847.98,
2012,10,15,21,12.2,60.76,0.0,0.0,0.0,277.82,2.98,57.0,848.4,
2012,10,15,22,11.31,66.01,0.0,0.0,0.0,276.88,2.98,62.0,848.81,
2012,10,15,23,10.41,71.27,0.0,0.0,0.0,275.95,2.98,67.0,849.23,
2012,10,16,0,10.0,77.17,0.0,0.0,0.0,275.25,3.0,68.0,849.56,
2012,10,16,1,9.59,83.07,0.0,0.0,0.0,274.55,3.02,70.0,849.9,
2012,10,16,2,9.18,88.97,0.0,0.0,0.0,273.85,3.03,71.0,850.23,
2012,10,16,3,8.72,91.0,0.0,0.0,0.0,270.12,2.97,74.0,850.42,
2012,10,16,4,8.26,93.04,0.0,0.0,0.0,266.38,2.91,77.0,850.62,
2012,10,16,5,7.8,95.07,0.0,0.0,0.0,262.65,2.86,80.0,850.81,
2012,10,16,6,10.52,88.46,0.0,0.0,0.0,266.1,2.89,83.0,851.2,
2012,10,16,7,13.24,81.84,106.0,379.38,51.0,269.55,2.92,86.0,851.59,
2012,10,16,8,15.96,75.23,295.0,581.07,103.0,273.0,2.95,89.0,851.98,
2012,10,16,9,17.74,65.88,466.0,655.01,147.0,278.28,2.46,96.0,851.15,
2012,10,16,10,19.52,56.52,599.0,703.56,174.0,283.57,1.97,103.0,850.31,
2012,10,16,11,21.3,47.17,670.0,691.78,204.0,288.85,1.48,110.0,849.48,
2012,10,16,12,21.65,42.84,711.0,771.43,178.0,289.43,1.73,119.0,848.84,
2012,10,16,13,22.0,38.52,679.0,801.77,154.0,290.02,1.98,128.0,848.2,
2012,10,16,14,22.35,34.19,574.0,759.19,143.0,290.6,2.23,137.0,847.57,
2012,10,16,15,20.45,38.41,414.0,654.28,129.0,284.03,2.17,88.0,847.79,
2012,10,16,16,18.54,42.62,229.0,519.74,90.0,277.47,2.11,39.0,848.01,
2012,10,16,17,16.64,46.84,28.0,0.0,28.0,270.9,2.06,350.0,848.23,
2012,10,16,18,15.33,51.54,0.0,0.0,0.0,270.48,1.75,5.0,848.73,
2012,10,16,19,14.02,56.23,0.0,0.0,0.0,270.07,1.44,20.0,849.23,
2012,10,16,20,12.71,60.93,0.0,0.0,0.0,269.65,1.13,34.0,849.73,
2012,10,16,21,12.06,65.58,0.0,0.0,0.0,270.18,1.2,42.0,850.04,
2012,10,16,22,11.42,70.23,0.0,0.0,0.0,270.72,1.27,49.0,850.34,
2012,10,16,23,10.77,74.88,0.0,0.0,0.0,271.25,1.34,57.0,850.65,
2012,10,17,0,10.47,78.6,0.0,0.0,0.0,271.1,1.71,58.0,850.9,
2012,10,17,1,10.17,82.31,0.0,0.0,0.0,270.95,2.09,60.0,851.15,
2012,10,17,2,9.87,86.03,0.0,0.0,0.0,270.8,2.47,62.0,851.4,
2012,10,17,3,9.5,88.69,0.0,0.0,0.0,273.67,2.42,63.0,851.59,
2012,10,17,4,9.12,91.36,0.0,0.0,0.0,276.53,2.37,63.0,851.78,
2012,10,17,5,8.75,94.02,0.0,0.0,0.0,279.4,2.32,64.0,851.98,
2012,10,17,6,11.06,87.55,0.0,0.0,0.0,283.4,2.08,66.0,852.17,
2012,10,17,7,13.37,81.09,101.0,360.44,50.0,287.4,1.84,68.0,852.37,
2012,10,17,8,15.67,74.62,290.0,566.3,105.0,291.4,1.6,70.0,852.56,
2012,10,17,9,17.36,65.98,469.0,693.57,134.0,292.38,1.54,68.0,851.87,
2012,10,17,10,19.05,57.35,601.0,730.23,163.0,293.37,1.49,67.0,851.17,
2012,10,17,11,20.74,48.71,696.0,807.02,156.0,294.35,1.43,65.0,850.48,
2012,10,17,12,21.08,45.09,717.0,816.03,157.0,293.67,1.98,59.0,849.98,
2012,10,17,13,21.42,41.47,681.0,830.78,141.0,292.98,2.53,54.0,849.48,
2012,10,17,14,21.76,37.85,566.0,742.66,148.0,292.3,3.08,48.0,848.98,
2012,10,17,15,19.97,41.18,418.0,701.15,116.0,287.6,2.66,41.0,849.18,
2012,10,17,16,18.19,44.5,223.0,502.57,91.0,282.9,2.25,34.0,849.37,
2012,10,17,17,16.4,47.83,24.0,0.0,24.0,278.2,1.83,27.0,849.56,
2012,10,17,18,15.23,52.46,0.0,0.0,0.0,276.15,1.79,33.0,850.04,
2012,10,17,19,14.06,57.1,0.0,0.0,0.0,274.1,1.75,39.0,850.51,
2012,10,17,20,12.89,61.73,0.0,0.0,0.0,272.05,1.71,45.0,850.98,
2012,10,17,21,12.32,66.14,0.0,0.0,0.0,271.83,2.14,48.0,851.23,
2012,10,17,22,11.75,70.55,0.0,0.0,0.0,271.62,2.57,51.0,851.48,
2012,10,17,23,11.18,74.96,0.0,0.0,0.0,271.4,3.01,54.0,851.73,
2012,10,18,0,10.92,79.12,0.0,0.0,0.0,273.12,3.2,55.0,851.81,
2012,10,18,1,10.67,83.27,0.0,0.0,0.0,274.83,3.38,57.0,851.9,
2012,10,18,2,10.41,87.43,0.0,0.0,0.0,276.55,3.57,59.0,851.98,
2012,10,18,3,10.32,89.49,0.0,0.0,0.0,279.97,3.62,60.0,851.9,
2012,10,18,4,10.22,91.55,0.0,0.0,0.0,283.38,3.67,61.0,851.81,
2012,10,18,5,10.13,93.61,0.0,0.0,0.0,286.8,3.72,62.0,851.73,
2012,10,18,6,12.05,86.39,0.0,0.0,0.0,289.63,3.55,66.0,851.84,
2012,10,18,7,13.97,79.18,98.0,347.85,50.0,292.47,3.38,70.0,851.95,
2012,10,18,8,15.88,71.96,286.0,563.61,104.0,295.3,3.21,74.0,852.06,
2012,10,18,9,17.28,63.42,454.0,638.86,148.0,298.85,2.34,78.0,851.42,
2012,10,18,10,18.68,54.88,583.0,673.35,182.0,302.4,1.46,81.0,850.79,
2012,10,18,11,20.08,46.34,675.0,746.28,179.0,305.95,0.58,85.0,850.15,
2012,10,18,12,20.31,43.44,708.0,798.16,164.0,306.43,0.75,86.0,849.54,
2012,10,18,13,20.54,40.53,675.0,827.65,141.0,306.92,0.93,87.0,848.93,
2012,10,18,14,20.77,37.63,566.0,768.83,137.0,307.4,1.1,88.0,848.32,
2012,10,18,15,19.38,41.07,419.0,739.62,104.0,302.5,1.18,75.0,848.29,
2012,10,18,16,17.98,44.51,224.0,546.71,83.0,297.6,1.25,63.0,848.26,
2012,10,18,17,16.59,47.95,23.0,0.0,23.0,292.7,1.32,50.0,848.23,
2012,10,18,18,15.38,52.12,0.0,0.0,0.0,290.65,1.8,51.0,848.73,
2012,10,18,19,14.16,56.28,0.0,0.0,0.0,288.6,2.28,52.0,849.23,
2012,10,18,20,12.94,60.45,0.0,0.0,0.0,286.55,2.76,53.0,849.73,
2012,10,18,21,12.44,64.9,0.0,0.0,0.0,286.25,3.43,55.0,849.98,
2012,10,18,22,11.95,69.35,0.0,0.0,0.0,285.95,4.09,57.0,850.23,
2012,10,18,23,11.46,73.8,0.0,0.0,0.0,285.65,4.76,58.0,850.48,
2012,10,19,0,11.28,77.26,0.0,0.0,0.0,287.63,4.69,60.0,850.62,
2012,10,19,1,11.09,80.73,0.0,0.0,0.0,289.62,4.62,61.0,850.76,
2012,10,19,2,10.91,84.19,0.0,0.0,0.0,291.6,4.55,62.0,850.9,
2012,10,19,3,10.68,86.56,0.0,0.0,0.0,290.92,4.18,63.0,850.92,
2012,10,19,4,10.46,88.93,0.0,0.0,0.0,290.23,3.82,64.0,850.95,
2012,10,19,5,10.23,91.3,0.0,0.0,0.0,289.55,3.45,66.0,850.98,
2012,10,19,6,11.84,87.19,0.0,0.0,0.0,291.48,3.59,70.0,851.12,
2012,10,19,7,13.44,83.08,93.0,334.64,48.0,293.42,3.72,74.0,851.26,
2012,10,19,8,15.04,78.97,288.0,604.76,95.0,295.35,3.86,78.0,851.4,
2012,10,19,9,16.1,75.34,468.0,728.53,122.0,296.37,3.14,83.0,850.9,
2012,10,19,10,17.15,71.7,598.0,754.36,152.0,297.38,2.43,89.0,850.4,
2012,10,19,11,18.21,68.07,693.0,834.7,142.0,298.4,1.71,95.0,849.9,
2012,10,19,12,17.88,72.05,710.0,827.31,150.0,299.62,2.18,92.0,849.62,
2012,10,19,13,17.55,76.02,659.0,780.74,159.0,300.83,2.66,90.0,849.34,
2012,10,19,14,17.22,80.0,552.0,723.1,152.0,302.05,3.13,87.0,849.06,
2012,10,19,15,15.73,82.16,394.0,619.8,133.0,298.55,2.64,67.0,849.18,
2012,10,19,16,14.24,84.33,209.0,466.0,91.0,295.05,2.16,46.0,849.29,
2012,10,19,17,12.75,86.49,21.0,0.0,21.0,291.55,1.67,25.0,849.4,
2012,10,19,18,11.89,87.97,0.0,0.0,0.0,288.08,2.11,32.0,849.84,
2012,10,19,19,11.03,89.44,0.0,0.0,0.0,284.62,2.54,39.0,850.29,
2012,10,19,20,10.17,90.92,0.0,0.0,0.0,281.15,2.98,46.0,850.73,
2012,10,19,21,9.87,91.99,0.0,0.0,0.0,281.52,3.56,50.0,850.95,
2012,10,19,22,9.58,93.06,0.0,0.0,0.0,281.88,4.15,53.0,851.17,
2012,10,19,23,9.28,94.13,0.0,0.0,0.0,282.25,4.73,56.0,851.4,
2012,10,20,0,9.24,94.91,0.0,0.0,0.0,281.73,4.62,58.0,851.45,
2012,10,20,1,9.19,95.7,0.0,0.0,0.0,281.22,4.51,60.0,851.51,
2012,10,20,2,9.15,96.48,0.0,0.0,0.0,280.7,4.4,62.0,851.56,
2012,10,20,3,9.01,96.62,0.0,0.0,0.0,282.97,4.16,63.0,851.59,
2012,10,20,4,8.86,96.77,0.0,0.0,0.0,285.23,3.92,65.0,851.62,
2012,10,20,5,8.72,96.91,0.0,0.0,0.0,287.5,3.68,66.0,851.65,
2012,10,20,6,10.12,95.32,0.0,0.0,0.0,288.95,3.86,69.0,851.76,
2012,10,20,7,11.51,93.74,89.0,313.13,48.0,290.4,4.03,72.0,851.87,
2012,10,20,8,12.9,92.15,266.0,475.69,116.0,291.85,4.21,74.0,851.98,
2012,10,20,9,14.02,85.98,392.0,405.64,201.0,296.87,3.24,81.0,851.67,
2012,10,20,10,15.13,79.81,580.0,696.86,171.0,301.88,2.27,87.0,851.37,
2012,10,20,11,16.25,73.64,673.0,771.81,167.0,306.9,1.3,93.0,851.06,
2012,10,20,12,16.38,76.09,611.0,502.81,273.0,308.13,1.19,71.0,850.84,
2012,10,20,13,16.51,78.53,529.0,368.13,295.0,309.37,1.08,49.0,850.62,
2012,10,20,14,16.64,80.98,494.0,508.77,215.0,310.6,0.97,28.0,850.4,
2012,10,20,15,15.28,82.07,300.0,242.58,199.0,306.52,1.24,35.0,850.56,
2012,10,20,16,13.92,83.17,186.0,329.87,104.0,302.43,1.51,43.0,850.73,
2012,10,20,17,12.56,84.26,18.0,0.0,18.0,298.35,1.78,51.0,850.9,
2012,10,20,18,11.58,85.57,0.0,0.0,0.0,295.58,2.69,55.0,851.4,
2012,10,20,19,10.59,86.89,0.0,0.0,0.0,292.82,3.6,58.0,851.9,
2012,10,20,20,9.6,88.2,0.0,0.0,0.0,290.05,4.51,62.0,852.4,
2012,10,20,21,9.34,89.02,0.0,0.0,0.0,288.97,4.68,63.0,852.59,
2012,10,20,22,9.09,89.84,0.0,0.0,0.0,287.88,4.84,65.0,852.78,
2012,10,20,23,8.83,90.66,0.0,0.0,0.0,286.8,5.01,66.0,852.98,
2012,10,21,0,8.83,91.29,0.0,0.0,0.0,288.05,4.77,67.0,853.06,
2012,10,21,1,8.82,91.93,0.0,0.0,0.0,289.3,4.53,69.0,853.14,
2012,10,21,2,8.82,92.56,0.0,0.0,0.0,290.55,4.29,70.0,853.23,
2012,10,21,3,8.68,93.45,0.0,0.0,0.0,289.72,4.22,72.0,853.14,
2012,10,21,4,8.54,94.34,0.0,0.0,0.0,288.88,4.14,74.0,853.06,
2012,10,21,5,8.4,95.23,0.0,0.0,0.0,288.05,4.07,75.0,852.98,
2012,10,21,6,10.08,89.43,0.0,0.0,0.0,288.22,4.29,80.0,853.14,
2012,10,21,7,11.76,83.64,85.0,298.32,47.0,288.38,4.52,85.0,853.31,
2012,10,21,8,13.43,77.84,269.0,523.25,106.0,288.55,4.74,90.0,853.48,
2012,10,21,9,14.93,70.37,454.0,698.4,128.0,290.85,3.85,95.0,852.89,
2012,10,21,10,16.43,62.9,585.0,738.07,155.0,293.15,2.95,99.0,852.31,
2012,10,21,11,17.93,55.43,690.0,861.64,129.0,295.45,2.06,104.0,851.73,
2012,10,21,12,18.03,53.68,696.0,808.91,156.0,302.85,1.74,104.0,851.17,
2012,10,21,13,18.13,51.94,652.0,792.51,152.0,310.25,1.43,105.0,850.62,
2012,10,21,14,18.23,50.19,556.0,790.99,126.0,317.65,1.12,105.0,850.06,
2012,10,21,15,16.95,52.14,388.0,638.88,125.0,314.1,1.35,92.0,849.9,
2012,10,21,16,15.66,54.1,205.0,495.89,84.0,310.55,1.58,80.0,849.73,
2012,10,21,17,14.38,56.05,15.0,0.0,15.0,307.0,1.81,67.0,849.56,
2012,10,21,18,13.34,60.7,0.0,0.0,0.0,303.07,2.63,70.0,850.01,
2012,10,21,19,12.3,65.35,0.0,0.0,0.0,299.13,3.45,72.0,850.45,
2012,10,21,20,11.26,70.0,0.0,0.0,0.0,295.2,4.28,74.0,850.9,
2012,10,21,21,10.95,74.6,0.0,0.0,0.0,298.52,4.55,78.0,851.04,
2012,10,21,22,10.64,79.21,0.0,0.0,0.0,301.83,4.82,81.0,851.17,
2012,10,21,23,10.33,83.81,0.0,0.0,0.0,305.15,5.09,84.0,851.31,
2012,10,22,0,10.31,85.67,0.0,0.0,0.0,301.83,4.85,85.0,851.42,
2012,10,22,1,10.29,87.54,0.0,0.0,0.0,298.52,4.6,86.0,851.53,
2012,10,22,2,10.27,89.4,0.0,0.0,0.0,295.2,4.36,87.0,851.65,
2012,10,22,3,10.04,90.41,0.0,0.0,0.0,289.53,4.28,90.0,851.78,
2012,10,22,4,9.81,91.43,0.0,0.0,0.0,283.87,4.2,93.0,851.92,
2012,10,22,5,9.58,92.44,0.0,0.0,0.0,278.2,4.12,96.0,852.06,
2012,10,22,6,11.15,87.06,0.0,0.0,0.0,281.92,4.05,101.0,852.28,
2012,10,22,7,12.72,81.67,54.0,64.62,46.0,285.63,3.98,105.0,852.51,
2012,10,22,8,14.28,76.29,132.0,29.25,123.0,289.35,3.9,109.0,852.73,
2012,10,22,9,15.31,70.17,359.0,315.55,213.0,297.57,3.18,121.0,852.23,
2012,10,22,10,16.33,64.06,291.0,41.5,267.0,305.78,2.45,133.0,851.73,
2012,10,22,11,17.36,57.94,395.0,103.62,328.0,314.0,1.72,145.0,851.23,
2012,10,22,12,17.67,54.54,506.0,262.48,332.0,319.42,1.95,152.0,850.65,
2012,10,22,13,17.98,51.15,474.0,257.11,313.0,324.83,2.17,159.0,850.06,
2012,10,22,14,18.29,47.75,319.0,96.49,267.0,330.25,2.4,166.0,849.48,
2012,10,22,15,17.43,53.95,211.0,58.97,187.0,328.87,2.17,143.0,849.81,
2012,10,22,16,16.57,60.15,32.0,0.0,32.0,327.48,1.94,121.0,850.15,
2012,10,22,17,15.71,66.35,8.0,0.0,8.0,326.1,1.71,98.0,850.48,
2012,10,22,18,14.6,69.87,0.0,0.0,0.0,326.85,1.54,100.0,850.67,
2012,10,22,19,13.48,73.38,0.0,0.0,0.0,327.6,1.38,102.0,850.87,
2012,10,22,20,12.36,76.9,0.0,0.0,0.0,328.35,1.21,105.0,851.06,
2012,10,22,21,12.07,79.71,0.0,0.0,0.0,328.55,1.4,104.0,851.04,
2012,10,22,22,11.78,82.53,0.0,0.0,0.0,328.75,1.59,104.0,851.01,
2012,10,22,23,11.49,85.34,0.0,0.0,0.0,328.95,1.78,103.0,850.98,
2012,10,23,0,11.27,87.95,0.0,0.0,0.0,328.78,1.61,103.0,851.15,
2012,10,23,1,11.04,90.55,0.0,0.0,0.0,328.62,1.44,102.0,851.31,
2012,10,23,2,10.82,93.16,0.0,0.0,0.0,328.45,1.27,102.0,851.48,
2012,10,23,3,10.15,94.65,0.0,0.0,0.0,321.7,1.39,101.0,851.7,
2012,10,23,4,9.47,96.15,0.0,0.0,0.0,314.95,1.52,99.0,851.92,
2012,10,23,5,8.8,97.64,0.0,0.0,0.0,308.2,1.64,98.0,852.15,
2012,10,23,6,10.69,94.71,0.0,0.0,0.0,305.02,1.66,102.0,852.4,
2012,10,23,7,12.58,91.79,64.0,133.09,48.0,301.83,1.69,106.0,852.64,
2012,10,23,8,14.46,88.86,224.0,299.52,133.0,298.65,1.71,111.0,852.89,
2012,10,23,9,16.04,79.46,88.0,0.0,88.0,307.47,2.18,149.0,851.98,
2012,10,23,10,17.61,70.06,52.0,0.0,52.0,316.28,2.66,188.0,851.06,
2012,10,23,11,19.19,60.66,59.0,0.0,59.0,325.1,3.13,226.0,850.15,
2012,10,23,12,19.01,56.54,61.0,0.0,61.0,323.77,2.74,229.0,849.45,
2012,10,23,13,18.84,52.42,57.0,0.0,57.0,322.43,2.35,232.0,848.76,
2012,10,23,14,18.67,48.3,118.0,0.0,118.0,321.1,1.96,234.0,848.07,
2012,10,23,15,17.36,50.02,169.0,17.4,162.0,322.18,1.63,220.0,848.18,
2012,10,23,16,16.06,51.75,52.0,0.0,52.0,323.27,1.3,206.0,848.29,
2012,10,23,17,14.75,53.47,9.0,0.0,9.0,324.35,0.97,192.0,848.4,
2012,10,23,18,14.06,62.86,0.0,0.0,0.0,325.38,1.38,174.0,848.48,
2012,10,23,19,13.36,72.25,0.0,0.0,0.0,326.42,1.8,157.0,848.56,
2012,10,23,20,12.67,81.64,0.0,0.0,0.0,327.45,2.22,139.0,848.65,
2012,10,23,21,12.45,82.84,0.0,0.0,0.0,323.82,2.27,137.0,848.32,
2012,10,23,22,12.24,84.05,0.0,0.0,0.0,320.18,2.31,136.0,847.98,
2012,10,23,23,12.03,85.25,0.0,0.0,0.0,316.55,2.36,134.0,847.65,
2012,10,24,0,12.04,86.42,0.0,0.0,0.0,312.33,2.17,143.0,847.68,
2012,10,24,1,12.06,87.59,0.0,0.0,0.0,308.12,1.97,152.0,847.7,
2012,10,24,2,12.07,88.76,0.0,0.0,0.0,303.9,1.78,161.0,847.73,
2012,10,24,3,11.9,87.24,0.0,0.0,0.0,298.5,2.19,157.0,847.57,
2012,10,24,4,11.73,85.71,0.0,0.0,0.0,293.1,2.61,154.0,847.4,
2012,10,24,5,11.56,84.19,0.0,0.0,0.0,287.7,3.02,150.0,847.23,
2012,10,24,6,12.86,80.0,0.0,0.0,0.0,290.02,2.87,156.0,847.43,
2012,10,24,7,14.15,75.8,21.0,0.0,21.0,292.33,2.72,161.0,847.62,
2012,10,24,8,15.44,71.61,45.0,0.0,45.0,294.65,2.57,167.0,847.82,
2012,10,24,9,15.18,71.25,50.0,0.0,50.0,297.07,3.43,180.0,847.4,
2012,10,24,10,14.93,70.88,604.0,891.86,96.0,299.48,4.29,193.0,846.98,
2012,10,24,11,14.67,70.52,691.0,931.71,97.0,301.9,5.16,206.0,846.57,
2012,10,24,12,14.66,70.24,638.0,647.14,215.0,300.32,4.67,210.0,846.34,
2012,10,24,13,14.66,69.95,56.0,0.0,56.0,298.73,4.18,213.0,846.12,
2012,10,24,14,14.66,69.67,266.0,43.43,243.0,297.15,3.7,216.0,845.9,
2012,10,24,15,13.47,75.15,33.0,0.0,33.0,297.32,3.36,216.0,846.26,
2012,10,24,16,12.29,80.62,39.0,0.0,39.0,297.48,3.02,216.0,846.62,
2012,10,24,17,11.1,86.1,12.0,0.0,12.0,297.65,2.68,216.0,846.98,
2012,10,24,18,10.6,89.19,0.0,0.0,0.0,296.08,2.35,214.0,847.34,
2012,10,24,19,10.09,92.28,0.0,0.0,0.0,294.52,2.03,213.0,847.7,
2012,10,24,20,9.59,95.37,0.0,0.0,0.0,292.95,1.71,211.0,848.07,
2012,10,24,21,9.45,96.59,0.0,0.0,0.0,287.9,1.67,211.0,848.07,
2012,10,24,22,9.32,97.8,0.0,0.0,0.0,282.85,1.64,211.0,848.07,
2012,10,24,23,9.18,99.02,0.0,0.0,0.0,277.8,1.6,212.0,848.07,
2012,10,25,0,9.16,99.29,0.0,0.0,0.0,274.35,1.57,211.0,847.98,
2012,10,25,1,9.13,99.55,0.0,0.0,0.0,270.9,1.54,211.0,847.9,
2012,10,25,2,9.11,99.82,0.0,0.0,0.0,267.45,1.52,210.0,847.82,
2012,10,25,3,9.53,99.53,0.0,0.0,0.0,281.27,1.38,211.0,847.82,
2012,10,25,4,9.94,99.24,0.0,0.0,0.0,295.08,1.25,211.0,847.82,
2012,10,25,5,10.36,98.95,0.0,0.0,0.0,308.9,1.12,212.0,847.82,
2012,10,25,6,10.83,96.55,0.0,0.0,0.0,313.23,1.39,215.0,848.15,
2012,10,25,7,11.3,94.16,69.0,230.07,43.0,317.57,1.66,218.0,848.48,
2012,10,25,8,11.76,91.76,196.0,199.28,137.0,321.9,1.93,221.0,848.81,
2012,10,25,9,13.49,78.97,252.0,82.16,215.0,314.58,2.55,229.0,848.23,
2012,10,25,10,15.22,66.17,537.0,610.35,192.0,307.27,3.16,237.0,847.65,
2012,10,25,11,16.95,53.38,679.0,902.01,108.0,299.95,3.78,245.0,847.07,
2012,10,25,12,17.21,49.02,706.0,939.86,96.0,295.85,4.4,248.0,846.62,
2012,10,25,13,17.47,44.66,592.0,632.17,205.0,291.75,5.03,252.0,846.18,
2012,10,25,14,17.73,40.3,508.0,657.18,163.0,287.65,5.66,255.0,845.73,
2012,10,25,15,15.91,46.98,314.0,358.46,173.0,283.12,4.52,253.0,846.12,
2012,10,25,16,14.09,53.67,123.0,97.22,101.0,278.58,3.39,250.0,846.51,
2012,10,25,17,12.27,60.35,0.0,0.0,0.0,274.05,2.26,248.0,846.9,
2012,10,25,18,11.41,66.12,0.0,0.0,0.0,272.78,1.61,234.0,847.15,
2012,10,25,19,10.54,71.9,0.0,0.0,0.0,271.52,0.97,220.0,847.4,
2012,10,25,20,9.68,77.67,0.0,0.0,0.0,270.25,0.32,206.0,847.65,
2012,10,25,21,9.59,80.07,0.0,0.0,0.0,271.17,0.71,198.0,847.51,
2012,10,25,22,9.5,82.47,0.0,0.0,0.0,272.08,1.1,191.0,847.37,
2012,10,25,23,9.41,84.87,0.0,0.0,0.0,273.0,1.49,184.0,847.23,
2012,10,26,0,9.47,85.57,0.0,0.0,0.0,273.25,1.5,181.0,847.2,
2012,10,26,1,9.53,86.26,0.0,0.0,0.0,273.5,1.51,178.0,847.18,
2012,10,26,2,9.59,86.96,0.0,0.0,0.0,273.75,1.52,175.0,847.15,
2012,10,26,3,10.15,84.34,0.0,0.0,0.0,284.4,1.57,182.0,847.23,
2012,10,26,4,10.7,81.72,0.0,0.0,0.0,295.05,1.62,189.0,847.32,
2012,10,26,5,11.26,79.1,0.0,0.0,0.0,305.7,1.67,196.0,847.4,
2012,10,26,6,11.7,78.15,0.0,0.0,0.0,311.12,1.96,195.0,847.57,
2012,10,26,7,12.13,77.2,39.0,27.43,36.0,316.53,2.25,193.0,847.73,
2012,10,26,8,12.56,76.25,23.0,0.0,23.0,321.95,2.54,192.0,847.9,
2012,10,26,9,12.15,80.82,38.0,0.0,38.0,326.67,2.95,179.0,847.37,
2012,10,26,10,11.73,85.39,50.0,0.0,50.0,331.38,3.36,167.0,846.84,
2012,10,26,11,11.32,89.96,108.0,0.0,108.0,336.1,3.77,154.0,846.32,
2012,10,26,12,11.27,92.42,60.0,0.0,60.0,336.92,2.78,167.0,845.68,
2012,10,26,13,11.23,94.88,90.0,0.0,90.0,337.73,1.79,180.0,845.04,
2012,10,26,14,11.19,97.34,102.0,0.0,102.0,338.55,0.8,193.0,844.4,
2012,10,26,15,11.28,97.03,41.0,0.0,41.0,338.3,1.1,198.0,844.35,
2012,10,26,16,11.38,96.72,19.0,0.0,19.0,338.05,1.41,203.0,844.29,
2012,10,26,17,11.47,96.41,0.0,0.0,0.0,337.8,1.71,207.0,844.24,
2012,10,26,18,11.5,96.29,0.0,0.0,0.0,337.47,1.66,206.0,844.21,
2012,10,26,19,11.52,96.17,0.0,0.0,0.0,337.13,1.6,204.0,844.18,
2012,10,26,20,11.55,96.05,0.0,0.0,0.0,336.8,1.54,202.0,844.15,
2012,10,26,21,11.67,96.38,0.0,0.0,0.0,337.35,1.7,199.0,843.51,
2012,10,26,22,11.8,96.7,0.0,0.0,0.0,337.9,1.85,196.0,842.88,
2012,10,26,23,11.92,97.03,0.0,0.0,0.0,338.45,2.0,193.0,842.24,
2012,10,27,0,11.74,96.41,0.0,0.0,0.0,339.47,1.94,200.0,841.99,
2012,10,27,1,11.55,95.79,0.0,0.0,0.0,340.48,1.88,206.0,841.74,
2012,10,27,2,11.37,95.17,0.0,0.0,0.0,341.5,1.82,213.0,841.49,
2012,10,27,3,9.9,83.02,0.0,0.0,0.0,320.38,1.89,207.0,842.26,
2012,10,27,4,8.44,70.88,0.0,0.0,0.0,299.27,1.95,202.0,843.04,
2012,10,27,5,6.97,58.73,0.0,0.0,0.0,278.15,2.01,196.0,843.82,
2012,10,27,6,9.02,60.47,0.0,0.0,0.0,280.88,2.91,198.0,843.87,
2012,10,27,7,11.07,62.2,34.0,0.0,34.0,283.62,3.81,200.0,843.93,
2012,10,27,8,13.11,63.94,254.0,565.44,91.0,286.35,4.7,202.0,843.99,
2012,10,27,9,14.22,58.51,447.0,800.84,93.0,287.1,5.31,212.0,843.26,
2012,10,27,10,15.32,53.09,206.0,5.39,203.0,287.85,5.92,221.0,842.54,
2012,10,27,11,16.43,47.66,675.0,926.22,97.0,288.6,6.52,231.0,841.82,
2012,10,27,12,16.2,47.0,661.0,782.96,160.0,290.65,6.39,233.0,841.52,
2012,10,27,13,15.98,46.34,372.0,109.45,306.0,292.7,6.26,235.0,841.21,
2012,10,27,14,15.76,45.68,267.0,50.4,241.0,294.75,6.12,236.0,840.9,
2012,10,27,15,14.22,52.02,172.0,28.61,161.0,291.48,4.86,231.0,841.49,
2012,10,27,16,12.68,58.36,71.0,4.59,70.0,288.22,3.6,226.0,842.07,
2012,10,27,17,11.14,64.7,0.0,0.0,0.0,284.95,2.34,221.0,842.65,
2012,10,27,18,10.33,70.42,0.0,0.0,0.0,282.6,2.09,212.0,843.12,
2012,10,27,19,9.52,76.15,0.0,0.0,0.0,280.25,1.83,203.0,843.6,
2012,10,27,20,8.71,81.87,0.0,0.0,0.0,277.9,1.57,193.0,844.07,
2012,10,27,21,8.58,84.94,0.0,0.0,0.0,277.83,1.5,192.0,844.26,
2012,10,27,22,8.46,88.0,0.0,0.0,0.0,277.77,1.43,191.0,844.46,
2012,10,27,23,8.34,91.07,0.0,0.0,0.0,277.7,1.35,189.0,844.65,
2012,10,28,0,8.17,92.57,0.0,0.0,0.0,279.72,1.36,187.0,844.71,
2012,10,28,1,8.01,94.06,0.0,0.0,0.0,281.73,1.37,185.0,844.76,
2012,10,28,2,7.84,95.56,0.0,0.0,0.0,283.75,1.38,183.0,844.82,
2012,10,28,3,8.21,94.88,0.0,0.0,0.0,287.08,1.42,179.0,844.87,
2012,10,28,4,8.59,94.2,0.0,0.0,0.0,290.42,1.45,174.0,844.93,
2012,10,28,5,8.96,93.52,0.0,0.0,0.0,293.75,1.49,169.0,844.98,
2012,10,28,6,10.27,88.54,0.0,0.0,0.0,296.42,1.77,172.0,845.37,
2012,10,28,7,11.57,83.57,38.0,0.0,38.0,299.08,2.04,175.0,845.76,
2012,10,28,8,12.87,78.59,155.0,91.43,129.0,301.75,2.32,178.0,846.15,
2012,10,28,9,13.32,74.23,274.0,134.74,215.0,303.9,2.33,188.0,845.79,
2012,10,28,10,13.77,69.86,243.0,19.92,232.0,306.05,2.34,197.0,845.43,
2012,10,28,11,14.22,65.5,224.0,3.23,222.0,308.2,2.36,207.0,845.07,
2012,10,28,12,13.95,63.47,295.0,23.61,280.0,308.57,2.1,208.0,844.68,
2012,10,28,13,13.69,61.45,549.0,528.03,233.0,308.93,1.83,210.0,844.29,
2012,10,28,14,13.43,59.42,507.0,717.59,140.0,309.3,1.57,212.0,843.9,
2012,10,28,15,12.1,67.21,352.0,604.93,122.0,311.27,1.47,208.0,844.35,
2012,10,28,16,10.78,75.01,172.0,444.52,77.0,313.23,1.36,204.0,844.79,
2012,10,28,17,9.45,82.8,0.0,0.0,0.0,315.2,1.26,200.0,845.23,
2012,10,28,18,8.76,85.2,0.0,0.0,0.0,307.02,1.39,195.0,845.71,
2012,10,28,19,8.06,87.6,0.0,0.0,0.0,298.83,1.53,190.0,846.18,
2012,10,28,20,7.36,90.0,0.0,0.0,0.0,290.65,1.67,185.0,846.65,
2012,10,28,21,7.37,91.32,0.0,0.0,0.0,286.22,1.57,185.0,846.82,
2012,10,28,22,7.38,92.63,0.0,0.0,0.0,281.78,1.48,184.0,846.98,
2012,10,28,23,7.39,93.95,0.0,0.0,0.0,277.35,1.38,184.0,847.15,
2012,10,29,0,7.05,95.18,0.0,0.0,0.0,274.1,1.4,176.0,847.34,
2012,10,29,1,6.71,96.41,0.0,0.0,0.0,270.85,1.43,168.0,847.54,
2012,10,29,2,6.37,97.64,0.0,0.0,0.0,267.6,1.45,160.0,847.73,
2012,10,29,3,6.65,98.31,0.0,0.0,0.0,276.5,1.38,156.0,847.93,
2012,10,29,4,6.92,98.97,0.0,0.0,0.0,285.4,1.31,152.0,848.12,
2012,10,29,5,7.2,99.64,0.0,0.0,0.0,294.3,1.24,148.0,848.32,
2012,10,29,6,8.34,96.83,0.0,0.0,0.0,293.85,1.09,158.0,848.93,
2012,10,29,7,9.48,94.03,34.0,0.0,34.0,293.4,0.94,169.0,849.54,
2012,10,29,8,10.62,91.22,252.0,613.32,80.0,292.95,0.79,179.0,850.15,
2012,10,29,9,11.58,87.06,308.0,225.94,210.0,291.85,1.13,199.0,849.84,
2012,10,29,10,12.53,82.89,540.0,695.4,159.0,290.75,1.48,218.0,849.54,
2012,10,29,11,13.49,78.73,617.0,713.7,178.0,289.65,1.82,238.0,849.23,
2012,10,29,12,13.6,74.81,599.0,588.13,228.0,291.22,1.98,251.0,848.95,
2012,10,29,13,13.71,70.88,552.0,550.55,225.0,292.78,2.14,264.0,848.68,
2012,10,29,14,13.82,66.96,373.0,242.59,250.0,294.35,2.3,276.0,848.4,
2012,10,29,15,12.73,69.79,233.0,135.66,182.0,286.45,2.18,286.0,848.56,
2012,10,29,16,11.65,72.63,150.0,300.48,87.0,278.55,2.06,296.0,848.73,
2012,10,29,17,10.56,75.46,0.0,0.0,0.0,270.65,1.93,306.0,848.9,
2012,10,29,18,9.43,78.82,0.0,0.0,0.0,267.18,1.34,321.0,849.2,
2012,10,29,19,8.29,82.18,0.0,0.0,0.0,263.72,0.75,336.0,849.51,
2012,10,29,20,7.16,85.54,0.0,0.0,0.0,260.25,0.17,350.0,849.81,
2012,10,29,21,6.68,88.53,0.0,0.0,0.0,256.78,0.31,4.0,849.81,
2012,10,29,22,6.21,91.53,0.0,0.0,0.0,253.32,0.46,18.0,849.81,
2012,10,29,23,5.73,94.52,0.0,0.0,0.0,249.85,0.61,32.0,849.81,
2012,10,30,0,5.54,96.01,0.0,0.0,0.0,248.33,0.61,40.0,849.79,
2012,10,30,1,5.35,97.5,0.0,0.0,0.0,246.82,0.61,47.0,849.76,
2012,10,30,2,5.16,98.99,0.0,0.0,0.0,245.3,0.61,54.0,849.73,
2012,10,30,3,5.23,99.16,0.0,0.0,0.0,244.97,0.58,32.0,849.59,
2012,10,30,4,5.29,99.32,0.0,0.0,0.0,244.63,0.55,9.0,849.45,
2012,10,30,5,5.36,99.49,0.0,0.0,0.0,244.3,0.52,346.0,849.31,
2012,10,30,6,7.17,96.36,0.0,0.0,0.0,246.42,0.87,344.0,849.51,
2012,10,30,7,8.98,93.24,33.0,0.0,33.0,248.53,1.21,342.0,849.7,
2012,10,30,8,10.79,90.11,247.0,596.71,82.0,250.65,1.56,340.0,849.9,
2012,10,30,9,12.34,79.65,411.0,663.43,126.0,259.45,2.23,335.0,849.23,
2012,10,30,10,13.9,69.19,545.0,734.06,146.0,268.25,2.89,330.0,848.56,
2012,10,30,11,15.45,58.73,643.0,844.99,127.0,277.05,3.56,325.0,847.9,
2012,10,30,12,15.57,54.65,659.0,838.22,134.0,277.63,3.63,327.0,847.37,
2012,10,30,13,15.69,50.57,607.0,788.81,142.0,278.22,3.71,329.0,846.84,
2012,10,30,14,15.82,46.49,503.0,740.06,131.0,278.8,3.78,330.0,846.32,
2012,10,30,15,14.58,47.69,348.0,634.83,112.0,274.92,3.09,332.0,846.32,
2012,10,30,16,13.34,48.9,169.0,486.17,69.0,271.03,2.4,334.0,846.32,
2012,10,30,17,12.1,50.1,0.0,0.0,0.0,267.15,1.71,336.0,846.32,
2012,10,30,18,11.41,53.31,0.0,0.0,0.0,263.57,1.53,343.0,846.65,
2012,10,30,19,10.72,56.52,0.0,0.0,0.0,259.98,1.34,350.0,846.98,
2012,10,30,20,10.03,59.73,0.0,0.0,0.0,256.4,1.16,356.0,847.32,
2012,10,30,21,9.49,62.54,0.0,0.0,0.0,254.15,1.19,12.0,847.4,
2012,10,30,22,8.96,65.34,0.0,0.0,0.0,251.9,1.22,27.0,847.48,
2012,10,30,23,8.42,68.15,0.0,0.0,0.0,249.65,1.26,43.0,847.57,
2012,10,31,0,7.62,70.09,0.0,0.0,0.0,247.28,1.18,56.0,847.68,
2012,10,31,1,6.81,72.04,0.0,0.0,0.0,244.92,1.11,69.0,847.79,
2012,10,31,2,6.01,73.98,0.0,0.0,0.0,242.55,1.03,83.0,847.9,
2012,10,31,3,5.73,74.58,0.0,0.0,0.0,242.4,0.99,91.0,847.9,
2012,10,31,4,5.46,75.18,0.0,0.0,0.0,242.25,0.94,99.0,847.9,
2012,10,31,5,5.18,75.78,0.0,0.0,0.0,242.1,0.9,107.0,847.9,
2012,10,31,6,7.37,73.63,0.0,0.0,0.0,243.65,0.86,121.0,848.18,
2012,10,31,7,9.56,71.48,32.0,0.0,32.0,245.2,0.83,135.0,848.45,
2012,10,31,8,11.74,69.33,234.0,520.93,92.0,246.75,0.8,149.0,848.73,
2012,10,31,9,13.35,60.13,404.0,648.75,128.0,251.47,1.29,181.0,848.07,
2012,10,31,10,14.96,50.93,537.0,717.68,150.0,256.18,1.77,213.0,847.4,
2012,10,31,11,16.57,41.73,634.0,828.06,132.0,260.9,2.26,245.0,846.73,
2012,10,31,12,16.63,40.31,654.0,836.19,134.0,261.57,2.33,248.0,846.21,
2012,10,31,13,16.7,38.89,599.0,772.55,147.0,262.23,2.39,251.0,845.68,
2012,10,31,14,16.77,37.47,487.0,684.25,146.0,262.9,2.46,254.0,845.15,
2012,10,31,15,14.76,44.28,344.0,631.08,112.0,261.02,1.93,253.0,845.29,
2012,10,31,16,12.75,51.09,164.0,460.88,71.0,259.13,1.41,253.0,845.43,
2012,10,31,17,10.74,57.9,0.0,0.0,0.0,257.25,0.88,253.0,845.57,
2012,10,31,18,9.67,65.18,0.0,0.0,0.0,256.1,0.97,244.0,845.76,
2012,10,31,19,4.67,92.58,0.0,0.0,0.0,250.7,0.73,236.0,845.96,
2012,10,31,20,5.11,90.58,0.0,0.0,0.0,249.75,0.88,227.0,846.15,
2012,10,31,21,5.54,88.57,0.0,0.0,0.0,248.81,1.03,223.0,846.21,
2012,10,31,22,5.97,86.57,0.0,0.0,0.0,247.86,1.18,219.0,846.26,
2012,10,31,23,6.4,84.56,0.0,0.0,0.0,246.91,1.32,215.0,846.32,
2005,11,1,0,6.84,82.55,0.0,0.0,0.0,245.96,1.47,214.0,846.4,
2005,11,1,1,7.27,80.55,0.0,0.0,0.0,245.01,1.62,212.0,846.48,
2005,11,1,2,7.7,78.54,0.0,0.0,0.0,244.06,1.77,211.0,846.57,
2005,11,1,3,8.14,76.54,0.0,0.0,0.0,243.12,1.92,154.0,848.07,
2005,11,1,4,8.57,74.53,0.0,0.0,0.0,242.17,2.07,153.0,848.23,
2005,11,1,5,9.0,72.53,0.0,0.0,0.0,241.22,2.22,152.0,848.4,
2005,11,1,6,9.43,70.52,0.0,0.0,0.0,240.27,2.36,155.0,848.59,
2005,11,1,7,9.87,68.52,24.0,0.0,24.0,239.32,2.51,159.0,848.79,
2005,11,1,8,10.3,66.51,228.0,600.61,69.0,238.38,2.66,162.0,848.98,
2005,11,1,9,10.73,64.51,404.0,747.94,92.0,237.43,2.81,176.0,848.12,
2005,11,1,10,11.16,62.5,542.0,827.32,103.0,236.48,2.96,189.0,847.26,
2005,11,1,11,18.24,22.51,617.0,821.82,126.0,253.05,4.88,203.0,846.4,
2005,11,1,12,18.0,20.37,649.0,882.46,108.0,253.52,5.13,208.0,845.9,
2005,11,1,13,17.76,18.22,600.0,836.25,118.0,253.98,5.37,214.0,845.4,
2005,11,1,14,17.53,16.08,503.0,822.57,100.0,254.45,5.61,219.0,844.9,
2005,11,1,15,15.17,19.4,355.0,762.0,81.0,252.33,4.87,221.0,845.29,
2005,11,1,16,12.8,22.73,169.0,561.2,60.0,250.22,4.13,222.0,845.68,
2005,11,1,17,10.44,26.05,0.0,0.0,0.0,248.1,3.39,223.0,846.07,
2005,11,1,18,9.48,29.58,0.0,0.0,0.0,247.65,3.0,217.0,846.34,
2005,11,1,19,8.52,33.1,0.0,0.0,0.0,247.2,2.6,212.0,846.62,
2005,11,1,20,7.56,36.63,0.0,0.0,0.0,246.75,2.21,207.0,846.9,
2005,11,1,21,7.14,39.62,0.0,0.0,0.0,246.5,2.1,199.0,847.01,
2005,11,1,22,6.72,42.61,0.0,0.0,0.0,246.25,1.99,191.0,847.12,
2005,11,1,23,6.3,45.6,0.0,0.0,0.0,246.0,1.88,183.0,847.23,
2005,11,2,0,6.06,48.11,0.0,0.0,0.0,246.77,1.83,178.0,847.32,
2005,11,2,1,5.82,50.62,0.0,0.0,0.0,247.53,1.77,173.0,847.4,
2005,11,2,2,5.57,53.13,0.0,0.0,0.0,248.3,1.72,168.0,847.48,
2005,11,2,3,4.93,56.35,0.0,0.0,0.0,245.35,1.8,162.0,847.84,
2005,11,2,4,4.29,59.56,0.0,0.0,0.0,242.4,1.87,155.0,848.2,
2005,11,2,5,3.66,62.78,0.0,0.0,0.0,239.45,1.94,149.0,848.56,
2005,11,2,6,6.55,55.56,0.0,0.0,0.0,241.82,1.8,153.0,848.95,
2005,11,2,7,9.44,48.34,23.0,0.0,23.0,244.18,1.66,158.0,849.34,
2005,11,2,8,12.33,41.12,223.0,582.81,71.0,246.55,1.52,162.0,849.73,
2005,11,2,9,13.8,35.97,397.0,731.21,95.0,252.12,2.14,178.0,849.12,
2005,11,2,10,15.27,30.83,537.0,826.44,102.0,257.68,2.76,193.0,848.51,
2005,11,2,11,16.74,25.68,621.0,868.32,106.0,263.25,3.38,209.0,847.9,
2005,11,2,12,16.71,23.91,647.0,896.98,101.0,262.07,3.49,216.0,847.4,
2005,11,2,13,16.68,22.14,601.0,866.97,105.0,260.88,3.59,223.0,846.9,
2005,11,2,14,16.65,20.37,499.0,821.32,100.0,259.7,3.7,230.0,846.4,
2005,11,2,15,14.9,22.2,350.0,759.14,80.0,253.75,3.14,235.0,846.9,
2005,11,2,16,13.16,24.03,164.0,545.74,60.0,247.8,2.58,240.0,847.4,
2005,11,2,17,11.41,25.86,0.0,0.0,0.0,241.85,2.03,245.0,847.9,
2005,11,2,18,10.99,27.19,0.0,0.0,0.0,240.65,1.61,211.0,848.09,
2005,11,2,19,10.58,28.53,0.0,0.0,0.0,239.45,1.2,177.0,848.29,
2005,11,2,20,10.16,29.86,0.0,0.0,0.0,238.25,0.79,143.0,848.48,
2005,11,2,21,8.29,35.18,0.0,0.0,0.0,237.78,1.27,129.0,848.45,
2005,11,2,22,6.41,40.49,0.0,0.0,0.0,237.32,1.76,115.0,848.43,
2005,11,2,23,4.54,45.81,0.0,0.0,0.0,236.85,2.25,101.0,848.4,
2005,11,3,0,3.98,47.17,0.0,0.0,0.0,237.87,2.35,101.0,848.48,
2005,11,3,1,3.43,48.54,0.0,0.0,0.0,238.88,2.45,100.0,848.56,
2005,11,3,2,2.87,49.9,0.0,0.0,0.0,239.9,2.55,100.0,848.65,
2005,11,3,3,3.03,50.8,0.0,0.0,0.0,244.43,2.61,102.0,848.68,
2005,11,3,4,3.19,51.69,0.0,0.0,0.0,248.97,2.67,104.0,848.7,
2005,11,3,5,3.36,52.59,0.0,0.0,0.0,253.5,2.73,106.0,848.73,
2005,11,3,6,6.25,48.03,0.0,0.0,0.0,256.77,2.74,109.0,848.98,
2005,11,3,7,9.14,43.47,23.0,0.0,23.0,260.03,2.74,112.0,849.23,
2005,11,3,8,12.03,38.91,151.0,151.82,112.0,263.3,2.74,114.0,849.48,
2005,11,3,9,14.19,34.53,220.0,75.81,189.0,266.62,3.53,132.0,848.45,
2005,11,3,10,16.34,30.15,506.0,693.36,144.0,269.93,4.32,149.0,847.43,
2005,11,3,11,18.5,25.77,512.0,451.78,246.0,273.25,5.1,167.0,846.4,
2005,11,3,12,18.41,23.76,635.0,862.01,114.0,279.0,5.19,174.0,845.6,
2005,11,3,13,18.33,21.76,590.0,832.91,117.0,284.75,5.27,181.0,844.79,
2005,11,3,14,18.25,19.75,489.0,788.8,109.0,290.5,5.35,189.0,843.99,
2005,11,3,15,16.05,23.93,346.0,756.06,80.0,283.83,4.51,186.0,844.1,
2005,11,3,16,13.85,28.12,149.0,427.83,69.0,277.17,3.68,182.0,844.21,
2005,11,3,17,11.65,32.3,0.0,0.0,0.0,270.5,2.84,179.0,844.32,
2005,11,3,18,10.71,35.2,0.0,0.0,0.0,266.17,2.83,169.0,844.48,
2005,11,3,19,9.77,38.09,0.0,0.0,0.0,261.83,2.82,159.0,844.65,
2005,11,3,20,8.83,40.99,0.0,0.0,0.0,257.5,2.81,148.0,844.82,
2005,11,3,21,8.63,43.15,0.0,0.0,0.0,258.43,2.93,145.0,844.76,
2005,11,3,22,8.44,45.32,0.0,0.0,0.0,259.37,3.04,142.0,844.71,
2005,11,3,23,8.24,47.48,0.0,0.0,0.0,260.3,3.16,139.0,844.65,
2005,11,4,0,8.36,50.04,0.0,0.0,0.0,267.85,3.26,142.0,844.54,
2005,11,4,1,8.48,52.61,0.0,0.0,0.0,275.4,3.35,145.0,844.43,
2005,11,4,2,8.59,55.17,0.0,0.0,0.0,282.95,3.45,148.0,844.32,
2005,11,4,3,8.41,64.49,0.0,0.0,0.0,295.83,3.55,145.0,844.73,
2005,11,4,4,8.23,73.82,0.0,0.0,0.0,308.72,3.66,143.0,845.15,
2005,11,4,5,8.06,83.14,0.0,0.0,0.0,321.6,3.77,140.0,845.57,
2005,11,4,6,9.09,85.94,0.0,0.0,0.0,315.53,3.95,140.0,845.43,
2005,11,4,7,10.12,88.73,21.0,0.0,21.0,309.47,4.14,140.0,845.29,
2005,11,4,8,11.15,91.53,81.0,3.95,80.0,303.4,4.33,140.0,845.15,
2005,11,4,9,11.34,89.58,382.0,684.32,105.0,307.05,4.69,151.0,844.29,
2005,11,4,10,11.53,87.63,464.0,527.17,191.0,310.7,5.04,163.0,843.43,
2005,11,4,11,11.72,85.68,161.0,0.0,161.0,314.35,5.39,175.0,842.57,
2005,11,4,12,10.92,88.08,83.0,0.0,83.0,322.25,4.94,174.0,841.96,
2005,11,4,13,10.12,90.47,462.0,360.1,259.0,330.15,4.48,173.0,841.35,
2005,11,4,14,9.33,92.87,231.0,35.58,214.0,338.05,4.03,173.0,840.74,
2005,11,4,15,8.91,94.01,73.0,0.0,73.0,338.57,4.34,179.0,840.96,
2005,11,4,16,8.48,95.14,140.0,365.12,73.0,339.08,4.64,186.0,841.18,
2005,11,4,17,8.06,96.28,0.0,0.0,0.0,339.6,4.95,192.0,841.4,
2005,11,4,18,7.73,93.73,0.0,0.0,0.0,331.37,4.81,204.0,841.63,
2005,11,4,19,7.39,91.19,0.0,0.0,0.0,323.13,4.67,215.0,841.85,
2005,11,4,20,7.06,88.64,0.0,0.0,0.0,314.9,4.52,226.0,842.07,
2005,11,4,21,6.92,89.11,0.0,0.0,0.0,312.03,4.14,227.0,842.46,
2005,11,4,22,6.77,89.58,0.0,0.0,0.0,309.17,3.75,228.0,842.85,
2005,11,4,23,6.63,90.05,0.0,0.0,0.0,306.3,3.37,229.0,843.24,
2005,11,5,0,6.09,90.63,0.0,0.0,0.0,299.95,3.38,232.0,843.79,
2005,11,5,1,5.56,91.21,0.0,0.0,0.0,293.6,3.4,235.0,844.35,
2005,11,5,2,5.02,91.79,0.0,0.0,0.0,287.25,3.42,238.0,844.9,
2005,11,5,3,4.34,93.31,0.0,0.0,0.0,275.72,2.74,237.0,845.82,
2005,11,5,4,3.65,94.82,0.0,0.0,0.0,264.18,2.05,236.0,846.73,
2005,11,5,5,2.97,96.34,0.0,0.0,0.0,252.65,1.37,235.0,847.65,
2005,11,5,6,4.28,93.7,0.0,0.0,0.0,250.87,1.31,243.0,848.18,
2005,11,5,7,5.6,91.07,17.0,0.0,17.0,249.08,1.26,252.0,848.7,
2005,11,5,8,6.91,88.43,192.0,417.57,88.0,247.3,1.21,261.0,849.23,
2005,11,5,9,8.01,75.69,381.0,708.79,97.0,249.2,1.03,273.0,848.79,
2005,11,5,10,9.1,62.96,522.0,819.64,101.0,251.1,0.84,286.0,848.34,
2005,11,5,11,10.2,50.22,594.0,799.69,130.0,253.0,0.65,298.0,847.9,
2005,11,5,12,10.5,49.56,612.0,797.1,137.0,247.92,0.53,261.0,847.84,
2005,11,5,13,10.8,48.9,571.0,782.68,133.0,242.83,0.41,224.0,847.79,
2005,11,5,14,11.1,48.24,482.0,799.87,103.0,237.75,0.29,187.0,847.73,
2005,11,5,15,10.65,53.06,331.0,696.91,91.0,235.35,0.69,153.0,848.23,
2005,11,5,16,10.21,57.87,156.0,571.92,53.0,232.95,1.1,120.0,848.73,
2005,11,5,17,9.76,62.69,0.0,0.0,0.0,230.55,1.5,87.0,849.23,
2005,11,5,18,7.87,65.58,0.0,0.0,0.0,230.98,1.82,85.0,849.45,
2005,11,5,19,5.98,68.47,0.0,0.0,0.0,231.42,2.14,83.0,849.68,
2005,11,5,20,4.09,71.36,0.0,0.0,0.0,231.85,2.46,82.0,849.9,
2005,11,5,21,3.46,76.45,0.0,0.0,0.0,232.27,2.52,83.0,850.01,
2005,11,5,22,2.84,81.54,0.0,0.0,0.0,232.68,2.59,84.0,850.12,
2005,11,5,23,2.21,86.63,0.0,0.0,0.0,233.1,2.66,85.0,850.23,
2005,11,6,0,1.97,88.2,0.0,0.0,0.0,233.63,2.69,85.0,850.51,
2005,11,6,1,1.73,89.78,0.0,0.0,0.0,234.17,2.71,86.0,850.79,
2005,11,6,2,1.48,91.35,0.0,0.0,0.0,234.7,2.73,86.0,851.06,
2005,11,6,3,1.41,91.8,0.0,0.0,0.0,235.9,2.73,87.0,851.09,
2005,11,6,4,1.33,92.26,0.0,0.0,0.0,237.1,2.73,88.0,851.12,
2005,11,6,5,1.26,92.71,0.0,0.0,0.0,238.3,2.73,88.0,851.15,
2005,11,6,6,3.54,87.5,0.0,0.0,0.0,241.0,3.0,93.0,851.15,
2005,11,6,7,5.83,82.3,17.0,0.0,17.0,243.7,3.26,97.0,851.15,
2005,11,6,8,8.12,77.09,177.0,330.4,96.0,246.4,3.53,101.0,851.15,
2005,11,6,9,9.64,68.41,370.0,668.17,105.0,248.42,3.45,109.0,849.9,
2005,11,6,10,11.16,59.74,464.0,559.43,179.0,250.43,3.37,116.0,848.65,
2005,11,6,11,12.68,51.06,529.0,552.08,211.0,252.45,3.28,124.0,847.4,
2005,11,6,12,12.97,46.73,620.0,856.8,113.0,255.02,3.08,133.0,846.65,
2005,11,6,13,13.27,42.41,573.0,811.78,122.0,257.58,2.88,143.0,845.9,
2005,11,6,14,13.57,38.08,473.0,768.13,112.0,260.15,2.68,152.0,845.15,
2005,11,6,15,12.18,42.79,314.0,607.45,107.0,262.87,2.57,138.0,845.29,
2005,11,6,16,10.79,47.51,137.0,390.32,68.0,265.58,2.46,124.0,845.43,
2005,11,6,17,9.4,52.22,0.0,0.0,0.0,268.3,2.36,111.0,845.57,
2005,11,6,18,8.08,57.01,0.0,0.0,0.0,271.83,2.21,104.0,845.79,
2005,11,6,19,6.76,61.81,0.0,0.0,0.0,275.37,2.06,98.0,846.01,
2005,11,6,20,5.44,66.6,0.0,0.0,0.0,278.9,1.92,92.0,846.23,
2005,11,6,21,5.32,74.79,0.0,0.0,0.0,277.2,2.04,86.0,846.46,
2005,11,6,22,5.21,82.98,0.0,0.0,0.0,275.5,2.16,79.0,846.68,
2005,11,6,23,5.09,91.17,0.0,0.0,0.0,273.8,2.28,73.0,846.9,
2005,11,7,0,5.04,93.33,0.0,0.0,0.0,275.58,2.46,72.0,846.84,
2005,11,7,1,4.99,95.48,0.0,0.0,0.0,277.37,2.65,71.0,846.79,
2005,11,7,2,4.93,97.64,0.0,0.0,0.0,279.15,2.84,70.0,846.73,
2005,11,7,3,4.72,98.35,0.0,0.0,0.0,273.25,2.71,74.0,846.84,
2005,11,7,4,4.5,99.07,0.0,0.0,0.0,267.35,2.58,78.0,846.96,
2005,11,7,5,4.29,99.78,0.0,0.0,0.0,261.45,2.46,83.0,847.07,
2005,11,7,6,5.16,99.46,0.0,0.0,0.0,265.6,2.55,81.0,847.43,
2005,11,7,7,6.03,99.13,11.0,0.0,11.0,269.75,2.64,80.0,847.79,
2005,11,7,8,6.9,98.81,18.0,0.0,18.0,273.9,2.73,79.0,848.15,
2005,11,7,9,6.88,98.83,111.0,0.0,111.0,280.03,2.71,72.0,848.07,
2005,11,7,10,6.85,98.86,75.0,0.0,75.0,286.17,2.69,65.0,847.98,
2005,11,7,11,6.83,98.88,129.0,0.0,129.0,292.3,2.66,59.0,847.9,
2005,11,7,12,6.37,98.44,170.0,0.0,170.0,297.38,2.99,48.0,847.95,
2005,11,7,13,5.91,98.01,118.0,0.0,118.0,302.47,3.31,37.0,848.01,
2005,11,7,14,5.46,97.57,63.0,0.0,63.0,307.55,3.64,26.0,848.07,
2005,11,7,15,5.12,97.32,50.0,0.0,50.0,308.75,3.77,26.0,848.54,
2005,11,7,16,4.79,97.07,19.0,0.0,19.0,309.95,3.91,25.0,849.01,
2005,11,7,17,4.45,96.82,0.0,0.0,0.0,311.15,4.04,25.0,849.48,
2005,11,7,18,4.16,96.57,0.0,0.0,0.0,311.63,4.12,24.0,849.9,
2005,11,7,19,3.86,96.32,0.0,0.0,0.0,312.12,4.2,24.0,850.31,
2005,11,7,20,3.57,96.07,0.0,0.0,0.0,312.6,4.28,24.0,850.73,
2005,11,7,21,3.55,95.49,0.0,0.0,0.0,310.73,4.1,24.0,850.98,
2005,11,7,22,3.54,94.92,0.0,0.0,0.0,308.87,3.92,24.0,851.23,
2005,11,7,23,3.52,94.34,0.0,0.0,0.0,307.0,3.74,24.0,851.48,
2005,11,8,0,3.37,94.09,0.0,0.0,0.0,304.92,3.64,25.0,851.84,
2005,11,8,1,3.23,93.85,0.0,0.0,0.0,302.83,3.54,25.0,852.2,
2005,11,8,2,3.08,93.6,0.0,0.0,0.0,300.75,3.45,26.0,852.56,
2005,11,8,3,2.93,92.85,0.0,0.0,0.0,298.25,3.31,31.0,852.87,
2005,11,8,4,2.78,92.11,0.0,0.0,0.0,295.75,3.18,36.0,853.17,
2005,11,8,5,2.64,91.36,0.0,0.0,0.0,293.25,3.05,41.0,853.48,
2005,11,8,6,3.43,87.8,0.0,0.0,0.0,291.98,3.14,46.0,853.7,
2005,11,8,7,4.23,84.25,14.0,0.0,14.0,290.72,3.22,50.0,853.92,
2005,11,8,8,5.03,80.69,54.0,0.0,54.0,289.45,3.31,55.0,854.14,
2005,11,8,9,5.88,76.17,76.0,0.0,76.0,285.62,2.97,53.0,853.53,
2005,11,8,10,6.72,71.65,120.0,0.0,120.0,281.78,2.63,52.0,852.92,
2005,11,8,11,7.56,67.13,336.0,95.12,282.0,277.95,2.29,50.0,852.31,
2005,11,8,12,7.7,64.36,336.0,80.54,289.0,281.2,2.41,45.0,851.9,
2005,11,8,13,7.84,61.58,258.0,27.39,243.0,284.45,2.53,40.0,851.48,
2005,11,8,14,7.99,58.81,317.0,185.95,231.0,287.7,2.65,35.0,851.06,
2005,11,8,15,7.36,61.43,197.0,110.84,160.0,289.77,2.68,35.0,851.48,
2005,11,8,16,6.73,64.06,98.0,129.1,76.0,291.83,2.7,36.0,851.9,
2005,11,8,17,6.1,66.68,0.0,0.0,0.0,293.9,2.73,37.0,852.31,
2005,11,8,18,5.42,71.55,0.0,0.0,0.0,291.33,2.61,39.0,852.59,
2005,11,8,19,4.74,76.42,0.0,0.0,0.0,288.77,2.48,41.0,852.87,
2005,11,8,20,4.06,81.29,0.0,0.0,0.0,286.2,2.36,43.0,853.14,
2005,11,8,21,3.37,83.43,0.0,0.0,0.0,278.07,2.38,42.0,853.34,
2005,11,8,22,2.69,85.58,0.0,0.0,0.0,269.93,2.4,41.0,853.53,
2005,11,8,23,2.0,87.72,0.0,0.0,0.0,261.8,2.41,40.0,853.73,
2005,11,9,0,1.71,88.35,0.0,0.0,0.0,260.12,2.41,39.0,853.87,
2005,11,9,1,1.43,88.98,0.0,0.0,0.0,258.43,2.4,39.0,854.01,
2005,11,9,2,1.14,89.61,0.0,0.0,0.0,256.75,2.4,38.0,854.14,
2005,11,9,3,0.79,90.16,0.0,0.0,0.0,256.27,2.33,39.0,854.34,
2005,11,9,4,0.44,90.7,0.0,0.0,0.0,255.78,2.26,40.0,854.53,
2005,11,9,5,0.09,91.25,0.0,0.0,0.0,255.3,2.19,41.0,854.73,
2005,11,9,6,1.91,86.7,0.0,0.0,0.0,255.48,2.69,44.0,855.25,
2005,11,9,7,3.73,82.14,14.0,0.0,14.0,255.67,3.2,46.0,855.78,
2005,11,9,8,5.55,77.59,196.0,565.21,64.0,255.85,3.7,49.0,856.31,
2005,11,9,9,6.72,68.23,373.0,764.65,79.0,256.12,3.63,49.0,855.34,
2005,11,9,10,7.88,58.87,506.0,824.85,96.0,256.38,3.57,49.0,854.37,
2005,11,9,11,9.04,49.51,584.0,839.27,111.0,256.65,3.5,49.0,853.39,
2005,11,9,12,9.1,48.76,609.0,867.95,106.0,257.28,3.42,47.0,852.84,
2005,11,9,13,9.16,48.01,562.0,821.99,115.0,257.92,3.34,45.0,852.28,
2005,11,9,14,9.23,47.26,470.0,819.44,94.0,258.55,3.26,43.0,851.73,
2005,11,9,15,7.61,54.59,276.0,435.77,132.0,252.25,3.09,46.0,852.12,
2005,11,9,16,5.99,61.91,99.0,149.38,74.0,245.95,2.92,48.0,852.51,
2005,11,9,17,4.37,69.24,0.0,0.0,0.0,239.65,2.76,51.0,852.89,
2005,11,9,18,3.27,73.2,0.0,0.0,0.0,241.02,2.61,56.0,853.2,
2005,11,9,19,2.16,77.15,0.0,0.0,0.0,242.38,2.46,60.0,853.51,
2005,11,9,20,1.06,81.11,0.0,0.0,0.0,243.75,2.3,65.0,853.81,
2005,11,9,21,0.65,82.1,0.0,0.0,0.0,245.47,2.21,68.0,853.81,
2005,11,9,22,0.24,83.1,0.0,0.0,0.0,247.18,2.11,72.0,853.81,
2005,11,9,23,-0.17,84.09,0.0,0.0,0.0,248.9,2.01,75.0,853.81,
2005,11,10,0,-0.36,85.39,0.0,0.0,0.0,251.02,2.0,77.0,853.78,
2005,11,10,1,-0.55,86.69,0.0,0.0,0.0,253.13,1.98,78.0,853.76,
2005,11,10,2,-0.74,87.99,0.0,0.0,0.0,255.25,1.96,80.0,853.73,
2005,11,10,3,-0.39,88.97,0.0,0.0,0.0,261.77,1.95,84.0,853.7,
2005,11,10,4,-0.04,89.94,0.0,0.0,0.0,268.28,1.95,89.0,853.67,
2005,11,10,5,0.32,90.92,0.0,0.0,0.0,274.8,1.94,94.0,853.64,
2005,11,10,6,1.66,85.14,0.0,0.0,0.0,278.42,2.17,98.0,853.78,
2005,11,10,7,3.0,79.36,12.0,0.0,12.0,282.03,2.4,102.0,853.92,
2005,11,10,8,4.34,73.58,196.0,609.48,56.0,285.65,2.63,105.0,854.06,
2005,11,10,9,5.4,68.7,368.0,762.16,78.0,273.77,2.46,107.0,852.95,
2005,11,10,10,6.45,63.81,493.0,778.91,109.0,261.88,2.28,108.0,851.84,
2005,11,10,11,7.5,58.93,579.0,836.42,111.0,250.0,2.1,109.0,850.73,
2005,11,10,12,7.88,55.38,605.0,865.23,107.0,243.07,1.89,108.0,849.95,
2005,11,10,13,8.26,51.84,564.0,849.98,105.0,236.13,1.67,107.0,849.18,
2005,11,10,14,8.64,48.29,466.0,819.25,93.0,229.2,1.46,106.0,848.4,
2005,11,10,15,7.35,54.67,313.0,696.86,85.0,227.57,1.56,96.0,848.45,
2005,11,10,16,6.05,61.06,128.0,401.44,62.0,225.93,1.66,85.0,848.51,
2005,11,10,17,4.76,67.44,0.0,0.0,0.0,224.3,1.77,74.0,848.56,
2005,11,10,18,3.5,70.58,0.0,0.0,0.0,223.95,1.92,78.0,848.62,
2005,11,10,19,2.25,73.72,0.0,0.0,0.0,223.6,2.08,81.0,848.68,
2005,11,10,20,0.99,76.86,0.0,0.0,0.0,223.25,2.23,84.0,848.73,
2005,11,10,21,0.62,78.23,0.0,0.0,0.0,221.42,2.25,85.0,848.76,
2005,11,10,22,0.25,79.6,0.0,0.0,0.0,219.58,2.26,86.0,848.79,
2005,11,10,23,-0.12,80.97,0.0,0.0,0.0,217.75,2.28,87.0,848.81,
2005,11,11,0,-0.39,82.96,0.0,0.0,0.0,217.35,2.29,88.0,848.98,
2005,11,11,1,-0.65,84.94,0.0,0.0,0.0,216.95,2.3,90.0,849.15,
2005,11,11,2,-0.92,86.93,0.0,0.0,0.0,216.55,2.32,91.0,849.31,
2005,11,11,3,-1.3,86.39,0.0,0.0,0.0,216.28,2.34,94.0,849.37,
2005,11,11,4,-1.68,85.85,0.0,0.0,0.0,216.02,2.35,97.0,849.43,
2005,11,11,5,-2.05,85.31,0.0,0.0,0.0,215.75,2.37,99.0,849.48,
2005,11,11,6,0.45,81.11,0.0,0.0,0.0,216.78,2.31,104.0,849.95,
2005,11,11,7,2.95,76.91,11.0,0.0,11.0,217.82,2.24,109.0,850.42,
2005,11,11,8,5.45,72.71,160.0,318.75,88.0,218.85,2.18,114.0,850.9,
2005,11,11,9,7.08,63.38,321.0,491.32,136.0,222.58,2.4,142.0,849.9,
2005,11,11,10,8.7,54.06,489.0,777.15,109.0,226.32,2.63,170.0,848.9,
2005,11,11,11,10.33,44.73,574.0,835.25,110.0,230.05,2.86,197.0,847.9,
2005,11,11,12,10.34,42.54,594.0,832.65,118.0,231.05,2.9,209.0,847.51,
2005,11,11,13,10.36,40.36,553.0,818.58,114.0,232.05,2.95,221.0,847.12,
2005,11,11,14,10.38,38.17,454.0,772.43,105.0,233.05,2.99,232.0,846.73,
2005,11,11,15,9.59,43.57,309.0,694.44,84.0,230.38,2.25,221.0,847.18,
2005,11,11,16,8.81,48.98,130.0,451.88,57.0,227.72,1.51,210.0,847.62,
2005,11,11,17,8.02,54.38,0.0,0.0,0.0,225.05,0.77,199.0,848.07,
2005,11,11,18,7.19,58.88,0.0,0.0,0.0,224.8,1.03,168.0,848.62,
2005,11,11,19,6.37,63.38,0.0,0.0,0.0,224.55,1.29,138.0,849.18,
2005,11,11,20,5.54,67.88,0.0,0.0,0.0,224.3,1.54,107.0,849.73,
2005,11,11,21,4.31,71.34,0.0,0.0,0.0,225.28,1.67,104.0,850.2,
2005,11,11,22,3.07,74.81,0.0,0.0,0.0,226.27,1.8,101.0,850.67,
2005,11,11,23,1.84,78.27,0.0,0.0,0.0,227.25,1.93,99.0,851.15,
2005,11,12,0,0.98,81.58,0.0,0.0,0.0,228.6,1.99,96.0,851.53,
2005,11,12,1,0.12,84.89,0.0,0.0,0.0,229.95,2.04,93.0,851.92,
2005,11,12,2,-0.74,88.2,0.0,0.0,0.0,231.3,2.1,90.0,852.31,
2005,11,12,3,-0.87,88.73,0.0,0.0,0.0,227.98,2.08,93.0,852.51,
2005,11,12,4,-1.01,89.26,0.0,0.0,0.0,224.67,2.07,96.0,852.7,
2005,11,12,5,-1.14,89.79,0.0,0.0,0.0,221.35,2.06,99.0,852.89,
2005,11,12,6,1.28,84.82,0.0,0.0,0.0,222.97,2.0,98.0,853.28,
2005,11,12,7,3.71,79.85,0.0,0.0,0.0,224.58,1.94,97.0,853.67,
2005,11,12,8,6.14,74.88,54.0,0.0,54.0,226.2,1.88,97.0,854.06,
2005,11,12,9,7.47,64.48,78.0,0.0,78.0,228.65,2.0,119.0,853.39,
2005,11,12,10,8.79,54.09,55.0,0.0,55.0,231.1,2.13,141.0,852.73,
2005,11,12,11,10.11,43.69,255.0,25.38,241.0,233.55,2.26,163.0,852.06,
2005,11,12,12,10.04,43.84,387.0,174.35,288.0,233.32,1.87,178.0,851.92,
2005,11,12,13,9.97,43.98,370.0,189.62,269.0,233.08,1.47,193.0,851.78,
2005,11,12,14,9.91,44.13,405.0,535.2,165.0,232.85,1.08,208.0,851.65,
2005,11,12,15,8.3,54.17,264.0,414.44,131.0,231.1,1.51,153.0,852.34,
2005,11,12,16,6.7,64.22,116.0,327.5,64.0,229.35,1.95,98.0,853.03,
2005,11,12,17,5.09,74.26,0.0,0.0,0.0,227.6,2.39,43.0,853.73,
2005,11,12,18,4.35,78.43,0.0,0.0,0.0,232.12,2.45,47.0,854.42,
2005,11,12,19,3.6,82.6,0.0,0.0,0.0,236.63,2.51,51.0,855.12,
2005,11,12,20,2.86,86.77,0.0,0.0,0.0,241.15,2.58,56.0,855.81,
2005,11,12,21,2.43,87.55,0.0,0.0,0.0,241.98,2.46,55.0,855.98,
2005,11,12,22,2.01,88.34,0.0,0.0,0.0,242.82,2.35,55.0,856.14,
2005,11,12,23,1.58,89.12,0.0,0.0,0.0,243.65,2.23,54.0,856.31,
2005,11,13,0,1.32,89.44,0.0,0.0,0.0,241.73,2.23,54.0,856.39,
2005,11,13,1,1.06,89.75,0.0,0.0,0.0,239.82,2.23,54.0,856.48,
2005,11,13,2,0.79,90.07,0.0,0.0,0.0,237.9,2.22,54.0,856.56,
2005,11,13,3,0.52,90.32,0.0,0.0,0.0,238.22,2.15,56.0,856.67,
2005,11,13,4,0.25,90.58,0.0,0.0,0.0,238.53,2.08,59.0,856.78,
2005,11,13,5,-0.01,90.83,0.0,0.0,0.0,238.85,2.01,61.0,856.89,
2005,11,13,6,1.53,85.86,0.0,0.0,0.0,242.08,2.32,67.0,856.95,
2005,11,13,7,3.08,80.9,0.0,0.0,0.0,245.32,2.62,73.0,857.0,
2005,11,13,8,4.62,75.93,114.0,100.77,92.0,248.55,2.92,78.0,857.06,
2005,11,13,9,5.89,69.06,323.0,542.44,123.0,245.02,2.56,80.0,856.14,
2005,11,13,10,7.16,62.19,472.0,729.67,121.0,241.48,2.19,82.0,855.23,
2005,11,13,11,8.43,55.32,550.0,755.93,136.0,237.95,1.82,84.0,854.31,
2005,11,13,12,8.63,53.12,579.0,797.79,129.0,236.4,1.67,78.0,853.59,
2005,11,13,13,8.84,50.91,539.0,784.38,124.0,234.85,1.53,72.0,852.87,
2005,11,13,14,9.05,48.71,439.0,725.64,116.0,233.3,1.38,66.0,852.15,
2005,11,13,15,7.11,56.93,289.0,591.36,101.0,230.33,1.73,59.0,852.59,
2005,11,13,16,5.18,65.16,118.0,365.12,61.0,227.37,2.09,53.0,853.03,
2005,11,13,17,3.24,73.38,0.0,0.0,0.0,224.4,2.44,46.0,853.48,
2005,11,13,18,2.25,76.65,0.0,0.0,0.0,223.55,2.41,51.0,853.7,
2005,11,13,19,1.25,79.91,0.0,0.0,0.0,222.7,2.38,56.0,853.92,
2005,11,13,20,0.26,83.18,0.0,0.0,0.0,221.85,2.34,61.0,854.14,
2005,11,13,21,-0.17,84.4,0.0,0.0,0.0,221.95,2.34,65.0,854.25,
2005,11,13,22,-0.59,85.61,0.0,0.0,0.0,222.05,2.33,68.0,854.37,
2005,11,13,23,-1.02,86.83,0.0,0.0,0.0,222.15,2.32,72.0,854.48,
2005,11,14,0,-1.35,87.63,0.0,0.0,0.0,222.33,2.34,73.0,854.64,
2005,11,14,1,-1.68,88.44,0.0,0.0,0.0,222.52,2.36,75.0,854.81,
2005,11,14,2,-2.01,89.24,0.0,0.0,0.0,222.7,2.39,77.0,854.98,
2005,11,14,3,-2.23,89.8,0.0,0.0,0.0,224.68,2.38,78.0,855.42,
2005,11,14,4,-2.45,90.35,0.0,0.0,0.0,226.67,2.38,79.0,855.86,
2005,11,14,5,-2.67,90.91,0.0,0.0,0.0,228.65,2.37,81.0,856.31,
2005,11,14,6,-0.57,86.53,0.0,0.0,0.0,233.25,2.5,85.0,856.59,
2005,11,14,7,1.54,82.16,0.0,0.0,0.0,237.85,2.63,89.0,856.86,
2005,11,14,8,3.65,77.78,147.0,288.94,85.0,242.45,2.76,93.0,857.14,
2005,11,14,9,5.63,69.57,313.0,507.07,128.0,242.85,2.71,95.0,855.67,
2005,11,14,10,7.6,61.35,467.0,727.25,120.0,243.25,2.67,96.0,854.2,
2005,11,14,11,9.57,53.14,527.0,669.33,163.0,243.65,2.62,97.0,852.73,
2005,11,14,12,9.98,49.49,565.0,751.32,144.0,239.92,2.63,98.0,851.78,
2005,11,14,13,10.4,45.84,526.0,738.23,138.0,236.18,2.65,99.0,850.84,
2005,11,14,14,10.82,42.19,423.0,656.25,133.0,232.45,2.66,101.0,849.9,
2005,11,14,15,8.59,51.28,275.0,511.11,114.0,231.85,2.77,94.0,850.01,
2005,11,14,16,6.37,60.38,115.0,358.22,60.0,231.25,2.87,88.0,850.12,
2005,11,14,17,4.14,69.47,0.0,0.0,0.0,230.65,2.98,82.0,850.23,
2005,11,14,18,3.12,73.21,0.0,0.0,0.0,231.37,3.04,83.0,850.23,
2005,11,14,19,2.1,76.95,0.0,0.0,0.0,232.08,3.11,85.0,850.23,
2005,11,14,20,1.08,80.69,0.0,0.0,0.0,232.8,3.17,86.0,850.23,
2005,11,14,21,0.78,82.53,0.0,0.0,0.0,233.4,3.17,86.0,850.15,
2005,11,14,22,0.48,84.36,0.0,0.0,0.0,234.0,3.16,86.0,850.06,
2005,11,14,23,0.18,86.2,0.0,0.0,0.0,234.6,3.16,86.0,849.98,
2005,11,15,0,0.07,87.63,0.0,0.0,0.0,238.4,3.15,87.0,849.9,
2005,11,15,1,-0.03,89.07,0.0,0.0,0.0,242.2,3.14,88.0,849.81,
2005,11,15,2,-0.14,90.5,0.0,0.0,0.0,246.0,3.13,88.0,849.73,
2005,11,15,3,-0.19,91.77,0.0,0.0,0.0,251.32,3.12,89.0,849.9,
2005,11,15,4,-0.24,93.03,0.0,0.0,0.0,256.63,3.11,90.0,850.06,
2005,11,15,5,-0.29,94.3,0.0,0.0,0.0,261.95,3.1,91.0,850.23,
2005,11,15,6,1.35,90.87,0.0,0.0,0.0,264.07,3.1,93.0,850.54,
2005,11,15,7,3.0,87.43,0.0,0.0,0.0,266.18,3.1,94.0,850.84,
2005,11,15,8,4.64,84.0,174.0,554.87,57.0,268.3,3.1,96.0,851.15,
2005,11,15,9,6.5,76.48,242.0,204.98,168.0,272.92,3.19,99.0,849.59,
2005,11,15,10,8.35,68.95,268.0,84.51,228.0,277.53,3.27,103.0,848.04,
2005,11,15,11,10.2,61.43,135.0,0.0,135.0,282.15,3.35,106.0,846.48,
2005,11,15,12,10.07,62.16,125.0,0.0,125.0,281.38,3.21,106.0,845.71,
2005,11,15,13,9.94,62.88,117.0,0.0,117.0,280.62,3.07,107.0,844.93,
2005,11,15,14,9.81,63.61,86.0,0.0,86.0,279.85,2.92,107.0,844.15,
2005,11,15,15,8.9,66.94,67.0,0.0,67.0,283.93,2.69,107.0,844.37,
2005,11,15,16,7.99,70.26,52.0,13.24,50.0,288.02,2.46,106.0,844.6,
2005,11,15,17,7.08,73.59,0.0,0.0,0.0,292.1,2.22,106.0,844.82,
2005,11,15,18,5.85,78.78,0.0,0.0,0.0,293.72,2.18,104.0,845.07,
2005,11,15,19,4.62,83.97,0.0,0.0,0.0,295.33,2.14,103.0,845.32,
2005,11,15,20,3.39,89.16,0.0,0.0,0.0,296.95,2.1,101.0,845.57,
2005,11,15,21,3.63,91.06,0.0,0.0,0.0,303.33,2.0,97.0,845.96,
2005,11,15,22,3.87,92.97,0.0,0.0,0.0,309.72,1.89,92.0,846.34,
2005,11,15,23,4.11,94.87,0.0,0.0,0.0,316.1,1.79,88.0,846.73,
2005,11,16,0,4.14,95.74,0.0,0.0,0.0,317.8,1.62,85.0,846.9,
2005,11,16,1,4.17,96.62,0.0,0.0,0.0,319.5,1.44,82.0,847.07,
2005,11,16,2,4.19,97.49,0.0,0.0,0.0,321.2,1.27,80.0,847.23,
2005,11,16,3,4.19,96.87,0.0,0.0,0.0,319.27,1.21,118.0,847.57,
2005,11,16,4,4.19,96.24,0.0,0.0,0.0,317.33,1.15,156.0,847.9,
2005,11,16,5,4.19,95.62,0.0,0.0,0.0,315.4,1.09,194.0,848.23,
2005,11,16,6,4.69,94.66,0.0,0.0,0.0,317.95,1.2,201.0,848.56,
2005,11,16,7,5.2,93.7,0.0,0.0,0.0,320.5,1.3,207.0,848.9,
2005,11,16,8,5.71,92.74,49.0,0.0,49.0,323.05,1.41,214.0,849.23,
2005,11,16,9,5.95,91.28,153.0,25.19,144.0,322.23,1.71,222.0,848.76,
2005,11,16,10,6.18,89.83,159.0,2.13,158.0,321.42,2.0,230.0,848.29,
2005,11,16,11,6.42,88.37,291.0,63.4,257.0,320.6,2.3,238.0,847.82,
2005,11,16,12,6.57,88.18,521.0,598.4,190.0,316.58,2.18,245.0,847.57,
2005,11,16,13,6.73,87.98,506.0,680.38,153.0,312.57,2.06,252.0,847.32,
2005,11,16,14,6.89,87.79,421.0,679.34,125.0,308.55,1.94,259.0,847.07,
2005,11,16,15,6.4,90.57,238.0,329.6,136.0,307.98,1.72,256.0,847.62,
2005,11,16,16,5.9,93.36,99.0,242.12,63.0,307.42,1.49,254.0,848.18,
2005,11,16,17,5.41,96.14,0.0,0.0,0.0,306.85,1.27,251.0,848.73,
2005,11,16,18,5.13,96.66,0.0,0.0,0.0,305.5,1.24,245.0,849.04,
2005,11,16,19,4.86,97.18,0.0,0.0,0.0,304.15,1.2,240.0,849.34,
2005,11,16,20,4.58,97.7,0.0,0.0,0.0,302.8,1.17,234.0,849.65,
2005,11,16,21,4.61,97.93,0.0,0.0,0.0,304.0,1.19,232.0,849.7,
2005,11,16,22,4.64,98.16,0.0,0.0,0.0,305.2,1.21,229.0,849.76,
2005,11,16,23,4.67,98.39,0.0,0.0,0.0,306.4,1.23,226.0,849.81,
2005,11,17,0,4.52,98.59,0.0,0.0,0.0,307.43,1.28,224.0,849.95,
2005,11,17,1,4.37,98.78,0.0,0.0,0.0,308.47,1.34,221.0,850.09,
2005,11,17,2,4.22,98.98,0.0,0.0,0.0,309.5,1.39,218.0,850.23,
2005,11,17,3,3.81,98.85,0.0,0.0,0.0,298.53,1.48,215.0,850.56,
2005,11,17,4,3.4,98.71,0.0,0.0,0.0,287.57,1.56,211.0,850.9,
2005,11,17,5,2.99,98.58,0.0,0.0,0.0,276.6,1.64,208.0,851.23,
2005,11,17,6,3.94,96.78,0.0,0.0,0.0,283.05,2.06,212.0,851.51,
2005,11,17,7,4.89,94.98,0.0,0.0,0.0,289.5,2.49,216.0,851.78,
2005,11,17,8,5.84,93.18,155.0,432.38,67.0,295.95,2.91,221.0,852.06,
2005,11,17,9,6.78,85.97,322.0,625.21,101.0,297.95,2.89,226.0,851.06,
2005,11,17,10,7.71,78.76,460.0,749.35,111.0,299.95,2.87,231.0,850.06,
2005,11,17,11,8.64,71.55,539.0,779.13,124.0,301.95,2.86,237.0,849.06,
2005,11,17,12,8.84,66.12,552.0,747.76,141.0,286.13,2.86,240.0,848.32,
2005,11,17,13,9.05,60.68,526.0,793.29,117.0,270.32,2.86,244.0,847.57,
2005,11,17,14,9.26,55.25,430.0,746.37,107.0,254.5,2.87,247.0,846.82,
2005,11,17,15,7.37,63.31,287.0,651.79,87.0,246.55,2.6,244.0,847.01,
2005,11,17,16,5.48,71.38,117.0,450.79,51.0,238.6,2.34,241.0,847.2,
2005,11,17,17,3.59,79.44,0.0,0.0,0.0,230.65,2.07,238.0,847.4,
2005,11,17,18,2.91,81.26,0.0,0.0,0.0,228.93,1.98,230.0,847.54,
2005,11,17,19,2.23,83.09,0.0,0.0,0.0,227.22,1.89,222.0,847.68,
2005,11,17,20,1.55,84.91,0.0,0.0,0.0,225.5,1.79,215.0,847.82,
2005,11,17,21,1.29,85.9,0.0,0.0,0.0,225.78,1.78,211.0,847.87,
2005,11,17,22,1.02,86.9,0.0,0.0,0.0,226.07,1.77,208.0,847.93,
2005,11,17,23,0.76,87.89,0.0,0.0,0.0,226.35,1.77,205.0,847.98,
2005,11,18,0,0.52,88.32,0.0,0.0,0.0,226.9,1.69,197.0,848.01,
2005,11,18,1,0.28,88.74,0.0,0.0,0.0,227.45,1.61,188.0,848.04,
2005,11,18,2,0.03,89.17,0.0,0.0,0.0,228.0,1.53,180.0,848.07,
2005,11,18,3,0.18,89.16,0.0,0.0,0.0,235.35,1.55,182.0,848.29,
2005,11,18,4,0.33,89.14,0.0,0.0,0.0,242.7,1.57,183.0,848.51,
2005,11,18,5,0.49,89.13,0.0,0.0,0.0,250.05,1.59,185.0,848.73,
2005,11,18,6,2.13,84.87,0.0,0.0,0.0,257.7,1.53,188.0,849.01,
2005,11,18,7,3.78,80.61,0.0,0.0,0.0,265.35,1.48,192.0,849.29,
2005,11,18,8,5.43,76.35,109.0,130.06,83.0,273.0,1.42,195.0,849.56,
2005,11,18,9,6.55,68.41,274.0,371.66,144.0,277.13,1.83,211.0,848.73,
2005,11,18,10,7.66,60.46,397.0,463.16,183.0,281.27,2.24,226.0,847.9,
2005,11,18,11,8.78,52.52,442.0,396.94,232.0,285.4,2.65,242.0,847.07,
2005,11,18,12,8.73,51.19,476.0,455.86,227.0,284.15,2.59,245.0,846.51,
2005,11,18,13,8.68,49.85,447.0,458.62,212.0,282.9,2.54,248.0,845.96,
2005,11,18,14,8.63,48.52,315.0,248.9,208.0,281.65,2.48,251.0,845.4,
2005,11,18,15,7.42,55.1,219.0,256.31,141.0,272.77,2.18,251.0,845.84,
2005,11,18,16,6.21,61.68,64.0,48.53,57.0,263.88,1.89,251.0,846.29,
2005,11,18,17,5.0,68.26,0.0,0.0,0.0,255.0,1.59,251.0,846.73,
2005,11,18,18,4.09,72.73,0.0,0.0,0.0,248.7,1.52,240.0,846.87,
2005,11,18,19,3.19,77.2,0.0,0.0,0.0,242.4,1.46,228.0,847.01,
2005,11,18,20,2.28,81.67,0.0,0.0,0.0,236.1,1.39,217.0,847.15,
2005,11,18,21,1.85,83.43,0.0,0.0,0.0,234.17,1.43,209.0,847.26,
2005,11,18,22,1.42,85.18,0.0,0.0,0.0,232.23,1.47,200.0,847.37,
2005,11,18,23,0.99,86.94,0.0,0.0,0.0,230.3,1.5,192.0,847.48,
2005,11,19,0,0.66,87.85,0.0,0.0,0.0,229.78,1.58,190.0,847.65,
2005,11,19,1,0.33,88.76,0.0,0.0,0.0,229.27,1.66,187.0,847.82,
2005,11,19,2,-0.01,89.67,0.0,0.0,0.0,228.75,1.74,185.0,847.98,
2005,11,19,3,-0.11,89.56,0.0,0.0,0.0,229.48,1.81,182.0,848.18,
2005,11,19,4,-0.22,89.45,0.0,0.0,0.0,230.22,1.88,179.0,848.37,
2005,11,19,5,-0.32,89.34,0.0,0.0,0.0,230.95,1.94,176.0,848.56,
2005,11,19,6,1.75,85.53,0.0,0.0,0.0,232.4,1.99,179.0,848.73,
2005,11,19,7,3.83,81.71,0.0,0.0,0.0,233.85,2.04,181.0,848.9,
2005,11,19,8,5.9,77.9,126.0,239.39,79.0,235.3,2.08,183.0,849.06,
2005,11,19,9,7.26,70.85,306.0,572.04,108.0,241.9,2.69,199.0,847.98,
2005,11,19,10,8.61,63.81,436.0,663.17,132.0,248.5,3.3,214.0,846.9,
2005,11,19,11,9.96,56.76,504.0,648.89,163.0,255.1,3.9,230.0,845.82,
2005,11,19,12,9.78,55.6,476.0,466.03,223.0,262.23,3.97,235.0,845.51,
2005,11,19,13,9.6,54.44,487.0,636.14,163.0,269.37,4.04,240.0,845.21,
2005,11,19,14,9.43,53.28,261.0,117.06,211.0,276.5,4.11,244.0,844.9,
2005,11,19,15,8.18,61.39,95.0,3.31,94.0,275.4,3.51,240.0,845.32,
2005,11,19,16,6.92,69.49,62.0,42.21,56.0,274.3,2.91,235.0,845.73,
2005,11,19,17,5.67,77.6,0.0,0.0,0.0,273.2,2.32,230.0,846.15,
2005,11,19,18,5.18,81.27,0.0,0.0,0.0,271.07,2.32,221.0,846.29,
2005,11,19,19,4.69,84.93,0.0,0.0,0.0,268.93,2.32,213.0,846.43,
2005,11,19,20,4.2,88.6,0.0,0.0,0.0,266.8,2.32,204.0,846.57,
2005,11,19,21,4.17,89.41,0.0,0.0,0.0,266.6,2.35,200.0,846.62,
2005,11,19,22,4.15,90.21,0.0,0.0,0.0,266.4,2.38,195.0,846.68,
2005,11,19,23,4.12,91.02,0.0,0.0,0.0,266.2,2.41,190.0,846.73,
2005,11,20,0,3.75,91.38,0.0,0.0,0.0,258.58,2.43,187.0,846.73,
2005,11,20,1,3.38,91.75,0.0,0.0,0.0,250.97,2.45,184.0,846.73,
2005,11,20,2,3.0,92.11,0.0,0.0,0.0,243.35,2.47,181.0,846.73,
2005,11,20,3,2.8,90.39,0.0,0.0,0.0,239.35,2.47,180.0,846.73,
2005,11,20,4,2.6,88.67,0.0,0.0,0.0,235.35,2.48,179.0,846.73,
2005,11,20,5,2.41,86.95,0.0,0.0,0.0,231.35,2.48,178.0,846.73,
2005,11,20,6,4.31,81.35,0.0,0.0,0.0,233.0,2.44,176.0,847.07,
2005,11,20,7,6.21,75.74,0.0,0.0,0.0,234.65,2.39,175.0,847.4,
2005,11,20,8,8.11,70.14,148.0,446.07,62.0,236.3,2.34,173.0,847.73,
2005,11,20,9,9.2,61.8,308.0,604.34,101.0,241.07,3.13,182.0,847.09,
2005,11,20,10,10.29,53.46,445.0,727.75,114.0,245.83,3.91,192.0,846.46,
2005,11,20,11,11.38,45.12,503.0,660.86,158.0,250.6,4.69,201.0,845.82,
2005,11,20,12,10.93,44.92,338.0,122.31,272.0,257.05,4.86,204.0,845.43,
2005,11,20,13,10.48,44.72,490.0,661.63,155.0,263.5,5.03,206.0,845.04,
2005,11,20,14,10.04,44.52,406.0,659.68,126.0,269.95,5.2,209.0,844.65,
2005,11,20,15,8.78,50.16,209.0,230.33,140.0,264.97,4.53,208.0,845.04,
2005,11,20,16,7.53,55.79,99.0,306.74,56.0,259.98,3.87,208.0,845.43,
2005,11,20,17,6.27,61.43,0.0,0.0,0.0,255.0,3.2,207.0,845.82,
2005,11,20,18,5.77,65.0,0.0,0.0,0.0,253.8,3.14,204.0,846.21,
2005,11,20,19,5.28,68.58,0.0,0.0,0.0,252.6,3.07,201.0,846.59,
2005,11,20,20,4.78,72.15,0.0,0.0,0.0,251.4,3.01,199.0,846.98,
2005,11,20,21,4.78,73.97,0.0,0.0,0.0,254.05,3.03,198.0,847.07,
2005,11,20,22,4.77,75.78,0.0,0.0,0.0,256.7,3.06,197.0,847.15,
2005,11,20,23,4.77,77.6,0.0,0.0,0.0,259.35,3.09,197.0,847.23,
2005,11,21,0,4.44,80.5,0.0,0.0,0.0,259.6,3.14,193.0,847.43,
2005,11,21,1,4.11,83.4,0.0,0.0,0.0,259.85,3.19,190.0,847.62,
2005,11,21,2,3.77,86.3,0.0,0.0,0.0,260.1,3.24,187.0,847.82,
2005,11,21,3,3.84,86.39,0.0,0.0,0.0,260.95,3.28,183.0,847.82,
2005,11,21,4,3.91,86.49,0.0,0.0,0.0,261.8,3.32,180.0,847.82,
2005,11,21,5,3.99,86.58,0.0,0.0,0.0,262.65,3.37,177.0,847.82,
2005,11,21,6,4.75,88.0,0.0,0.0,0.0,268.77,3.86,180.0,848.2,
2005,11,21,7,5.51,89.42,0.0,0.0,0.0,274.88,4.35,183.0,848.59,
2005,11,21,8,6.27,90.84,28.0,0.0,28.0,281.0,4.84,186.0,848.98,
2005,11,21,9,6.52,91.99,40.0,0.0,40.0,289.92,5.06,193.0,848.81,
2005,11,21,10,6.77,93.13,61.0,0.0,61.0,298.83,5.28,201.0,848.65,
2005,11,21,11,7.02,94.28,258.0,40.49,237.0,307.75,5.5,208.0,848.48,
2005,11,21,12,6.91,93.7,132.0,0.0,132.0,311.18,5.24,209.0,848.29,
2005,11,21,13,6.81,93.12,273.0,63.57,241.0,314.62,4.97,210.0,848.09,
2005,11,21,14,6.71,92.54,359.0,438.52,174.0,318.05,4.7,211.0,847.9,
2005,11,21,15,6.67,92.92,281.0,682.72,78.0,319.5,4.8,215.0,848.32,
2005,11,21,16,6.64,93.31,108.0,426.56,49.0,320.95,4.9,219.0,848.73,
2005,11,21,17,6.6,93.69,0.0,0.0,0.0,322.4,4.99,224.0,849.15,
2005,11,21,18,6.12,94.48,0.0,0.0,0.0,321.37,4.8,225.0,849.7,
2005,11,21,19,5.64,95.27,0.0,0.0,0.0,320.33,4.6,227.0,850.26,
2005,11,21,20,5.16,96.06,0.0,0.0,0.0,319.3,4.4,229.0,850.81,
2005,11,21,21,4.98,96.3,0.0,0.0,0.0,315.6,3.97,227.0,851.23,
2005,11,21,22,4.79,96.53,0.0,0.0,0.0,311.9,3.54,224.0,851.65,
2005,11,21,23,4.61,96.77,0.0,0.0,0.0,308.2,3.1,222.0,852.06,
2005,11,22,0,4.33,97.03,0.0,0.0,0.0,309.05,3.03,223.0,852.76,
2005,11,22,1,4.05,97.28,0.0,0.0,0.0,309.9,2.97,224.0,853.45,
2005,11,22,2,3.76,97.54,0.0,0.0,0.0,310.75,2.9,226.0,854.14,
2005,11,22,3,3.62,97.62,0.0,0.0,0.0,298.32,2.51,226.0,854.45,
2005,11,22,4,3.47,97.69,0.0,0.0,0.0,285.88,2.13,226.0,854.75,
2005,11,22,5,3.33,97.77,0.0,0.0,0.0,273.45,1.75,227.0,855.06,
2005,11,22,6,4.03,95.02,0.0,0.0,0.0,283.83,1.78,231.0,856.0,
2005,11,22,7,4.74,92.27,0.0,0.0,0.0,294.22,1.82,236.0,856.95,
2005,11,22,8,5.44,89.52,145.0,478.88,56.0,304.6,1.85,240.0,857.89,
2005,11,22,9,6.13,81.26,310.0,670.7,85.0,301.05,1.61,257.0,857.59,
2005,11,22,10,6.81,73.01,442.0,752.48,105.0,297.5,1.37,274.0,857.28,
2005,11,22,11,7.5,64.75,533.0,846.04,97.0,293.95,1.13,291.0,856.97,
2005,11,22,12,7.71,58.55,549.0,813.75,115.0,277.77,1.24,302.0,856.59,
2005,11,22,13,7.92,52.34,410.75,487.91,166.5,261.58,1.34,314.0,856.2,
2005,11,22,14,8.14,46.14,324.0,307.59,195.0,245.4,1.45,325.0,855.81,
2005,11,22,15,6.54,51.15,173.0,115.17,139.0,243.07,1.54,340.0,856.25,
2005,11,22,16,4.94,56.16,56.0,29.29,52.0,240.73,1.62,354.0,856.7,
2005,11,22,17,3.34,61.17,0.0,0.0,0.0,238.4,1.71,9.0,857.14,
2005,11,22,18,2.26,63.72,0.0,0.0,0.0,235.82,1.71,26.0,857.2,
2005,11,22,19,1.19,66.26,0.0,0.0,0.0,233.23,1.71,43.0,857.25,
2005,11,22,20,0.11,68.81,0.0,0.0,0.0,230.65,1.71,60.0,857.31,
2005,11,22,21,-0.55,71.74,0.0,0.0,0.0,224.52,1.71,71.0,857.03,
2005,11,22,22,-1.21,74.66,0.0,0.0,0.0,218.38,1.72,81.0,856.75,
2005,11,22,23,-1.87,77.59,0.0,0.0,0.0,212.25,1.72,92.0,856.48,
2005,11,23,0,-2.28,79.59,0.0,0.0,0.0,210.82,1.7,97.0,856.23,
2005,11,23,1,-2.68,81.6,0.0,0.0,0.0,209.38,1.68,101.0,855.98,
2005,11,23,2,-3.09,83.6,0.0,0.0,0.0,207.95,1.66,106.0,855.73,
2005,11,23,3,-3.08,82.79,0.0,0.0,0.0,208.58,1.58,113.0,855.64,
2005,11,23,4,-3.08,81.97,0.0,0.0,0.0,209.22,1.51,120.0,855.56,
2005,11,23,5,-3.07,81.16,0.0,0.0,0.0,209.85,1.43,127.0,855.48,
2005,11,23,6,-0.47,76.27,0.0,0.0,0.0,214.35,1.31,112.0,855.75,
2005,11,23,7,2.13,71.39,0.0,0.0,0.0,218.85,1.18,98.0,856.03,
2005,11,23,8,4.73,66.5,136.0,416.56,60.0,223.35,1.05,83.0,856.31,
2005,11,23,9,6.63,59.74,307.0,668.62,85.0,226.65,0.9,71.0,855.39,
2005,11,23,10,8.53,52.97,442.0,778.46,96.0,229.95,0.75,59.0,854.48,
2005,11,23,11,10.43,46.21,524.0,812.34,108.0,233.25,0.61,47.0,853.56,
2005,11,23,12,10.56,43.96,546.0,812.72,115.0,231.72,0.66,22.0,853.01,
2005,11,23,13,10.7,41.7,514.0,829.51,101.0,230.18,0.72,356.0,852.45,
2005,11,23,14,10.84,39.45,414.0,750.59,101.0,228.65,0.77,331.0,851.9,
2005,11,23,15,8.83,48.68,276.0,678.74,77.0,226.07,1.12,349.0,852.31,
2005,11,23,16,6.83,57.9,104.0,407.76,49.0,223.48,1.47,7.0,852.73,
2005,11,23,17,4.82,67.13,0.0,0.0,0.0,220.9,1.82,25.0,853.14,
2005,11,23,18,3.18,70.92,0.0,0.0,0.0,220.43,1.92,41.0,853.42,
2005,11,23,19,1.54,74.7,0.0,0.0,0.0,219.97,2.02,58.0,853.7,
2005,11,23,20,-0.1,78.49,0.0,0.0,0.0,219.5,2.12,74.0,853.98,
2005,11,23,21,-0.73,79.57,0.0,0.0,0.0,218.53,2.09,77.0,854.2,
2005,11,23,22,-1.37,80.65,0.0,0.0,0.0,217.57,2.06,81.0,854.42,
2005,11,23,23,-2.0,81.73,0.0,0.0,0.0,216.6,2.03,84.0,854.64,
2005,11,24,0,-2.22,82.55,0.0,0.0,0.0,216.87,2.04,89.0,854.7,
2005,11,24,1,-2.44,83.37,0.0,0.0,0.0,217.13,2.05,93.0,854.75,
2005,11,24,2,-2.67,84.19,0.0,0.0,0.0,217.4,2.06,97.0,854.81,
2005,11,24,3,-2.86,84.24,0.0,0.0,0.0,216.45,1.92,97.0,855.06,
2005,11,24,4,-3.05,84.28,0.0,0.0,0.0,215.5,1.78,97.0,855.31,
2005,11,24,5,-3.24,84.33,0.0,0.0,0.0,214.55,1.64,97.0,855.56,
2005,11,24,6,-0.71,78.46,0.0,0.0,0.0,215.87,1.48,98.0,855.78,
2005,11,24,7,1.83,72.59,0.0,0.0,0.0,217.18,1.31,99.0,856.0,
2005,11,24,8,4.37,66.72,102.0,156.34,74.0,218.5,1.14,100.0,856.23,
2005,11,24,9,6.4,59.8,261.0,398.61,130.0,223.42,0.86,100.0,855.39,
2005,11,24,10,8.42,52.89,400.0,566.71,150.0,228.33,0.57,101.0,854.56,
2005,11,24,11,10.44,45.97,385.0,277.05,244.0,233.25,0.28,102.0,853.73,
2005,11,24,12,10.68,44.29,503.0,627.62,172.0,234.4,0.4,51.0,853.2,
2005,11,24,13,10.92,42.6,486.0,696.61,141.0,235.55,0.51,1.0,852.67,
2005,11,24,14,11.17,40.92,407.0,720.97,108.0,236.7,0.63,310.0,852.15,
2005,11,24,15,10.12,42.98,262.0,580.21,93.0,234.23,0.63,341.0,852.42,
2005,11,24,16,9.07,45.05,110.0,525.04,40.0,231.77,0.63,12.0,852.7,
2005,11,24,17,8.02,47.11,0.0,0.0,0.0,229.3,0.63,44.0,852.98,
2005,11,24,18,5.92,52.88,0.0,0.0,0.0,229.43,0.96,63.0,853.09,
2005,11,24,19,3.82,58.64,0.0,0.0,0.0,229.57,1.29,82.0,853.2,
2005,11,24,20,1.72,64.41,0.0,0.0,0.0,229.7,1.61,101.0,853.31,
2005,11,24,21,0.91,69.35,0.0,0.0,0.0,229.02,1.73,105.0,853.2,
2005,11,24,22,0.11,74.29,0.0,0.0,0.0,228.33,1.85,109.0,853.09,
2005,11,24,23,-0.7,79.23,0.0,0.0,0.0,227.65,1.97,114.0,852.98,
2005,11,25,0,-1.01,80.33,0.0,0.0,0.0,227.68,1.95,118.0,852.89,
2005,11,25,1,-1.32,81.42,0.0,0.0,0.0,227.72,1.94,123.0,852.81,
2005,11,25,2,-1.64,82.52,0.0,0.0,0.0,227.75,1.92,127.0,852.73,
2005,11,25,3,-1.76,81.73,0.0,0.0,0.0,227.22,1.77,134.0,852.92,
2005,11,25,4,-1.88,80.94,0.0,0.0,0.0,226.68,1.62,141.0,853.12,
2005,11,25,5,-1.99,80.15,0.0,0.0,0.0,226.15,1.48,148.0,853.31,
2005,11,25,6,0.7,75.35,0.0,0.0,0.0,228.73,1.28,151.0,853.23,
2005,11,25,7,3.4,70.56,0.0,0.0,0.0,231.32,1.09,155.0,853.14,
2005,11,25,8,6.1,65.76,68.0,28.44,63.0,233.9,0.9,159.0,853.06,
2005,11,25,9,8.46,57.22,180.0,98.37,148.0,238.63,1.19,185.0,852.42,
2005,11,25,10,10.82,48.69,304.0,210.1,212.0,243.37,1.49,210.0,851.78,
2005,11,25,11,13.18,40.15,242.0,33.61,225.0,248.1,1.78,235.0,851.15,
2005,11,25,12,13.34,38.82,458.0,459.44,217.0,249.52,1.85,248.0,850.67,
2005,11,25,13,13.5,37.5,452.0,554.06,179.0,250.93,1.92,260.0,850.2,
2005,11,25,14,13.67,36.17,341.0,395.11,178.0,252.35,1.99,273.0,849.73,
2005,11,25,15,12.46,38.9,178.0,141.64,137.0,250.45,1.74,293.0,850.31,
2005,11,25,16,11.24,41.63,70.0,106.17,56.0,248.55,1.5,314.0,850.9,
2005,11,25,17,10.03,44.36,0.0,0.0,0.0,246.65,1.26,334.0,851.48,
2005,11,25,18,7.95,48.41,0.0,0.0,0.0,247.03,1.32,357.0,851.7,
2005,11,25,19,5.88,52.46,0.0,0.0,0.0,247.42,1.39,19.0,851.92,
2005,11,25,20,3.8,56.51,0.0,0.0,0.0,247.8,1.46,41.0,852.15,
2005,11,25,21,3.08,60.56,0.0,0.0,0.0,247.57,1.54,56.0,852.09,
2005,11,25,22,2.35,64.6,0.0,0.0,0.0,247.33,1.63,71.0,852.03,
2005,11,25,23,1.63,68.65,0.0,0.0,0.0,247.1,1.71,86.0,851.98,
2005,11,26,0,1.1,72.36,0.0,0.0,0.0,245.97,1.78,88.0,852.01,
2005,11,26,1,0.58,76.07,0.0,0.0,0.0,244.83,1.85,91.0,852.03,
2005,11,26,2,0.05,79.78,0.0,0.0,0.0,243.7,1.92,93.0,852.06,
2005,11,26,3,-0.11,79.41,0.0,0.0,0.0,242.43,1.95,90.0,852.42,
2005,11,26,4,-0.27,79.03,0.0,0.0,0.0,241.17,1.99,87.0,852.78,
2005,11,26,5,-0.42,78.66,0.0,0.0,0.0,239.9,2.03,85.0,853.14,
2005,11,26,6,1.88,73.58,0.0,0.0,0.0,241.72,1.83,88.0,853.37,
2005,11,26,7,4.19,68.49,0.0,0.0,0.0,243.53,1.64,91.0,853.59,
2005,11,26,8,6.5,63.41,109.0,243.43,67.0,245.35,1.45,94.0,853.81,
2005,11,26,9,8.93,56.16,199.0,155.25,149.0,249.97,1.48,102.0,853.14,
2005,11,26,10,11.35,48.9,381.0,506.07,161.0,254.58,1.51,111.0,852.48,
2005,11,26,11,13.77,41.65,454.0,528.98,188.0,259.2,1.54,120.0,851.81,
2005,11,26,12,14.05,40.49,494.0,613.26,174.0,262.75,1.36,129.0,851.17,
2005,11,26,13,14.34,39.32,461.0,601.68,166.0,266.3,1.18,139.0,850.54,
2005,11,26,14,14.63,38.16,321.0,321.59,189.0,269.85,0.99,149.0,849.9,
2005,11,26,15,13.44,41.24,199.0,225.89,134.0,272.35,0.94,128.0,850.26,
2005,11,26,16,12.24,44.31,69.0,107.27,55.0,274.85,0.88,108.0,850.62,
2005,11,26,17,11.05,47.39,0.0,0.0,0.0,277.35,0.83,87.0,850.98,
2005,11,26,18,9.22,50.7,0.0,0.0,0.0,274.37,1.02,92.0,851.15,
2005,11,26,19,7.4,54.0,0.0,0.0,0.0,271.38,1.21,98.0,851.31,
2005,11,26,20,5.57,57.31,0.0,0.0,0.0,268.4,1.41,103.0,851.48,
2005,11,26,21,4.96,59.24,0.0,0.0,0.0,264.27,1.41,105.0,851.37,
2005,11,26,22,4.35,61.16,0.0,0.0,0.0,260.13,1.41,108.0,851.26,
2005,11,26,23,3.74,63.09,0.0,0.0,0.0,256.0,1.41,111.0,851.15,
2005,11,27,0,3.37,64.4,0.0,0.0,0.0,255.43,1.33,114.0,851.01,
2005,11,27,1,3.0,65.72,0.0,0.0,0.0,254.87,1.25,117.0,850.87,
2005,11,27,2,2.63,67.03,0.0,0.0,0.0,254.3,1.17,120.0,850.73,
2005,11,27,3,2.12,68.16,0.0,0.0,0.0,253.62,0.99,117.0,850.95,
2005,11,27,4,1.61,69.3,0.0,0.0,0.0,252.93,0.8,115.0,851.17,
2005,11,27,5,1.11,70.43,0.0,0.0,0.0,252.25,0.62,112.0,851.4,
2005,11,27,6,3.3,70.69,0.0,0.0,0.0,253.58,0.52,88.0,851.78,
2005,11,27,7,5.5,70.96,0.0,0.0,0.0,254.92,0.43,64.0,852.17,
2005,11,27,8,7.7,71.22,121.0,372.03,58.0,256.25,0.33,40.0,852.56,
2005,11,27,9,10.22,62.83,271.0,508.06,109.0,258.75,0.84,10.0,852.06,
2005,11,27,10,12.73,54.44,402.0,623.24,133.0,261.25,1.35,340.0,851.56,
2005,11,27,11,15.25,46.05,487.0,692.09,141.0,263.75,1.86,311.0,851.06,
2005,11,27,12,15.46,43.59,503.0,664.55,158.0,263.08,2.07,311.0,850.65,
2005,11,27,13,15.68,41.13,464.0,627.1,158.0,262.42,2.29,311.0,850.23,
2005,11,27,14,15.9,38.67,380.0,599.78,135.0,261.75,2.5,312.0,849.81,
2005,11,27,15,14.7,42.19,255.0,562.66,94.0,257.87,2.06,307.0,850.29,
2005,11,27,16,13.49,45.72,92.0,317.16,51.0,253.98,1.63,302.0,850.76,
2005,11,27,17,12.29,49.24,0.0,0.0,0.0,250.1,1.2,297.0,851.23,
2005,11,27,18,10.66,56.15,0.0,0.0,0.0,249.1,1.06,269.0,851.31,
2005,11,27,19,9.03,63.05,0.0,0.0,0.0,248.1,0.92,242.0,851.4,
2005,11,27,20,7.4,69.96,0.0,0.0,0.0,247.1,0.79,215.0,851.48,
2005,11,27,21,6.41,72.6,0.0,0.0,0.0,245.4,1.01,205.0,851.37,
2005,11,27,22,5.42,75.25,0.0,0.0,0.0,243.7,1.23,195.0,851.26,
2005,11,27,23,4.43,77.89,0.0,0.0,0.0,242.0,1.45,185.0,851.15,
2005,11,28,0,4.2,78.21,0.0,0.0,0.0,241.1,1.57,185.0,851.17,
2005,11,28,1,3.98,78.54,0.0,0.0,0.0,240.2,1.7,185.0,851.2,
2005,11,28,2,3.75,78.86,0.0,0.0,0.0,239.3,1.82,186.0,851.23,
2005,11,28,3,3.42,77.76,0.0,0.0,0.0,239.3,1.75,183.0,851.45,
2005,11,28,4,3.09,76.66,0.0,0.0,0.0,239.3,1.68,181.0,851.67,
2005,11,28,5,2.76,75.56,0.0,0.0,0.0,239.3,1.61,179.0,851.9,
2005,11,28,6,4.84,71.97,0.0,0.0,0.0,240.98,1.55,181.0,852.03,
2005,11,28,7,6.92,68.38,0.0,0.0,0.0,242.67,1.49,183.0,852.17,
2005,11,28,8,9.0,64.79,122.0,415.16,53.0,244.35,1.43,186.0,852.31,
2005,11,28,9,11.56,57.1,279.0,582.78,95.0,248.38,1.85,202.0,851.7,
2005,11,28,10,14.11,49.4,410.0,685.97,116.0,252.42,2.27,219.0,851.09,
2005,11,28,11,16.67,41.71,490.0,718.16,133.0,256.45,2.69,236.0,850.48,
2005,11,28,12,16.48,40.49,521.0,760.76,128.0,257.07,2.72,240.0,849.84,
2005,11,28,13,16.29,39.26,462.0,625.87,158.0,257.68,2.75,244.0,849.2,
2005,11,28,14,16.1,38.04,396.0,700.91,111.0,258.3,2.79,248.0,848.56,
2005,11,28,15,13.81,47.46,156.0,84.32,132.0,255.1,2.61,244.0,848.9,
2005,11,28,16,11.53,56.89,43.0,7.8,42.0,251.9,2.44,240.0,849.23,
2005,11,28,17,9.24,66.31,0.0,0.0,0.0,248.7,2.26,236.0,849.56,
2005,11,28,18,8.17,70.52,0.0,0.0,0.0,249.82,2.28,227.0,849.48,
2005,11,28,19,7.11,74.73,0.0,0.0,0.0,250.93,2.3,218.0,849.4,
2005,11,28,20,6.04,78.94,0.0,0.0,0.0,252.05,2.32,209.0,849.31,
2005,11,28,21,6.17,79.17,0.0,0.0,0.0,254.63,2.4,206.0,849.06,
2005,11,28,22,6.31,79.4,0.0,0.0,0.0,257.22,2.47,203.0,848.81,
2005,11,28,23,6.44,79.63,0.0,0.0,0.0,259.8,2.55,200.0,848.56,
2005,11,29,0,6.53,78.32,0.0,0.0,0.0,264.82,2.53,199.0,848.34,
2005,11,29,1,6.62,77.0,0.0,0.0,0.0,269.83,2.51,198.0,848.12,
2005,11,29,2,6.7,75.69,0.0,0.0,0.0,274.85,2.5,197.0,847.9,
2005,11,29,3,6.69,72.25,0.0,0.0,0.0,278.1,2.47,197.0,847.73,
2005,11,29,4,6.68,68.82,0.0,0.0,0.0,281.35,2.45,197.0,847.57,
2005,11,29,5,6.67,65.38,0.0,0.0,0.0,284.6,2.43,196.0,847.4,
2005,11,29,6,8.1,62.49,0.0,0.0,0.0,277.95,2.33,196.0,847.51,
2005,11,29,7,9.53,59.6,0.0,0.0,0.0,271.3,2.23,195.0,847.62,
2005,11,29,8,10.96,56.71,89.0,147.13,65.0,264.65,2.14,194.0,847.73,
2005,11,29,9,12.56,50.47,194.0,159.91,144.0,261.75,2.74,205.0,847.04,
2005,11,29,10,14.15,44.22,412.0,711.86,109.0,258.85,3.34,216.0,846.34,
2005,11,29,11,15.74,37.98,475.0,661.46,148.0,255.95,3.94,227.0,845.65,
2005,11,29,12,15.36,37.87,503.0,688.55,149.0,255.7,4.01,232.0,845.23,
2005,11,29,13,14.99,37.75,465.0,651.37,150.0,255.45,4.08,237.0,844.82,
2005,11,29,14,14.62,37.64,356.0,494.01,156.0,255.2,4.15,243.0,844.4,
2005,11,29,15,12.52,41.15,251.0,550.74,95.0,253.08,3.55,238.0,844.65,
2005,11,29,16,10.43,44.65,70.0,125.89,54.0,250.97,2.95,233.0,844.9,
2005,11,29,17,8.33,48.16,0.0,0.0,0.0,248.85,2.34,228.0,845.15,
2005,11,29,18,7.61,52.07,0.0,0.0,0.0,248.13,2.27,223.0,845.4,
2005,11,29,19,6.9,55.97,0.0,0.0,0.0,247.42,2.19,217.0,845.65,
2005,11,29,20,6.18,59.88,0.0,0.0,0.0,246.7,2.11,212.0,845.9,
2005,11,29,21,6.29,64.56,0.0,0.0,0.0,247.35,1.87,208.0,846.04,
2005,11,29,22,6.4,69.25,0.0,0.0,0.0,248.0,1.63,203.0,846.18,
2005,11,29,23,6.51,73.93,0.0,0.0,0.0,248.65,1.39,199.0,846.32,
2005,11,30,0,6.41,79.24,0.0,0.0,0.0,247.05,1.26,176.0,846.68,
2005,11,30,1,6.32,84.55,0.0,0.0,0.0,245.45,1.13,152.0,847.04,
2005,11,30,2,6.22,89.86,0.0,0.0,0.0,243.85,0.99,129.0,847.4,
2005,11,30,3,4.94,89.46,0.0,0.0,0.0,242.5,1.2,113.0,847.62,
2005,11,30,4,3.67,89.05,0.0,0.0,0.0,241.15,1.42,97.0,847.84,
2005,11,30,5,2.39,88.65,0.0,0.0,0.0,239.8,1.63,81.0,848.07,
2005,11,30,6,4.07,84.94,0.0,0.0,0.0,241.65,1.53,82.0,848.62,
2005,11,30,7,5.75,81.24,0.0,0.0,0.0,243.5,1.43,82.0,849.18,
2005,11,30,8,7.44,77.53,125.0,524.66,41.0,245.35,1.34,82.0,849.73,
2005,11,30,9,9.19,71.12,295.0,749.16,63.0,249.42,1.2,83.0,849.2,
2005,11,30,10,10.94,64.7,438.0,901.17,57.0,253.48,1.06,84.0,848.68,
2005,11,30,11,12.69,58.29,519.0,905.01,74.0,257.55,0.92,84.0,848.15,
2005,11,30,12,12.61,55.56,496.0,662.42,157.0,257.13,0.8,46.0,847.82,
2005,11,30,13,12.53,52.82,433.0,514.99,185.0,256.72,0.69,7.0,847.48,
2005,11,30,14,12.45,50.09,381.0,629.98,127.0,256.3,0.57,329.0,847.15,
2005,11,30,15,10.75,58.75,264.0,666.73,76.0,251.47,0.92,346.0,847.59,
2005,11,30,16,9.05,67.4,105.0,538.95,37.0,246.63,1.28,3.0,848.04,
2005,11,30,17,7.36,76.06,0.0,0.0,0.0,241.8,1.64,20.0,848.48,
2005,11,30,18,6.15,79.01,0.0,0.0,0.0,240.53,1.69,43.0,848.7,
2005,11,30,19,0.56,90.74,0.0,0.0,0.0,232.27,1.98,65.0,848.93,
2005,11,30,20,0.89,90.09,0.0,0.0,0.0,232.74,1.91,87.0,849.15,
2005,11,30,21,1.23,89.45,0.0,0.0,0.0,233.22,1.85,91.0,849.31,
2005,11,30,22,1.57,88.8,0.0,0.0,0.0,233.69,1.79,95.0,849.48,
2005,11,30,23,1.9,88.16,0.0,0.0,0.0,234.17,1.72,99.0,849.65,
2005,12,1,0,2.24,87.51,0.0,0.0,0.0,234.65,1.66,102.0,849.79,
2005,12,1,1,2.58,86.86,0.0,0.0,0.0,235.12,1.6,105.0,849.92,
2005,12,1,2,2.91,86.22,0.0,0.0,0.0,235.6,1.54,109.0,850.06,
2005,12,1,3,3.25,85.57,0.0,0.0,0.0,236.07,1.47,119.0,850.2,
2005,12,1,4,3.58,84.92,0.0,0.0,0.0,236.55,1.41,129.0,850.34,
2005,12,1,5,3.92,84.28,0.0,0.0,0.0,237.02,1.35,140.0,850.48,
2005,12,1,6,4.26,83.63,0.0,0.0,0.0,237.5,1.28,143.0,850.73,
2005,12,1,7,4.59,82.98,0.0,0.0,0.0,237.98,1.22,145.0,850.98,
2005,12,1,8,4.93,82.34,112.0,375.44,53.0,238.45,1.16,148.0,851.23,
2005,12,1,9,5.26,81.69,222.0,283.61,135.0,238.93,1.09,180.0,850.65,
2005,12,1,10,5.6,81.05,424.0,821.43,79.0,239.4,1.03,211.0,850.06,
2005,12,1,11,13.16,60.01,516.0,903.61,74.0,252.95,1.6,243.0,849.48,
2005,12,1,12,13.23,57.05,546.0,938.19,68.0,254.0,1.83,247.0,849.01,
2005,12,1,13,13.3,54.09,506.0,890.25,79.0,255.05,2.07,251.0,848.54,
2005,12,1,14,13.37,51.13,411.0,826.61,79.0,256.1,2.3,256.0,848.07,
2005,12,1,15,12.39,58.06,263.0,665.96,76.0,253.63,2.1,257.0,848.56,
2005,12,1,16,11.41,64.99,81.0,231.35,52.0,251.17,1.89,258.0,849.06,
2005,12,1,17,10.44,71.92,0.0,0.0,0.0,248.7,1.68,260.0,849.56,
2005,12,1,18,9.62,76.69,0.0,0.0,0.0,249.48,1.59,251.0,849.79,
2005,12,1,19,8.81,81.46,0.0,0.0,0.0,250.27,1.5,243.0,850.01,
2005,12,1,20,8.0,86.23,0.0,0.0,0.0,251.05,1.41,234.0,850.23,
2005,12,1,21,7.1,87.32,0.0,0.0,0.0,250.13,1.49,228.0,850.15,
2005,12,1,22,6.21,88.41,0.0,0.0,0.0,249.22,1.56,221.0,850.06,
2005,12,1,23,5.31,89.5,0.0,0.0,0.0,248.3,1.64,214.0,849.98,
2005,12,2,0,4.76,89.91,0.0,0.0,0.0,251.88,1.66,207.0,850.01,
2005,12,2,1,4.21,90.32,0.0,0.0,0.0,255.47,1.67,200.0,850.04,
2005,12,2,2,3.66,90.73,0.0,0.0,0.0,259.05,1.68,193.0,850.06,
2005,12,2,3,3.74,90.32,0.0,0.0,0.0,260.27,1.59,201.0,850.42,
2005,12,2,4,3.81,89.92,0.0,0.0,0.0,261.48,1.49,208.0,850.79,
2005,12,2,5,3.89,89.51,0.0,0.0,0.0,262.7,1.39,216.0,851.15,
2005,12,2,6,5.55,84.97,0.0,0.0,0.0,260.6,1.26,216.0,851.23,
2005,12,2,7,7.21,80.43,0.0,0.0,0.0,258.5,1.13,216.0,851.31,
2005,12,2,8,8.87,75.89,92.0,207.44,60.0,256.4,0.99,217.0,851.4,
2005,12,2,9,11.13,67.04,274.0,628.45,83.0,260.63,1.43,223.0,850.59,
2005,12,2,10,13.4,58.18,414.0,774.02,91.0,264.87,1.86,229.0,849.79,
2005,12,2,11,15.66,49.33,499.0,821.9,99.0,269.1,2.29,236.0,848.98,
2005,12,2,12,15.48,48.02,450.0,484.9,204.0,269.93,2.69,234.0,848.23,
2005,12,2,13,15.3,46.72,295.0,117.2,239.0,270.77,3.09,233.0,847.48,
2005,12,2,14,15.12,45.41,299.0,269.87,191.0,271.6,3.49,232.0,846.73,
2005,12,2,15,13.0,53.36,169.0,128.69,133.0,267.68,3.39,232.0,847.57,
2005,12,2,16,10.88,61.32,86.0,288.84,50.0,263.77,3.3,232.0,848.4,
2005,12,2,17,8.77,69.27,0.0,0.0,0.0,259.85,3.2,233.0,849.23,
2005,12,2,18,8.84,74.77,0.0,0.0,0.0,270.18,2.83,228.0,849.54,
2005,12,2,19,8.91,80.26,0.0,0.0,0.0,280.52,2.46,223.0,849.84,
2005,12,2,20,8.98,85.76,0.0,0.0,0.0,290.85,2.1,218.0,850.15,
2005,12,2,21,8.64,87.75,0.0,0.0,0.0,295.22,2.04,213.0,849.98,
2005,12,2,22,8.31,89.74,0.0,0.0,0.0,299.58,1.99,208.0,849.81,
2005,12,2,23,7.97,91.73,0.0,0.0,0.0,303.95,1.93,204.0,849.65,
2005,12,3,0,7.59,92.83,0.0,0.0,0.0,297.62,2.08,208.0,849.62,
2005,12,3,1,7.2,93.93,0.0,0.0,0.0,291.28,2.23,213.0,849.59,
2005,12,3,2,6.82,95.03,0.0,0.0,0.0,284.95,2.37,218.0,849.56,
2005,12,3,3,7.24,95.53,0.0,0.0,0.0,289.83,2.43,221.0,849.7,
2005,12,3,4,7.66,96.04,0.0,0.0,0.0,294.72,2.49,224.0,849.84,
2005,12,3,5,8.08,96.54,0.0,0.0,0.0,299.6,2.55,228.0,849.98,
2005,12,3,6,9.06,95.43,0.0,0.0,0.0,298.38,2.51,220.0,850.17,
2005,12,3,7,10.05,94.32,0.0,0.0,0.0,297.17,2.46,212.0,850.37,
2005,12,3,8,11.04,93.21,120.0,561.28,35.0,295.95,2.41,204.0,850.56,
2005,12,3,9,12.16,86.42,290.0,793.6,51.0,294.68,2.76,220.0,849.9,
2005,12,3,10,13.28,79.64,422.0,848.82,70.0,293.42,3.11,236.0,849.23,
2005,12,3,11,14.4,72.85,507.0,885.8,78.0,292.15,3.46,251.0,848.56,
2005,12,3,12,14.49,66.47,547.0,969.8,57.0,288.05,3.18,248.0,848.07,
2005,12,3,13,14.58,60.1,502.0,888.44,79.0,283.95,2.89,245.0,847.57,
2005,12,3,14,14.67,53.72,401.0,779.71,90.0,279.85,2.61,242.0,847.07,
2005,12,3,15,12.95,63.43,272.0,767.64,58.0,276.25,2.43,235.0,847.23,
2005,12,3,16,11.23,73.13,105.0,580.52,33.0,272.65,2.25,227.0,847.4,
2005,12,3,17,9.51,82.84,0.0,0.0,0.0,269.05,2.07,220.0,847.57,
2005,12,3,18,8.67,85.32,0.0,0.0,0.0,265.83,2.07,211.0,847.57,
2005,12,3,19,7.84,87.8,0.0,0.0,0.0,262.62,2.07,202.0,847.57,
2005,12,3,20,7.0,90.28,0.0,0.0,0.0,259.4,2.07,194.0,847.57,
2005,12,3,21,6.74,91.35,0.0,0.0,0.0,257.73,2.19,189.0,847.51,
2005,12,3,22,6.49,92.41,0.0,0.0,0.0,256.07,2.31,185.0,847.45,
2005,12,3,23,6.23,93.48,0.0,0.0,0.0,254.4,2.43,181.0,847.4,
2005,12,4,0,5.97,93.53,0.0,0.0,0.0,254.02,2.5,177.0,847.29,
2005,12,4,1,5.72,93.58,0.0,0.0,0.0,253.63,2.57,172.0,847.18,
2005,12,4,2,5.46,93.63,0.0,0.0,0.0,253.25,2.65,168.0,847.07,
2005,12,4,3,5.55,92.23,0.0,0.0,0.0,252.22,2.73,170.0,847.01,
2005,12,4,4,5.64,90.83,0.0,0.0,0.0,251.18,2.81,171.0,846.96,
2005,12,4,5,5.73,89.43,0.0,0.0,0.0,250.15,2.9,173.0,846.9,
2005,12,4,6,7.39,84.55,0.0,0.0,0.0,252.42,2.8,175.0,847.07,
2005,12,4,7,9.05,79.66,0.0,0.0,0.0,254.68,2.69,177.0,847.23,
2005,12,4,8,10.72,74.78,60.0,40.35,54.0,256.95,2.59,180.0,847.4,
2005,12,4,9,12.3,65.82,100.0,3.35,99.0,262.63,3.25,190.0,846.73,
2005,12,4,10,13.89,56.86,91.0,0.0,91.0,268.32,3.9,201.0,846.07,
2005,12,4,11,15.47,47.9,105.0,0.0,105.0,274.0,4.55,211.0,845.4,
2005,12,4,12,15.19,46.35,92.0,0.0,92.0,273.55,4.72,215.0,845.04,
2005,12,4,13,14.92,44.79,86.0,0.0,86.0,273.1,4.88,218.0,844.68,
2005,12,4,14,14.64,43.24,143.0,5.03,141.0,272.65,5.05,222.0,844.32,
2005,12,4,15,12.76,50.54,123.0,28.78,115.0,268.32,4.38,219.0,844.87,
2005,12,4,16,10.89,57.85,58.0,64.76,50.0,263.98,3.71,216.0,845.43,
2005,12,4,17,9.02,65.15,0.0,0.0,0.0,259.65,3.05,212.0,845.98,
2005,12,4,18,8.51,69.03,0.0,0.0,0.0,258.17,3.02,208.0,846.23,
2005,12,4,19,8.01,72.91,0.0,0.0,0.0,256.68,2.98,205.0,846.48,
2005,12,4,20,7.51,76.79,0.0,0.0,0.0,255.2,2.95,201.0,846.73,
2005,12,4,21,7.35,78.86,0.0,0.0,0.0,256.88,2.94,201.0,846.96,
2005,12,4,22,7.18,80.93,0.0,0.0,0.0,258.57,2.93,201.0,847.18,
2005,12,4,23,7.02,83.0,0.0,0.0,0.0,260.25,2.92,201.0,847.4,
2005,12,5,0,6.64,83.92,0.0,0.0,0.0,260.73,2.84,200.0,847.57,
2005,12,5,1,6.26,84.83,0.0,0.0,0.0,261.22,2.76,200.0,847.73,
2005,12,5,2,5.88,85.75,0.0,0.0,0.0,261.7,2.68,199.0,847.9,
2005,12,5,3,5.68,85.9,0.0,0.0,0.0,260.6,2.58,195.0,848.26,
2005,12,5,4,5.47,86.06,0.0,0.0,0.0,259.5,2.48,192.0,848.62,
2005,12,5,5,5.27,86.21,0.0,0.0,0.0,258.4,2.39,188.0,848.98,
2005,12,5,6,6.86,81.64,0.0,0.0,0.0,257.85,2.16,184.0,849.4,
2005,12,5,7,8.45,77.08,0.0,0.0,0.0,257.3,1.94,180.0,849.81,
2005,12,5,8,10.04,72.51,114.0,547.93,34.0,256.75,1.71,176.0,850.23,
2005,12,5,9,11.73,64.88,284.0,787.51,51.0,259.13,2.05,190.0,849.84,
2005,12,5,10,13.43,57.26,423.0,890.81,58.0,261.52,2.38,204.0,849.45,
2005,12,5,11,15.12,49.63,510.0,931.53,63.0,263.9,2.72,217.0,849.06,
2005,12,5,12,15.02,47.75,534.0,917.35,74.0,264.37,2.97,226.0,848.81,
2005,12,5,13,14.91,45.86,508.0,953.44,57.0,264.83,3.21,234.0,848.56,
2005,12,5,14,14.81,43.98,417.0,912.91,55.0,265.3,3.46,243.0,848.32,
2005,12,5,15,13.42,47.93,270.0,768.42,57.0,262.57,2.95,239.0,848.9,
2005,12,5,16,12.03,51.87,100.0,511.66,37.0,259.83,2.43,235.0,849.48,
2005,12,5,17,10.65,55.82,0.0,0.0,0.0,257.1,1.92,231.0,850.06,
2005,12,5,18,10.11,59.62,0.0,0.0,0.0,256.17,1.82,220.0,850.37,
2005,12,5,19,9.57,63.43,0.0,0.0,0.0,255.23,1.72,210.0,850.67,
2005,12,5,20,9.03,67.23,0.0,0.0,0.0,254.3,1.63,200.0,850.98,
2005,12,5,21,8.23,69.82,0.0,0.0,0.0,252.02,1.63,190.0,851.12,
2005,12,5,22,7.44,72.4,0.0,0.0,0.0,249.73,1.64,180.0,851.26,
2005,12,5,23,6.64,74.99,0.0,0.0,0.0,247.45,1.64,170.0,851.4,
2005,12,6,0,5.92,77.62,0.0,0.0,0.0,246.03,1.64,163.0,851.7,
2005,12,6,1,5.21,80.24,0.0,0.0,0.0,244.62,1.63,157.0,852.01,
2005,12,6,2,4.49,82.87,0.0,0.0,0.0,243.2,1.63,150.0,852.31,
2005,12,6,3,4.89,81.57,0.0,0.0,0.0,241.6,1.45,158.0,852.67,
2005,12,6,4,5.29,80.27,0.0,0.0,0.0,240.0,1.27,165.0,853.03,
2005,12,6,5,5.7,78.97,0.0,0.0,0.0,238.4,1.09,172.0,853.39,
2005,12,6,6,6.29,78.77,0.0,0.0,0.0,239.15,1.06,159.0,853.81,
2005,12,6,7,6.88,78.57,0.0,0.0,0.0,239.9,1.03,146.0,854.23,
2005,12,6,8,7.48,78.37,106.0,446.32,42.0,240.65,0.99,132.0,854.64,
2005,12,6,9,10.04,69.21,279.0,760.19,56.0,244.37,1.04,159.0,854.23,
2005,12,6,10,12.6,60.05,418.0,873.83,62.0,248.08,1.09,186.0,853.81,
2005,12,6,11,15.16,50.89,507.0,929.29,63.0,251.8,1.14,212.0,853.39,
2005,12,6,12,15.13,47.83,532.0,916.56,74.0,251.85,1.35,225.0,852.98,
2005,12,6,13,15.11,44.77,507.0,952.0,58.0,251.9,1.55,238.0,852.56,
2005,12,6,14,15.08,41.71,410.0,869.71,66.0,251.95,1.75,251.0,852.15,
2005,12,6,15,13.98,45.31,270.0,766.54,58.0,247.82,1.48,255.0,852.45,
2005,12,6,16,12.89,48.92,100.0,512.86,37.0,243.68,1.21,259.0,852.76,
2005,12,6,17,11.8,52.52,0.0,0.0,0.0,239.55,0.94,263.0,853.06,
2005,12,6,18,10.51,56.76,0.0,0.0,0.0,238.25,0.87,223.0,853.26,
2005,12,6,19,9.23,60.99,0.0,0.0,0.0,236.95,0.8,182.0,853.45,
2005,12,6,20,7.95,65.23,0.0,0.0,0.0,235.65,0.73,142.0,853.64,
2005,12,6,21,6.01,70.81,0.0,0.0,0.0,233.03,1.07,132.0,853.7,
2005,12,6,22,4.06,76.39,0.0,0.0,0.0,230.42,1.4,123.0,853.76,
2005,12,6,23,2.12,81.97,0.0,0.0,0.0,227.8,1.74,114.0,853.81,
2005,12,7,0,1.22,84.08,0.0,0.0,0.0,225.47,1.83,113.0,853.92,
2005,12,7,1,0.31,86.2,0.0,0.0,0.0,223.13,1.91,113.0,854.03,
2005,12,7,2,-0.59,88.31,0.0,0.0,0.0,220.8,2.0,113.0,854.14,
2005,12,7,3,-0.73,87.53,0.0,0.0,0.0,220.23,1.9,116.0,854.25,
2005,12,7,4,-0.87,86.74,0.0,0.0,0.0,219.67,1.81,119.0,854.37,
2005,12,7,5,-1.0,85.96,0.0,0.0,0.0,219.1,1.71,122.0,854.48,
2005,12,7,6,1.12,82.56,0.0,0.0,0.0,219.62,1.53,122.0,854.7,
2005,12,7,7,3.25,79.15,0.0,0.0,0.0,220.13,1.34,122.0,854.92,
2005,12,7,8,5.38,75.75,98.0,369.16,46.0,220.65,1.16,122.0,855.14,
2005,12,7,9,8.27,66.84,269.0,690.93,68.0,223.75,1.2,139.0,854.62,
2005,12,7,10,11.15,57.94,409.0,826.84,74.0,226.85,1.24,156.0,854.09,
2005,12,7,11,14.04,49.03,489.0,832.27,93.0,229.95,1.28,174.0,853.56,
2005,12,7,12,14.04,45.99,530.0,915.57,74.0,230.55,1.17,183.0,852.95,
2005,12,7,13,14.04,42.95,500.0,918.43,68.0,231.15,1.06,192.0,852.34,
2005,12,7,14,14.04,39.91,402.0,823.52,77.0,231.75,0.95,201.0,851.73,
2005,12,7,15,12.8,42.6,263.0,710.02,67.0,228.57,0.94,162.0,852.12,
2005,12,7,16,11.56,45.29,94.0,423.95,42.0,225.38,0.93,123.0,852.51,
2005,12,7,17,10.32,47.98,0.0,0.0,0.0,222.2,0.92,84.0,852.89,
2005,12,7,18,7.71,54.59,0.0,0.0,0.0,220.95,1.27,92.0,852.87,
2005,12,7,19,5.11,61.19,0.0,0.0,0.0,219.7,1.61,101.0,852.84,
2005,12,7,20,2.5,67.8,0.0,0.0,0.0,218.45,1.96,109.0,852.81,
2005,12,7,21,1.44,71.69,0.0,0.0,0.0,216.17,2.04,110.0,852.67,
2005,12,7,22,0.38,75.58,0.0,0.0,0.0,213.88,2.11,111.0,852.53,
2005,12,7,23,-0.68,79.47,0.0,0.0,0.0,211.6,2.19,113.0,852.4,
2005,12,8,0,-1.2,80.53,0.0,0.0,0.0,210.45,2.18,113.0,852.26,
2005,12,8,1,-1.73,81.58,0.0,0.0,0.0,209.3,2.17,113.0,852.12,
2005,12,8,2,-2.25,82.64,0.0,0.0,0.0,208.15,2.17,113.0,851.98,
2005,12,8,3,-2.31,81.72,0.0,0.0,0.0,207.78,2.13,115.0,852.2,
2005,12,8,4,-2.37,80.8,0.0,0.0,0.0,207.42,2.09,118.0,852.42,
2005,12,8,5,-2.42,79.88,0.0,0.0,0.0,207.05,2.06,120.0,852.64,
2005,12,8,6,-0.13,74.68,0.0,0.0,0.0,208.12,1.82,121.0,852.7,
2005,12,8,7,2.16,69.49,0.0,0.0,0.0,209.18,1.59,121.0,852.76,
2005,12,8,8,4.46,64.29,100.0,433.52,40.0,210.25,1.35,121.0,852.81,
2005,12,8,9,7.21,55.36,253.0,578.73,86.0,213.33,1.39,137.0,852.2,
2005,12,8,10,9.96,46.43,380.0,655.07,116.0,216.42,1.43,153.0,851.59,
2005,12,8,11,12.71,37.5,468.0,725.83,124.0,219.5,1.46,169.0,850.98,
2005,12,8,12,12.82,35.36,494.0,727.06,133.0,220.43,1.37,181.0,850.45,
2005,12,8,13,12.93,33.21,486.0,837.58,93.0,221.37,1.28,194.0,849.92,
2005,12,8,14,13.04,31.07,382.0,693.12,109.0,222.3,1.19,207.0,849.4,
2005,12,8,15,11.66,33.94,250.0,598.6,85.0,219.62,1.13,151.0,849.98,
2005,12,8,16,10.29,36.8,94.0,424.22,42.0,216.93,1.07,95.0,850.56,
2005,12,8,17,8.92,39.67,0.0,0.0,0.0,214.25,1.01,38.0,851.15,
2005,12,8,18,6.71,43.5,0.0,0.0,0.0,213.67,1.14,47.0,851.31,
2005,12,8,19,4.5,47.33,0.0,0.0,0.0,213.08,1.27,55.0,851.48,
2005,12,8,20,2.29,51.16,0.0,0.0,0.0,212.5,1.41,63.0,851.65,
2005,12,8,21,1.23,53.12,0.0,0.0,0.0,211.38,1.52,63.0,851.78,
2005,12,8,22,0.18,55.09,0.0,0.0,0.0,210.27,1.63,63.0,851.92,
2005,12,8,23,-0.88,57.05,0.0,0.0,0.0,209.15,1.74,62.0,852.06,
2005,12,9,0,-1.36,60.78,0.0,0.0,0.0,208.33,1.83,64.0,852.17,
2005,12,9,1,-1.85,64.52,0.0,0.0,0.0,207.52,1.91,65.0,852.28,
2005,12,9,2,-2.33,68.25,0.0,0.0,0.0,206.7,2.0,66.0,852.4,
2005,12,9,3,-2.25,70.17,0.0,0.0,0.0,205.72,2.09,66.0,853.09,
2005,12,9,4,-2.17,72.1,0.0,0.0,0.0,204.73,2.18,66.0,853.78,
2005,12,9,5,-2.08,74.02,0.0,0.0,0.0,203.75,2.28,66.0,854.48,
2005,12,9,6,-0.04,68.51,0.0,0.0,0.0,204.53,2.11,68.0,854.75,
2005,12,9,7,2.0,62.99,0.0,0.0,0.0,205.32,1.94,71.0,855.03,
2005,12,9,8,4.04,57.48,92.0,345.53,45.0,206.1,1.77,73.0,855.31,
2005,12,9,9,6.33,50.28,257.0,625.21,78.0,209.32,1.85,72.0,854.78,
2005,12,9,10,8.63,43.09,397.0,778.14,85.0,212.53,1.93,70.0,854.25,
2005,12,9,11,10.92,35.89,472.0,753.96,116.0,215.75,2.01,68.0,853.73,
2005,12,9,12,11.05,34.05,507.0,801.87,110.0,216.37,2.06,68.0,853.17,
2005,12,9,13,11.18,32.21,468.0,745.47,119.0,216.98,2.11,67.0,852.62,
2005,12,9,14,11.31,30.37,388.0,732.43,100.0,217.6,2.15,66.0,852.06,
2005,12,9,15,8.58,37.13,255.0,646.45,77.0,215.55,2.21,65.0,852.62,
2005,12,9,16,5.85,43.9,94.0,424.12,42.0,213.5,2.27,65.0,853.17,
2005,12,9,17,3.12,50.66,0.0,0.0,0.0,211.45,2.33,64.0,853.73,
2005,12,9,18,1.82,56.88,0.0,0.0,0.0,211.17,2.37,69.0,853.92,
2005,12,9,19,0.53,63.11,0.0,0.0,0.0,210.88,2.4,74.0,854.12,
2005,12,9,20,-0.76,69.33,0.0,0.0,0.0,210.6,2.44,80.0,854.31,
2005,12,9,21,-1.13,72.32,0.0,0.0,0.0,211.35,2.42,82.0,854.5,
2005,12,9,22,-1.49,75.32,0.0,0.0,0.0,212.1,2.4,84.0,854.7,
2005,12,9,23,-1.86,78.31,0.0,0.0,0.0,212.85,2.39,86.0,854.89,
2005,12,10,0,-2.1,79.49,0.0,0.0,0.0,215.98,2.36,87.0,855.12,
2005,12,10,1,-2.35,80.66,0.0,0.0,0.0,219.12,2.34,88.0,855.34,
2005,12,10,2,-2.59,81.84,0.0,0.0,0.0,222.25,2.32,89.0,855.56,
2005,12,10,3,-2.46,82.95,0.0,0.0,0.0,226.48,2.29,90.0,855.78,
2005,12,10,4,-2.34,84.07,0.0,0.0,0.0,230.72,2.25,91.0,856.0,
2005,12,10,5,-2.21,85.18,0.0,0.0,0.0,234.95,2.22,92.0,856.23,
2005,12,10,6,-0.49,80.66,0.0,0.0,0.0,237.27,2.27,93.0,856.75,
2005,12,10,7,1.23,76.15,0.0,0.0,0.0,239.58,2.32,95.0,857.28,
2005,12,10,8,2.95,71.63,95.0,403.82,41.0,241.9,2.37,97.0,857.81,
2005,12,10,9,5.09,63.05,254.0,622.95,77.0,243.33,2.26,97.0,856.67,
2005,12,10,10,7.24,54.46,395.0,776.94,85.0,244.77,2.14,98.0,855.53,
2005,12,10,11,9.38,45.88,464.0,724.74,123.0,246.2,2.03,98.0,854.39,
2005,12,10,12,9.75,42.18,491.0,727.04,132.0,242.05,1.89,96.0,853.67,
2005,12,10,13,10.13,38.47,467.0,744.82,119.0,237.9,1.76,94.0,852.95,
2005,12,10,14,10.5,34.77,374.0,651.96,118.0,233.75,1.63,92.0,852.23,
2005,12,10,15,8.32,41.81,255.0,646.89,77.0,231.0,1.78,86.0,852.59,
2005,12,10,16,6.14,48.86,100.0,513.27,37.0,228.25,1.93,80.0,852.95,
2005,12,10,17,3.97,55.9,0.0,0.0,0.0,225.5,2.08,74.0,853.31,
2005,12,10,18,2.59,61.27,0.0,0.0,0.0,224.75,2.17,80.0,853.26,
2005,12,10,19,1.22,66.63,0.0,0.0,0.0,224.0,2.27,86.0,853.2,
2005,12,10,20,-0.16,72.0,0.0,0.0,0.0,223.25,2.36,93.0,853.14,
2005,12,10,21,-0.62,74.28,0.0,0.0,0.0,221.68,2.31,95.0,853.12,
2005,12,10,22,-1.08,76.56,0.0,0.0,0.0,220.12,2.27,98.0,853.09,
2005,12,10,23,-1.54,78.84,0.0,0.0,0.0,218.55,2.22,100.0,853.06,
2005,12,11,0,-1.81,80.26,0.0,0.0,0.0,217.82,2.19,102.0,852.98,
2005,12,11,1,-2.07,81.69,0.0,0.0,0.0,217.08,2.17,105.0,852.89,
2005,12,11,2,-2.34,83.11,0.0,0.0,0.0,216.35,2.14,107.0,852.81,
2005,12,11,3,-2.27,84.3,0.0,0.0,0.0,216.78,2.11,112.0,852.62,
2005,12,11,4,-2.2,85.49,0.0,0.0,0.0,217.22,2.08,116.0,852.42,
2005,12,11,5,-2.12,86.68,0.0,0.0,0.0,217.65,2.06,120.0,852.23,
2005,12,11,6,0.12,80.76,0.0,0.0,0.0,218.85,1.91,128.0,852.06,
2005,12,11,7,2.36,74.85,0.0,0.0,0.0,220.05,1.77,134.0,851.9,
2005,12,11,8,4.6,68.93,82.0,258.55,48.0,221.25,1.63,142.0,851.73,
2005,12,11,9,7.16,60.39,239.0,517.64,93.0,225.52,1.95,163.0,850.76,
2005,12,11,10,9.72,51.85,360.0,576.61,131.0,229.78,2.28,185.0,849.79,
2005,12,11,11,12.28,43.31,428.0,552.29,169.0,234.05,2.61,207.0,848.81,
2005,12,11,12,12.38,41.65,455.0,564.37,177.0,235.63,2.82,218.0,848.2,
2005,12,11,13,12.49,39.98,399.0,430.95,198.0,237.22,3.03,228.0,847.59,
2005,12,11,14,12.59,38.32,238.0,114.73,193.0,238.8,3.24,239.0,846.98,
2005,12,11,15,11.69,46.05,114.0,18.18,109.0,241.98,2.56,244.0,847.48,
2005,12,11,16,10.79,53.79,84.0,276.47,50.0,245.17,1.87,248.0,847.98,
2005,12,11,17,9.9,61.52,0.0,0.0,0.0,248.35,1.19,253.0,848.48,
2005,12,11,18,8.99,67.26,0.0,0.0,0.0,253.05,0.88,201.0,848.98,
2005,12,11,19,8.09,73.0,0.0,0.0,0.0,257.75,0.58,148.0,849.48,
2005,12,11,20,7.18,78.74,0.0,0.0,0.0,262.45,0.28,96.0,849.98,
2005,12,11,21,5.45,81.12,0.0,0.0,0.0,258.12,0.64,92.0,850.37,
2005,12,11,22,3.72,83.51,0.0,0.0,0.0,253.78,1.0,88.0,850.76,
2005,12,11,23,1.99,85.89,0.0,0.0,0.0,249.45,1.37,84.0,851.15,
2005,12,12,0,0.88,87.05,0.0,0.0,0.0,246.62,1.55,83.0,851.67,
2005,12,12,1,-0.22,88.21,0.0,0.0,0.0,243.78,1.73,82.0,852.2,
2005,12,12,2,-1.33,89.37,0.0,0.0,0.0,240.95,1.92,80.0,852.73,
2005,12,12,3,-1.59,89.26,0.0,0.0,0.0,237.55,2.06,77.0,853.64,
2005,12,12,4,-1.85,89.14,0.0,0.0,0.0,234.15,2.21,73.0,854.56,
2005,12,12,5,-2.1,89.03,0.0,0.0,0.0,230.75,2.36,69.0,855.48,
2005,12,12,6,-0.46,85.11,0.0,0.0,0.0,232.15,2.25,74.0,855.95,
2005,12,12,7,1.18,81.2,0.0,0.0,0.0,233.55,2.15,80.0,856.42,
2005,12,12,8,2.82,77.28,84.0,309.19,44.0,234.95,2.04,85.0,856.89,
2005,12,12,9,4.67,69.05,248.0,607.01,78.0,236.47,1.99,92.0,855.61,
2005,12,12,10,6.53,60.83,363.0,599.4,126.0,237.98,1.94,98.0,854.34,
2005,12,12,11,8.38,52.6,431.0,575.39,162.0,239.5,1.89,105.0,853.06,
2005,12,12,12,8.69,50.7,474.0,655.15,152.0,239.5,1.71,113.0,852.17,
2005,12,12,13,8.99,48.79,433.0,581.91,162.0,239.5,1.53,120.0,851.28,
2005,12,12,14,9.3,46.89,360.0,574.12,135.0,239.5,1.35,128.0,850.4,
2005,12,12,15,8.27,50.56,243.0,552.47,91.0,236.3,1.24,111.0,850.84,
2005,12,12,16,7.24,54.23,89.0,348.68,46.0,233.1,1.13,95.0,851.28,
2005,12,12,17,6.21,57.9,0.0,0.0,0.0,229.9,1.02,78.0,851.73,
2005,12,12,18,4.47,61.92,0.0,0.0,0.0,229.98,1.21,92.0,851.81,
2005,12,12,19,2.73,65.94,0.0,0.0,0.0,230.07,1.41,105.0,851.9,
2005,12,12,20,0.99,69.96,0.0,0.0,0.0,230.15,1.6,119.0,851.98,
2005,12,12,21,0.42,72.85,0.0,0.0,0.0,229.87,1.6,125.0,851.76,
2005,12,12,22,-0.15,75.74,0.0,0.0,0.0,229.58,1.59,131.0,851.53,
2005,12,12,23,-0.72,78.63,0.0,0.0,0.0,229.3,1.59,137.0,851.31,
2005,12,13,0,-0.99,80.09,0.0,0.0,0.0,229.57,1.56,142.0,851.17,
2005,12,13,1,-1.25,81.54,0.0,0.0,0.0,229.83,1.54,146.0,851.04,
2005,12,13,2,-1.52,83.0,0.0,0.0,0.0,230.1,1.52,150.0,850.9,
2005,12,13,3,-1.87,82.76,0.0,0.0,0.0,226.75,1.35,149.0,851.37,
2005,12,13,4,-2.23,82.53,0.0,0.0,0.0,223.4,1.19,147.0,851.84,
2005,12,13,5,-2.58,82.29,0.0,0.0,0.0,220.05,1.02,146.0,852.31,
2005,12,13,6,-0.6,78.23,0.0,0.0,0.0,220.07,0.96,148.0,852.37,
2005,12,13,7,1.38,74.17,0.0,0.0,0.0,220.08,0.9,150.0,852.42,
2005,12,13,8,3.36,70.11,82.0,298.47,44.0,220.1,0.84,152.0,852.48,
2005,12,13,9,5.52,61.8,246.0,603.95,78.0,223.25,1.09,177.0,851.56,
2005,12,13,10,7.67,53.5,374.0,675.56,108.0,226.4,1.35,202.0,850.65,
2005,12,13,11,9.83,45.19,470.0,780.82,106.0,229.55,1.6,226.0,849.73,
2005,12,13,12,9.75,44.1,507.0,829.74,100.0,228.8,1.63,235.0,849.23,
2005,12,13,13,9.68,43.0,460.0,715.95,127.0,228.05,1.66,243.0,848.73,
2005,12,13,14,9.6,41.91,379.0,691.86,108.0,227.3,1.68,251.0,848.23,
2005,12,13,15,8.41,44.91,255.0,646.63,77.0,224.93,1.3,270.0,848.93,
2005,12,13,16,7.23,47.92,90.0,347.42,47.0,222.57,0.92,290.0,849.62,
2005,12,13,17,6.05,50.92,0.0,0.0,0.0,220.2,0.54,309.0,850.31,
2005,12,13,18,4.28,56.5,0.0,0.0,0.0,220.32,0.62,253.0,850.48,
2005,12,13,19,2.51,62.09,0.0,0.0,0.0,220.43,0.7,197.0,850.65,
2005,12,13,20,0.74,67.67,0.0,0.0,0.0,220.55,0.79,142.0,850.81,
2005,12,13,21,-0.02,70.71,0.0,0.0,0.0,219.53,1.05,142.0,850.65,
2005,12,13,22,-0.78,73.75,0.0,0.0,0.0,218.52,1.32,142.0,850.48,
2005,12,13,23,-1.54,76.79,0.0,0.0,0.0,217.5,1.59,142.0,850.31,
2005,12,14,0,-1.72,77.02,0.0,0.0,0.0,217.23,1.71,143.0,850.12,
2005,12,14,1,-1.9,77.26,0.0,0.0,0.0,216.97,1.83,144.0,849.92,
2005,12,14,2,-2.08,77.49,0.0,0.0,0.0,216.7,1.96,145.0,849.73,
2005,12,14,3,-2.16,76.76,0.0,0.0,0.0,217.65,1.97,148.0,849.98,
2005,12,14,4,-2.24,76.02,0.0,0.0,0.0,218.6,1.98,150.0,850.23,
2005,12,14,5,-2.32,75.29,0.0,0.0,0.0,219.55,1.99,153.0,850.48,
2005,12,14,6,0.13,66.96,0.0,0.0,0.0,221.62,1.93,157.0,850.37,
2005,12,14,7,2.58,58.62,0.0,0.0,0.0,223.68,1.87,161.0,850.26,
2005,12,14,8,5.03,50.29,70.0,183.48,47.0,225.75,1.81,165.0,850.15,
2005,12,14,9,7.27,43.26,244.0,604.26,77.0,229.22,2.19,176.0,849.23,
2005,12,14,10,9.51,36.24,379.0,716.47,98.0,232.68,2.58,187.0,848.32,
2005,12,14,11,11.75,29.21,341.0,247.34,226.0,236.15,2.97,198.0,847.4,
2005,12,14,12,11.53,29.65,306.0,120.49,247.0,235.9,2.85,199.0,846.51,
2005,12,14,13,11.3,30.09,446.0,645.66,146.0,235.65,2.74,200.0,845.62,
2005,12,14,14,11.08,30.53,270.0,196.63,193.0,235.4,2.62,201.0,844.73,
2005,12,14,15,8.73,38.23,107.0,10.89,104.0,232.92,2.64,193.0,844.98,
2005,12,14,16,6.39,45.93,58.0,64.35,50.0,230.43,2.67,185.0,845.23,
2005,12,14,17,4.05,53.63,0.0,0.0,0.0,227.95,2.69,178.0,845.48,
2005,12,14,18,4.04,53.73,0.0,0.0,0.0,231.73,2.94,169.0,845.04,
2005,12,14,19,4.04,53.82,0.0,0.0,0.0,235.52,3.19,160.0,844.6,
2005,12,14,20,4.03,53.92,0.0,0.0,0.0,239.3,3.43,152.0,844.15,
2005,12,14,21,4.69,50.93,0.0,0.0,0.0,244.17,3.72,153.0,843.57,
2005,12,14,22,5.35,47.95,0.0,0.0,0.0,249.03,4.01,155.0,842.99,
2005,12,14,23,6.01,44.96,0.0,0.0,0.0,253.9,4.3,156.0,842.4,
2005,12,15,0,6.19,52.62,0.0,0.0,0.0,266.23,4.42,168.0,842.63,
2005,12,15,1,6.37,60.29,0.0,0.0,0.0,278.57,4.54,179.0,842.85,
2005,12,15,2,6.55,67.95,0.0,0.0,0.0,290.9,4.66,191.0,843.07,
2005,12,15,3,6.89,62.06,0.0,0.0,0.0,290.82,4.7,189.0,842.49,
2005,12,15,4,7.23,56.18,0.0,0.0,0.0,290.73,4.74,187.0,841.9,
2005,12,15,5,7.57,50.29,0.0,0.0,0.0,290.65,4.79,184.0,841.32,
2005,12,15,6,7.45,56.81,0.0,0.0,0.0,291.53,5.25,187.0,841.6,
2005,12,15,7,7.34,63.33,0.0,0.0,0.0,292.42,5.71,189.0,841.88,
2005,12,15,8,7.23,69.85,8.0,0.0,8.0,293.3,6.17,192.0,842.15,
2005,12,15,9,6.91,72.44,25.0,0.0,25.0,301.17,6.42,193.0,841.68,
2005,12,15,10,6.6,75.04,61.0,0.0,61.0,309.03,6.68,194.0,841.21,
2005,12,15,11,6.28,77.63,89.0,0.0,89.0,316.9,6.94,195.0,840.74,
2005,12,15,12,5.88,82.96,305.0,120.68,246.0,317.98,6.56,192.0,840.32,
2005,12,15,13,5.47,88.28,179.0,6.46,176.0,319.07,6.17,189.0,839.91,
2005,12,15,14,5.07,93.61,250.0,142.99,194.0,320.15,5.79,186.0,839.49,
2005,12,15,15,5.41,94.48,102.0,7.25,100.0,320.83,5.94,190.0,839.52,
2005,12,15,16,5.76,95.36,81.0,232.04,52.0,321.52,6.1,193.0,839.54,
2005,12,15,17,6.11,96.23,0.0,0.0,0.0,322.2,6.25,197.0,839.57,
2005,12,15,18,6.4,95.91,0.0,0.0,0.0,321.72,6.36,199.0,839.46,
2005,12,15,19,6.7,95.59,0.0,0.0,0.0,321.23,6.47,201.0,839.35,
2005,12,15,20,7.0,95.27,0.0,0.0,0.0,320.75,6.58,203.0,839.24,
2005,12,15,21,7.08,95.41,0.0,0.0,0.0,322.47,6.64,204.0,839.02,
2005,12,15,22,7.16,95.54,0.0,0.0,0.0,324.18,6.7,206.0,838.8,
2005,12,15,23,7.24,95.68,0.0,0.0,0.0,325.9,6.76,208.0,838.57,
2005,12,16,0,6.89,94.29,0.0,0.0,0.0,328.45,6.82,214.0,838.96,
2005,12,16,1,6.53,92.91,0.0,0.0,0.0,331.0,6.88,220.0,839.35,
2005,12,16,2,6.18,91.52,0.0,0.0,0.0,333.55,6.94,226.0,839.74,
2005,12,16,3,6.08,91.68,0.0,0.0,0.0,333.18,6.44,226.0,840.1,
2005,12,16,4,5.97,91.84,0.0,0.0,0.0,332.82,5.94,227.0,840.46,
2005,12,16,5,5.87,92.0,0.0,0.0,0.0,332.45,5.45,227.0,840.82,
2005,12,16,6,6.14,92.17,0.0,0.0,0.0,328.93,5.66,224.0,841.4,
2005,12,16,7,6.42,92.33,0.0,0.0,0.0,325.42,5.86,220.0,841.99,
2005,12,16,8,6.7,92.5,51.0,57.53,44.0,321.9,6.07,217.0,842.57,
2005,12,16,9,6.67,91.68,234.0,541.99,86.0,317.13,6.41,218.0,842.46,
2005,12,16,10,6.65,90.87,52.0,0.0,52.0,312.37,6.75,219.0,842.35,
2005,12,16,11,6.62,90.05,172.0,4.32,170.0,307.6,7.09,221.0,842.24,
2005,12,16,12,6.11,90.17,383.0,311.3,231.0,304.98,6.91,222.0,842.35,
2005,12,16,13,5.59,90.3,450.0,672.36,138.0,302.37,6.74,224.0,842.46,
2005,12,16,14,5.08,90.42,327.0,408.41,167.0,299.75,6.57,226.0,842.57,
2005,12,16,15,4.89,91.81,250.0,597.02,85.0,302.12,5.8,229.0,843.43,
2005,12,16,16,4.7,93.21,106.0,580.59,33.0,304.48,5.04,231.0,844.29,
2005,12,16,17,4.51,94.6,0.0,0.0,0.0,306.85,4.28,234.0,845.15,
2005,12,16,18,4.39,95.85,0.0,0.0,0.0,301.28,3.73,228.0,845.87,
2005,12,16,19,4.27,97.11,0.0,0.0,0.0,295.72,3.19,221.0,846.59,
2005,12,16,20,4.15,98.36,0.0,0.0,0.0,290.15,2.65,215.0,847.32,
2005,12,16,21,4.2,98.87,0.0,0.0,0.0,290.35,2.71,215.0,847.79,
2005,12,16,22,4.26,99.39,0.0,0.0,0.0,290.55,2.78,215.0,848.26,
2005,12,16,23,4.31,99.9,0.0,0.0,0.0,290.75,2.84,215.0,848.73,
2005,12,17,0,4.05,99.9,0.0,0.0,0.0,292.97,2.76,215.0,849.26,
2005,12,17,1,3.78,99.91,0.0,0.0,0.0,295.18,2.69,215.0,849.79,
2005,12,17,2,3.52,99.91,0.0,0.0,0.0,297.4,2.61,214.0,850.31,
2005,12,17,3,3.26,99.9,0.0,0.0,0.0,297.2,2.59,210.0,850.84,
2005,12,17,4,3.0,99.9,0.0,0.0,0.0,297.0,2.58,206.0,851.37,
2005,12,17,5,2.74,99.89,0.0,0.0,0.0,296.8,2.57,202.0,851.9,
2005,12,17,6,3.18,98.71,0.0,0.0,0.0,300.22,2.49,202.0,852.53,
2005,12,17,7,3.62,97.54,0.0,0.0,0.0,303.63,2.42,202.0,853.17,
2005,12,17,8,4.06,96.36,84.0,408.39,35.0,307.05,2.34,202.0,853.81,
2005,12,17,9,4.67,91.19,238.0,585.5,79.0,313.02,2.46,212.0,853.06,
2005,12,17,10,5.29,86.01,367.0,672.34,106.0,318.98,2.58,223.0,852.31,
2005,12,17,11,5.9,80.84,452.0,705.72,126.0,324.95,2.7,233.0,851.56,
2005,12,17,12,6.31,76.45,470.0,654.01,151.0,303.63,2.65,237.0,850.92,
2005,12,17,13,6.73,72.06,450.0,672.54,138.0,282.32,2.59,241.0,850.29,
2005,12,17,14,7.14,67.67,391.0,760.18,93.0,261.0,2.54,245.0,849.65,
2005,12,17,15,6.06,73.77,264.0,711.3,67.0,250.88,2.23,243.0,849.81,
2005,12,17,16,4.98,79.87,104.0,537.16,36.0,240.77,1.91,241.0,849.98,
2005,12,17,17,3.91,85.97,0.0,0.0,0.0,230.65,1.6,240.0,850.15,
2005,12,17,18,3.29,88.77,0.0,0.0,0.0,226.73,1.49,229.0,850.4,
2005,12,17,19,2.68,91.56,0.0,0.0,0.0,222.82,1.37,218.0,850.65,
2005,12,17,20,2.06,94.36,0.0,0.0,0.0,218.9,1.26,207.0,850.9,
2005,12,17,21,1.34,95.45,0.0,0.0,0.0,216.33,1.29,194.0,851.01,
2005,12,17,22,0.62,96.53,0.0,0.0,0.0,213.77,1.32,181.0,851.12,
2005,12,17,23,-0.1,97.62,0.0,0.0,0.0,211.2,1.35,169.0,851.23,
2005,12,18,0,-0.79,97.79,0.0,0.0,0.0,209.7,1.43,163.0,851.23,
2005,12,18,1,-1.48,97.96,0.0,0.0,0.0,208.2,1.51,157.0,851.23,
2005,12,18,2,-2.17,98.13,0.0,0.0,0.0,206.7,1.59,151.0,851.23,
2005,12,18,3,-1.43,98.26,0.0,0.0,0.0,220.73,1.48,157.0,851.34,
2005,12,18,4,-0.69,98.39,0.0,0.0,0.0,234.77,1.37,162.0,851.45,
2005,12,18,5,0.05,98.52,0.0,0.0,0.0,248.8,1.27,168.0,851.56,
2005,12,18,6,0.6,96.39,0.0,0.0,0.0,256.7,1.39,161.0,852.01,
2005,12,18,7,1.16,94.25,0.0,0.0,0.0,264.6,1.52,153.0,852.45,
2005,12,18,8,1.72,92.12,77.0,329.46,38.0,272.5,1.64,146.0,852.89,
2005,12,18,9,3.44,87.11,241.0,632.96,70.0,277.25,1.79,162.0,851.98,
2005,12,18,10,5.15,82.1,379.0,754.38,87.0,282.0,1.94,179.0,851.06,
2005,12,18,11,6.87,77.09,443.0,663.54,137.0,286.75,2.08,196.0,850.15,
2005,12,18,12,7.25,73.07,469.0,652.49,151.0,266.62,2.29,203.0,849.04,
2005,12,18,13,7.64,69.05,450.0,672.56,138.0,246.48,2.5,211.0,847.93,
2005,12,18,14,8.02,65.03,393.0,774.77,89.0,226.35,2.7,218.0,846.82,
2005,12,18,15,6.24,70.99,252.0,597.88,86.0,222.97,2.58,216.0,846.82,
2005,12,18,16,4.46,76.96,99.0,446.88,42.0,219.58,2.46,213.0,846.82,
2005,12,18,17,2.68,82.92,0.0,0.0,0.0,216.2,2.34,210.0,846.82,
2005,12,18,18,2.22,84.55,0.0,0.0,0.0,216.95,2.35,206.0,846.87,
2005,12,18,19,1.77,86.19,0.0,0.0,0.0,217.7,2.35,201.0,846.93,
2005,12,18,20,1.32,87.82,0.0,0.0,0.0,218.45,2.36,197.0,846.98,
2005,12,18,21,1.35,88.4,0.0,0.0,0.0,224.37,2.38,196.0,846.93,
2005,12,18,22,1.39,88.97,0.0,0.0,0.0,230.28,2.4,195.0,846.87,
2005,12,18,23,1.42,89.55,0.0,0.0,0.0,236.2,2.43,194.0,846.82,
2005,12,19,0,1.29,89.87,0.0,0.0,0.0,241.68,2.38,194.0,846.93,
2005,12,19,1,1.17,90.18,0.0,0.0,0.0,247.17,2.33,194.0,847.04,
2005,12,19,2,1.04,90.5,0.0,0.0,0.0,252.65,2.28,194.0,847.15,
2005,12,19,3,0.69,90.5,0.0,0.0,0.0,241.03,2.31,195.0,847.37,
2005,12,19,4,0.34,90.49,0.0,0.0,0.0,229.42,2.34,195.0,847.59,
2005,12,19,5,0.0,90.49,0.0,0.0,0.0,217.8,2.37,195.0,847.82,
2005,12,19,6,1.5,87.53,0.0,0.0,0.0,218.48,2.28,193.0,848.18,
2005,12,19,7,3.0,84.56,0.0,0.0,0.0,219.17,2.19,190.0,848.54,
2005,12,19,8,4.51,81.6,75.0,316.62,38.0,219.85,2.1,187.0,848.9,
2005,12,19,9,6.11,72.38,240.0,632.31,70.0,223.43,2.46,197.0,847.98,
2005,12,19,10,7.7,63.15,363.0,657.92,109.0,227.02,2.81,206.0,847.07,
2005,12,19,11,9.3,53.93,463.0,777.42,105.0,230.6,3.17,215.0,846.15,
2005,12,19,12,9.21,51.3,503.0,827.38,100.0,232.05,3.27,220.0,845.82,
2005,12,19,13,9.11,48.66,485.0,866.36,83.0,233.5,3.37,225.0,845.48,
2005,12,19,14,9.02,46.03,398.0,804.38,82.0,234.95,3.46,229.0,845.15,
2005,12,19,15,7.15,54.89,266.0,711.08,68.0,231.8,2.95,223.0,845.71,
2005,12,19,16,5.28,63.74,101.0,450.97,43.0,228.65,2.43,216.0,846.26,
2005,12,19,17,3.41,72.6,0.0,0.0,0.0,225.5,1.92,210.0,846.82,
2005,12,19,18,2.73,75.53,0.0,0.0,0.0,225.18,1.97,199.0,847.2,
2005,12,19,19,2.06,78.45,0.0,0.0,0.0,224.87,2.02,188.0,847.59,
2005,12,19,20,1.39,81.38,0.0,0.0,0.0,224.55,2.07,178.0,847.98,
2005,12,19,21,1.1,81.96,0.0,0.0,0.0,224.67,2.17,171.0,848.2,
2005,12,19,22,0.81,82.55,0.0,0.0,0.0,224.78,2.26,164.0,848.43,
2005,12,19,23,0.52,83.13,0.0,0.0,0.0,224.9,2.36,158.0,848.65,
2005,12,20,0,0.35,82.77,0.0,0.0,0.0,225.08,2.42,155.0,848.84,
2005,12,20,1,0.17,82.42,0.0,0.0,0.0,225.27,2.48,152.0,849.04,
2005,12,20,2,0.0,82.06,0.0,0.0,0.0,225.45,2.54,149.0,849.23,
2005,12,20,3,0.1,81.88,0.0,0.0,0.0,223.4,2.54,151.0,849.4,
2005,12,20,4,0.2,81.71,0.0,0.0,0.0,221.35,2.55,153.0,849.56,
2005,12,20,5,0.31,81.53,0.0,0.0,0.0,219.3,2.55,155.0,849.73,
2005,12,20,6,2.0,76.66,0.0,0.0,0.0,220.4,2.45,153.0,850.04,
2005,12,20,7,3.7,71.79,0.0,0.0,0.0,221.5,2.34,151.0,850.34,
2005,12,20,8,5.4,66.92,73.0,311.85,37.0,222.6,2.23,149.0,850.65,
2005,12,20,9,6.99,59.86,232.0,571.63,79.0,226.2,2.74,161.0,849.73,
2005,12,20,10,8.58,52.81,375.0,737.35,91.0,229.8,3.24,172.0,848.81,
2005,12,20,11,10.17,45.75,468.0,806.61,97.0,233.4,3.74,184.0,847.9,
2005,12,20,12,9.96,45.23,508.0,858.46,90.0,234.37,4.0,192.0,847.43,
2005,12,20,13,9.76,44.7,402.4,603.69,122.15,235.33,4.27,199.0,846.96,
2005,12,20,14,9.55,44.18,310.0,332.96,179.0,236.3,4.54,207.0,846.48,
2005,12,20,15,7.62,50.99,191.0,214.78,131.0,234.78,4.09,204.0,846.96,
2005,12,20,16,5.7,57.8,38.0,0.0,38.0,233.27,3.65,201.0,847.43,
2005,12,20,17,3.78,64.61,0.0,0.0,0.0,231.75,3.2,198.0,847.9,
2005,12,20,18,3.29,68.47,0.0,0.0,0.0,230.2,3.13,195.0,848.09,
2005,12,20,19,2.81,72.32,0.0,0.0,0.0,228.65,3.05,193.0,848.29,
2005,12,20,20,2.33,76.18,0.0,0.0,0.0,227.1,2.98,190.0,848.48,
2005,12,20,21,2.01,78.48,0.0,0.0,0.0,226.1,2.93,190.0,848.62,
2005,12,20,22,1.7,80.78,0.0,0.0,0.0,225.1,2.89,191.0,848.76,
2005,12,20,23,1.38,83.08,0.0,0.0,0.0,224.1,2.84,192.0,848.9,
2005,12,21,0,1.07,83.94,0.0,0.0,0.0,223.27,2.84,191.0,849.06,
2005,12,21,1,0.77,84.81,0.0,0.0,0.0,222.43,2.83,190.0,849.23,
2005,12,21,2,0.46,85.67,0.0,0.0,0.0,221.6,2.83,189.0,849.4,
2005,12,21,3,0.92,87.42,0.0,0.0,0.0,224.73,2.89,192.0,849.43,
2005,12,21,4,1.38,89.17,0.0,0.0,0.0,227.87,2.95,195.0,849.45,
2005,12,21,5,1.85,90.92,0.0,0.0,0.0,231.0,3.01,197.0,849.48,
2005,12,21,6,2.87,90.48,0.0,0.0,0.0,234.08,2.89,196.0,849.81,
2005,12,21,7,3.89,90.05,0.0,0.0,0.0,237.17,2.77,194.0,850.15,
2005,12,21,8,4.92,89.61,67.0,236.61,40.0,240.25,2.65,193.0,850.48,
2005,12,21,9,5.89,81.32,236.0,615.25,72.0,243.53,3.43,202.0,849.65,
2005,12,21,10,6.87,73.03,361.0,655.62,109.0,246.82,4.2,211.0,848.81,
2005,12,21,11,7.84,64.74,441.0,663.75,136.0,250.1,4.98,220.0,847.98,
2005,12,21,12,7.69,61.61,480.0,708.61,135.0,252.05,4.8,222.0,847.4,
2005,12,21,13,7.53,58.47,464.0,742.62,119.0,254.0,4.62,224.0,846.82,
2005,12,21,14,7.38,55.34,402.0,822.05,78.0,255.95,4.44,226.0,846.23,
2005,12,21,15,5.89,64.89,277.0,806.07,51.0,250.73,3.82,221.0,846.76,
2005,12,21,16,4.4,74.45,109.0,549.49,37.0,245.52,3.19,217.0,847.29,
2005,12,21,17,2.92,84.0,0.0,0.0,0.0,240.3,2.57,212.0,847.82,
2005,12,21,18,2.52,86.6,0.0,0.0,0.0,241.07,2.47,205.0,847.84,
2005,12,21,19,2.13,89.19,0.0,0.0,0.0,241.83,2.38,198.0,847.87,
2005,12,21,20,1.74,91.79,0.0,0.0,0.0,242.6,2.29,192.0,847.9,
2005,12,21,21,1.32,92.88,0.0,0.0,0.0,240.8,2.31,186.0,847.7,
2005,12,21,22,0.91,93.97,0.0,0.0,0.0,239.0,2.33,180.0,847.51,
2005,12,21,23,0.49,95.06,0.0,0.0,0.0,237.2,2.34,175.0,847.32,
2005,12,22,0,0.69,94.75,0.0,0.0,0.0,241.33,2.35,169.0,847.07,
2005,12,22,1,0.88,94.45,0.0,0.0,0.0,245.47,2.35,163.0,846.82,
2005,12,22,2,1.08,94.14,0.0,0.0,0.0,249.6,2.36,158.0,846.57,
2005,12,22,3,1.65,93.09,0.0,0.0,0.0,263.28,2.39,152.0,846.15,
2005,12,22,4,2.22,92.03,0.0,0.0,0.0,276.97,2.41,146.0,845.73,
2005,12,22,5,2.8,90.98,0.0,0.0,0.0,290.65,2.44,140.0,845.32,
2005,12,22,6,3.25,88.11,0.0,0.0,0.0,290.23,2.76,142.0,844.87,
2005,12,22,7,3.7,85.24,0.0,0.0,0.0,289.82,3.08,144.0,844.43,
2005,12,22,8,4.16,82.37,28.0,0.0,28.0,289.4,3.39,146.0,843.99,
2005,12,22,9,3.93,85.53,46.0,0.0,46.0,296.03,3.94,152.0,843.29,
2005,12,22,10,3.71,88.7,53.0,0.0,53.0,302.67,4.5,159.0,842.6,
2005,12,22,11,3.48,91.86,66.0,0.0,66.0,309.3,5.05,165.0,841.9,
2005,12,22,12,3.35,93.67,74.0,0.0,74.0,313.35,5.04,173.0,841.15,
2005,12,22,13,3.23,95.47,66.0,0.0,66.0,317.4,5.04,182.0,840.4,
2005,12,22,14,3.1,97.28,153.0,7.6,150.0,321.45,5.03,190.0,839.66,
2005,12,22,15,3.05,97.79,61.0,0.0,61.0,322.05,4.44,188.0,839.93,
2005,12,22,16,3.01,98.29,25.0,0.0,25.0,322.65,3.85,185.0,840.21,
2005,12,22,17,2.97,98.8,0.0,0.0,0.0,323.25,3.26,183.0,840.49,
2005,12,22,18,2.96,99.13,0.0,0.0,0.0,325.27,3.25,185.0,840.21,
2005,12,22,19,2.96,99.46,0.0,0.0,0.0,327.28,3.24,187.0,839.93,
2005,12,22,20,2.95,99.79,0.0,0.0,0.0,329.3,3.23,190.0,839.66,
2005,12,22,21,3.04,99.66,0.0,0.0,0.0,328.75,3.74,203.0,839.66,
2005,12,22,22,3.13,99.54,0.0,0.0,0.0,328.2,4.25,215.0,839.66,
2005,12,22,23,3.22,99.41,0.0,0.0,0.0,327.65,4.76,228.0,839.66,
2005,12,23,0,2.99,99.5,0.0,0.0,0.0,325.13,4.88,229.0,839.82,
2005,12,23,1,2.77,99.6,0.0,0.0,0.0,322.62,5.01,230.0,839.99,
2005,12,23,2,2.54,99.69,0.0,0.0,0.0,320.1,5.13,230.0,840.16,
2005,12,23,3,2.44,98.4,0.0,0.0,0.0,312.23,4.61,226.0,840.63,
2005,12,23,4,2.34,97.11,0.0,0.0,0.0,304.37,4.08,221.0,841.1,
2005,12,23,5,2.25,95.82,0.0,0.0,0.0,296.5,3.56,217.0,841.57,
2005,12,23,6,2.41,95.1,0.0,0.0,0.0,293.85,4.01,215.0,842.26,
2005,12,23,7,2.57,94.37,0.0,0.0,0.0,291.2,4.47,213.0,842.96,
2005,12,23,8,2.74,93.65,74.0,366.9,33.0,288.55,4.92,211.0,843.65,
2005,12,23,9,2.69,84.78,234.0,615.83,71.0,279.37,5.12,214.0,843.57,
2005,12,23,10,2.64,75.92,353.0,615.99,117.0,270.18,5.32,216.0,843.49,
2005,12,23,11,2.59,67.05,440.0,662.32,136.0,261.0,5.52,219.0,843.4,
2005,12,23,12,2.67,64.68,489.0,751.36,123.0,248.93,5.24,219.0,843.1,
2005,12,23,13,2.74,62.31,465.0,743.14,119.0,236.87,4.97,219.0,842.79,
2005,12,23,14,2.82,59.94,370.0,613.83,127.0,224.8,4.69,219.0,842.49,
2005,12,23,15,1.73,67.7,265.0,664.97,77.0,220.05,4.08,211.0,843.01,
2005,12,23,16,0.65,75.45,107.0,478.19,43.0,215.3,3.48,203.0,843.54,
2005,12,23,17,-0.43,83.21,0.0,0.0,0.0,210.55,2.87,195.0,844.07,
2005,12,23,18,-0.69,85.27,0.0,0.0,0.0,209.45,2.97,192.0,844.43,
2005,12,23,19,-0.94,87.34,0.0,0.0,0.0,208.35,3.08,188.0,844.79,
2005,12,23,20,-1.19,89.4,0.0,0.0,0.0,207.25,3.19,184.0,845.15,
2005,12,23,21,-1.07,88.39,0.0,0.0,0.0,208.1,3.27,185.0,845.21,
2005,12,23,22,-0.96,87.39,0.0,0.0,0.0,208.95,3.36,186.0,845.26,
2005,12,23,23,-0.84,86.38,0.0,0.0,0.0,209.8,3.45,186.0,845.32,
2005,12,24,0,-0.8,82.64,0.0,0.0,0.0,212.62,3.44,186.0,845.07,
2005,12,24,1,-0.75,78.9,0.0,0.0,0.0,215.43,3.43,185.0,844.82,
2005,12,24,2,-0.71,75.16,0.0,0.0,0.0,218.25,3.42,184.0,844.57,
2005,12,24,3,-0.47,75.36,0.0,0.0,0.0,220.65,3.44,182.0,844.21,
2005,12,24,4,-0.23,75.56,0.0,0.0,0.0,223.05,3.46,181.0,843.85,
2005,12,24,5,0.01,75.76,0.0,0.0,0.0,225.45,3.48,179.0,843.49,
2005,12,24,6,1.07,74.47,0.0,0.0,0.0,228.7,3.48,177.0,843.51,
2005,12,24,7,2.13,73.19,0.0,0.0,0.0,231.95,3.49,176.0,843.54,
2005,12,24,8,3.2,71.9,21.0,0.0,21.0,235.2,3.49,174.0,843.57,
2005,12,24,9,3.54,68.08,118.0,37.89,108.0,239.82,4.85,184.0,842.76,
2005,12,24,10,3.88,64.26,211.0,81.01,180.0,244.43,6.21,193.0,841.96,
2005,12,24,11,4.22,60.44,282.0,117.67,228.0,249.05,7.57,203.0,841.15,
2005,12,24,12,3.56,64.05,282.0,86.17,240.0,251.48,7.26,204.0,840.79,
2005,12,24,13,2.9,67.66,149.0,0.0,149.0,253.92,6.96,205.0,840.43,
2005,12,24,14,2.24,71.27,136.0,2.52,135.0,256.35,6.65,207.0,840.07,
2005,12,24,15,2.07,73.71,82.0,0.0,82.0,261.02,5.31,199.0,840.57,
2005,12,24,16,1.91,76.15,76.0,132.95,58.0,265.68,3.96,190.0,841.07,
2005,12,24,17,1.75,78.59,0.0,0.0,0.0,270.35,2.62,182.0,841.57,
2005,12,24,18,1.69,81.17,0.0,0.0,0.0,280.3,2.52,171.0,841.29,
2005,12,24,19,1.64,83.74,0.0,0.0,0.0,290.25,2.43,161.0,841.02,
2005,12,24,20,1.59,86.32,0.0,0.0,0.0,300.2,2.33,150.0,840.74,
2005,12,24,21,1.6,89.08,0.0,0.0,0.0,303.88,2.69,163.0,840.79,
2005,12,24,22,1.6,91.85,0.0,0.0,0.0,307.57,3.04,176.0,840.85,
2005,12,24,23,1.61,94.61,0.0,0.0,0.0,311.25,3.39,189.0,840.9,
2005,12,25,0,1.14,94.42,0.0,0.0,0.0,307.52,4.15,201.0,841.46,
2005,12,25,1,0.66,94.23,0.0,0.0,0.0,303.78,4.91,213.0,842.01,
2005,12,25,2,0.19,94.04,0.0,0.0,0.0,300.05,5.67,225.0,842.57,
2005,12,25,3,0.41,92.79,0.0,0.0,0.0,295.17,5.25,223.0,842.9,
2005,12,25,4,0.63,91.53,0.0,0.0,0.0,290.28,4.83,221.0,843.24,
2005,12,25,5,0.85,90.28,0.0,0.0,0.0,285.4,4.41,219.0,843.57,
2005,12,25,6,1.05,89.91,0.0,0.0,0.0,290.23,4.95,222.0,844.29,
2005,12,25,7,1.26,89.53,0.0,0.0,0.0,295.07,5.48,225.0,845.01,
2005,12,25,8,1.47,89.16,67.0,282.41,36.0,299.9,6.01,229.0,845.73,
2005,12,25,9,1.19,82.6,183.0,265.93,113.0,299.13,6.02,232.0,845.96,
2005,12,25,10,0.9,76.04,346.0,578.05,125.0,298.37,6.02,235.0,846.18,
2005,12,25,11,0.62,69.48,341.0,261.48,221.0,297.6,6.03,238.0,846.4,
2005,12,25,12,0.17,66.67,470.0,651.86,152.0,290.12,5.6,239.0,846.82,
2005,12,25,13,-0.28,63.86,462.0,715.09,128.0,282.63,5.16,240.0,847.23,
2005,12,25,14,-0.73,61.05,386.0,693.37,110.0,275.15,4.73,241.0,847.65,
2005,12,25,15,-0.91,68.09,263.0,627.0,84.0,268.18,4.38,239.0,848.65,
2005,12,25,16,-1.08,75.14,89.0,226.23,58.0,261.22,4.03,238.0,849.65,
2005,12,25,17,-1.25,82.18,0.0,0.0,0.0,254.25,3.68,237.0,850.65,
2005,12,25,18,-1.28,84.02,0.0,0.0,0.0,254.43,3.45,236.0,851.56,
2005,12,25,19,-1.31,85.87,0.0,0.0,0.0,254.62,3.21,235.0,852.48,
2005,12,25,20,-1.34,87.71,0.0,0.0,0.0,254.8,2.98,235.0,853.39,
2005,12,25,21,-1.44,89.13,0.0,0.0,0.0,254.93,2.88,235.0,854.09,
2005,12,25,22,-1.54,90.56,0.0,0.0,0.0,255.07,2.78,236.0,854.78,
2005,12,25,23,-1.64,91.98,0.0,0.0,0.0,255.2,2.68,236.0,855.48,
2005,12,26,0,-1.95,92.8,0.0,0.0,0.0,254.38,2.43,236.0,856.11,
2005,12,26,1,-2.26,93.61,0.0,0.0,0.0,253.57,2.18,236.0,856.75,
2005,12,26,2,-2.57,94.43,0.0,0.0,0.0,252.75,1.93,236.0,857.39,
2005,12,26,3,-2.82,95.3,0.0,0.0,0.0,253.08,1.76,229.0,857.86,
2005,12,26,4,-3.08,96.16,0.0,0.0,0.0,253.42,1.58,221.0,858.33,
2005,12,26,5,-3.33,97.03,0.0,0.0,0.0,253.75,1.41,214.0,858.81,
2005,12,26,6,-3.04,94.5,0.0,0.0,0.0,245.88,1.23,196.0,859.42,
2005,12,26,7,-2.75,91.98,0.0,0.0,0.0,238.02,1.05,178.0,860.03,
2005,12,26,8,-2.46,89.45,75.0,440.64,27.0,230.15,0.87,160.0,860.64,
2005,12,26,9,-1.48,82.5,230.0,601.54,72.0,223.18,0.78,128.0,859.94,
2005,12,26,10,-0.49,75.56,364.0,693.56,99.0,216.22,0.69,96.0,859.25,
2005,12,26,11,0.49,68.61,432.0,622.99,146.0,209.25,0.61,64.0,858.56,
2005,12,26,12,0.69,63.32,470.0,653.19,151.0,203.53,0.76,66.0,858.03,
2005,12,26,13,0.9,58.02,476.0,788.48,107.0,197.82,0.91,69.0,857.5,
2005,12,26,14,1.1,52.73,336.0,420.72,168.0,192.1,1.06,71.0,856.97,
2005,12,26,15,-0.4,57.52,220.0,330.99,125.0,193.43,1.35,65.0,857.47,
2005,12,26,16,-1.9,62.31,80.0,144.13,60.0,194.77,1.63,58.0,857.97,
2005,12,26,17,-3.4,67.1,0.0,0.0,0.0,196.1,1.92,51.0,858.47,
2005,12,26,18,-3.59,66.92,0.0,0.0,0.0,200.1,2.0,57.0,858.78,
2005,12,26,19,-3.78,66.74,0.0,0.0,0.0,204.1,2.08,62.0,859.08,
2005,12,26,20,-3.97,66.56,0.0,0.0,0.0,208.1,2.17,67.0,859.39,
2005,12,26,21,-4.19,66.03,0.0,0.0,0.0,206.37,2.26,68.0,859.64,
2005,12,26,22,-4.42,65.49,0.0,0.0,0.0,204.63,2.35,68.0,859.89,
2005,12,26,23,-4.64,64.96,0.0,0.0,0.0,202.9,2.44,69.0,860.14,
2005,12,27,0,-4.92,64.96,0.0,0.0,0.0,201.33,2.48,69.0,860.36,
2005,12,27,1,-5.2,64.97,0.0,0.0,0.0,199.77,2.52,70.0,860.58,
2005,12,27,2,-5.48,64.97,0.0,0.0,0.0,198.2,2.57,70.0,860.81,
2005,12,27,3,-5.34,66.27,0.0,0.0,0.0,197.57,2.51,68.0,860.89,
2005,12,27,4,-5.2,67.58,0.0,0.0,0.0,196.93,2.46,67.0,860.97,
2005,12,27,5,-5.06,68.88,0.0,0.0,0.0,196.3,2.41,65.0,861.05,
2005,12,27,6,-3.77,67.17,0.0,0.0,0.0,200.98,2.62,67.0,861.42,
2005,12,27,7,-2.47,65.46,0.0,0.0,0.0,205.67,2.82,70.0,861.78,
2005,12,27,8,-1.17,63.75,70.0,341.98,33.0,210.35,3.02,72.0,862.14,
2005,12,27,9,0.03,59.58,230.0,598.78,73.0,209.73,3.14,75.0,861.17,
2005,12,27,10,1.22,55.41,377.0,777.55,80.0,209.12,3.27,77.0,860.19,
2005,12,27,11,2.42,51.24,474.0,853.41,82.0,208.5,3.39,79.0,859.22,
2005,12,27,12,2.47,50.5,505.0,828.18,100.0,210.6,3.31,78.0,858.75,
2005,12,27,13,2.52,49.76,477.0,788.88,107.0,212.7,3.22,76.0,858.28,
2005,12,27,14,2.57,49.02,391.0,708.8,107.0,214.8,3.13,75.0,857.81,
2005,12,27,15,0.83,58.18,266.0,630.51,84.0,212.9,3.0,68.0,858.33,
2005,12,27,16,-0.91,67.33,109.0,433.87,48.0,211.0,2.87,62.0,858.86,
2005,12,27,17,-2.65,76.49,0.0,0.0,0.0,209.1,2.74,55.0,859.39,
2005,12,27,18,-2.82,77.09,0.0,0.0,0.0,208.42,2.72,57.0,859.83,
2005,12,27,19,-2.98,77.69,0.0,0.0,0.0,207.73,2.69,58.0,860.28,
2005,12,27,20,-3.14,78.29,0.0,0.0,0.0,207.05,2.66,60.0,860.72,
2005,12,27,21,-3.17,79.8,0.0,0.0,0.0,208.5,2.61,61.0,861.03,
2005,12,27,22,-3.21,81.31,0.0,0.0,0.0,209.95,2.56,62.0,861.33,
2005,12,27,23,-3.24,82.82,0.0,0.0,0.0,211.4,2.51,64.0,861.64,
2005,12,28,0,-3.46,84.62,0.0,0.0,0.0,211.23,2.51,64.0,861.72,
2005,12,28,1,-3.67,86.41,0.0,0.0,0.0,211.07,2.51,63.0,861.8,
2005,12,28,2,-3.89,88.21,0.0,0.0,0.0,210.9,2.51,63.0,861.89,
2005,12,28,3,-4.19,89.07,0.0,0.0,0.0,211.73,2.49,64.0,862.69,
2005,12,28,4,-4.49,89.93,0.0,0.0,0.0,212.57,2.46,65.0,863.5,
2005,12,28,5,-4.79,90.79,0.0,0.0,0.0,213.4,2.44,66.0,864.3,
2005,12,28,6,-3.83,89.64,0.0,0.0,0.0,215.35,2.77,68.0,864.69,
2005,12,28,7,-2.86,88.49,0.0,0.0,0.0,217.3,3.09,70.0,865.08,
2005,12,28,8,-1.89,87.34,64.0,260.33,36.0,219.25,3.42,73.0,865.47,
2005,12,28,9,-0.51,78.45,242.0,721.79,53.0,217.88,3.28,76.0,864.14,
2005,12,28,10,0.87,69.57,370.0,735.68,89.0,216.52,3.14,78.0,862.8,
2005,12,28,11,2.25,60.68,462.0,776.58,105.0,215.15,3.01,81.0,861.47,
2005,12,28,12,2.36,57.04,497.0,781.97,114.0,212.52,2.94,78.0,860.53,
2005,12,28,13,2.47,53.39,492.0,867.8,84.0,209.88,2.87,75.0,859.58,
2005,12,28,14,2.58,49.75,406.0,795.73,86.0,207.25,2.8,72.0,858.64,
2005,12,28,15,0.58,57.76,282.0,750.7,64.0,205.03,2.72,67.0,859.14,
2005,12,28,16,-1.42,65.77,112.0,442.06,49.0,202.82,2.64,62.0,859.64,
2005,12,28,17,-3.41,73.78,0.0,0.0,0.0,200.6,2.57,56.0,860.14,
2005,12,28,18,-3.73,74.82,0.0,0.0,0.0,202.57,2.57,61.0,860.28,
2005,12,28,19,-4.05,75.87,0.0,0.0,0.0,204.53,2.57,65.0,860.42,
2005,12,28,20,-4.37,76.91,0.0,0.0,0.0,206.5,2.58,69.0,860.56,
2005,12,28,21,-4.46,78.12,0.0,0.0,0.0,207.85,2.55,71.0,860.72,
2005,12,28,22,-4.56,79.33,0.0,0.0,0.0,209.2,2.51,72.0,860.89,
2005,12,28,23,-4.65,80.54,0.0,0.0,0.0,210.55,2.48,74.0,861.05,
2005,12,29,0,-4.85,81.91,0.0,0.0,0.0,211.53,2.45,74.0,861.22,
2005,12,29,1,-5.06,83.27,0.0,0.0,0.0,212.52,2.42,73.0,861.39,
2005,12,29,2,-5.26,84.64,0.0,0.0,0.0,213.5,2.39,73.0,861.55,
2005,12,29,3,-5.12,84.61,0.0,0.0,0.0,215.43,2.64,71.0,862.17,
2005,12,29,4,-4.98,84.58,0.0,0.0,0.0,217.37,2.9,70.0,862.78,
2005,12,29,5,-4.84,84.55,0.0,0.0,0.0,219.3,3.16,68.0,863.39,
2005,12,29,6,-4.0,83.23,0.0,0.0,0.0,221.72,3.34,69.0,863.64,
2005,12,29,7,-3.16,81.91,0.0,0.0,0.0,224.13,3.53,70.0,863.89,
2005,12,29,8,-2.32,80.59,68.0,336.39,32.0,226.55,3.71,71.0,864.14,
2005,12,29,9,-1.26,73.86,224.0,554.27,79.0,219.58,3.59,70.0,863.19,
2005,12,29,10,-0.21,67.13,371.0,735.47,90.0,212.62,3.46,68.0,862.25,
2005,12,29,11,0.85,60.4,455.0,732.29,118.0,205.65,3.34,67.0,861.3,
2005,12,29,12,0.93,57.94,507.0,829.48,100.0,203.12,3.38,64.0,860.61,
2005,12,29,13,1.01,55.47,480.0,791.25,107.0,200.58,3.43,61.0,859.92,
2005,12,29,14,1.09,53.01,408.0,797.57,86.0,198.05,3.48,58.0,859.22,
2005,12,29,15,-2.11,60.92,284.0,752.83,64.0,198.93,3.33,54.0,859.92,
2005,12,29,16,-5.3,68.83,120.0,532.78,43.0,199.82,3.19,50.0,860.61,
2005,12,29,17,-8.49,76.74,0.0,0.0,0.0,200.7,3.05,45.0,861.3,
2005,12,29,18,-8.6,79.73,0.0,0.0,0.0,205.1,3.02,46.0,861.89,
2005,12,29,19,-8.7,82.71,0.0,0.0,0.0,209.5,2.99,48.0,862.47,
2005,12,29,20,-8.8,85.7,0.0,0.0,0.0,213.9,2.97,49.0,863.05,
2005,12,29,21,-8.48,86.87,0.0,0.0,0.0,215.65,2.97,49.0,863.39,
2005,12,29,22,-8.16,88.04,0.0,0.0,0.0,217.4,2.97,49.0,863.72,
2005,12,29,23,-7.84,89.21,0.0,0.0,0.0,219.15,2.97,48.0,864.05,
2005,12,30,0,-7.72,88.28,0.0,0.0,0.0,218.97,3.0,49.0,864.22,
2005,12,30,1,-7.61,87.34,0.0,0.0,0.0,218.78,3.04,49.0,864.39,
2005,12,30,2,-7.49,86.41,0.0,0.0,0.0,218.6,3.08,50.0,864.55,
2005,12,30,3,-7.81,88.07,0.0,0.0,0.0,216.77,3.09,51.0,864.86,
2005,12,30,4,-8.13,89.72,0.0,0.0,0.0,214.93,3.09,52.0,865.16,
2005,12,30,5,-8.44,91.38,0.0,0.0,0.0,213.1,3.1,53.0,865.47,
2005,12,30,6,-7.39,88.62,0.0,0.0,0.0,211.92,3.25,59.0,865.61,
2005,12,30,7,-6.34,85.86,0.0,0.0,0.0,210.73,3.39,65.0,865.75,
2005,12,30,8,-5.29,83.1,68.0,337.76,32.0,209.55,3.53,71.0,865.88,
2005,12,30,9,-4.17,77.37,235.0,657.81,63.0,204.88,3.34,74.0,864.83,
2005,12,30,10,-3.04,71.64,377.0,776.9,80.0,200.22,3.14,77.0,863.77,
2005,12,30,11,-1.92,65.91,463.0,776.9,105.0,195.55,2.95,81.0,862.72,
2005,12,30,12,-2.05,63.33,508.0,829.83,100.0,193.62,2.83,83.0,861.58,
2005,12,30,13,-2.19,60.74,482.0,791.08,108.0,191.68,2.71,85.0,860.44,
2005,12,30,14,-2.32,58.16,371.0,567.33,141.0,189.75,2.59,87.0,859.31,
2005,12,30,15,-2.67,62.33,236.0,387.54,122.0,193.28,2.27,86.0,859.47,
2005,12,30,16,-3.02,66.51,89.0,177.33,63.0,196.82,1.95,85.0,859.64,
2005,12,30,17,-3.37,70.68,0.0,0.0,0.0,200.35,1.63,84.0,859.81,
2005,12,30,18,-4.29,74.24,0.0,0.0,0.0,205.15,1.73,93.0,859.67,
2005,12,30,19,-5.2,77.79,0.0,0.0,0.0,209.95,1.83,102.0,859.53,
2005,12,30,20,-6.11,81.35,0.0,0.0,0.0,214.75,1.93,111.0,859.39,
2005,12,30,21,-6.36,81.4,0.0,0.0,0.0,214.6,2.0,113.0,859.14,
2005,12,30,22,-6.6,81.45,0.0,0.0,0.0,214.45,2.08,114.0,858.89,
2005,12,30,23,-6.85,81.5,0.0,0.0,0.0,214.3,2.15,116.0,858.64,
2005,12,31,0,-7.05,80.51,0.0,0.0,0.0,212.43,2.17,116.0,858.47,
2005,12,31,1,-7.26,79.51,0.0,0.0,0.0,210.57,2.18,116.0,858.31,
2005,12,31,2,-7.46,78.52,0.0,0.0,0.0,208.7,2.19,116.0,858.14,
2005,12,31,3,-7.82,78.46,0.0,0.0,0.0,206.7,2.03,119.0,857.97,
2005,12,31,4,-8.19,78.39,0.0,0.0,0.0,204.7,1.86,122.0,857.81,
2005,12,31,5,-8.55,78.33,0.0,0.0,0.0,202.7,1.7,125.0,857.64,
2005,12,31,6,-7.32,74.89,0.0,0.0,0.0,204.08,1.57,125.0,857.64,
2005,12,31,7,-6.09,71.44,0.0,0.0,0.0,205.47,1.45,126.0,857.64,
2005,12,31,8,-4.86,68.0,29.0,0.0,29.0,206.85,1.32,126.0,857.64,
2005,12,31,9,-2.0,59.66,232.0,623.43,69.0,208.32,1.1,144.0,856.81,
2005,12,31,10,0.85,51.32,368.0,702.85,99.0,209.78,0.88,163.0,855.98,
2005,12,31,11,3.7,42.98,473.0,818.67,95.0,211.25,0.66,182.0,855.14,
2005,12,31,12,4.29,39.92,511.0,827.47,103.0,211.85,0.63,212.0,854.34,
2005,12,31,13,4.88,36.87,493.0,834.33,97.0,212.45,0.59,242.0,853.53,
2005,12,31,14,5.46,33.81,409.0,762.9,98.0,213.05,0.55,273.0,852.73,
2005,12,31,15,3.78,36.86,278.0,653.82,84.0,212.52,0.78,330.0,853.45,
2005,12,31,16,2.1,39.92,121.0,488.73,48.0,211.98,1.0,27.0,854.17,
2005,12,31,17,0.41,42.97,0.0,0.0,0.0,211.45,1.23,84.0,854.89,
2005,12,31,18,-1.86,48.43,0.0,0.0,0.0,210.23,1.53,91.0,854.92,
2005,12,31,19,-8.98,62.46,0.0,0.0,0.0,206.9,2.22,99.0,854.95,
2005,12,31,20,-8.26,60.92,0.0,0.0,0.0,207.29,2.24,106.0,854.98,
2005,12,31,21,-7.53,59.37,0.0,0.0,0.0,207.67,2.25,106.0,854.98,
2005,12,31,22,-6.81,57.82,0.0,0.0,0.0,208.05,2.27,105.0,854.98,
2005,12,31,23,-6.08,56.28,0.0,0.0,0.0,208.43,2.29,105.0,854.98,
