Source,Location ID,City,Region,Country,Latitude,Longitude,Time Zone,Elevation
PVGIS,750,Villa Union,MEX,Mexico,23.199990864,-106.230038088,-7,16.0
Year,Month,Day,Hour,Tdry,RH,GHI,DNI,DHI,IR,Wspd,Wdir,Pres,
2009,1,1,0,18.4,100.0,0.0,0.0,0.0,356.77,1.72,51.0,1011.68,
2009,1,1,1,17.5,100.0,0.0,0.0,0.0,351.9,0.55,52.0,1011.48,
2009,1,1,2,17.48,100.0,0.0,0.0,0.0,351.95,0.76,54.0,1011.51,
2009,1,1,3,17.46,100.0,0.0,0.0,0.0,352.0,0.97,55.0,1011.55,
2009,1,1,4,17.45,100.0,0.0,0.0,0.0,352.05,1.19,56.0,1011.58,
2009,1,1,5,17.74,100.0,0.0,0.0,0.0,353.33,1.34,57.0,1012.38,
2009,1,1,6,18.04,100.0,0.0,0.0,0.0,354.62,1.49,58.0,1013.18,
2009,1,1,7,18.34,100.0,12.0,0.0,12.0,355.9,1.64,59.0,1013.97,
2009,1,1,8,20.92,85.03,145.0,223.04,91.0,353.08,1.27,105.0,1013.94,
2009,1,1,9,23.5,70.07,410.0,798.39,73.0,350.27,0.91,150.0,1013.91,
2009,1,1,10,26.08,55.1,578.0,879.49,83.0,347.45,0.54,196.0,1013.87,
2009,1,1,11,26.41,55.57,690.0,917.97,89.0,346.75,1.18,216.0,1012.84,
2009,1,1,12,26.74,56.04,735.0,931.35,91.0,346.05,1.82,236.0,1011.81,
2009,1,1,13,27.07,56.51,709.0,924.51,89.0,345.35,2.46,256.0,1010.78,
2009,1,1,14,26.08,66.33,615.0,892.89,85.0,345.07,2.63,263.0,1010.81,
2009,1,1,15,25.1,76.16,384.0,476.81,162.0,344.78,2.8,270.0,1010.85,
2009,1,1,16,24.12,85.98,267.0,697.41,61.0,344.5,2.98,277.0,1010.88,
2009,1,1,17,22.74,90.65,65.0,361.5,30.0,345.88,2.93,314.0,1011.05,
2009,1,1,18,21.35,95.33,0.0,0.0,0.0,347.27,2.88,351.0,1011.21,
2009,1,1,19,19.97,100.0,0.0,0.0,0.0,348.65,2.83,28.0,1011.38,
2009,1,1,20,19.42,100.0,0.0,0.0,0.0,349.62,2.26,37.0,1011.45,
2009,1,1,21,18.86,100.0,0.0,0.0,0.0,350.58,1.7,46.0,1011.51,
2009,1,1,22,18.31,100.0,0.0,0.0,0.0,351.55,1.13,55.0,1011.58,
2009,1,1,23,17.89,100.0,0.0,0.0,0.0,350.67,0.99,55.0,1011.58,
2009,1,2,0,17.47,100.0,0.0,0.0,0.0,349.78,0.86,55.0,1011.58,
2009,1,2,1,17.05,100.0,0.0,0.0,0.0,348.9,0.72,55.0,1011.58,
2009,1,2,2,16.98,100.0,0.0,0.0,0.0,347.85,0.88,55.0,1011.55,
2009,1,2,3,16.92,100.0,0.0,0.0,0.0,346.8,1.05,55.0,1011.51,
2009,1,2,4,16.86,100.0,0.0,0.0,0.0,345.75,1.21,55.0,1011.48,
2009,1,2,5,17.39,100.0,0.0,0.0,0.0,345.05,1.26,55.0,1011.68,
2009,1,2,6,17.92,100.0,0.0,0.0,0.0,344.35,1.3,56.0,1011.88,
2009,1,2,7,18.45,100.0,15.0,0.0,15.0,343.65,1.34,56.0,1012.08,
2009,1,2,8,21.1,88.47,206.0,625.39,55.0,342.02,1.19,359.0,1012.14,
2009,1,2,9,23.76,76.95,408.0,794.22,73.0,340.38,1.03,301.0,1012.21,
2009,1,2,10,26.41,65.42,575.0,872.2,84.0,338.75,0.88,243.0,1012.28,
2009,1,2,11,26.67,62.32,686.0,909.54,90.0,339.63,1.55,247.0,1011.55,
2009,1,2,12,26.93,59.22,731.0,922.76,92.0,340.52,2.22,251.0,1010.81,
2009,1,2,13,27.19,56.12,706.0,915.1,91.0,341.4,2.88,255.0,1010.08,
2009,1,2,14,26.22,64.71,613.0,885.17,86.0,341.95,2.78,258.0,1010.25,
2009,1,2,15,25.26,73.31,461.0,821.13,77.0,342.5,2.67,262.0,1010.41,
2009,1,2,16,24.3,81.9,267.0,688.84,62.0,343.05,2.57,266.0,1010.58,
2009,1,2,17,22.79,87.93,60.0,272.33,33.0,345.07,2.48,303.0,1010.95,
2009,1,2,18,21.28,93.97,0.0,0.0,0.0,347.08,2.39,340.0,1011.31,
2009,1,2,19,19.77,100.0,0.0,0.0,0.0,349.1,2.3,17.0,1011.68,
2009,1,2,20,19.3,100.0,0.0,0.0,0.0,351.3,1.67,29.0,1011.88,
2009,1,2,21,18.82,100.0,0.0,0.0,0.0,353.5,1.04,41.0,1012.08,
2009,1,2,22,18.35,100.0,0.0,0.0,0.0,355.7,0.41,53.0,1012.28,
2009,1,2,23,17.86,100.0,0.0,0.0,0.0,356.3,0.43,54.0,1012.14,
2009,1,3,0,17.37,100.0,0.0,0.0,0.0,356.9,0.45,55.0,1012.01,
2009,1,3,1,16.89,100.0,0.0,0.0,0.0,357.5,0.47,56.0,1011.88,
2009,1,3,2,16.85,100.0,0.0,0.0,0.0,358.02,0.74,55.0,1011.71,
2009,1,3,3,16.82,100.0,0.0,0.0,0.0,358.53,1.02,55.0,1011.55,
2009,1,3,4,16.79,100.0,0.0,0.0,0.0,359.05,1.3,54.0,1011.38,
2009,1,3,5,17.09,100.0,0.0,0.0,0.0,358.43,1.29,55.0,1011.78,
2009,1,3,6,17.39,100.0,0.0,0.0,0.0,357.82,1.28,56.0,1012.18,
2009,1,3,7,17.69,100.0,7.0,0.0,7.0,357.2,1.27,57.0,1012.58,
2009,1,3,8,19.98,89.67,36.0,0.0,36.0,357.57,0.96,112.0,1012.74,
2009,1,3,9,22.27,79.33,294.0,289.38,172.0,357.93,0.65,166.0,1012.91,
2009,1,3,10,24.56,69.0,359.0,168.69,264.0,358.3,0.34,221.0,1013.08,
2009,1,3,11,24.85,68.54,434.0,173.8,320.0,359.25,1.16,233.0,1012.38,
2009,1,3,12,25.14,68.07,488.0,210.5,342.0,360.2,1.97,245.0,1011.68,
2009,1,3,13,25.43,67.61,506.0,274.65,321.0,361.15,2.79,257.0,1010.98,
2009,1,3,14,24.49,74.2,453.0,308.09,269.0,362.47,2.84,261.0,1011.15,
2009,1,3,15,23.55,80.78,458.0,808.9,78.0,363.78,2.89,265.0,1011.31,
2009,1,3,16,22.62,87.37,173.0,166.73,123.0,365.1,2.94,269.0,1011.48,
2009,1,3,17,21.6,91.58,49.0,128.06,36.0,362.97,2.71,314.0,1011.81,
2009,1,3,18,20.57,95.79,0.0,0.0,0.0,360.83,2.49,358.0,1012.14,
2009,1,3,19,19.55,100.0,0.0,0.0,0.0,358.7,2.26,42.0,1012.48,
2009,1,3,20,19.05,100.0,0.0,0.0,0.0,359.08,2.0,44.0,1012.68,
2009,1,3,21,18.55,100.0,0.0,0.0,0.0,359.47,1.75,47.0,1012.88,
2009,1,3,22,18.05,100.0,0.0,0.0,0.0,359.85,1.49,50.0,1013.08,
2009,1,3,23,17.66,100.0,0.0,0.0,0.0,359.18,1.51,48.0,1012.88,
2009,1,4,0,17.27,100.0,0.0,0.0,0.0,358.52,1.53,47.0,1012.68,
2009,1,4,1,16.88,100.0,0.0,0.0,0.0,357.85,1.54,46.0,1012.48,
2009,1,4,2,16.84,100.0,0.0,0.0,0.0,359.5,1.63,45.0,1012.48,
2009,1,4,3,16.8,100.0,0.0,0.0,0.0,361.15,1.71,45.0,1012.48,
2009,1,4,4,16.77,100.0,0.0,0.0,0.0,362.8,1.79,45.0,1012.48,
2009,1,4,5,17.03,100.0,0.0,0.0,0.0,364.07,1.68,48.0,1012.88,
2009,1,4,6,17.3,100.0,0.0,0.0,0.0,365.33,1.56,52.0,1013.28,
2009,1,4,7,17.57,100.0,14.0,0.0,14.0,366.6,1.45,56.0,1013.67,
2009,1,4,8,19.82,89.91,201.0,611.56,54.0,363.85,1.22,101.0,1013.87,
2009,1,4,9,22.08,79.83,349.0,514.87,132.0,361.1,0.99,146.0,1014.07,
2009,1,4,10,24.33,69.74,517.0,647.78,152.0,358.35,0.76,192.0,1014.27,
2009,1,4,11,24.75,68.9,408.0,135.53,319.0,358.25,1.58,210.0,1013.54,
2009,1,4,12,25.18,68.07,267.0,17.27,255.0,358.15,2.4,228.0,1012.81,
2009,1,4,13,25.6,67.23,107.0,0.0,107.0,358.05,3.23,246.0,1012.08,
2009,1,4,14,24.76,74.13,192.0,5.01,189.0,357.18,3.69,257.0,1012.48,
2009,1,4,15,23.92,81.03,159.0,2.12,158.0,356.32,4.16,268.0,1012.88,
2009,1,4,16,23.08,87.93,169.0,145.59,125.0,355.45,4.62,279.0,1013.28,
2009,1,4,17,21.73,91.95,58.0,221.32,35.0,357.28,4.56,302.0,1013.64,
2009,1,4,18,20.39,95.98,0.0,0.0,0.0,359.12,4.49,326.0,1014.01,
2009,1,4,19,19.04,100.0,0.0,0.0,0.0,360.95,4.43,349.0,1014.37,
2009,1,4,20,18.6,100.0,0.0,0.0,0.0,366.42,4.19,356.0,1014.81,
2009,1,4,21,18.17,100.0,0.0,0.0,0.0,371.88,3.95,3.0,1015.24,
2009,1,4,22,17.73,100.0,0.0,0.0,0.0,377.35,3.71,10.0,1015.67,
2009,1,4,23,17.36,100.0,0.0,0.0,0.0,383.12,3.28,22.0,1015.6,
2009,1,5,0,16.99,100.0,0.0,0.0,0.0,388.88,2.86,34.0,1015.54,
2009,1,5,1,16.63,100.0,0.0,0.0,0.0,394.65,2.43,45.0,1015.47,
2009,1,5,2,16.63,100.0,0.0,0.0,0.0,393.2,2.34,51.0,1015.17,
2009,1,5,3,16.63,100.0,0.0,0.0,0.0,391.75,2.25,57.0,1014.87,
2009,1,5,4,16.64,100.0,0.0,0.0,0.0,390.3,2.17,63.0,1014.57,
2009,1,5,5,17.09,100.0,0.0,0.0,0.0,385.62,1.78,65.0,1014.77,
2009,1,5,6,17.54,100.0,0.0,0.0,0.0,380.93,1.39,66.0,1014.97,
2009,1,5,7,17.99,100.0,9.0,0.0,9.0,376.25,1.01,68.0,1015.17,
2009,1,5,8,20.47,89.55,35.0,0.0,35.0,369.72,1.6,9.0,1015.34,
2009,1,5,9,22.94,79.09,267.0,201.69,182.0,363.18,2.19,310.0,1015.5,
2009,1,5,10,25.42,68.64,256.0,39.02,234.0,356.65,2.79,251.0,1015.67,
2009,1,5,11,25.6,68.38,275.0,25.85,258.0,357.77,3.32,250.0,1014.87,
2009,1,5,12,25.79,68.12,240.0,11.49,232.0,358.88,3.86,249.0,1014.07,
2009,1,5,13,25.97,67.86,107.0,0.0,107.0,360.0,4.4,247.0,1013.28,
2009,1,5,14,24.96,73.62,415.0,216.23,285.0,362.1,4.26,254.0,1013.18,
2009,1,5,15,23.96,79.39,271.0,120.19,214.0,364.2,4.11,262.0,1013.08,
2009,1,5,16,22.96,85.15,4.0,0.0,4.0,366.3,3.97,269.0,1012.98,
2009,1,5,17,21.64,89.95,22.0,0.0,22.0,369.88,3.81,287.0,1013.28,
2009,1,5,18,20.32,94.75,0.0,0.0,0.0,373.47,3.64,306.0,1013.58,
2009,1,5,19,19.0,99.55,0.0,0.0,0.0,377.05,3.48,325.0,1013.87,
2009,1,5,20,18.52,99.7,0.0,0.0,0.0,378.42,3.39,319.0,1014.01,
2009,1,5,21,18.04,99.85,0.0,0.0,0.0,379.78,3.3,314.0,1014.14,
2009,1,5,22,17.56,100.0,0.0,0.0,0.0,381.15,3.21,308.0,1014.27,
2009,1,5,23,16.97,100.0,0.0,0.0,0.0,384.37,3.89,310.0,1014.27,
2009,1,6,0,16.38,100.0,0.0,0.0,0.0,387.58,4.57,313.0,1014.27,
2009,1,6,1,15.8,100.0,0.0,0.0,0.0,390.8,5.24,315.0,1014.27,
2009,1,6,2,15.77,100.0,0.0,0.0,0.0,393.62,4.88,316.0,1014.21,
2009,1,6,3,15.75,100.0,0.0,0.0,0.0,396.43,4.52,317.0,1014.14,
2009,1,6,4,15.73,100.0,0.0,0.0,0.0,399.25,4.17,318.0,1014.07,
2009,1,6,5,16.19,100.0,0.0,0.0,0.0,397.38,3.72,336.0,1014.27,
2009,1,6,6,16.65,100.0,0.0,0.0,0.0,395.52,3.28,355.0,1014.47,
2009,1,6,7,17.12,100.0,14.0,0.0,14.0,393.65,2.84,14.0,1014.67,
2009,1,6,8,19.56,89.7,207.0,630.17,56.0,386.88,2.73,340.0,1014.64,
2009,1,6,9,21.99,79.39,416.0,806.67,76.0,380.12,2.61,306.0,1014.61,
2009,1,6,10,24.43,69.09,589.0,889.51,87.0,373.35,2.5,271.0,1014.57,
2009,1,6,11,24.67,64.32,706.0,929.4,94.0,364.38,2.85,267.0,1013.54,
2009,1,6,12,24.92,59.56,756.0,946.28,96.0,355.42,3.2,262.0,1012.51,
2009,1,6,13,25.16,54.79,627.0,596.78,222.0,346.45,3.56,258.0,1011.48,
2009,1,6,14,24.21,59.26,476.0,353.06,263.0,342.2,3.67,260.0,1011.58,
2009,1,6,15,23.27,63.72,370.0,384.0,187.0,337.95,3.78,263.0,1011.68,
2009,1,6,16,22.33,68.19,214.0,332.17,112.0,333.7,3.89,265.0,1011.78,
2009,1,6,17,20.88,74.98,50.0,91.85,40.0,334.72,4.41,295.0,1012.38,
2009,1,6,18,19.44,81.78,0.0,0.0,0.0,335.73,4.93,325.0,1012.98,
2009,1,6,19,17.99,88.57,0.0,0.0,0.0,336.75,5.45,354.0,1013.58,
2009,1,6,20,17.64,92.38,0.0,0.0,0.0,337.02,4.97,9.0,1013.64,
2009,1,6,21,17.28,96.19,0.0,0.0,0.0,337.28,4.49,24.0,1013.71,
2009,1,6,22,16.93,100.0,0.0,0.0,0.0,337.55,4.01,39.0,1013.77,
2009,1,6,23,16.52,100.0,0.0,0.0,0.0,336.78,3.37,42.0,1013.28,
2009,1,7,0,16.11,100.0,0.0,0.0,0.0,336.02,2.72,45.0,1012.78,
2009,1,7,1,15.71,100.0,0.0,0.0,0.0,335.25,2.07,48.0,1012.28,
2009,1,7,2,15.64,100.0,0.0,0.0,0.0,332.52,2.11,48.0,1012.28,
2009,1,7,3,15.57,100.0,0.0,0.0,0.0,329.78,2.14,48.0,1012.28,
2009,1,7,4,15.51,100.0,0.0,0.0,0.0,327.05,2.18,49.0,1012.28,
2009,1,7,5,15.89,100.0,0.0,0.0,0.0,327.22,2.16,49.0,1012.71,
2009,1,7,6,16.27,100.0,0.0,0.0,0.0,327.38,2.13,50.0,1013.14,
2009,1,7,7,16.65,100.0,16.0,0.0,16.0,327.55,2.11,51.0,1013.58,
2009,1,7,8,19.27,85.53,174.0,426.12,72.0,327.17,2.07,355.0,1013.64,
2009,1,7,9,21.9,71.07,426.0,825.37,78.0,326.78,2.03,300.0,1013.71,
2009,1,7,10,24.52,56.6,602.0,908.07,89.0,326.4,1.99,244.0,1013.77,
2009,1,7,11,24.85,54.49,720.0,946.14,96.0,326.8,2.3,248.0,1012.81,
2009,1,7,12,25.18,52.37,770.0,961.46,98.0,327.2,2.62,252.0,1011.85,
2009,1,7,13,25.51,50.26,747.0,955.18,97.0,327.6,2.94,256.0,1010.88,
2009,1,7,14,24.57,57.11,653.0,926.56,92.0,328.38,3.05,261.0,1010.88,
2009,1,7,15,23.64,63.95,497.0,864.39,83.0,329.17,3.16,266.0,1010.88,
2009,1,7,16,22.71,70.8,295.0,736.51,67.0,329.95,3.27,270.0,1010.88,
2009,1,7,17,21.13,80.53,82.0,412.91,36.0,329.92,3.35,301.0,1011.41,
2009,1,7,18,19.54,90.27,0.0,0.0,0.0,329.88,3.43,331.0,1011.94,
2009,1,7,19,17.96,100.0,0.0,0.0,0.0,329.85,3.52,2.0,1012.48,
2009,1,7,20,17.57,100.0,0.0,0.0,0.0,330.47,3.23,11.0,1012.74,
2009,1,7,21,17.18,100.0,0.0,0.0,0.0,331.08,2.95,21.0,1013.01,
2009,1,7,22,16.79,100.0,0.0,0.0,0.0,331.7,2.66,30.0,1013.28,
2009,1,7,23,16.34,100.0,0.0,0.0,0.0,331.45,2.4,36.0,1013.08,
2009,1,8,0,15.89,100.0,0.0,0.0,0.0,331.2,2.13,41.0,1012.88,
2009,1,8,1,15.45,100.0,0.0,0.0,0.0,330.95,1.86,47.0,1012.68,
2009,1,8,2,15.14,100.0,0.0,0.0,0.0,333.02,1.79,48.0,1012.48,
2009,1,8,3,14.83,100.0,0.0,0.0,0.0,335.08,1.71,50.0,1012.28,
2009,1,8,4,14.52,100.0,0.0,0.0,0.0,337.15,1.64,51.0,1012.08,
2009,1,8,5,14.91,100.0,0.0,0.0,0.0,337.35,1.59,51.0,1012.48,
2009,1,8,6,15.3,100.0,0.0,0.0,0.0,337.55,1.53,51.0,1012.88,
2009,1,8,7,15.69,100.0,14.0,0.0,14.0,337.75,1.48,51.0,1013.28,
2009,1,8,8,18.39,85.24,211.0,639.62,58.0,332.45,1.5,104.0,1013.41,
2009,1,8,9,21.09,70.49,421.0,810.69,79.0,327.15,1.52,158.0,1013.54,
2009,1,8,10,23.79,55.73,597.0,896.38,90.0,321.85,1.54,211.0,1013.67,
2009,1,8,11,24.22,54.13,715.0,936.97,96.0,322.15,1.97,224.0,1012.61,
2009,1,8,12,24.66,52.53,667.0,640.98,218.0,322.45,2.4,238.0,1011.55,
2009,1,8,13,25.09,50.93,643.0,630.1,213.0,322.75,2.83,251.0,1010.48,
2009,1,8,14,24.19,59.59,563.0,635.18,177.0,324.18,2.88,256.0,1010.55,
2009,1,8,15,23.29,68.26,496.0,855.84,84.0,325.62,2.94,261.0,1010.61,
2009,1,8,16,22.4,76.92,296.0,730.49,68.0,327.05,2.99,266.0,1010.68,
2009,1,8,17,20.98,84.61,83.0,403.61,37.0,327.67,3.01,306.0,1011.08,
2009,1,8,18,19.56,92.31,0.0,0.0,0.0,328.28,3.03,345.0,1011.48,
2009,1,8,19,18.14,100.0,0.0,0.0,0.0,328.9,3.05,25.0,1011.88,
2009,1,8,20,17.71,100.0,0.0,0.0,0.0,330.62,2.58,31.0,1011.98,
2009,1,8,21,17.28,100.0,0.0,0.0,0.0,332.33,2.11,38.0,1012.08,
2009,1,8,22,16.85,100.0,0.0,0.0,0.0,334.05,1.64,45.0,1012.18,
2009,1,8,23,16.4,100.0,0.0,0.0,0.0,335.43,1.54,46.0,1012.01,
2009,1,9,0,15.96,100.0,0.0,0.0,0.0,336.82,1.45,48.0,1011.85,
2009,1,9,1,15.52,100.0,0.0,0.0,0.0,338.2,1.35,50.0,1011.68,
2009,1,9,2,15.33,100.0,0.0,0.0,0.0,341.6,1.35,51.0,1011.55,
2009,1,9,3,15.14,100.0,0.0,0.0,0.0,345.0,1.35,52.0,1011.41,
2009,1,9,4,14.96,100.0,0.0,0.0,0.0,348.4,1.35,53.0,1011.28,
2009,1,9,5,15.41,100.0,0.0,0.0,0.0,345.62,1.33,52.0,1011.98,
2009,1,9,6,15.87,100.0,0.0,0.0,0.0,342.83,1.31,52.0,1012.68,
2009,1,9,7,16.33,100.0,14.0,0.0,14.0,340.05,1.3,51.0,1013.38,
2009,1,9,8,18.75,87.37,209.0,627.28,59.0,339.95,1.26,90.0,1013.71,
2009,1,9,9,21.17,74.75,421.0,810.07,79.0,339.85,1.22,129.0,1014.04,
2009,1,9,10,23.59,62.12,597.0,893.4,91.0,339.75,1.19,168.0,1014.37,
2009,1,9,11,23.94,58.69,717.0,935.25,98.0,339.3,1.55,194.0,1013.58,
2009,1,9,12,24.3,55.27,770.0,954.24,100.0,338.85,1.92,219.0,1012.78,
2009,1,9,13,24.65,51.84,620.0,556.65,239.0,338.4,2.29,245.0,1011.98,
2009,1,9,14,23.86,59.87,541.0,545.89,208.0,338.5,2.24,257.0,1012.11,
2009,1,9,15,23.08,67.89,321.0,214.92,217.0,338.6,2.2,270.0,1012.24,
2009,1,9,16,22.3,75.92,227.0,368.59,111.0,338.7,2.15,283.0,1012.38,
2009,1,9,17,21.13,83.95,56.0,111.52,43.0,337.3,1.8,322.0,1012.61,
2009,1,9,18,19.96,91.97,0.0,0.0,0.0,335.9,1.45,1.0,1012.84,
2009,1,9,19,18.79,100.0,0.0,0.0,0.0,334.5,1.1,40.0,1013.08,
2009,1,9,20,18.29,100.0,0.0,0.0,0.0,334.57,1.01,42.0,1013.54,
2009,1,9,21,17.79,100.0,0.0,0.0,0.0,334.63,0.92,43.0,1014.01,
2009,1,9,22,17.29,100.0,0.0,0.0,0.0,334.7,0.83,45.0,1014.47,
2009,1,9,23,16.69,100.0,0.0,0.0,0.0,335.85,1.09,46.0,1014.34,
2009,1,10,0,16.1,100.0,0.0,0.0,0.0,337.0,1.35,47.0,1014.21,
2009,1,10,1,15.51,100.0,0.0,0.0,0.0,338.15,1.61,48.0,1014.07,
2009,1,10,2,15.45,100.0,0.0,0.0,0.0,339.75,1.73,49.0,1013.94,
2009,1,10,3,15.4,100.0,0.0,0.0,0.0,341.35,1.85,50.0,1013.81,
2009,1,10,4,15.35,100.0,0.0,0.0,0.0,342.95,1.97,51.0,1013.67,
2009,1,10,5,15.61,100.0,0.0,0.0,0.0,344.93,2.05,52.0,1014.21,
2009,1,10,6,15.87,100.0,0.0,0.0,0.0,346.92,2.12,54.0,1014.74,
2009,1,10,7,16.14,100.0,14.0,0.0,14.0,348.9,2.19,55.0,1015.27,
2009,1,10,8,18.78,82.58,210.0,631.45,59.0,345.9,1.7,54.0,1015.4,
2009,1,10,9,21.41,65.17,422.0,809.28,80.0,342.9,1.2,53.0,1015.54,
2009,1,10,10,24.05,47.75,598.0,892.06,92.0,339.9,0.7,52.0,1015.67,
2009,1,10,11,24.51,45.77,718.0,933.41,99.0,338.37,1.58,2.0,1014.77,
2009,1,10,12,24.97,43.8,768.0,947.64,101.0,336.83,2.45,312.0,1013.87,
2009,1,10,13,25.43,41.82,746.0,940.96,100.0,335.3,3.32,262.0,1012.98,
2009,1,10,14,24.63,52.44,525.0,465.39,240.0,333.45,3.26,271.0,1012.88,
2009,1,10,15,23.83,63.05,401.0,446.07,184.0,331.6,3.2,280.0,1012.78,
2009,1,10,16,23.03,73.67,299.0,724.73,69.0,329.75,3.14,289.0,1012.68,
2009,1,10,17,21.73,82.45,88.0,427.81,37.0,331.23,3.14,323.0,1012.91,
2009,1,10,18,20.42,91.22,0.0,0.0,0.0,332.72,3.14,356.0,1013.14,
2009,1,10,19,19.12,100.0,0.0,0.0,0.0,334.2,3.13,30.0,1013.38,
2009,1,10,20,18.65,100.0,0.0,0.0,0.0,335.37,2.55,37.0,1013.44,
2009,1,10,21,18.18,100.0,0.0,0.0,0.0,336.53,1.96,45.0,1013.51,
2009,1,10,22,17.71,100.0,0.0,0.0,0.0,337.7,1.38,52.0,1013.58,
2009,1,10,23,17.27,100.0,0.0,0.0,0.0,337.4,1.39,52.0,1013.14,
2009,1,11,0,16.83,100.0,0.0,0.0,0.0,337.1,1.4,51.0,1012.71,
2009,1,11,1,16.4,100.0,0.0,0.0,0.0,336.8,1.41,50.0,1012.28,
2009,1,11,2,16.17,100.0,0.0,0.0,0.0,340.28,1.53,51.0,1012.14,
2009,1,11,3,15.94,100.0,0.0,0.0,0.0,343.77,1.66,52.0,1012.01,
2009,1,11,4,15.72,100.0,0.0,0.0,0.0,347.25,1.78,52.0,1011.88,
2009,1,11,5,16.26,100.0,0.0,0.0,0.0,344.08,1.87,53.0,1012.88,
2009,1,11,6,16.81,100.0,0.0,0.0,0.0,340.92,1.95,54.0,1013.87,
2009,1,11,7,17.36,100.0,14.0,0.0,14.0,337.75,2.04,55.0,1014.87,
2009,1,11,8,20.03,84.24,164.0,359.5,78.0,336.98,1.66,60.0,1015.11,
2009,1,11,9,22.7,68.49,392.0,739.78,79.0,336.22,1.29,64.0,1015.34,
2009,1,11,10,25.37,52.73,450.0,376.65,236.0,335.45,0.91,69.0,1015.57,
2009,1,11,11,25.75,51.13,710.0,923.94,96.0,336.9,1.37,125.0,1014.57,
2009,1,11,12,26.14,49.53,760.0,938.13,98.0,338.35,1.84,182.0,1013.58,
2009,1,11,13,26.52,47.93,739.0,932.19,97.0,339.8,2.3,238.0,1012.58,
2009,1,11,14,25.54,59.66,648.0,904.31,92.0,343.22,2.42,245.0,1012.68,
2009,1,11,15,24.56,71.39,495.0,842.37,83.0,346.63,2.54,253.0,1012.78,
2009,1,11,16,23.59,83.12,248.0,459.31,101.0,350.05,2.66,261.0,1012.88,
2009,1,11,17,22.05,88.75,72.0,237.94,43.0,351.67,2.65,304.0,1013.08,
2009,1,11,18,20.52,94.37,0.0,0.0,0.0,353.28,2.63,347.0,1013.28,
2009,1,11,19,18.98,100.0,0.0,0.0,0.0,354.9,2.62,30.0,1013.48,
2009,1,11,20,18.5,100.0,0.0,0.0,0.0,353.67,2.26,36.0,1013.58,
2009,1,11,21,18.02,100.0,0.0,0.0,0.0,352.43,1.89,43.0,1013.67,
2009,1,11,22,17.54,100.0,0.0,0.0,0.0,351.2,1.53,50.0,1013.77,
2009,1,11,23,17.16,100.0,0.0,0.0,0.0,351.37,1.42,49.0,1013.51,
2009,1,12,0,16.78,100.0,0.0,0.0,0.0,351.53,1.3,48.0,1013.24,
2009,1,12,1,16.41,100.0,0.0,0.0,0.0,351.7,1.19,47.0,1012.98,
2009,1,12,2,16.23,100.0,0.0,0.0,0.0,353.05,1.25,48.0,1012.91,
2009,1,12,3,16.05,100.0,0.0,0.0,0.0,354.4,1.31,50.0,1012.84,
2009,1,12,4,15.87,100.0,0.0,0.0,0.0,355.75,1.38,52.0,1012.78,
2009,1,12,5,16.09,100.0,0.0,0.0,0.0,357.17,1.37,52.0,1013.51,
2009,1,12,6,16.31,100.0,0.0,0.0,0.0,358.58,1.36,53.0,1014.24,
2009,1,12,7,16.53,100.0,13.0,0.0,13.0,360.0,1.35,54.0,1014.97,
2009,1,12,8,19.02,83.19,206.0,618.22,58.0,357.4,1.4,3.0,1015.27,
2009,1,12,9,21.5,66.37,416.0,797.75,78.0,354.8,1.45,312.0,1015.57,
2009,1,12,10,23.99,49.56,495.0,527.05,195.0,352.2,1.5,261.0,1015.87,
2009,1,12,11,24.51,49.66,712.0,923.39,97.0,349.52,1.97,258.0,1014.81,
2009,1,12,12,25.04,49.77,765.0,941.29,99.0,346.83,2.43,255.0,1013.74,
2009,1,12,13,25.56,49.87,745.0,936.41,98.0,344.15,2.9,252.0,1012.68,
2009,1,12,14,24.73,58.19,655.0,908.73,94.0,343.0,2.91,258.0,1012.74,
2009,1,12,15,23.91,66.52,504.0,852.02,85.0,341.85,2.92,264.0,1012.81,
2009,1,12,16,23.09,74.84,306.0,734.25,69.0,340.7,2.94,271.0,1012.88,
2009,1,12,17,21.58,83.23,93.0,433.46,39.0,340.72,3.06,311.0,1013.14,
2009,1,12,18,20.07,91.61,0.0,0.0,0.0,340.73,3.19,351.0,1013.41,
2009,1,12,19,18.56,100.0,0.0,0.0,0.0,340.75,3.31,31.0,1013.67,
2009,1,12,20,18.17,100.0,0.0,0.0,0.0,342.05,2.83,37.0,1013.91,
2009,1,12,21,17.79,100.0,0.0,0.0,0.0,343.35,2.34,43.0,1014.14,
2009,1,12,22,17.4,100.0,0.0,0.0,0.0,344.65,1.86,49.0,1014.37,
2009,1,12,23,17.02,100.0,0.0,0.0,0.0,343.3,1.68,50.0,1014.37,
2009,1,13,0,16.65,100.0,0.0,0.0,0.0,341.95,1.5,51.0,1014.37,
2009,1,13,1,16.28,100.0,0.0,0.0,0.0,340.6,1.32,52.0,1014.37,
2009,1,13,2,16.19,100.0,0.0,0.0,0.0,339.78,1.59,54.0,1014.34,
2009,1,13,3,16.1,100.0,0.0,0.0,0.0,338.97,1.85,55.0,1014.31,
2009,1,13,4,16.01,100.0,0.0,0.0,0.0,338.15,2.11,56.0,1014.27,
2009,1,13,5,16.29,96.49,0.0,0.0,0.0,337.63,2.42,57.0,1015.21,
2009,1,13,6,16.57,92.99,0.0,0.0,0.0,337.12,2.73,57.0,1016.14,
2009,1,13,7,16.86,89.48,14.0,0.0,14.0,336.6,3.03,58.0,1017.07,
2009,1,13,8,19.68,76.46,209.0,625.89,59.0,336.2,2.84,60.0,1016.97,
2009,1,13,9,22.5,63.43,422.0,808.26,79.0,335.8,2.65,63.0,1016.87,
2009,1,13,10,25.32,50.41,600.0,892.47,91.0,335.4,2.46,66.0,1016.77,
2009,1,13,11,25.79,48.52,721.0,933.22,98.0,335.67,2.22,120.0,1015.6,
2009,1,13,12,26.26,46.62,774.0,949.95,100.0,335.93,1.98,174.0,1014.44,
2009,1,13,13,26.73,44.73,754.0,944.82,99.0,336.2,1.74,228.0,1013.28,
2009,1,13,14,25.63,53.14,663.0,916.26,95.0,336.35,2.34,244.0,1013.11,
2009,1,13,15,24.54,61.55,509.0,857.44,85.0,336.5,2.93,260.0,1012.94,
2009,1,13,16,23.45,69.96,309.0,734.15,70.0,336.65,3.53,276.0,1012.78,
2009,1,13,17,22.0,77.6,95.0,439.9,39.0,339.15,3.35,313.0,1013.24,
2009,1,13,18,20.56,85.24,0.0,0.0,0.0,341.65,3.16,350.0,1013.71,
2009,1,13,19,19.11,92.88,0.0,0.0,0.0,344.15,2.98,27.0,1014.17,
2009,1,13,20,18.69,95.25,0.0,0.0,0.0,345.83,2.3,34.0,1014.41,
2009,1,13,21,18.26,97.63,0.0,0.0,0.0,347.52,1.63,41.0,1014.64,
2009,1,13,22,17.84,100.0,0.0,0.0,0.0,349.2,0.95,48.0,1014.87,
2009,1,13,23,17.37,100.0,0.0,0.0,0.0,348.35,1.05,48.0,1014.67,
2009,1,14,0,16.91,100.0,0.0,0.0,0.0,347.5,1.15,49.0,1014.47,
2009,1,14,1,16.45,100.0,0.0,0.0,0.0,346.65,1.26,50.0,1014.27,
2009,1,14,2,16.4,100.0,0.0,0.0,0.0,346.28,1.45,51.0,1014.04,
2009,1,14,3,16.36,100.0,0.0,0.0,0.0,345.92,1.64,53.0,1013.81,
2009,1,14,4,16.32,100.0,0.0,0.0,0.0,345.55,1.83,54.0,1013.58,
2009,1,14,5,16.39,100.0,0.0,0.0,0.0,349.73,1.7,56.0,1014.01,
2009,1,14,6,16.46,100.0,0.0,0.0,0.0,353.92,1.56,58.0,1014.44,
2009,1,14,7,16.54,100.0,4.0,0.0,4.0,358.1,1.42,60.0,1014.87,
2009,1,14,8,18.94,84.74,56.0,0.0,56.0,357.67,0.98,98.0,1015.07,
2009,1,14,9,21.34,69.49,314.0,350.48,165.0,357.23,0.54,137.0,1015.27,
2009,1,14,10,23.74,54.23,505.0,565.14,182.0,356.8,0.1,175.0,1015.47,
2009,1,14,11,24.13,54.1,640.0,670.92,191.0,356.63,1.08,198.0,1014.71,
2009,1,14,12,24.53,53.96,666.0,604.31,236.0,356.47,2.06,220.0,1013.94,
2009,1,14,13,24.92,53.83,645.0,593.71,232.0,356.3,3.05,243.0,1013.18,
2009,1,14,14,23.9,58.27,552.0,541.33,215.0,357.3,2.9,262.0,1013.38,
2009,1,14,15,22.88,62.71,499.0,832.54,85.0,358.3,2.75,281.0,1013.58,
2009,1,14,16,21.87,67.15,235.0,350.23,120.0,359.3,2.61,300.0,1013.77,
2009,1,14,17,20.67,78.1,70.0,176.85,47.0,358.68,2.21,333.0,1014.11,
2009,1,14,18,19.48,89.05,0.0,0.0,0.0,358.07,1.82,6.0,1014.44,
2009,1,14,19,18.28,100.0,0.0,0.0,0.0,357.45,1.42,39.0,1014.77,
2009,1,14,20,17.85,100.0,0.0,0.0,0.0,357.65,1.24,44.0,1015.21,
2009,1,14,21,17.41,100.0,0.0,0.0,0.0,357.85,1.05,49.0,1015.64,
2009,1,14,22,16.98,100.0,0.0,0.0,0.0,358.05,0.87,54.0,1016.07,
2009,1,14,23,16.62,100.0,0.0,0.0,0.0,357.13,1.01,55.0,1015.8,
2009,1,15,0,16.27,100.0,0.0,0.0,0.0,356.22,1.14,55.0,1015.54,
2009,1,15,1,15.92,100.0,0.0,0.0,0.0,355.3,1.28,56.0,1015.27,
2009,1,15,2,15.93,100.0,0.0,0.0,0.0,354.83,1.54,56.0,1015.07,
2009,1,15,3,15.95,100.0,0.0,0.0,0.0,354.37,1.8,55.0,1014.87,
2009,1,15,4,15.97,100.0,0.0,0.0,0.0,353.9,2.06,55.0,1014.67,
2009,1,15,5,16.39,100.0,0.0,0.0,0.0,353.73,2.07,54.0,1015.24,
2009,1,15,6,16.81,100.0,0.0,0.0,0.0,353.57,2.08,54.0,1015.8,
2009,1,15,7,17.23,100.0,17.0,0.0,17.0,353.4,2.1,54.0,1016.37,
2009,1,15,8,19.96,86.16,203.0,603.06,58.0,352.05,1.57,85.0,1016.4,
2009,1,15,9,22.7,72.33,412.0,781.71,79.0,350.7,1.04,116.0,1016.44,
2009,1,15,10,25.43,58.49,586.0,864.13,91.0,349.35,0.51,146.0,1016.47,
2009,1,15,11,25.69,58.41,706.0,906.17,98.0,352.67,1.42,176.0,1015.57,
2009,1,15,12,25.96,58.34,758.0,920.59,101.0,355.98,2.33,205.0,1014.67,
2009,1,15,13,26.23,58.26,739.0,915.37,100.0,359.3,3.24,235.0,1013.77,
2009,1,15,14,25.22,64.95,650.0,887.67,95.0,359.22,3.11,249.0,1014.01,
2009,1,15,15,24.22,71.63,500.0,827.84,86.0,359.13,2.97,264.0,1014.24,
2009,1,15,16,23.22,78.32,305.0,709.54,70.0,359.05,2.84,278.0,1014.47,
2009,1,15,17,21.69,85.55,96.0,421.6,40.0,359.82,2.57,318.0,1015.17,
2009,1,15,18,20.15,92.77,0.0,0.0,0.0,360.58,2.31,357.0,1015.87,
2009,1,15,19,18.62,100.0,0.0,0.0,0.0,361.35,2.04,37.0,1016.57,
2009,1,15,20,18.15,100.0,0.0,0.0,0.0,362.35,1.76,43.0,1017.0,
2009,1,15,21,17.69,100.0,0.0,0.0,0.0,363.35,1.47,50.0,1017.43,
2009,1,15,22,17.22,100.0,0.0,0.0,0.0,364.35,1.19,56.0,1017.87,
2009,1,15,23,16.85,100.0,0.0,0.0,0.0,364.07,1.26,56.0,1017.9,
2009,1,16,0,16.49,100.0,0.0,0.0,0.0,363.78,1.32,56.0,1017.93,
2009,1,16,1,16.13,100.0,0.0,0.0,0.0,363.5,1.39,56.0,1017.97,
2009,1,16,2,16.19,100.0,0.0,0.0,0.0,362.57,1.66,55.0,1017.83,
2009,1,16,3,16.26,100.0,0.0,0.0,0.0,361.63,1.93,55.0,1017.7,
2009,1,16,4,16.33,100.0,0.0,0.0,0.0,360.7,2.19,54.0,1017.57,
2009,1,16,5,16.66,99.22,0.0,0.0,0.0,359.23,2.38,54.0,1018.07,
2009,1,16,6,16.99,98.45,0.0,0.0,0.0,357.77,2.56,54.0,1018.57,
2009,1,16,7,17.33,97.67,13.0,0.0,13.0,356.3,2.74,54.0,1019.06,
2009,1,16,8,20.1,84.44,202.0,597.61,58.0,354.47,2.32,61.0,1019.1,
2009,1,16,9,22.86,71.22,410.0,772.96,80.0,352.63,1.9,68.0,1019.13,
2009,1,16,10,25.63,57.99,585.0,858.57,92.0,350.8,1.48,76.0,1019.16,
2009,1,16,11,25.94,56.18,705.0,902.25,98.0,353.43,1.85,132.0,1018.1,
2009,1,16,12,26.25,54.37,758.0,917.76,101.0,356.07,2.23,187.0,1017.04,
2009,1,16,13,26.56,52.56,741.0,914.94,100.0,358.7,2.61,243.0,1015.97,
2009,1,16,14,25.52,58.68,653.0,888.57,95.0,359.68,3.02,256.0,1015.94,
2009,1,16,15,24.48,64.81,504.0,831.07,86.0,360.67,3.43,269.0,1015.9,
2009,1,16,16,23.45,70.93,308.0,709.41,71.0,361.65,3.85,282.0,1015.87,
2009,1,16,17,22.14,78.13,86.0,287.56,47.0,362.25,3.85,318.0,1016.17,
2009,1,16,18,20.83,85.34,0.0,0.0,0.0,362.85,3.86,354.0,1016.47,
2009,1,16,19,19.52,92.54,0.0,0.0,0.0,363.45,3.86,30.0,1016.77,
2009,1,16,20,19.22,95.03,0.0,0.0,0.0,367.67,3.49,35.0,1017.07,
2009,1,16,21,18.91,97.51,0.0,0.0,0.0,371.88,3.11,40.0,1017.37,
2009,1,16,22,18.61,100.0,0.0,0.0,0.0,376.1,2.73,45.0,1017.67,
2009,1,16,23,18.28,100.0,0.0,0.0,0.0,374.42,2.55,47.0,1017.47,
2009,1,17,0,17.95,100.0,0.0,0.0,0.0,372.73,2.36,49.0,1017.27,
2009,1,17,1,17.63,100.0,0.0,0.0,0.0,371.05,2.18,52.0,1017.07,
2009,1,17,2,17.61,100.0,0.0,0.0,0.0,368.93,2.24,53.0,1016.9,
2009,1,17,3,17.6,100.0,0.0,0.0,0.0,366.82,2.31,54.0,1016.74,
2009,1,17,4,17.59,100.0,0.0,0.0,0.0,364.7,2.37,55.0,1016.57,
2009,1,17,5,17.94,96.78,0.0,0.0,0.0,364.65,2.45,58.0,1017.07,
2009,1,17,6,18.29,93.55,0.0,0.0,0.0,364.6,2.53,60.0,1017.57,
2009,1,17,7,18.65,90.33,13.0,0.0,13.0,364.55,2.61,62.0,1018.07,
2009,1,17,8,21.19,79.45,198.0,563.0,62.0,364.08,2.4,97.0,1018.17,
2009,1,17,9,23.74,68.56,403.0,743.06,85.0,363.62,2.2,132.0,1018.27,
2009,1,17,10,26.28,57.68,577.0,832.06,98.0,363.15,2.0,167.0,1018.37,
2009,1,17,11,26.59,57.37,696.0,876.0,105.0,365.75,1.81,191.0,1017.4,
2009,1,17,12,26.91,57.06,749.0,892.58,108.0,368.35,1.61,214.0,1016.44,
2009,1,17,13,27.22,56.75,731.0,887.41,107.0,370.95,1.42,238.0,1015.47,
2009,1,17,14,26.25,61.61,643.0,857.68,102.0,370.05,1.98,253.0,1015.47,
2009,1,17,15,25.28,66.46,495.0,796.64,92.0,369.15,2.53,269.0,1015.47,
2009,1,17,16,24.32,71.32,303.0,676.58,75.0,368.25,3.09,285.0,1015.47,
2009,1,17,17,22.8,76.55,71.0,151.69,50.0,369.97,2.94,320.0,1015.87,
2009,1,17,18,21.29,81.77,0.0,0.0,0.0,371.68,2.8,354.0,1016.27,
2009,1,17,19,19.77,87.0,0.0,0.0,0.0,373.4,2.65,28.0,1016.67,
2009,1,17,20,19.39,91.33,0.0,0.0,0.0,372.52,2.4,35.0,1016.97,
2009,1,17,21,19.01,95.67,0.0,0.0,0.0,371.63,2.15,42.0,1017.27,
2009,1,17,22,18.63,100.0,0.0,0.0,0.0,370.75,1.9,48.0,1017.57,
2009,1,17,23,18.22,100.0,0.0,0.0,0.0,369.82,1.95,50.0,1017.43,
2009,1,18,0,17.82,100.0,0.0,0.0,0.0,368.88,2.0,52.0,1017.3,
2009,1,18,1,17.42,100.0,0.0,0.0,0.0,367.95,2.04,54.0,1017.17,
2009,1,18,2,17.39,100.0,0.0,0.0,0.0,368.78,2.15,55.0,1017.04,
2009,1,18,3,17.37,100.0,0.0,0.0,0.0,369.62,2.25,56.0,1016.9,
2009,1,18,4,17.35,100.0,0.0,0.0,0.0,370.45,2.36,56.0,1016.77,
2009,1,18,5,17.79,100.0,0.0,0.0,0.0,370.18,2.41,57.0,1017.23,
2009,1,18,6,18.23,100.0,0.0,0.0,0.0,369.92,2.47,57.0,1017.7,
2009,1,18,7,18.67,100.0,9.0,0.0,9.0,369.65,2.52,58.0,1018.17,
2009,1,18,8,21.13,86.04,107.0,53.66,94.0,369.53,1.9,79.0,1018.17,
2009,1,18,9,23.6,72.08,231.0,102.55,187.0,369.42,1.27,100.0,1018.17,
2009,1,18,10,26.06,58.12,465.0,396.72,236.0,369.3,0.65,121.0,1018.17,
2009,1,18,11,26.31,57.55,501.0,261.59,324.0,372.62,1.55,165.0,1017.17,
2009,1,18,12,26.57,56.98,593.0,369.2,327.0,375.93,2.45,209.0,1016.17,
2009,1,18,13,26.82,56.41,727.0,878.42,107.0,379.25,3.35,253.0,1015.17,
2009,1,18,14,25.76,62.02,527.0,413.49,265.0,379.38,3.68,269.0,1015.31,
2009,1,18,15,24.7,67.64,347.0,231.91,229.0,379.52,4.01,284.0,1015.44,
2009,1,18,16,23.64,73.25,218.0,235.34,138.0,379.65,4.34,300.0,1015.57,
2009,1,18,17,22.33,78.36,71.0,141.57,51.0,379.6,3.82,328.0,1015.87,
2009,1,18,18,21.03,83.47,0.0,0.0,0.0,379.55,3.3,356.0,1016.17,
2009,1,18,19,19.72,88.58,0.0,0.0,0.0,379.5,2.77,23.0,1016.47,
2009,1,18,20,19.3,92.39,0.0,0.0,0.0,380.2,2.38,29.0,1016.64,
2009,1,18,21,18.88,96.19,0.0,0.0,0.0,380.9,1.99,35.0,1016.8,
2009,1,18,22,18.46,100.0,0.0,0.0,0.0,381.6,1.6,41.0,1016.97,
2009,1,18,23,18.07,100.0,0.0,0.0,0.0,381.32,1.52,42.0,1016.67,
2009,1,19,0,17.69,100.0,0.0,0.0,0.0,381.03,1.43,43.0,1016.37,
2009,1,19,1,17.31,100.0,0.0,0.0,0.0,380.75,1.35,44.0,1016.07,
2009,1,19,2,17.29,100.0,0.0,0.0,0.0,380.7,1.37,45.0,1015.84,
2009,1,19,3,17.27,100.0,0.0,0.0,0.0,380.65,1.4,46.0,1015.6,
2009,1,19,4,17.26,100.0,0.0,0.0,0.0,380.6,1.42,46.0,1015.37,
2009,1,19,5,17.69,100.0,0.0,0.0,0.0,381.17,1.3,50.0,1015.97,
2009,1,19,6,18.13,100.0,0.0,0.0,0.0,381.73,1.18,55.0,1016.57,
2009,1,19,7,18.57,100.0,7.0,0.0,7.0,382.3,1.06,59.0,1017.17,
2009,1,19,8,20.99,87.96,62.0,0.0,62.0,381.78,1.2,74.0,1017.07,
2009,1,19,9,23.42,75.93,210.0,65.07,182.0,381.27,1.33,88.0,1016.97,
2009,1,19,10,25.84,63.89,315.0,86.38,265.0,380.75,1.46,103.0,1016.87,
2009,1,19,11,26.0,62.79,406.0,113.46,329.0,381.28,2.25,155.0,1015.77,
2009,1,19,12,26.16,61.69,524.0,228.25,359.0,381.82,3.03,207.0,1014.67,
2009,1,19,13,26.32,60.59,441.0,127.03,351.0,382.35,3.82,260.0,1013.58,
2009,1,19,14,25.34,66.31,425.0,182.24,309.0,382.97,3.83,274.0,1013.61,
2009,1,19,15,24.36,72.04,384.0,330.2,215.0,383.58,3.83,288.0,1013.64,
2009,1,19,16,23.39,77.76,306.0,670.76,76.0,384.2,3.83,302.0,1013.67,
2009,1,19,17,22.04,83.82,73.0,145.71,52.0,383.0,3.43,328.0,1013.91,
2009,1,19,18,20.7,89.89,0.0,0.0,0.0,381.8,3.03,354.0,1014.14,
2009,1,19,19,19.35,95.95,0.0,0.0,0.0,380.6,2.63,20.0,1014.37,
2009,1,19,20,19.01,97.3,0.0,0.0,0.0,379.15,1.97,31.0,1014.67,
2009,1,19,21,18.67,98.65,0.0,0.0,0.0,377.7,1.31,42.0,1014.97,
2009,1,19,22,18.33,100.0,0.0,0.0,0.0,376.25,0.65,53.0,1015.27,
2009,1,19,23,17.95,100.0,0.0,0.0,0.0,377.03,0.66,54.0,1015.14,
2009,1,20,0,17.57,100.0,0.0,0.0,0.0,377.82,0.67,56.0,1015.01,
2009,1,20,1,17.2,100.0,0.0,0.0,0.0,378.6,0.68,58.0,1014.87,
2009,1,20,2,17.06,100.0,0.0,0.0,0.0,376.82,0.82,57.0,1014.71,
2009,1,20,3,16.92,100.0,0.0,0.0,0.0,375.03,0.96,56.0,1014.54,
2009,1,20,4,16.79,100.0,0.0,0.0,0.0,373.25,1.1,56.0,1014.37,
2009,1,20,5,17.19,98.88,0.0,0.0,0.0,372.53,1.12,57.0,1014.84,
2009,1,20,6,17.59,97.76,0.0,0.0,0.0,371.82,1.13,58.0,1015.31,
2009,1,20,7,18.0,96.64,13.0,0.0,13.0,371.1,1.14,59.0,1015.77,
2009,1,20,8,20.6,81.68,196.0,549.42,62.0,369.05,1.03,72.0,1015.67,
2009,1,20,9,23.19,66.73,401.0,729.91,86.0,367.0,0.91,84.0,1015.57,
2009,1,20,10,25.79,51.77,575.0,819.87,99.0,364.95,0.79,96.0,1015.47,
2009,1,20,11,25.94,53.3,695.0,865.17,106.0,364.82,1.83,148.0,1014.27,
2009,1,20,12,26.1,54.82,750.0,883.68,109.0,364.68,2.88,199.0,1013.08,
2009,1,20,13,26.25,56.35,733.0,878.7,108.0,364.55,3.93,250.0,1011.88,
2009,1,20,14,25.23,61.99,647.0,850.71,103.0,366.57,4.06,264.0,1012.14,
2009,1,20,15,24.21,67.62,501.0,792.48,93.0,368.58,4.2,277.0,1012.41,
2009,1,20,16,23.19,73.26,309.0,673.63,76.0,370.6,4.33,290.0,1012.68,
2009,1,20,17,21.72,81.08,103.0,394.59,45.0,369.13,3.74,322.0,1013.08,
2009,1,20,18,20.26,88.89,0.0,0.0,0.0,367.67,3.14,353.0,1013.48,
2009,1,20,19,18.79,96.71,0.0,0.0,0.0,366.2,2.55,25.0,1013.87,
2009,1,20,20,18.4,97.81,0.0,0.0,0.0,367.57,1.8,34.0,1014.21,
2009,1,20,21,18.02,98.9,0.0,0.0,0.0,368.93,1.05,43.0,1014.54,
2009,1,20,22,17.63,100.0,0.0,0.0,0.0,370.3,0.3,52.0,1014.87,
2009,1,20,23,17.25,97.01,0.0,0.0,0.0,369.4,0.45,54.0,1014.74,
2009,1,21,0,16.87,94.03,0.0,0.0,0.0,368.5,0.59,56.0,1014.61,
2009,1,21,1,16.49,91.04,0.0,0.0,0.0,367.6,0.73,57.0,1014.47,
2009,1,21,2,16.48,86.32,0.0,0.0,0.0,366.25,1.02,58.0,1014.21,
2009,1,21,3,16.48,81.61,0.0,0.0,0.0,364.9,1.3,58.0,1013.94,
2009,1,21,4,16.48,76.89,0.0,0.0,0.0,363.55,1.59,58.0,1013.67,
2009,1,21,5,16.87,76.34,0.0,0.0,0.0,361.55,1.66,58.0,1014.34,
2009,1,21,6,17.26,75.79,0.0,0.0,0.0,359.55,1.74,58.0,1015.01,
2009,1,21,7,17.66,75.24,13.0,0.0,13.0,357.55,1.82,57.0,1015.67,
2009,1,21,8,20.24,63.57,199.0,555.47,63.0,356.07,1.42,81.0,1015.74,
2009,1,21,9,22.81,51.91,405.0,736.84,86.0,354.58,1.02,105.0,1015.8,
2009,1,21,10,25.39,40.24,581.0,825.92,100.0,353.1,0.62,129.0,1015.87,
2009,1,21,11,25.57,43.98,702.0,871.17,107.0,354.15,1.58,167.0,1014.87,
2009,1,21,12,25.75,47.72,522.0,218.43,363.0,355.2,2.54,205.0,1013.87,
2009,1,21,13,25.93,51.46,384.0,70.02,334.0,356.25,3.5,243.0,1012.88,
2009,1,21,14,24.92,58.54,346.0,76.27,297.0,359.32,3.36,250.0,1013.11,
2009,1,21,15,23.91,65.61,277.0,84.96,233.0,362.38,3.22,256.0,1013.34,
2009,1,21,16,22.9,72.69,149.0,34.39,137.0,365.45,3.08,262.0,1013.58,
2009,1,21,17,21.5,80.16,40.0,0.0,40.0,367.05,2.62,292.0,1014.07,
2009,1,21,18,20.09,87.63,0.0,0.0,0.0,368.65,2.17,322.0,1014.57,
2009,1,21,19,18.69,95.1,0.0,0.0,0.0,370.25,1.71,352.0,1015.07,
2009,1,21,20,18.34,96.73,0.0,0.0,0.0,373.47,1.5,22.0,1015.4,
2009,1,21,21,17.98,98.37,0.0,0.0,0.0,376.68,1.3,51.0,1015.74,
2009,1,21,22,17.63,100.0,0.0,0.0,0.0,379.9,1.09,80.0,1016.07,
2009,1,21,23,17.26,100.0,0.0,0.0,0.0,377.3,1.19,76.0,1015.7,
2009,1,22,0,16.89,100.0,0.0,0.0,0.0,374.7,1.28,73.0,1015.34,
2009,1,22,1,16.53,100.0,0.0,0.0,0.0,372.1,1.38,69.0,1014.97,
2009,1,22,2,16.57,100.0,0.0,0.0,0.0,368.5,1.19,63.0,1014.94,
2009,1,22,3,16.61,100.0,0.0,0.0,0.0,364.9,0.99,58.0,1014.91,
2009,1,22,4,16.65,100.0,0.0,0.0,0.0,361.3,0.8,52.0,1014.87,
2009,1,22,5,17.01,100.0,0.0,0.0,0.0,363.9,0.97,54.0,1015.47,
2009,1,22,6,17.38,100.0,0.0,0.0,0.0,366.5,1.15,55.0,1016.07,
2009,1,22,7,17.75,100.0,14.0,0.0,14.0,369.1,1.32,56.0,1016.67,
2009,1,22,8,20.28,88.85,124.0,109.81,97.0,367.82,1.15,113.0,1016.67,
2009,1,22,9,22.81,77.69,370.0,554.81,129.0,366.53,0.97,171.0,1016.67,
2009,1,22,10,25.34,66.54,576.0,814.71,100.0,365.25,0.8,228.0,1016.67,
2009,1,22,11,25.48,66.2,696.0,859.52,107.0,365.97,1.72,234.0,1015.67,
2009,1,22,12,25.63,65.85,751.0,877.45,110.0,366.68,2.64,240.0,1014.67,
2009,1,22,13,25.77,65.51,735.0,873.13,109.0,367.4,3.56,246.0,1013.67,
2009,1,22,14,24.74,71.19,650.0,845.86,104.0,369.98,3.5,252.0,1013.97,
2009,1,22,15,23.71,76.87,504.0,786.96,94.0,372.57,3.44,257.0,1014.27,
2009,1,22,16,22.69,82.55,233.0,258.56,142.0,375.15,3.38,262.0,1014.57,
2009,1,22,17,21.39,88.37,107.0,399.34,46.0,372.15,3.03,299.0,1014.94,
2009,1,22,18,20.08,94.18,0.0,0.0,0.0,369.15,2.69,335.0,1015.31,
2009,1,22,19,18.78,100.0,0.0,0.0,0.0,366.15,2.34,12.0,1015.67,
2009,1,22,20,18.41,100.0,0.0,0.0,0.0,369.13,1.86,24.0,1015.84,
2009,1,22,21,18.04,100.0,0.0,0.0,0.0,372.12,1.37,36.0,1016.0,
2009,1,22,22,17.67,100.0,0.0,0.0,0.0,375.1,0.88,49.0,1016.17,
2009,1,22,23,17.33,100.0,0.0,0.0,0.0,376.98,0.67,49.0,1015.94,
2009,1,23,0,16.99,100.0,0.0,0.0,0.0,378.87,0.45,50.0,1015.7,
2009,1,23,1,16.65,100.0,0.0,0.0,0.0,380.75,0.23,50.0,1015.47,
2009,1,23,2,16.77,100.0,0.0,0.0,0.0,378.65,0.24,51.0,1015.5,
2009,1,23,3,16.89,100.0,0.0,0.0,0.0,376.55,0.25,51.0,1015.54,
2009,1,23,4,17.01,100.0,0.0,0.0,0.0,374.45,0.26,51.0,1015.57,
2009,1,23,5,17.4,100.0,0.0,0.0,0.0,375.68,0.42,53.0,1016.27,
2009,1,23,6,17.8,100.0,0.0,0.0,0.0,376.92,0.57,55.0,1016.97,
2009,1,23,7,18.2,100.0,12.0,0.0,12.0,378.15,0.73,57.0,1017.67,
2009,1,23,8,20.62,89.33,199.0,550.63,63.0,374.37,0.81,1.0,1017.47,
2009,1,23,9,23.03,78.66,405.0,729.49,87.0,370.58,0.89,305.0,1017.27,
2009,1,23,10,25.45,67.99,581.0,820.53,100.0,366.8,0.97,250.0,1017.07,
2009,1,23,11,25.61,66.54,703.0,865.32,108.0,366.08,1.89,254.0,1016.07,
2009,1,23,12,25.78,65.09,759.0,883.8,111.0,365.37,2.8,258.0,1015.07,
2009,1,23,13,25.95,63.64,744.0,880.7,110.0,364.65,3.72,262.0,1014.07,
2009,1,23,14,25.0,67.85,658.0,852.64,105.0,364.58,3.83,269.0,1014.21,
2009,1,23,15,24.06,72.06,512.0,795.62,95.0,364.52,3.94,276.0,1014.34,
2009,1,23,16,23.12,76.27,319.0,678.87,78.0,364.45,4.06,283.0,1014.47,
2009,1,23,17,21.85,83.25,111.0,411.18,47.0,363.83,3.94,312.0,1014.97,
2009,1,23,18,20.57,90.23,0.0,0.0,0.0,363.22,3.83,341.0,1015.47,
2009,1,23,19,19.3,97.21,0.0,0.0,0.0,362.6,3.71,10.0,1015.97,
2009,1,23,20,19.02,98.14,0.0,0.0,0.0,363.15,3.21,19.0,1015.9,
2009,1,23,21,18.75,99.07,0.0,0.0,0.0,363.7,2.71,29.0,1015.84,
2009,1,23,22,18.47,100.0,0.0,0.0,0.0,364.25,2.21,39.0,1015.77,
2009,1,23,23,18.12,100.0,0.0,0.0,0.0,363.57,2.02,40.0,1015.54,
2009,1,24,0,17.77,100.0,0.0,0.0,0.0,362.88,1.84,41.0,1015.31,
2009,1,24,1,17.43,100.0,0.0,0.0,0.0,362.2,1.66,42.0,1015.07,
2009,1,24,2,17.45,100.0,0.0,0.0,0.0,361.48,1.65,44.0,1014.81,
2009,1,24,3,17.48,100.0,0.0,0.0,0.0,360.77,1.64,46.0,1014.54,
2009,1,24,4,17.51,100.0,0.0,0.0,0.0,360.05,1.63,48.0,1014.27,
2009,1,24,5,17.86,100.0,0.0,0.0,0.0,359.85,1.68,49.0,1014.61,
2009,1,24,6,18.22,100.0,0.0,0.0,0.0,359.65,1.73,50.0,1014.94,
2009,1,24,7,18.58,100.0,15.0,0.0,15.0,359.45,1.78,51.0,1015.27,
2009,1,24,8,21.21,85.43,207.0,576.17,64.0,357.68,1.54,74.0,1015.01,
2009,1,24,9,23.83,70.85,419.0,756.5,88.0,355.92,1.3,98.0,1014.74,
2009,1,24,10,26.46,56.28,598.0,843.19,102.0,354.15,1.06,121.0,1014.47,
2009,1,24,11,26.71,54.22,723.0,889.83,109.0,354.02,2.18,167.0,1013.21,
2009,1,24,12,26.97,52.15,780.0,906.33,113.0,353.88,3.3,214.0,1011.94,
2009,1,24,13,27.23,50.09,764.0,901.98,112.0,353.75,4.41,260.0,1010.68,
2009,1,24,14,26.22,55.5,677.0,874.65,107.0,353.75,4.52,267.0,1010.65,
2009,1,24,15,25.22,60.9,527.0,815.53,97.0,353.75,4.63,275.0,1010.61,
2009,1,24,16,24.22,66.31,331.0,700.97,80.0,353.75,4.73,283.0,1010.58,
2009,1,24,17,22.8,74.84,117.0,435.19,48.0,354.48,4.09,317.0,1010.88,
2009,1,24,18,21.39,83.38,0.0,0.0,0.0,355.22,3.45,351.0,1011.18,
2009,1,24,19,19.97,91.91,0.0,0.0,0.0,355.95,2.81,24.0,1011.48,
2009,1,24,20,19.54,94.61,0.0,0.0,0.0,356.95,1.98,33.0,1011.48,
2009,1,24,21,19.1,97.3,0.0,0.0,0.0,357.95,1.14,41.0,1011.48,
2009,1,24,22,18.67,100.0,0.0,0.0,0.0,358.95,0.3,49.0,1011.48,
2009,1,24,23,18.25,100.0,0.0,0.0,0.0,358.72,0.28,51.0,1011.45,
2009,1,25,0,17.83,100.0,0.0,0.0,0.0,358.48,0.26,52.0,1011.41,
2009,1,25,1,17.42,100.0,0.0,0.0,0.0,358.25,0.23,54.0,1011.38,
2009,1,25,2,17.35,100.0,0.0,0.0,0.0,357.58,0.35,56.0,1011.18,
2009,1,25,3,17.28,100.0,0.0,0.0,0.0,356.92,0.47,59.0,1010.98,
2009,1,25,4,17.21,100.0,0.0,0.0,0.0,356.25,0.59,62.0,1010.78,
2009,1,25,5,17.48,100.0,0.0,0.0,0.0,355.2,0.7,65.0,1011.41,
2009,1,25,6,17.75,100.0,0.0,0.0,0.0,354.15,0.8,68.0,1012.04,
2009,1,25,7,18.02,100.0,0.0,0.0,0.0,353.1,0.91,71.0,1012.68,
2009,1,25,8,20.53,86.63,158.0,268.56,91.0,351.55,1.05,115.0,1012.68,
2009,1,25,9,23.03,73.26,406.0,692.1,102.0,350.0,1.19,159.0,1012.68,
2009,1,25,10,25.54,59.89,550.0,664.01,158.0,348.45,1.32,203.0,1012.68,
2009,1,25,11,25.73,58.99,644.0,603.61,226.0,348.5,2.02,213.0,1011.61,
2009,1,25,12,25.92,58.08,779.0,901.56,113.0,348.55,2.72,224.0,1010.55,
2009,1,25,13,26.11,57.18,762.0,895.47,112.0,348.6,3.42,234.0,1009.48,
2009,1,25,14,25.13,64.2,572.0,493.25,249.0,349.02,3.26,239.0,1009.85,
2009,1,25,15,24.16,71.23,527.0,810.65,97.0,349.43,3.1,243.0,1010.21,
2009,1,25,16,23.19,78.25,331.0,694.97,80.0,349.85,2.94,247.0,1010.58,
2009,1,25,17,21.64,85.5,118.0,427.35,49.0,350.07,2.62,288.0,1011.25,
2009,1,25,18,20.1,92.75,0.0,0.0,0.0,350.28,2.3,328.0,1011.91,
2009,1,25,19,18.55,100.0,0.0,0.0,0.0,350.5,1.99,9.0,1012.58,
2009,1,25,20,18.17,100.0,0.0,0.0,0.0,351.95,1.43,26.0,1012.88,
2009,1,25,21,17.8,100.0,0.0,0.0,0.0,353.4,0.87,44.0,1013.18,
2009,1,25,22,17.42,100.0,0.0,0.0,0.0,354.85,0.32,61.0,1013.48,
2009,1,25,23,16.95,100.0,0.0,0.0,0.0,358.15,0.56,60.0,1013.38,
2009,1,26,0,16.48,100.0,0.0,0.0,0.0,361.45,0.8,60.0,1013.28,
2009,1,26,1,16.02,100.0,0.0,0.0,0.0,364.75,1.03,59.0,1013.18,
2009,1,26,2,15.86,100.0,0.0,0.0,0.0,366.35,1.06,59.0,1013.14,
2009,1,26,3,15.7,100.0,0.0,0.0,0.0,367.95,1.08,59.0,1013.11,
2009,1,26,4,15.55,100.0,0.0,0.0,0.0,369.55,1.1,60.0,1013.08,
2009,1,26,5,15.89,100.0,0.0,0.0,0.0,369.45,1.15,62.0,1013.54,
2009,1,26,6,16.23,100.0,0.0,0.0,0.0,369.35,1.2,64.0,1014.01,
2009,1,26,7,16.58,100.0,15.0,0.0,15.0,369.25,1.26,66.0,1014.47,
2009,1,26,8,19.11,87.93,207.0,566.09,65.0,367.65,1.33,118.0,1014.71,
2009,1,26,9,21.63,75.87,418.0,745.99,89.0,366.05,1.41,170.0,1014.94,
2009,1,26,10,24.16,63.8,596.0,833.71,102.0,364.45,1.49,222.0,1015.17,
2009,1,26,11,24.45,63.95,721.0,879.08,110.0,363.22,2.23,232.0,1014.27,
2009,1,26,12,24.75,64.09,779.0,898.1,113.0,361.98,2.98,242.0,1013.38,
2009,1,26,13,25.04,64.24,765.0,895.82,112.0,360.75,3.72,251.0,1012.48,
2009,1,26,14,24.22,68.63,679.0,869.28,107.0,359.6,3.49,255.0,1012.48,
2009,1,26,15,23.4,73.01,531.0,811.41,98.0,358.45,3.25,258.0,1012.48,
2009,1,26,16,22.59,77.4,272.0,387.08,131.0,357.3,3.01,261.0,1012.48,
2009,1,26,17,21.25,84.93,103.0,304.19,53.0,356.33,2.48,303.0,1012.64,
2009,1,26,18,19.91,92.47,0.0,0.0,0.0,355.37,1.95,346.0,1012.81,
2009,1,26,19,18.57,100.0,0.0,0.0,0.0,354.4,1.42,28.0,1012.98,
2009,1,26,20,18.16,100.0,0.0,0.0,0.0,355.78,1.27,33.0,1013.18,
2009,1,26,21,17.74,100.0,0.0,0.0,0.0,357.17,1.12,37.0,1013.38,
2009,1,26,22,17.33,100.0,0.0,0.0,0.0,358.55,0.97,42.0,1013.58,
2009,1,26,23,16.97,100.0,0.0,0.0,0.0,358.85,1.1,40.0,1013.77,
2009,1,27,0,16.62,100.0,0.0,0.0,0.0,359.15,1.23,39.0,1013.97,
2009,1,27,1,16.27,100.0,0.0,0.0,0.0,359.45,1.37,37.0,1014.17,
2009,1,27,2,16.31,100.0,0.0,0.0,0.0,358.88,1.52,39.0,1014.27,
2009,1,27,3,16.35,100.0,0.0,0.0,0.0,358.32,1.68,41.0,1014.37,
2009,1,27,4,16.39,100.0,0.0,0.0,0.0,357.75,1.83,43.0,1014.47,
2009,1,27,5,16.73,100.0,0.0,0.0,0.0,355.15,1.5,47.0,1014.81,
2009,1,27,6,17.07,100.0,0.0,0.0,0.0,352.55,1.17,51.0,1015.14,
2009,1,27,7,17.42,100.0,16.0,0.0,16.0,349.95,0.84,55.0,1015.47,
2009,1,27,8,20.0,85.78,214.0,586.61,66.0,347.5,0.98,358.0,1015.7,
2009,1,27,9,22.58,71.57,428.0,763.18,90.0,345.05,1.13,300.0,1015.94,
2009,1,27,10,25.16,57.35,609.0,849.04,104.0,342.6,1.27,242.0,1016.17,
2009,1,27,11,25.35,56.87,735.0,894.43,111.0,342.92,2.21,247.0,1015.31,
2009,1,27,12,25.55,56.38,792.0,910.71,114.0,343.23,3.15,251.0,1014.44,
2009,1,27,13,25.75,55.9,777.0,907.04,113.0,343.55,4.1,256.0,1013.58,
2009,1,27,14,24.78,62.0,690.0,880.17,108.0,343.7,4.34,262.0,1013.84,
2009,1,27,15,23.81,68.1,540.0,821.45,99.0,343.85,4.57,268.0,1014.11,
2009,1,27,16,22.84,74.2,342.0,707.71,82.0,344.0,4.81,275.0,1014.37,
2009,1,27,17,21.5,82.8,126.0,448.35,51.0,344.83,4.39,308.0,1014.84,
2009,1,27,18,20.16,91.4,0.0,0.0,0.0,345.67,3.96,341.0,1015.31,
2009,1,27,19,18.82,100.0,0.0,0.0,0.0,346.5,3.53,14.0,1015.77,
2009,1,27,20,18.44,100.0,0.0,0.0,0.0,347.4,3.03,23.0,1015.77,
2009,1,27,21,18.05,100.0,0.0,0.0,0.0,348.3,2.52,32.0,1015.77,
2009,1,27,22,17.67,100.0,0.0,0.0,0.0,349.2,2.01,41.0,1015.77,
2009,1,27,23,17.31,100.0,0.0,0.0,0.0,348.17,2.12,41.0,1015.6,
2009,1,28,0,16.96,100.0,0.0,0.0,0.0,347.13,2.23,41.0,1015.44,
2009,1,28,1,16.61,100.0,0.0,0.0,0.0,346.1,2.34,40.0,1015.27,
2009,1,28,2,16.6,100.0,0.0,0.0,0.0,345.8,2.34,43.0,1015.04,
2009,1,28,3,16.59,100.0,0.0,0.0,0.0,345.5,2.33,46.0,1014.81,
2009,1,28,4,16.59,100.0,0.0,0.0,0.0,345.2,2.32,49.0,1014.57,
2009,1,28,5,16.91,100.0,0.0,0.0,0.0,347.68,2.14,49.0,1015.01,
2009,1,28,6,17.23,100.0,0.0,0.0,0.0,350.17,1.97,49.0,1015.44,
2009,1,28,7,17.55,100.0,21.0,0.0,21.0,352.65,1.79,50.0,1015.87,
2009,1,28,8,20.19,84.47,212.0,575.19,66.0,349.85,1.92,9.0,1015.7,
2009,1,28,9,22.84,68.93,325.0,330.47,178.0,347.05,2.04,328.0,1015.54,
2009,1,28,10,25.48,53.4,483.0,393.56,248.0,344.25,2.17,287.0,1015.37,
2009,1,28,11,25.72,52.26,729.0,882.44,111.0,343.35,2.96,282.0,1014.14,
2009,1,28,12,25.97,51.13,665.0,500.39,291.0,342.45,3.76,277.0,1012.91,
2009,1,28,13,26.21,49.99,770.0,893.64,113.0,341.55,4.55,272.0,1011.68,
2009,1,28,14,25.2,55.16,591.0,532.75,237.0,341.77,4.62,275.0,1011.68,
2009,1,28,15,24.19,60.33,394.0,286.99,239.0,341.98,4.69,279.0,1011.68,
2009,1,28,16,23.18,65.5,339.0,696.35,81.0,342.2,4.76,282.0,1011.68,
2009,1,28,17,21.98,73.36,106.0,293.78,56.0,344.87,4.47,310.0,1011.88,
2009,1,28,18,20.78,81.23,0.0,0.0,0.0,347.53,4.19,338.0,1012.08,
2009,1,28,19,19.58,89.09,0.0,0.0,0.0,350.2,3.9,6.0,1012.28,
2009,1,28,20,19.22,92.73,0.0,0.0,0.0,352.02,3.19,16.0,1012.21,
2009,1,28,21,18.87,96.36,0.0,0.0,0.0,353.83,2.48,27.0,1012.14,
2009,1,28,22,18.51,100.0,0.0,0.0,0.0,355.65,1.77,38.0,1012.08,
2009,1,28,23,18.1,100.0,0.0,0.0,0.0,355.2,1.58,39.0,1011.94,
2009,1,29,0,17.7,100.0,0.0,0.0,0.0,354.75,1.4,40.0,1011.81,
2009,1,29,1,17.3,100.0,0.0,0.0,0.0,354.3,1.21,41.0,1011.68,
2009,1,29,2,17.28,100.0,0.0,0.0,0.0,354.12,1.31,42.0,1011.65,
2009,1,29,3,17.26,100.0,0.0,0.0,0.0,353.93,1.41,42.0,1011.61,
2009,1,29,4,17.25,100.0,0.0,0.0,0.0,353.75,1.5,43.0,1011.58,
2009,1,29,5,17.65,100.0,0.0,0.0,0.0,353.4,1.37,46.0,1012.14,
2009,1,29,6,18.05,100.0,0.0,0.0,0.0,353.05,1.23,49.0,1012.71,
2009,1,29,7,18.46,100.0,16.0,0.0,16.0,352.7,1.09,53.0,1013.28,
2009,1,29,8,21.06,85.02,214.0,579.38,66.0,350.95,1.17,353.0,1013.31,
2009,1,29,9,23.65,70.03,428.0,756.42,90.0,349.2,1.26,294.0,1013.34,
2009,1,29,10,26.25,55.05,610.0,844.02,104.0,347.45,1.34,234.0,1013.38,
2009,1,29,11,26.39,54.33,736.0,887.55,112.0,347.42,2.19,240.0,1012.51,
2009,1,29,12,26.54,53.6,795.0,906.15,115.0,347.38,3.05,245.0,1011.65,
2009,1,29,13,26.69,52.88,781.0,903.33,114.0,347.35,3.9,250.0,1010.78,
2009,1,29,14,25.66,57.94,695.0,877.58,109.0,347.48,4.01,255.0,1011.25,
2009,1,29,15,24.64,62.99,545.0,820.85,99.0,347.62,4.11,261.0,1011.71,
2009,1,29,16,23.62,68.05,347.0,706.58,83.0,347.75,4.22,266.0,1012.18,
2009,1,29,17,22.09,77.13,101.0,236.86,60.0,348.18,3.98,306.0,1012.51,
2009,1,29,18,20.57,86.2,0.0,0.0,0.0,348.62,3.73,347.0,1012.84,
2009,1,29,19,19.04,95.28,0.0,0.0,0.0,349.05,3.49,27.0,1013.18,
2009,1,29,20,18.61,96.85,0.0,0.0,0.0,349.67,2.95,33.0,1013.21,
2009,1,29,21,18.19,98.43,0.0,0.0,0.0,350.28,2.41,39.0,1013.24,
2009,1,29,22,17.76,100.0,0.0,0.0,0.0,350.9,1.88,45.0,1013.28,
2009,1,29,23,17.36,100.0,0.0,0.0,0.0,349.92,1.7,47.0,1013.18,
2009,1,30,0,16.96,100.0,0.0,0.0,0.0,348.93,1.52,50.0,1013.08,
2009,1,30,1,16.56,100.0,0.0,0.0,0.0,347.95,1.34,52.0,1012.98,
2009,1,30,2,16.56,100.0,0.0,0.0,0.0,346.88,1.4,52.0,1013.04,
2009,1,30,3,16.56,100.0,0.0,0.0,0.0,345.82,1.46,53.0,1013.11,
2009,1,30,4,16.56,100.0,0.0,0.0,0.0,344.75,1.52,53.0,1013.18,
2009,1,30,5,16.91,100.0,0.0,0.0,0.0,343.45,1.57,54.0,1013.77,
2009,1,30,6,17.27,100.0,0.0,0.0,0.0,342.15,1.62,55.0,1014.37,
2009,1,30,7,17.63,100.0,17.0,0.0,17.0,340.85,1.67,56.0,1014.97,
2009,1,30,8,20.31,86.02,220.0,591.11,68.0,340.25,1.51,70.0,1015.01,
2009,1,30,9,23.0,72.05,438.0,772.94,91.0,339.65,1.36,85.0,1015.04,
2009,1,30,10,25.68,58.07,621.0,857.17,105.0,339.05,1.2,100.0,1015.07,
2009,1,30,11,25.91,55.52,748.0,899.62,113.0,339.02,2.12,148.0,1014.07,
2009,1,30,12,26.15,52.96,806.0,915.75,116.0,338.98,3.05,197.0,1013.08,
2009,1,30,13,26.39,50.41,791.0,911.54,115.0,338.95,3.97,246.0,1012.08,
2009,1,30,14,25.35,57.06,704.0,885.19,110.0,339.4,3.97,252.0,1012.34,
2009,1,30,15,24.32,63.71,553.0,828.76,100.0,339.85,3.97,258.0,1012.61,
2009,1,30,16,23.29,70.36,353.0,716.63,83.0,340.3,3.97,264.0,1012.88,
2009,1,30,17,21.79,80.24,133.0,454.53,53.0,341.68,3.7,300.0,1013.51,
2009,1,30,18,20.28,90.12,0.0,0.0,0.0,343.07,3.43,337.0,1014.14,
2009,1,30,19,18.78,100.0,0.0,0.0,0.0,344.45,3.16,14.0,1014.77,
2009,1,30,20,18.39,100.0,0.0,0.0,0.0,345.87,2.42,27.0,1014.81,
2009,1,30,21,18.01,100.0,0.0,0.0,0.0,347.28,1.69,40.0,1014.84,
2009,1,30,22,17.62,100.0,0.0,0.0,0.0,348.7,0.95,54.0,1014.87,
2009,1,30,23,17.19,100.0,0.0,0.0,0.0,348.0,0.97,56.0,1014.74,
2009,1,31,0,16.76,100.0,0.0,0.0,0.0,347.3,1.0,57.0,1014.61,
2009,1,31,1,16.33,100.0,0.0,0.0,0.0,346.6,1.02,59.0,1014.47,
2009,1,31,2,16.12,100.0,0.0,0.0,0.0,347.83,1.12,59.0,1014.41,
2009,1,31,3,15.91,100.0,0.0,0.0,0.0,349.07,1.22,59.0,1014.34,
2009,1,31,4,15.7,100.0,0.0,0.0,0.0,350.3,1.32,59.0,1014.27,
2009,1,31,5,16.11,100.0,0.0,0.0,0.0,347.35,1.36,59.0,1014.77,
2009,1,31,6,16.52,100.0,0.0,0.0,0.0,344.4,1.39,58.0,1015.27,
2009,1,31,7,16.94,100.0,23.0,121.73,18.0,341.45,1.42,58.0,1015.77,
2009,1,31,8,19.6,86.25,220.0,587.05,68.0,340.78,1.19,103.0,1015.77,
2009,1,31,9,26.85,53.91,436.0,762.58,92.0,345.32,1.59,148.0,1015.77,
2009,1,31,10,25.97,57.45,619.0,850.27,105.0,343.42,1.71,193.0,1015.77,
2009,1,31,11,25.09,60.98,748.0,896.0,113.0,341.53,1.84,206.0,1014.91,
2009,1,31,12,24.21,64.52,808.0,914.65,116.0,339.63,1.97,220.0,1014.04,
2009,1,31,13,23.33,68.06,795.0,911.58,116.0,337.73,2.1,234.0,1013.18,
2009,1,31,14,22.45,71.6,709.0,886.77,111.0,335.83,2.23,237.0,1013.28,
2009,1,31,15,21.57,75.13,557.0,829.27,101.0,333.93,2.36,241.0,1013.38,
2009,1,31,16,20.69,78.67,357.0,718.61,84.0,332.03,2.48,244.0,1013.48,
2009,1,31,17,19.81,82.21,88.0,122.97,66.0,330.14,2.61,299.0,1013.38,
2009,1,31,18,18.93,85.74,0.0,0.0,0.0,328.24,2.74,340.0,1013.87,
2009,1,31,19,18.06,89.28,0.0,0.0,0.0,326.34,2.87,21.0,1014.37,
2009,1,31,20,17.18,92.82,0.0,0.0,0.0,324.44,3.0,36.0,1014.64,
2009,1,31,21,16.3,96.35,0.0,0.0,0.0,322.54,3.12,50.0,1014.91,
2009,1,31,22,15.42,99.89,0.0,0.0,0.0,320.65,3.25,65.0,1015.17,
2009,1,31,23,14.54,100.0,0.0,0.0,0.0,318.75,3.38,59.0,1014.64,
2011,2,1,0,13.66,100.0,0.0,0.0,0.0,316.85,3.51,54.0,1014.11,
2011,2,1,1,13.67,100.0,0.0,0.0,0.0,318.6,1.41,49.0,1013.58,
2011,2,1,2,13.44,100.0,0.0,0.0,0.0,320.18,1.65,48.0,1013.21,
2011,2,1,3,13.21,100.0,0.0,0.0,0.0,321.77,1.89,48.0,1012.84,
2011,2,1,4,12.97,100.0,0.0,0.0,0.0,323.35,2.12,47.0,1012.48,
2011,2,1,5,13.22,100.0,0.0,0.0,0.0,324.87,1.87,49.0,1012.94,
2011,2,1,6,13.47,100.0,0.0,0.0,0.0,326.38,1.61,51.0,1013.41,
2011,2,1,7,13.72,100.0,22.0,0.0,22.0,327.9,1.35,53.0,1013.87,
2011,2,1,8,16.14,83.23,251.0,763.09,52.0,325.33,1.41,110.0,1013.81,
2011,2,1,9,18.56,66.47,393.0,586.75,127.0,322.77,1.47,167.0,1013.74,
2011,2,1,10,20.98,49.7,681.0,994.87,77.0,320.2,1.53,224.0,1013.67,
2011,2,1,11,21.54,49.33,816.0,1031.46,82.0,316.9,2.17,232.0,1012.58,
2011,2,1,12,22.1,48.95,878.0,1043.81,85.0,313.6,2.81,241.0,1011.48,
2011,2,1,13,22.65,48.58,861.0,1038.56,84.0,310.3,3.45,250.0,1010.38,
2011,2,1,14,21.96,55.89,690.0,817.47,136.0,308.47,3.49,256.0,1010.51,
2011,2,1,15,21.26,63.19,610.0,968.97,74.0,306.63,3.52,263.0,1010.65,
2011,2,1,16,20.57,70.5,398.0,874.6,63.0,304.8,3.56,269.0,1010.78,
2011,2,1,17,19.15,80.33,119.0,324.54,60.0,309.15,3.49,313.0,1011.28,
2011,2,1,18,17.73,90.17,0.0,0.0,0.0,313.5,3.41,357.0,1011.78,
2011,2,1,19,16.32,100.0,0.0,0.0,0.0,317.85,3.34,42.0,1012.28,
2011,2,1,20,15.84,100.0,0.0,0.0,0.0,321.77,2.82,48.0,1012.34,
2011,2,1,21,15.37,100.0,0.0,0.0,0.0,325.68,2.31,54.0,1012.41,
2011,2,1,22,14.9,100.0,0.0,0.0,0.0,329.6,1.79,60.0,1012.48,
2011,2,1,23,14.43,100.0,0.0,0.0,0.0,330.4,1.54,59.0,1012.31,
2011,2,2,0,13.95,100.0,0.0,0.0,0.0,331.2,1.28,59.0,1012.14,
2011,2,2,1,13.47,100.0,0.0,0.0,0.0,332.0,1.02,59.0,1011.98,
2011,2,2,2,13.48,100.0,0.0,0.0,0.0,333.8,1.07,59.0,1011.91,
2011,2,2,3,13.49,100.0,0.0,0.0,0.0,335.6,1.12,58.0,1011.85,
2011,2,2,4,13.49,100.0,0.0,0.0,0.0,337.4,1.17,58.0,1011.78,
2011,2,2,5,13.56,97.72,0.0,0.0,0.0,341.58,1.08,60.0,1012.44,
2011,2,2,6,13.64,95.45,0.0,0.0,0.0,345.77,0.99,62.0,1013.11,
2011,2,2,7,13.71,93.17,31.0,294.76,18.0,349.95,0.9,63.0,1013.77,
2011,2,2,8,16.34,76.93,248.0,746.05,52.0,343.75,1.19,103.0,1013.94,
2011,2,2,9,18.96,60.7,478.0,899.8,68.0,337.55,1.49,142.0,1014.11,
2011,2,2,10,21.59,44.46,669.0,970.85,77.0,331.35,1.78,182.0,1014.27,
2011,2,2,11,22.15,46.71,801.0,1006.2,82.0,329.4,2.08,197.0,1013.44,
2011,2,2,12,22.7,48.96,863.0,1021.11,84.0,327.45,2.38,212.0,1012.61,
2011,2,2,13,23.25,51.21,848.0,1016.68,84.0,325.5,2.68,227.0,1011.78,
2011,2,2,14,22.46,57.65,757.0,992.58,81.0,325.95,2.79,233.0,1011.85,
2011,2,2,15,21.68,64.1,601.0,947.07,74.0,326.4,2.91,240.0,1011.91,
2011,2,2,16,20.89,70.54,392.0,851.96,63.0,326.85,3.02,247.0,1011.98,
2011,2,2,17,19.52,80.36,158.0,622.71,43.0,330.52,3.08,288.0,1012.54,
2011,2,2,18,18.15,90.18,0.0,0.0,0.0,334.18,3.14,328.0,1013.11,
2011,2,2,19,16.78,100.0,0.0,0.0,0.0,337.85,3.2,8.0,1013.67,
2011,2,2,20,16.35,100.0,0.0,0.0,0.0,341.08,3.03,40.0,1013.67,
2011,2,2,21,15.92,100.0,0.0,0.0,0.0,344.32,2.85,72.0,1013.67,
2011,2,2,22,15.49,100.0,0.0,0.0,0.0,347.55,2.68,104.0,1013.67,
2011,2,2,23,15.01,100.0,0.0,0.0,0.0,344.78,2.66,111.0,1013.44,
2011,2,3,0,14.53,100.0,0.0,0.0,0.0,342.02,2.65,118.0,1013.21,
2011,2,3,1,14.05,100.0,0.0,0.0,0.0,339.25,2.63,126.0,1012.98,
2011,2,3,2,13.98,100.0,0.0,0.0,0.0,335.53,2.8,118.0,1012.71,
2011,2,3,3,13.91,100.0,0.0,0.0,0.0,331.82,2.97,111.0,1012.44,
2011,2,3,4,13.83,100.0,0.0,0.0,0.0,328.1,3.13,104.0,1012.18,
2011,2,3,5,14.44,100.0,0.0,0.0,0.0,326.45,3.15,103.0,1012.91,
2011,2,3,6,15.06,100.0,0.0,0.0,0.0,324.8,3.17,102.0,1013.64,
2011,2,3,7,15.67,100.0,7.0,0.0,7.0,323.15,3.19,101.0,1014.37,
2011,2,3,8,17.95,84.62,162.0,234.2,100.0,322.23,2.91,143.0,1014.47,
2011,2,3,9,20.22,69.24,476.0,890.74,68.0,321.32,2.64,185.0,1014.57,
2011,2,3,10,22.5,53.86,529.0,499.59,223.0,320.4,2.37,227.0,1014.67,
2011,2,3,11,22.42,53.05,692.0,684.24,201.0,319.43,3.16,231.0,1013.91,
2011,2,3,12,22.34,52.25,861.0,1012.9,85.0,318.47,3.94,236.0,1013.14,
2011,2,3,13,22.26,51.44,847.0,1010.85,84.0,317.5,4.73,241.0,1012.38,
2011,2,3,14,21.05,56.27,759.0,990.62,81.0,315.5,4.92,245.0,1012.51,
2011,2,3,15,19.85,61.09,604.0,945.06,75.0,313.5,5.11,250.0,1012.64,
2011,2,3,16,18.64,65.92,397.0,857.96,63.0,311.5,5.3,255.0,1012.78,
2011,2,3,17,16.95,72.08,163.0,639.84,43.0,310.12,4.72,301.0,1013.54,
2011,2,3,18,15.25,78.23,0.0,0.0,0.0,308.73,4.14,346.0,1014.31,
2011,2,3,19,13.56,84.39,0.0,0.0,0.0,307.35,3.56,32.0,1015.07,
2011,2,3,20,13.05,89.59,0.0,0.0,0.0,306.08,3.53,44.0,1014.87,
2011,2,3,21,12.54,94.8,0.0,0.0,0.0,304.82,3.5,56.0,1014.67,
2011,2,3,22,12.03,100.0,0.0,0.0,0.0,303.55,3.48,68.0,1014.47,
2011,2,3,23,11.53,100.0,0.0,0.0,0.0,302.58,3.52,67.0,1014.11,
2011,2,4,0,11.03,100.0,0.0,0.0,0.0,301.62,3.57,66.0,1013.74,
2011,2,4,1,10.52,100.0,0.0,0.0,0.0,300.65,3.61,65.0,1013.38,
2011,2,4,2,10.5,100.0,0.0,0.0,0.0,301.2,3.22,61.0,1013.14,
2011,2,4,3,10.48,100.0,0.0,0.0,0.0,301.75,2.82,58.0,1012.91,
2011,2,4,4,10.46,100.0,0.0,0.0,0.0,302.3,2.43,54.0,1012.68,
2011,2,4,5,11.04,100.0,0.0,0.0,0.0,301.63,2.46,51.0,1013.18,
2011,2,4,6,11.62,100.0,0.0,0.0,0.0,300.97,2.49,49.0,1013.67,
2011,2,4,7,12.2,100.0,18.0,0.0,18.0,300.3,2.52,46.0,1014.17,
2011,2,4,8,14.68,83.33,255.0,757.05,53.0,301.38,2.34,100.0,1014.04,
2011,2,4,9,17.15,66.67,488.0,909.88,69.0,302.47,2.15,154.0,1013.91,
2011,2,4,10,19.63,50.0,681.0,980.03,78.0,303.55,1.96,207.0,1013.77,
2011,2,4,11,19.91,49.63,815.0,1014.38,84.0,302.83,2.44,214.0,1012.94,
2011,2,4,12,20.18,49.25,878.0,1029.41,86.0,302.12,2.91,221.0,1012.11,
2011,2,4,13,20.45,48.88,864.0,1027.47,85.0,301.4,3.39,228.0,1011.28,
2011,2,4,14,19.5,53.97,774.0,1006.11,82.0,302.22,3.33,230.0,1011.45,
2011,2,4,15,18.55,59.05,616.0,960.84,75.0,303.03,3.26,232.0,1011.61,
2011,2,4,16,17.6,64.14,404.0,866.42,64.0,303.85,3.2,233.0,1011.78,
2011,2,4,17,16.17,74.14,166.0,635.49,45.0,302.3,3.26,281.0,1012.28,
2011,2,4,18,14.74,84.15,0.0,0.0,0.0,300.75,3.32,329.0,1012.78,
2011,2,4,19,13.31,94.15,0.0,0.0,0.0,299.2,3.38,17.0,1013.28,
2011,2,4,20,13.04,96.1,0.0,0.0,0.0,300.27,3.39,30.0,1013.38,
2011,2,4,21,12.77,98.05,0.0,0.0,0.0,301.33,3.41,43.0,1013.48,
2011,2,4,22,12.5,100.0,0.0,0.0,0.0,302.4,3.42,57.0,1013.58,
2011,2,4,23,12.1,100.0,0.0,0.0,0.0,303.17,3.22,54.0,1013.51,
2011,2,5,0,11.7,100.0,0.0,0.0,0.0,303.93,3.03,50.0,1013.44,
2011,2,5,1,11.29,100.0,0.0,0.0,0.0,304.7,2.83,47.0,1013.38,
2011,2,5,2,11.23,100.0,0.0,0.0,0.0,306.08,2.67,49.0,1013.14,
2011,2,5,3,11.17,100.0,0.0,0.0,0.0,307.47,2.51,51.0,1012.91,
2011,2,5,4,11.1,100.0,0.0,0.0,0.0,308.85,2.36,52.0,1012.68,
2011,2,5,5,11.23,100.0,0.0,0.0,0.0,310.28,1.94,54.0,1013.21,
2011,2,5,6,11.35,100.0,0.0,0.0,0.0,311.72,1.52,55.0,1013.74,
2011,2,5,7,11.48,100.0,18.0,0.0,18.0,313.15,1.1,56.0,1014.27,
2011,2,5,8,13.98,85.99,258.0,750.95,56.0,310.2,1.06,106.0,1014.11,
2011,2,5,9,16.47,71.99,492.0,907.08,72.0,307.25,1.02,155.0,1013.94,
2011,2,5,10,18.97,57.98,687.0,978.75,82.0,304.3,0.98,205.0,1013.77,
2011,2,5,11,19.66,54.72,821.0,1012.79,88.0,300.95,1.75,218.0,1012.68,
2011,2,5,12,20.35,51.45,883.0,1026.31,90.0,297.6,2.52,232.0,1011.58,
2011,2,5,13,21.04,48.19,867.0,1021.58,89.0,294.25,3.3,246.0,1010.48,
2011,2,5,14,20.31,53.26,774.0,995.38,86.0,295.78,3.3,255.0,1010.35,
2011,2,5,15,19.59,58.33,616.0,948.18,79.0,297.32,3.31,264.0,1010.21,
2011,2,5,16,18.86,63.4,405.0,854.53,67.0,298.85,3.31,274.0,1010.08,
2011,2,5,17,17.38,74.92,124.0,320.83,62.0,298.95,3.54,310.0,1010.48,
2011,2,5,18,15.9,86.45,0.0,0.0,0.0,299.05,3.77,346.0,1010.88,
2011,2,5,19,14.42,97.97,0.0,0.0,0.0,299.15,4.0,22.0,1011.28,
2011,2,5,20,14.05,98.65,0.0,0.0,0.0,300.7,3.19,30.0,1011.31,
2011,2,5,21,13.69,99.32,0.0,0.0,0.0,302.25,2.37,38.0,1011.35,
2011,2,5,22,13.32,100.0,0.0,0.0,0.0,303.8,1.56,46.0,1011.38,
2011,2,5,23,12.8,100.0,0.0,0.0,0.0,303.1,1.32,48.0,1011.35,
2011,2,6,0,12.27,100.0,0.0,0.0,0.0,302.4,1.09,51.0,1011.31,
2011,2,6,1,11.74,100.0,0.0,0.0,0.0,301.7,0.86,53.0,1011.28,
2011,2,6,2,11.69,100.0,0.0,0.0,0.0,300.35,1.19,53.0,1011.31,
2011,2,6,3,11.64,100.0,0.0,0.0,0.0,299.0,1.53,53.0,1011.35,
2011,2,6,4,11.59,100.0,0.0,0.0,0.0,297.65,1.86,53.0,1011.38,
2011,2,6,5,11.7,100.0,0.0,0.0,0.0,303.65,1.8,53.0,1012.21,
2011,2,6,6,11.8,100.0,0.0,0.0,0.0,309.65,1.74,53.0,1013.04,
2011,2,6,7,11.91,100.0,19.0,0.0,19.0,315.65,1.68,53.0,1013.87,
2011,2,6,8,14.71,80.77,261.0,755.79,56.0,309.25,1.69,111.0,1013.77,
2011,2,6,9,17.52,61.54,495.0,906.32,73.0,302.85,1.7,168.0,1013.67,
2011,2,6,10,20.32,42.31,689.0,975.79,83.0,296.45,1.71,226.0,1013.58,
2011,2,6,11,20.89,41.94,824.0,1012.52,88.0,293.65,2.33,236.0,1012.78,
2011,2,6,12,21.46,41.58,884.0,1023.2,90.0,290.85,2.95,245.0,1011.98,
2011,2,6,13,22.03,41.21,868.0,1017.03,90.0,288.05,3.57,255.0,1011.18,
2011,2,6,14,21.23,49.09,776.0,993.39,86.0,289.08,3.49,263.0,1011.31,
2011,2,6,15,20.42,56.97,617.0,944.45,79.0,290.12,3.42,271.0,1011.45,
2011,2,6,16,19.62,64.85,406.0,850.38,67.0,291.15,3.34,279.0,1011.58,
2011,2,6,17,18.18,76.57,169.0,627.31,46.0,293.55,3.6,315.0,1012.21,
2011,2,6,18,16.73,88.28,0.0,0.0,0.0,295.95,3.86,350.0,1012.84,
2011,2,6,19,15.29,100.0,0.0,0.0,0.0,298.35,4.12,26.0,1013.48,
2011,2,6,20,14.88,100.0,0.0,0.0,0.0,299.53,3.67,33.0,1013.64,
2011,2,6,21,14.48,100.0,0.0,0.0,0.0,300.72,3.22,41.0,1013.81,
2011,2,6,22,14.07,100.0,0.0,0.0,0.0,301.9,2.77,49.0,1013.97,
2011,2,6,23,13.45,100.0,0.0,0.0,0.0,300.85,2.47,51.0,1013.77,
2011,2,7,0,12.83,100.0,0.0,0.0,0.0,299.8,2.17,53.0,1013.58,
2011,2,7,1,12.21,100.0,0.0,0.0,0.0,298.75,1.88,56.0,1013.38,
2011,2,7,2,12.14,100.0,0.0,0.0,0.0,297.58,1.82,55.0,1013.14,
2011,2,7,3,12.06,100.0,0.0,0.0,0.0,296.42,1.77,54.0,1012.91,
2011,2,7,4,11.98,100.0,0.0,0.0,0.0,295.25,1.71,54.0,1012.68,
2011,2,7,5,12.62,99.32,0.0,0.0,0.0,294.18,1.29,54.0,1013.44,
2011,2,7,6,13.26,98.65,0.0,0.0,0.0,293.12,0.86,53.0,1014.21,
2011,2,7,7,13.9,97.97,37.0,320.13,20.0,292.05,0.44,53.0,1014.97,
2011,2,7,8,16.62,78.87,260.0,745.73,56.0,291.1,0.71,58.0,1014.77,
2011,2,7,9,19.34,59.78,493.0,896.91,73.0,290.15,0.98,63.0,1014.57,
2011,2,7,10,22.06,40.68,687.0,967.96,83.0,289.2,1.26,68.0,1014.37,
2011,2,7,11,22.4,41.12,821.0,1002.61,89.0,289.45,1.98,128.0,1013.34,
2011,2,7,12,22.74,41.57,883.0,1016.23,91.0,289.7,2.71,188.0,1012.31,
2011,2,7,13,23.07,42.01,868.0,1012.49,90.0,289.95,3.43,248.0,1011.28,
2011,2,7,14,22.07,49.48,777.0,988.54,87.0,290.85,3.4,257.0,1011.15,
2011,2,7,15,21.07,56.94,619.0,940.77,80.0,291.75,3.36,266.0,1011.01,
2011,2,7,16,20.07,64.41,409.0,848.81,68.0,292.65,3.32,275.0,1010.88,
2011,2,7,17,18.52,75.76,172.0,628.5,47.0,295.15,3.39,316.0,1011.48,
2011,2,7,18,16.96,87.11,0.0,0.0,0.0,297.65,3.46,357.0,1012.08,
2011,2,7,19,15.41,98.46,0.0,0.0,0.0,300.15,3.53,39.0,1012.68,
2011,2,7,20,14.82,98.97,0.0,0.0,0.0,301.57,2.64,43.0,1012.81,
2011,2,7,21,14.24,99.49,0.0,0.0,0.0,302.98,1.76,48.0,1012.94,
2011,2,7,22,13.65,100.0,0.0,0.0,0.0,304.4,0.87,52.0,1013.08,
2011,2,7,23,13.14,100.0,0.0,0.0,0.0,303.38,1.3,51.0,1013.04,
2011,2,8,0,12.62,100.0,0.0,0.0,0.0,302.37,1.72,51.0,1013.01,
2011,2,8,1,12.1,100.0,0.0,0.0,0.0,301.35,2.15,50.0,1012.98,
2011,2,8,2,11.8,100.0,0.0,0.0,0.0,302.65,2.17,52.0,1012.94,
2011,2,8,3,11.5,100.0,0.0,0.0,0.0,303.95,2.18,54.0,1012.91,
2011,2,8,4,11.2,100.0,0.0,0.0,0.0,305.25,2.19,56.0,1012.88,
2011,2,8,5,12.26,100.0,0.0,0.0,0.0,303.7,1.83,59.0,1013.51,
2011,2,8,6,13.33,100.0,0.0,0.0,0.0,302.15,1.46,62.0,1014.14,
2011,2,8,7,14.39,100.0,38.0,308.29,21.0,300.6,1.09,65.0,1014.77,
2011,2,8,8,16.96,84.01,261.0,739.27,57.0,299.52,1.51,106.0,1014.97,
2011,2,8,9,19.54,68.01,493.0,889.6,74.0,298.43,1.94,148.0,1015.17,
2011,2,8,10,22.11,52.02,685.0,960.12,83.0,297.35,2.36,189.0,1015.37,
2011,2,8,11,22.42,52.01,818.0,994.1,89.0,299.15,2.52,201.0,1014.61,
2011,2,8,12,22.73,52.01,880.0,1008.01,91.0,300.95,2.68,213.0,1013.84,
2011,2,8,13,23.04,52.0,866.0,1004.09,91.0,302.75,2.84,226.0,1013.08,
2011,2,8,14,22.12,59.16,777.0,983.74,87.0,305.1,2.68,231.0,1013.08,
2011,2,8,15,21.2,66.31,619.0,935.4,80.0,307.45,2.52,237.0,1013.08,
2011,2,8,16,20.28,73.47,409.0,842.34,68.0,309.8,2.36,243.0,1013.08,
2011,2,8,17,18.82,82.31,173.0,624.76,47.0,310.97,2.31,297.0,1013.61,
2011,2,8,18,17.36,91.16,0.0,0.0,0.0,312.13,2.27,351.0,1014.14,
2011,2,8,19,15.91,100.0,0.0,0.0,0.0,313.3,2.22,45.0,1014.67,
2011,2,8,20,15.25,100.0,0.0,0.0,0.0,314.88,1.79,44.0,1014.87,
2011,2,8,21,14.6,100.0,0.0,0.0,0.0,316.47,1.37,42.0,1015.07,
2011,2,8,22,13.95,100.0,0.0,0.0,0.0,318.05,0.94,41.0,1015.27,
2011,2,8,23,13.48,100.0,0.0,0.0,0.0,317.92,0.88,45.0,1015.04,
2011,2,9,0,13.01,100.0,0.0,0.0,0.0,317.78,0.83,49.0,1014.81,
2011,2,9,1,12.53,100.0,0.0,0.0,0.0,317.65,0.77,54.0,1014.57,
2011,2,9,2,12.57,100.0,0.0,0.0,0.0,317.37,0.91,53.0,1014.27,
2011,2,9,3,12.6,100.0,0.0,0.0,0.0,317.08,1.04,53.0,1013.97,
2011,2,9,4,12.63,100.0,0.0,0.0,0.0,316.8,1.17,53.0,1013.67,
2011,2,9,5,13.33,100.0,0.0,0.0,0.0,316.52,0.92,53.0,1014.14,
2011,2,9,6,14.04,100.0,0.0,0.0,0.0,316.23,0.68,52.0,1014.61,
2011,2,9,7,14.74,100.0,39.0,314.35,21.0,315.95,0.43,52.0,1015.07,
2011,2,9,8,17.37,83.12,250.0,721.96,49.0,314.03,0.65,1.0,1014.97,
2011,2,9,9,20.0,66.25,465.0,829.49,72.0,312.12,0.87,311.0,1014.87,
2011,2,9,10,22.63,49.37,685.0,953.87,84.0,310.2,1.09,260.0,1014.77,
2011,2,9,11,22.94,48.62,818.0,989.68,89.0,310.98,1.83,258.0,1013.71,
2011,2,9,12,23.25,47.88,880.0,1002.37,92.0,311.77,2.58,255.0,1012.64,
2011,2,9,13,23.56,47.13,866.0,999.61,91.0,312.55,3.32,253.0,1011.58,
2011,2,9,14,22.55,53.18,776.0,976.14,88.0,312.17,3.09,258.0,1011.38,
2011,2,9,15,21.55,59.22,620.0,931.83,80.0,311.78,2.86,264.0,1011.18,
2011,2,9,16,20.54,65.27,411.0,838.46,69.0,311.4,2.63,269.0,1010.98,
2011,2,9,17,18.99,76.7,174.0,616.29,48.0,309.97,3.13,311.0,1011.38,
2011,2,9,18,17.43,88.13,0.0,0.0,0.0,308.53,3.63,352.0,1011.78,
2011,2,9,19,15.88,99.56,0.0,0.0,0.0,307.1,4.12,34.0,1012.18,
2011,2,9,20,15.32,99.71,0.0,0.0,0.0,309.15,3.88,39.0,1011.98,
2011,2,9,21,14.77,99.85,0.0,0.0,0.0,311.2,3.63,44.0,1011.78,
2011,2,9,22,14.21,100.0,0.0,0.0,0.0,313.25,3.38,50.0,1011.58,
2011,2,9,23,13.8,100.0,0.0,0.0,0.0,315.88,2.78,49.0,1011.21,
2011,2,10,0,13.38,100.0,0.0,0.0,0.0,318.52,2.17,48.0,1010.85,
2011,2,10,1,12.96,100.0,0.0,0.0,0.0,321.15,1.57,47.0,1010.48,
2011,2,10,2,12.93,100.0,0.0,0.0,0.0,318.72,1.31,49.0,1010.25,
2011,2,10,3,12.9,100.0,0.0,0.0,0.0,316.28,1.06,50.0,1010.02,
2011,2,10,4,12.86,100.0,0.0,0.0,0.0,313.85,0.8,52.0,1009.78,
2011,2,10,5,13.48,100.0,0.0,0.0,0.0,309.9,1.09,53.0,1010.65,
2011,2,10,6,14.11,100.0,0.0,0.0,0.0,305.95,1.39,55.0,1011.51,
2011,2,10,7,14.73,100.0,40.0,302.75,22.0,302.0,1.68,57.0,1012.38,
2011,2,10,8,17.29,83.18,263.0,733.24,57.0,300.07,1.59,112.0,1012.61,
2011,2,10,9,19.86,66.36,495.0,883.29,74.0,298.13,1.49,166.0,1012.84,
2011,2,10,10,22.42,49.54,688.0,953.92,84.0,296.2,1.39,221.0,1013.08,
2011,2,10,11,22.68,47.99,822.0,989.3,90.0,296.25,2.02,228.0,1012.08,
2011,2,10,12,22.94,46.44,884.0,1003.08,92.0,296.3,2.64,235.0,1011.08,
2011,2,10,13,23.19,44.89,870.0,999.02,92.0,296.35,3.27,242.0,1010.08,
2011,2,10,14,22.21,51.31,780.0,977.09,88.0,296.82,3.31,249.0,1010.02,
2011,2,10,15,21.24,57.73,622.0,928.32,81.0,297.28,3.35,256.0,1009.95,
2011,2,10,16,20.26,64.15,412.0,834.67,69.0,297.75,3.39,263.0,1009.88,
2011,2,10,17,18.74,74.34,176.0,617.76,48.0,300.22,3.49,307.0,1010.48,
2011,2,10,18,17.22,84.53,0.0,0.0,0.0,302.68,3.58,352.0,1011.08,
2011,2,10,19,15.7,94.72,0.0,0.0,0.0,305.15,3.67,36.0,1011.68,
2011,2,10,20,15.21,96.48,0.0,0.0,0.0,306.93,3.43,41.0,1011.85,
2011,2,10,21,14.72,98.24,0.0,0.0,0.0,308.72,3.2,46.0,1012.01,
2011,2,10,22,14.23,100.0,0.0,0.0,0.0,310.5,2.97,51.0,1012.18,
2011,2,10,23,13.71,100.0,0.0,0.0,0.0,310.35,2.26,52.0,1012.14,
2011,2,11,0,13.19,100.0,0.0,0.0,0.0,310.2,1.56,54.0,1012.11,
2011,2,11,1,12.66,100.0,0.0,0.0,0.0,310.05,0.86,55.0,1012.08,
2011,2,11,2,12.58,100.0,0.0,0.0,0.0,310.45,0.78,57.0,1012.01,
2011,2,11,3,12.5,100.0,0.0,0.0,0.0,310.85,0.7,58.0,1011.94,
2011,2,11,4,12.42,100.0,0.0,0.0,0.0,311.25,0.62,60.0,1011.88,
2011,2,11,5,13.17,99.38,0.0,0.0,0.0,310.22,0.55,59.0,1012.71,
2011,2,11,6,13.93,98.75,0.0,0.0,0.0,309.18,0.47,59.0,1013.54,
2011,2,11,7,14.68,98.13,42.0,324.01,22.0,308.15,0.4,59.0,1014.37,
2011,2,11,8,17.36,80.33,267.0,737.09,58.0,306.47,0.59,106.0,1014.47,
2011,2,11,9,20.05,62.53,499.0,884.19,75.0,304.78,0.79,154.0,1014.57,
2011,2,11,10,22.73,44.73,693.0,955.47,85.0,303.1,0.98,202.0,1014.67,
2011,2,11,11,23.1,44.17,827.0,990.23,91.0,304.03,1.7,216.0,1013.97,
2011,2,11,12,23.47,43.6,890.0,1005.01,93.0,304.97,2.42,232.0,1013.28,
2011,2,11,13,23.83,43.04,875.0,1000.97,92.0,305.9,3.14,246.0,1012.58,
2011,2,11,14,22.89,49.74,785.0,978.03,89.0,306.88,3.31,258.0,1012.68,
2011,2,11,15,21.95,56.43,627.0,929.99,82.0,307.87,3.48,269.0,1012.78,
2011,2,11,16,21.01,63.13,416.0,835.8,70.0,308.85,3.64,281.0,1012.88,
2011,2,11,17,19.52,72.14,179.0,619.26,49.0,309.9,3.73,317.0,1013.44,
2011,2,11,18,18.03,81.16,0.0,0.0,0.0,310.95,3.82,354.0,1014.01,
2011,2,11,19,16.54,90.17,0.0,0.0,0.0,312.0,3.9,30.0,1014.57,
2011,2,11,20,16.0,93.45,0.0,0.0,0.0,313.0,3.47,38.0,1014.71,
2011,2,11,21,15.47,96.72,0.0,0.0,0.0,314.0,3.03,46.0,1014.84,
2011,2,11,22,14.93,100.0,0.0,0.0,0.0,315.0,2.59,54.0,1014.97,
2011,2,11,23,14.4,100.0,0.0,0.0,0.0,314.25,2.14,54.0,1014.84,
2011,2,12,0,13.87,100.0,0.0,0.0,0.0,313.5,1.68,55.0,1014.71,
2011,2,12,1,13.33,100.0,0.0,0.0,0.0,312.75,1.23,56.0,1014.57,
2011,2,12,2,13.35,100.0,0.0,0.0,0.0,312.47,1.21,55.0,1014.51,
2011,2,12,3,13.36,100.0,0.0,0.0,0.0,312.18,1.2,54.0,1014.44,
2011,2,12,4,13.37,100.0,0.0,0.0,0.0,311.9,1.19,54.0,1014.37,
2011,2,12,5,14.12,99.62,0.0,0.0,0.0,311.47,0.92,53.0,1015.07,
2011,2,12,6,14.87,99.23,0.0,0.0,0.0,311.03,0.65,53.0,1015.77,
2011,2,12,7,15.62,98.85,44.0,327.75,23.0,310.6,0.39,53.0,1016.47,
2011,2,12,8,18.21,80.32,268.0,733.71,58.0,309.23,0.77,55.0,1016.57,
2011,2,12,9,20.79,61.79,499.0,878.76,75.0,307.87,1.16,57.0,1016.67,
2011,2,12,10,23.38,43.26,693.0,950.69,85.0,306.5,1.54,59.0,1016.77,
2011,2,12,11,23.71,41.88,826.0,984.41,91.0,306.58,2.19,3.0,1015.7,
2011,2,12,12,24.03,40.49,889.0,999.38,93.0,306.67,2.84,308.0,1014.64,
2011,2,12,13,24.35,39.11,874.0,993.99,93.0,306.75,3.49,253.0,1013.58,
2011,2,12,14,23.33,45.19,784.0,971.98,89.0,307.07,3.38,262.0,1013.54,
2011,2,12,15,22.31,51.26,627.0,924.87,82.0,307.38,3.27,271.0,1013.51,
2011,2,12,16,21.29,57.34,417.0,832.16,70.0,307.7,3.16,280.0,1013.48,
2011,2,12,17,19.78,69.25,181.0,620.79,49.0,309.4,3.08,319.0,1014.01,
2011,2,12,18,18.27,81.17,0.0,0.0,0.0,311.1,2.99,358.0,1014.54,
2011,2,12,19,16.76,93.08,0.0,0.0,0.0,312.8,2.91,36.0,1015.07,
2011,2,12,20,16.14,95.39,0.0,0.0,0.0,314.0,2.37,42.0,1015.44,
2011,2,12,21,15.53,97.69,0.0,0.0,0.0,315.2,1.83,47.0,1015.8,
2011,2,12,22,14.91,100.0,0.0,0.0,0.0,316.4,1.28,52.0,1016.17,
2011,2,12,23,14.44,100.0,0.0,0.0,0.0,315.88,1.36,52.0,1016.14,
2011,2,13,0,13.97,100.0,0.0,0.0,0.0,315.37,1.43,53.0,1016.1,
2011,2,13,1,13.5,100.0,0.0,0.0,0.0,314.85,1.5,54.0,1016.07,
2011,2,13,2,13.46,95.63,0.0,0.0,0.0,314.92,1.17,54.0,1015.94,
2011,2,13,3,13.42,91.27,0.0,0.0,0.0,314.98,0.83,55.0,1015.8,
2011,2,13,4,13.37,86.9,0.0,0.0,0.0,315.05,0.5,56.0,1015.67,
2011,2,13,5,14.01,88.4,0.0,0.0,0.0,314.42,1.07,56.0,1016.2,
2011,2,13,6,14.65,89.9,0.0,0.0,0.0,313.78,1.64,57.0,1016.74,
2011,2,13,7,15.29,91.4,46.0,330.85,24.0,313.15,2.21,57.0,1017.27,
2011,2,13,8,17.85,75.5,271.0,733.68,59.0,311.9,1.92,83.0,1017.33,
2011,2,13,9,20.42,59.61,503.0,879.48,76.0,310.65,1.63,109.0,1017.4,
2011,2,13,10,22.98,43.71,697.0,950.55,86.0,309.4,1.34,136.0,1017.47,
2011,2,13,11,23.28,43.42,831.0,985.27,92.0,310.1,1.77,169.0,1016.57,
2011,2,13,12,23.58,43.13,894.0,1000.02,94.0,310.8,2.2,202.0,1015.67,
2011,2,13,13,23.87,42.84,880.0,995.94,94.0,311.5,2.63,235.0,1014.77,
2011,2,13,14,22.9,49.31,791.0,975.74,90.0,312.58,2.7,246.0,1014.94,
2011,2,13,15,21.94,55.77,633.0,928.28,83.0,313.67,2.77,258.0,1015.11,
2011,2,13,16,20.97,62.24,422.0,835.76,71.0,314.75,2.84,269.0,1015.27,
2011,2,13,17,19.58,70.03,149.0,399.42,63.0,316.58,2.9,307.0,1015.6,
2011,2,13,18,18.19,77.82,0.0,0.0,0.0,318.42,2.95,345.0,1015.94,
2011,2,13,19,16.81,85.61,0.0,0.0,0.0,320.25,3.01,24.0,1016.27,
2011,2,13,20,16.41,90.12,0.0,0.0,0.0,321.98,2.46,32.0,1016.47,
2011,2,13,21,16.02,94.64,0.0,0.0,0.0,323.72,1.91,39.0,1016.67,
2011,2,13,22,15.62,99.15,0.0,0.0,0.0,325.45,1.37,47.0,1016.87,
2011,2,13,23,15.11,99.43,0.0,0.0,0.0,323.92,1.6,48.0,1016.57,
2011,2,14,0,14.59,99.72,0.0,0.0,0.0,322.38,1.84,49.0,1016.27,
2011,2,14,1,14.07,100.0,0.0,0.0,0.0,320.85,2.08,50.0,1015.97,
2011,2,14,2,13.94,100.0,0.0,0.0,0.0,319.75,2.03,51.0,1015.77,
2011,2,14,3,13.81,100.0,0.0,0.0,0.0,318.65,1.97,52.0,1015.57,
2011,2,14,4,13.67,100.0,0.0,0.0,0.0,317.55,1.92,53.0,1015.37,
2011,2,14,5,14.34,100.0,0.0,0.0,0.0,316.3,2.06,53.0,1015.97,
2011,2,14,6,15.02,100.0,0.0,0.0,0.0,315.05,2.21,53.0,1016.57,
2011,2,14,7,15.69,100.0,47.0,333.39,24.0,313.8,2.36,54.0,1017.17,
2011,2,14,8,18.25,80.6,272.0,730.06,59.0,311.5,2.13,108.0,1017.07,
2011,2,14,9,20.8,61.19,503.0,873.94,76.0,309.2,1.91,162.0,1016.97,
2011,2,14,10,23.36,41.79,696.0,944.16,86.0,306.9,1.68,216.0,1016.87,
2011,2,14,11,23.56,41.95,830.0,979.45,92.0,306.53,2.21,227.0,1015.74,
2011,2,14,12,23.76,42.11,893.0,994.41,94.0,306.17,2.73,239.0,1014.61,
2011,2,14,13,23.95,42.27,879.0,990.3,94.0,305.8,3.26,250.0,1013.48,
2011,2,14,14,22.99,47.86,790.0,969.77,90.0,306.35,3.23,258.0,1013.41,
2011,2,14,15,22.03,53.46,632.0,921.6,83.0,306.9,3.2,266.0,1013.34,
2011,2,14,16,21.07,59.05,422.0,829.9,71.0,307.45,3.17,274.0,1013.28,
2011,2,14,17,19.56,68.61,185.0,619.37,50.0,308.27,3.2,312.0,1013.71,
2011,2,14,18,18.05,78.17,0.0,0.0,0.0,309.08,3.22,349.0,1014.14,
2011,2,14,19,16.54,87.73,0.0,0.0,0.0,309.9,3.24,27.0,1014.57,
2011,2,14,20,16.1,91.82,0.0,0.0,0.0,311.97,2.45,34.0,1014.67,
2011,2,14,21,15.67,95.91,0.0,0.0,0.0,314.03,1.66,41.0,1014.77,
2011,2,14,22,15.23,100.0,0.0,0.0,0.0,316.1,0.87,48.0,1014.87,
2011,2,14,23,14.67,100.0,0.0,0.0,0.0,315.5,1.16,50.0,1014.41,
2011,2,15,0,14.1,100.0,0.0,0.0,0.0,314.9,1.46,52.0,1013.94,
2011,2,15,1,13.53,100.0,0.0,0.0,0.0,314.3,1.75,54.0,1013.48,
2011,2,15,2,13.48,100.0,0.0,0.0,0.0,313.65,2.26,55.0,1013.21,
2011,2,15,3,13.43,100.0,0.0,0.0,0.0,313.0,2.76,56.0,1012.94,
2011,2,15,4,13.37,100.0,0.0,0.0,0.0,312.35,3.27,57.0,1012.68,
2011,2,15,5,13.91,99.16,0.0,0.0,0.0,311.28,2.8,57.0,1013.31,
2011,2,15,6,14.46,98.32,0.0,0.0,0.0,310.22,2.33,56.0,1013.94,
2011,2,15,7,15.0,97.48,49.0,335.4,25.0,309.15,1.86,56.0,1014.57,
2011,2,15,8,17.51,79.04,275.0,729.75,60.0,307.97,1.67,99.0,1014.47,
2011,2,15,9,20.03,60.6,506.0,872.46,77.0,306.78,1.49,142.0,1014.37,
2011,2,15,10,22.54,42.16,698.0,940.86,87.0,305.6,1.3,186.0,1014.27,
2011,2,15,11,22.82,42.8,832.0,977.62,92.0,305.53,1.71,206.0,1013.31,
2011,2,15,12,23.09,43.43,895.0,991.32,95.0,305.47,2.11,225.0,1012.34,
2011,2,15,13,23.36,44.07,881.0,988.48,94.0,305.4,2.52,244.0,1011.38,
2011,2,15,14,22.44,49.47,792.0,966.64,91.0,306.88,2.64,252.0,1011.48,
2011,2,15,15,21.52,54.88,635.0,921.7,83.0,308.37,2.75,260.0,1011.58,
2011,2,15,16,20.6,60.28,425.0,831.2,71.0,309.85,2.87,268.0,1011.68,
2011,2,15,17,19.12,70.48,187.0,616.53,51.0,310.88,2.49,312.0,1012.21,
2011,2,15,18,17.63,80.68,0.0,0.0,0.0,311.92,2.11,356.0,1012.74,
2011,2,15,19,16.15,90.88,0.0,0.0,0.0,312.95,1.74,40.0,1013.28,
2011,2,15,20,15.57,93.92,0.0,0.0,0.0,314.17,1.7,42.0,1013.54,
2011,2,15,21,14.99,96.96,0.0,0.0,0.0,315.38,1.66,44.0,1013.81,
2011,2,15,22,14.41,100.0,0.0,0.0,0.0,316.6,1.61,46.0,1014.07,
2011,2,15,23,13.86,100.0,0.0,0.0,0.0,315.78,2.26,49.0,1013.81,
2011,2,16,0,13.31,100.0,0.0,0.0,0.0,314.97,2.91,51.0,1013.54,
2011,2,16,1,12.76,100.0,0.0,0.0,0.0,314.15,3.56,53.0,1013.28,
2011,2,16,2,12.67,100.0,0.0,0.0,0.0,313.0,3.08,54.0,1012.98,
2011,2,16,3,12.58,100.0,0.0,0.0,0.0,311.85,2.6,55.0,1012.68,
2011,2,16,4,12.49,100.0,0.0,0.0,0.0,310.7,2.12,56.0,1012.38,
2011,2,16,5,13.39,100.0,0.0,0.0,0.0,310.92,1.97,57.0,1012.98,
2011,2,16,6,14.28,100.0,0.0,0.0,0.0,311.13,1.81,59.0,1013.58,
2011,2,16,7,15.18,100.0,51.0,350.44,25.0,311.35,1.66,61.0,1014.17,
2011,2,16,8,17.78,82.36,276.0,725.93,60.0,309.82,1.88,110.0,1014.34,
2011,2,16,9,20.39,64.71,285.0,125.28,223.0,308.28,2.11,159.0,1014.51,
2011,2,16,10,22.99,47.07,699.0,937.54,87.0,306.75,2.33,209.0,1014.67,
2011,2,16,11,23.17,48.27,832.0,971.82,93.0,306.9,2.52,218.0,1013.84,
2011,2,16,12,23.35,49.47,893.0,984.54,95.0,307.05,2.71,228.0,1013.01,
2011,2,16,13,23.53,50.67,879.0,980.42,95.0,307.2,2.9,238.0,1012.18,
2011,2,16,14,22.57,56.5,789.0,958.06,91.0,308.22,2.77,242.0,1012.18,
2011,2,16,15,21.6,62.33,633.0,911.87,84.0,309.23,2.65,246.0,1012.18,
2011,2,16,16,20.64,68.16,424.0,820.88,72.0,310.25,2.52,250.0,1012.18,
2011,2,16,17,19.15,78.77,188.0,613.83,51.0,311.12,1.9,301.0,1012.84,
2011,2,16,18,17.66,89.39,0.0,0.0,0.0,311.98,1.28,353.0,1013.51,
2011,2,16,19,16.18,100.0,0.0,0.0,0.0,312.85,0.66,44.0,1014.17,
2011,2,16,20,15.6,100.0,0.0,0.0,0.0,314.2,1.05,47.0,1014.44,
2011,2,16,21,15.03,100.0,0.0,0.0,0.0,315.55,1.43,50.0,1014.71,
2011,2,16,22,14.46,100.0,0.0,0.0,0.0,316.9,1.82,53.0,1014.97,
2011,2,16,23,13.98,100.0,0.0,0.0,0.0,316.4,1.53,53.0,1014.64,
2011,2,17,0,13.49,100.0,0.0,0.0,0.0,315.9,1.24,52.0,1014.31,
2011,2,17,1,13.0,100.0,0.0,0.0,0.0,315.4,0.95,52.0,1013.97,
2011,2,17,2,12.94,100.0,0.0,0.0,0.0,314.37,1.21,52.0,1013.54,
2011,2,17,3,12.88,100.0,0.0,0.0,0.0,313.33,1.47,53.0,1013.11,
2011,2,17,4,12.81,100.0,0.0,0.0,0.0,312.3,1.72,54.0,1012.68,
2011,2,17,5,13.57,100.0,0.0,0.0,0.0,312.58,1.29,54.0,1013.21,
2011,2,17,6,14.34,100.0,0.0,0.0,0.0,312.87,0.85,54.0,1013.74,
2011,2,17,7,15.1,100.0,53.0,351.11,26.0,313.15,0.41,55.0,1014.27,
2011,2,17,8,17.67,82.91,281.0,732.02,61.0,311.78,0.71,109.0,1014.34,
2011,2,17,9,20.24,65.82,513.0,873.29,78.0,310.42,1.01,164.0,1014.41,
2011,2,17,10,22.81,48.73,706.0,941.82,88.0,309.05,1.31,218.0,1014.47,
2011,2,17,11,23.07,49.1,839.0,976.52,93.0,309.43,1.98,228.0,1013.81,
2011,2,17,12,23.33,49.47,900.0,987.64,96.0,309.82,2.64,237.0,1013.14,
2011,2,17,13,23.58,49.84,885.0,983.65,95.0,310.2,3.31,247.0,1012.48,
2011,2,17,14,22.64,55.16,794.0,960.52,91.0,311.43,3.06,252.0,1012.51,
2011,2,17,15,21.71,60.48,636.0,912.08,84.0,312.67,2.8,258.0,1012.54,
2011,2,17,16,20.77,65.8,426.0,820.02,72.0,313.9,2.55,263.0,1012.58,
2011,2,17,17,19.21,77.2,190.0,615.71,51.0,315.18,2.25,309.0,1013.31,
2011,2,17,18,17.65,88.6,0.0,0.0,0.0,316.47,1.95,355.0,1014.04,
2011,2,17,19,16.1,100.0,0.0,0.0,0.0,317.75,1.66,41.0,1014.77,
2011,2,17,20,15.55,100.0,0.0,0.0,0.0,319.13,1.21,44.0,1014.87,
2011,2,17,21,15.01,100.0,0.0,0.0,0.0,320.52,0.77,48.0,1014.97,
2011,2,17,22,14.47,100.0,0.0,0.0,0.0,321.9,0.33,52.0,1015.07,
2011,2,17,23,13.98,100.0,0.0,0.0,0.0,321.45,0.63,52.0,1014.77,
2011,2,18,0,13.48,100.0,0.0,0.0,0.0,321.0,0.94,52.0,1014.47,
2011,2,18,1,12.98,100.0,0.0,0.0,0.0,320.55,1.24,52.0,1014.17,
2011,2,18,2,12.98,100.0,0.0,0.0,0.0,320.37,0.91,52.0,1013.87,
2011,2,18,3,12.98,100.0,0.0,0.0,0.0,320.18,0.57,52.0,1013.58,
2011,2,18,4,12.97,100.0,0.0,0.0,0.0,320.0,0.23,52.0,1013.28,
2011,2,18,5,13.78,99.76,0.0,0.0,0.0,320.33,0.62,52.0,1014.01,
2011,2,18,6,14.59,99.51,0.0,0.0,0.0,320.67,1.0,52.0,1014.74,
2011,2,18,7,15.4,99.27,54.0,338.88,27.0,321.0,1.38,53.0,1015.47,
2011,2,18,8,17.96,82.74,170.0,154.82,123.0,319.73,1.48,359.0,1015.67,
2011,2,18,9,20.52,66.2,509.0,859.61,78.0,318.47,1.57,305.0,1015.87,
2011,2,18,10,23.08,49.67,699.0,926.31,88.0,317.2,1.67,251.0,1016.07,
2011,2,18,11,23.34,49.1,832.0,962.91,93.0,317.75,2.46,252.0,1015.21,
2011,2,18,12,23.6,48.54,893.0,974.8,96.0,318.3,3.24,254.0,1014.34,
2011,2,18,13,23.85,47.97,878.0,970.73,95.0,318.85,4.03,256.0,1013.48,
2011,2,18,14,22.93,52.79,789.0,948.01,92.0,319.83,3.71,264.0,1013.31,
2011,2,18,15,22.0,57.62,633.0,902.47,84.0,320.82,3.4,271.0,1013.14,
2011,2,18,16,21.08,62.44,425.0,812.32,72.0,321.8,3.09,279.0,1012.98,
2011,2,18,17,19.62,73.21,190.0,608.86,51.0,322.02,3.08,312.0,1013.51,
2011,2,18,18,18.16,83.97,0.0,0.0,0.0,322.23,3.06,346.0,1014.04,
2011,2,18,19,16.71,94.74,0.0,0.0,0.0,322.45,3.05,19.0,1014.57,
2011,2,18,20,16.17,96.49,0.0,0.0,0.0,323.75,2.34,29.0,1014.77,
2011,2,18,21,15.64,98.25,0.0,0.0,0.0,325.05,1.62,39.0,1014.97,
2011,2,18,22,15.1,100.0,0.0,0.0,0.0,326.35,0.91,48.0,1015.17,
2011,2,18,23,14.55,100.0,0.0,0.0,0.0,325.98,1.37,50.0,1014.94,
2011,2,19,0,13.99,100.0,0.0,0.0,0.0,325.62,1.82,51.0,1014.71,
2011,2,19,1,13.43,100.0,0.0,0.0,0.0,325.25,2.28,52.0,1014.47,
2011,2,19,2,13.42,100.0,0.0,0.0,0.0,324.92,2.29,53.0,1014.21,
2011,2,19,3,13.41,100.0,0.0,0.0,0.0,324.58,2.31,54.0,1013.94,
2011,2,19,4,13.4,100.0,0.0,0.0,0.0,324.25,2.33,55.0,1013.67,
2011,2,19,5,14.15,99.02,0.0,0.0,0.0,324.37,1.66,54.0,1014.34,
2011,2,19,6,14.89,98.04,0.0,0.0,0.0,324.48,0.99,54.0,1015.01,
2011,2,19,7,15.64,97.06,57.0,363.56,27.0,324.6,0.32,53.0,1015.67,
2011,2,19,8,18.23,81.78,284.0,723.86,62.0,322.75,0.71,360.0,1015.64,
2011,2,19,9,20.81,66.49,515.0,865.85,78.0,320.9,1.11,307.0,1015.6,
2011,2,19,10,23.4,51.21,707.0,933.53,88.0,319.05,1.5,253.0,1015.57,
2011,2,19,11,23.63,50.66,840.0,967.57,94.0,319.02,2.31,256.0,1014.57,
2011,2,19,12,23.86,50.1,903.0,981.56,97.0,318.98,3.11,260.0,1013.58,
2011,2,19,13,24.09,49.55,888.0,977.69,96.0,318.95,3.92,263.0,1012.58,
2011,2,19,14,23.21,54.29,799.0,957.3,92.0,319.87,3.8,270.0,1012.41,
2011,2,19,15,22.33,59.04,642.0,910.99,85.0,320.78,3.68,277.0,1012.24,
2011,2,19,16,21.45,63.78,433.0,823.07,73.0,321.7,3.56,284.0,1012.08,
2011,2,19,17,19.97,73.96,195.0,619.57,52.0,321.83,3.39,314.0,1012.41,
2011,2,19,18,18.49,84.14,0.0,0.0,0.0,321.97,3.23,345.0,1012.74,
2011,2,19,19,17.01,94.32,0.0,0.0,0.0,322.1,3.06,15.0,1013.08,
2011,2,19,20,16.55,96.21,0.0,0.0,0.0,323.22,2.84,24.0,1013.11,
2011,2,19,21,16.1,98.11,0.0,0.0,0.0,324.33,2.61,33.0,1013.14,
2011,2,19,22,15.64,100.0,0.0,0.0,0.0,325.45,2.39,41.0,1013.18,
2011,2,19,23,15.2,100.0,0.0,0.0,0.0,324.52,1.9,42.0,1012.74,
2011,2,20,0,14.75,100.0,0.0,0.0,0.0,323.58,1.42,43.0,1012.31,
2011,2,20,1,14.3,100.0,0.0,0.0,0.0,322.65,0.94,44.0,1011.88,
2011,2,20,2,14.31,100.0,0.0,0.0,0.0,322.02,0.88,45.0,1011.48,
2011,2,20,3,14.32,100.0,0.0,0.0,0.0,321.38,0.83,47.0,1011.08,
2011,2,20,4,14.32,100.0,0.0,0.0,0.0,320.75,0.77,48.0,1010.68,
2011,2,20,5,15.06,98.68,0.0,0.0,0.0,320.12,0.95,51.0,1011.28,
2011,2,20,6,15.79,97.36,0.0,0.0,0.0,319.48,1.13,53.0,1011.88,
2011,2,20,7,16.53,96.04,60.0,374.6,28.0,318.85,1.31,55.0,1012.48,
2011,2,20,8,19.01,80.1,291.0,739.08,62.0,316.6,1.49,1.0,1012.48,
2011,2,20,9,21.49,64.16,525.0,877.84,79.0,314.35,1.66,307.0,1012.48,
2011,2,20,10,23.97,48.22,720.0,946.64,89.0,312.1,1.83,252.0,1012.48,
2011,2,20,11,24.22,47.09,855.0,981.2,95.0,312.6,2.69,255.0,1011.55,
2011,2,20,12,24.47,45.96,918.0,994.32,98.0,313.1,3.55,258.0,1010.61,
2011,2,20,13,24.71,44.83,903.0,990.76,97.0,313.6,4.41,260.0,1009.68,
2011,2,20,14,23.76,49.73,813.0,970.58,93.0,314.2,4.23,266.0,1009.52,
2011,2,20,15,22.8,54.63,654.0,924.34,86.0,314.8,4.05,271.0,1009.35,
2011,2,20,16,21.85,59.53,442.0,836.0,74.0,315.4,3.86,276.0,1009.18,
2011,2,20,17,20.22,71.0,201.0,634.43,53.0,315.57,3.78,312.0,1009.68,
2011,2,20,18,18.59,82.46,0.0,0.0,0.0,315.73,3.71,349.0,1010.18,
2011,2,20,19,16.97,93.93,0.0,0.0,0.0,315.9,3.63,25.0,1010.68,
2011,2,20,20,16.44,95.95,0.0,0.0,0.0,317.02,3.44,33.0,1010.81,
2011,2,20,21,15.92,97.98,0.0,0.0,0.0,318.13,3.25,41.0,1010.95,
2011,2,20,22,15.39,100.0,0.0,0.0,0.0,319.25,3.06,49.0,1011.08,
2011,2,20,23,14.85,100.0,0.0,0.0,0.0,318.7,2.87,49.0,1010.98,
2011,2,21,0,14.31,100.0,0.0,0.0,0.0,318.15,2.69,49.0,1010.88,
2011,2,21,1,13.76,100.0,0.0,0.0,0.0,317.6,2.5,50.0,1010.78,
2011,2,21,2,13.74,100.0,0.0,0.0,0.0,317.38,2.62,51.0,1010.48,
2011,2,21,3,13.71,100.0,0.0,0.0,0.0,317.17,2.74,53.0,1010.18,
2011,2,21,4,13.68,100.0,0.0,0.0,0.0,316.95,2.87,54.0,1009.88,
2011,2,21,5,14.54,100.0,0.0,0.0,0.0,317.08,2.5,54.0,1010.55,
2011,2,21,6,15.41,100.0,0.0,0.0,0.0,317.22,2.12,55.0,1011.21,
2011,2,21,7,16.27,100.0,64.0,395.95,29.0,317.35,1.75,55.0,1011.88,
2011,2,21,8,18.84,83.79,298.0,750.66,63.0,315.83,1.66,356.0,1011.94,
2011,2,21,9,21.41,67.59,534.0,887.65,80.0,314.32,1.58,296.0,1012.01,
2011,2,21,10,23.98,51.38,728.0,952.11,90.0,312.8,1.49,237.0,1012.08,
2011,2,21,11,24.23,50.83,862.0,984.4,96.0,313.48,2.23,241.0,1011.38,
2011,2,21,12,24.47,50.29,923.0,996.1,98.0,314.17,2.98,246.0,1010.68,
2011,2,21,13,24.71,49.74,906.0,990.26,97.0,314.85,3.72,250.0,1009.98,
2011,2,21,14,23.71,54.92,813.0,964.98,94.0,315.63,3.64,254.0,1009.82,
2011,2,21,15,22.7,60.1,654.0,919.8,86.0,316.42,3.55,258.0,1009.65,
2011,2,21,16,21.7,65.28,442.0,830.78,74.0,317.2,3.46,262.0,1009.48,
2011,2,21,17,20.15,76.16,202.0,632.09,53.0,318.48,3.43,301.0,1010.25,
2011,2,21,18,18.6,87.04,0.0,0.0,0.0,319.77,3.4,340.0,1011.01,
2011,2,21,19,17.06,97.92,0.0,0.0,0.0,321.05,3.37,20.0,1011.78,
2011,2,21,20,16.62,98.61,0.0,0.0,0.0,322.52,3.25,27.0,1011.94,
2011,2,21,21,16.19,99.31,0.0,0.0,0.0,323.98,3.13,35.0,1012.11,
2011,2,21,22,15.76,100.0,0.0,0.0,0.0,325.45,3.01,42.0,1012.28,
2011,2,21,23,15.28,100.0,0.0,0.0,0.0,325.27,2.65,45.0,1012.01,
2011,2,22,0,14.79,100.0,0.0,0.0,0.0,325.08,2.29,47.0,1011.75,
2011,2,22,1,14.3,100.0,0.0,0.0,0.0,324.9,1.93,49.0,1011.48,
2011,2,22,2,14.11,100.0,0.0,0.0,0.0,326.07,1.92,50.0,1011.25,
2011,2,22,3,13.91,100.0,0.0,0.0,0.0,327.23,1.9,51.0,1011.01,
2011,2,22,4,13.71,100.0,0.0,0.0,0.0,328.4,1.89,52.0,1010.78,
2011,2,22,5,13.97,97.07,0.0,0.0,0.0,332.27,1.47,52.0,1011.78,
2011,2,22,6,14.23,94.13,0.0,0.0,0.0,336.13,1.04,52.0,1012.78,
2011,2,22,7,14.49,91.2,64.0,371.87,30.0,340.0,0.62,53.0,1013.77,
2011,2,22,8,16.94,77.47,295.0,733.43,63.0,336.4,1.17,356.0,1013.84,
2011,2,22,9,19.38,63.73,528.0,870.07,80.0,332.8,1.71,300.0,1013.91,
2011,2,22,10,21.83,50.0,720.0,935.22,90.0,329.2,2.26,244.0,1013.97,
2011,2,22,11,22.2,49.61,854.0,969.66,96.0,327.77,2.76,248.0,1013.24,
2011,2,22,12,22.56,49.22,915.0,982.24,98.0,326.33,3.26,252.0,1012.51,
2011,2,22,13,22.92,48.83,899.0,976.37,98.0,324.9,3.75,256.0,1011.78,
2011,2,22,14,22.08,54.37,808.0,954.12,94.0,323.67,3.86,263.0,1011.78,
2011,2,22,15,21.23,59.91,650.0,908.89,86.0,322.43,3.97,270.0,1011.78,
2011,2,22,16,20.39,65.45,439.0,818.95,74.0,321.2,4.08,277.0,1011.78,
2011,2,22,17,19.0,74.78,201.0,621.49,53.0,322.97,3.87,311.0,1012.28,
2011,2,22,18,17.61,84.1,0.0,0.0,0.0,324.73,3.66,345.0,1012.78,
2011,2,22,19,16.22,93.43,0.0,0.0,0.0,326.5,3.45,20.0,1013.28,
2011,2,22,20,15.83,95.62,0.0,0.0,0.0,327.68,3.2,28.0,1013.34,
2011,2,22,21,15.44,97.81,0.0,0.0,0.0,328.87,2.96,35.0,1013.41,
2011,2,22,22,15.05,100.0,0.0,0.0,0.0,330.05,2.72,43.0,1013.48,
2011,2,22,23,14.61,100.0,0.0,0.0,0.0,329.48,2.34,44.0,1013.14,
2011,2,23,0,14.17,100.0,0.0,0.0,0.0,328.92,1.97,45.0,1012.81,
2011,2,23,1,13.73,100.0,0.0,0.0,0.0,328.35,1.6,46.0,1012.48,
2011,2,23,2,13.74,100.0,0.0,0.0,0.0,327.75,1.35,48.0,1012.21,
2011,2,23,3,13.75,100.0,0.0,0.0,0.0,327.15,1.1,49.0,1011.94,
2011,2,23,4,13.76,100.0,0.0,0.0,0.0,326.55,0.86,50.0,1011.68,
2011,2,23,5,14.36,99.73,0.0,0.0,0.0,326.45,1.44,52.0,1012.41,
2011,2,23,6,14.95,99.46,0.0,0.0,0.0,326.35,2.02,53.0,1013.14,
2011,2,23,7,15.55,99.19,66.0,380.86,30.0,326.25,2.61,54.0,1013.87,
2011,2,23,8,18.02,82.8,295.0,725.83,63.0,324.33,2.58,357.0,1013.91,
2011,2,23,9,20.49,66.42,526.0,860.38,80.0,322.42,2.56,300.0,1013.94,
2011,2,23,10,22.96,50.03,718.0,927.33,90.0,320.5,2.54,244.0,1013.97,
2011,2,23,11,23.11,50.24,851.0,961.41,96.0,320.37,3.19,248.0,1013.24,
2011,2,23,12,23.25,50.46,912.0,974.5,98.0,320.23,3.84,252.0,1012.51,
2011,2,23,13,23.39,50.67,897.0,969.91,98.0,320.1,4.5,256.0,1011.78,
2011,2,23,14,22.42,55.2,806.0,947.37,94.0,320.48,4.48,261.0,1011.81,
2011,2,23,15,21.45,59.73,648.0,899.74,87.0,320.87,4.47,266.0,1011.85,
2011,2,23,16,20.48,64.26,438.0,809.55,75.0,321.25,4.46,271.0,1011.88,
2011,2,23,17,19.03,74.55,201.0,611.19,54.0,322.28,4.04,299.0,1012.61,
2011,2,23,18,17.57,84.84,0.0,0.0,0.0,323.32,3.63,327.0,1013.34,
2011,2,23,19,16.12,95.13,0.0,0.0,0.0,324.35,3.21,356.0,1014.07,
2011,2,23,20,15.72,96.75,0.0,0.0,0.0,325.47,2.89,13.0,1014.41,
2011,2,23,21,15.33,98.38,0.0,0.0,0.0,326.58,2.57,30.0,1014.74,
2011,2,23,22,14.93,100.0,0.0,0.0,0.0,327.7,2.25,47.0,1015.07,
2011,2,23,23,14.45,100.0,0.0,0.0,0.0,327.45,1.84,46.0,1014.74,
2011,2,24,0,13.97,100.0,0.0,0.0,0.0,327.2,1.43,46.0,1014.41,
2011,2,24,1,13.49,100.0,0.0,0.0,0.0,326.95,1.02,46.0,1014.07,
2011,2,24,2,13.51,100.0,0.0,0.0,0.0,326.9,0.99,43.0,1013.74,
2011,2,24,3,13.53,100.0,0.0,0.0,0.0,326.85,0.97,40.0,1013.41,
2011,2,24,4,13.54,100.0,0.0,0.0,0.0,326.8,0.94,37.0,1013.08,
2011,2,24,5,14.29,100.0,0.0,0.0,0.0,331.62,0.98,39.0,1013.84,
2011,2,24,6,15.03,100.0,0.0,0.0,0.0,336.43,1.03,42.0,1014.61,
2011,2,24,7,15.78,100.0,69.0,389.04,31.0,341.25,1.08,45.0,1015.37,
2011,2,24,8,18.29,84.19,300.0,730.66,64.0,336.32,1.29,358.0,1015.27,
2011,2,24,9,20.8,68.38,533.0,866.09,81.0,331.38,1.5,312.0,1015.17,
2011,2,24,10,23.31,52.57,727.0,934.19,91.0,326.45,1.71,265.0,1015.07,
2011,2,24,11,23.49,50.72,863.0,970.97,97.0,323.28,2.57,265.0,1014.01,
2011,2,24,12,23.67,48.88,927.0,987.09,99.0,320.12,3.42,264.0,1012.94,
2011,2,24,13,23.85,47.03,915.0,986.49,99.0,316.95,4.28,264.0,1011.88,
2011,2,24,14,22.83,51.32,826.0,968.55,95.0,315.97,4.38,267.0,1011.61,
2011,2,24,15,21.8,55.6,668.0,925.85,88.0,314.98,4.49,270.0,1011.35,
2011,2,24,16,20.78,59.89,454.0,838.02,76.0,314.0,4.59,274.0,1011.08,
2011,2,24,17,19.23,69.87,211.0,642.35,55.0,314.55,4.25,304.0,1011.71,
2011,2,24,18,17.68,79.85,0.0,0.0,0.0,315.1,3.9,335.0,1012.34,
2011,2,24,19,16.14,89.83,0.0,0.0,0.0,315.65,3.56,6.0,1012.98,
2011,2,24,20,15.72,93.22,0.0,0.0,0.0,316.2,3.43,17.0,1013.01,
2011,2,24,21,15.31,96.61,0.0,0.0,0.0,316.75,3.3,28.0,1013.04,
2011,2,24,22,14.89,100.0,0.0,0.0,0.0,317.3,3.17,40.0,1013.08,
2011,2,24,23,14.36,100.0,0.0,0.0,0.0,316.3,2.47,43.0,1012.78,
2011,2,25,0,13.83,100.0,0.0,0.0,0.0,315.3,1.77,46.0,1012.48,
2011,2,25,1,13.29,100.0,0.0,0.0,0.0,314.3,1.06,48.0,1012.18,
2011,2,25,2,13.19,100.0,0.0,0.0,0.0,313.57,0.88,49.0,1011.81,
2011,2,25,3,13.09,100.0,0.0,0.0,0.0,312.83,0.69,51.0,1011.45,
2011,2,25,4,12.99,100.0,0.0,0.0,0.0,312.1,0.51,52.0,1011.08,
2011,2,25,5,13.72,97.75,0.0,0.0,0.0,312.63,0.58,53.0,1011.98,
2011,2,25,6,14.44,95.5,0.0,0.0,0.0,313.17,0.65,55.0,1012.88,
2011,2,25,7,15.17,93.25,75.0,426.23,32.0,313.7,0.72,56.0,1013.77,
2011,2,25,8,17.76,77.71,313.0,756.74,66.0,312.53,0.99,109.0,1013.58,
2011,2,25,9,20.35,62.16,551.0,892.6,82.0,311.37,1.27,162.0,1013.38,
2011,2,25,10,22.94,46.62,748.0,958.49,92.0,310.2,1.54,215.0,1013.18,
2011,2,25,11,23.18,45.94,884.0,991.79,98.0,311.0,2.15,224.0,1012.18,
2011,2,25,12,23.42,45.27,948.0,1005.52,101.0,311.8,2.75,233.0,1011.18,
2011,2,25,13,23.66,44.59,933.0,1002.95,100.0,312.6,3.35,242.0,1010.18,
2011,2,25,14,22.63,50.07,840.0,981.66,96.0,313.53,3.46,248.0,1010.08,
2011,2,25,15,21.61,55.56,678.0,935.87,89.0,314.47,3.56,253.0,1009.98,
2011,2,25,16,20.58,61.04,462.0,848.59,77.0,315.4,3.67,258.0,1009.88,
2011,2,25,17,19.07,74.03,215.0,648.53,56.0,315.88,3.62,302.0,1010.78,
2011,2,25,18,17.56,87.01,0.0,0.0,0.0,316.37,3.58,345.0,1011.68,
2011,2,25,19,16.05,100.0,0.0,0.0,0.0,316.85,3.53,29.0,1012.58,
2011,2,25,20,15.51,100.0,0.0,0.0,0.0,318.37,2.75,37.0,1012.74,
2011,2,25,21,14.98,100.0,0.0,0.0,0.0,319.88,1.98,46.0,1012.91,
2011,2,25,22,14.45,100.0,0.0,0.0,0.0,321.4,1.2,54.0,1013.08,
2011,2,25,23,13.97,100.0,0.0,0.0,0.0,321.68,1.72,55.0,1012.68,
2011,2,26,0,13.49,100.0,0.0,0.0,0.0,321.97,2.25,56.0,1012.28,
2011,2,26,1,13.0,100.0,0.0,0.0,0.0,322.25,2.77,57.0,1011.88,
2011,2,26,2,13.0,100.0,0.0,0.0,0.0,322.8,2.46,58.0,1011.51,
2011,2,26,3,13.0,100.0,0.0,0.0,0.0,323.35,2.14,58.0,1011.15,
2011,2,26,4,13.0,100.0,0.0,0.0,0.0,323.9,1.82,59.0,1010.78,
2011,2,26,5,13.69,97.2,0.0,0.0,0.0,323.32,1.31,62.0,1011.55,
2011,2,26,6,14.37,94.39,0.0,0.0,0.0,322.73,0.8,64.0,1012.31,
2011,2,26,7,15.06,91.59,77.0,422.47,33.0,322.15,0.29,67.0,1013.08,
2011,2,26,8,17.62,77.51,314.0,751.86,66.0,321.3,0.81,113.0,1012.94,
2011,2,26,9,20.18,63.42,549.0,882.79,82.0,320.45,1.33,160.0,1012.81,
2011,2,26,10,22.74,49.34,742.0,944.72,92.0,319.6,1.85,207.0,1012.68,
2011,2,26,11,22.94,51.0,873.0,973.49,98.0,320.82,2.19,216.0,1011.94,
2011,2,26,12,23.13,52.67,932.0,983.62,100.0,322.03,2.54,225.0,1011.21,
2011,2,26,13,23.32,54.33,914.0,976.15,100.0,323.25,2.88,234.0,1010.48,
2011,2,26,14,22.36,59.41,821.0,952.66,96.0,324.53,2.81,234.0,1010.31,
2011,2,26,15,21.39,64.49,661.0,906.31,88.0,325.82,2.74,233.0,1010.15,
2011,2,26,16,20.43,69.57,448.0,815.28,76.0,327.1,2.68,233.0,1009.98,
2011,2,26,17,18.92,79.71,209.0,622.36,55.0,326.98,2.51,196.0,1010.61,
2011,2,26,18,17.4,89.86,0.0,0.0,0.0,326.87,2.34,160.0,1011.25,
2011,2,26,19,15.89,100.0,0.0,0.0,0.0,326.75,2.17,123.0,1011.88,
2011,2,26,20,15.46,100.0,0.0,0.0,0.0,326.98,1.62,115.0,1012.18,
2011,2,26,21,15.04,100.0,0.0,0.0,0.0,327.22,1.07,106.0,1012.48,
2011,2,26,22,14.61,100.0,0.0,0.0,0.0,327.45,0.52,97.0,1012.78,
2011,2,26,23,14.05,100.0,0.0,0.0,0.0,327.8,0.87,95.0,1012.51,
2011,2,27,0,13.49,100.0,0.0,0.0,0.0,328.15,1.21,93.0,1012.24,
2011,2,27,1,12.92,100.0,0.0,0.0,0.0,328.5,1.56,91.0,1011.98,
2011,2,27,2,12.78,100.0,0.0,0.0,0.0,330.05,1.71,88.0,1011.91,
2011,2,27,3,12.64,100.0,0.0,0.0,0.0,331.6,1.85,84.0,1011.85,
2011,2,27,4,12.5,100.0,0.0,0.0,0.0,333.15,2.0,81.0,1011.78,
2011,2,27,5,13.32,100.0,0.0,0.0,0.0,334.65,1.76,79.0,1012.48,
2011,2,27,6,14.15,100.0,0.0,0.0,0.0,336.15,1.52,78.0,1013.18,
2011,2,27,7,14.97,100.0,77.0,409.42,33.0,337.65,1.28,76.0,1013.87,
2011,2,27,8,17.03,87.28,310.0,731.98,66.0,342.78,1.66,118.0,1013.87,
2011,2,27,9,19.08,74.57,542.0,863.68,82.0,347.92,2.04,161.0,1013.87,
2011,2,27,10,21.14,61.85,733.0,926.74,92.0,353.05,2.41,204.0,1013.87,
2011,2,27,11,21.31,62.27,865.0,959.1,98.0,350.45,2.96,215.0,1013.11,
2011,2,27,12,21.48,62.69,925.0,970.15,101.0,347.85,3.51,226.0,1012.34,
2011,2,27,13,21.64,63.11,909.0,966.3,100.0,345.25,4.06,237.0,1011.58,
2011,2,27,14,20.64,67.45,817.0,943.56,96.0,344.97,3.68,247.0,1011.55,
2011,2,27,15,19.63,71.8,659.0,897.54,89.0,344.68,3.31,258.0,1011.51,
2011,2,27,16,18.63,76.14,449.0,812.92,76.0,344.4,2.94,268.0,1011.48,
2011,2,27,17,17.62,84.09,210.0,616.77,56.0,344.17,2.91,300.0,1012.28,
2011,2,27,18,16.61,92.05,0.0,0.0,0.0,343.93,2.88,332.0,1013.08,
2011,2,27,19,15.61,100.0,0.0,0.0,0.0,343.7,2.86,3.0,1013.87,
2011,2,27,20,15.2,100.0,0.0,0.0,0.0,339.45,2.74,14.0,1013.97,
2011,2,27,21,14.79,100.0,0.0,0.0,0.0,335.2,2.63,24.0,1014.07,
2011,2,27,22,14.38,100.0,0.0,0.0,0.0,330.95,2.51,35.0,1014.17,
2011,2,27,23,13.95,100.0,0.0,0.0,0.0,329.78,2.27,38.0,1013.91,
2011,2,28,0,13.52,100.0,0.0,0.0,0.0,328.62,2.02,41.0,1013.64,
2011,2,28,1,13.08,100.0,0.0,0.0,0.0,327.45,1.78,45.0,1013.38,
2011,2,28,2,13.04,100.0,0.0,0.0,0.0,326.58,1.82,46.0,1013.08,
2011,2,28,3,13.0,100.0,0.0,0.0,0.0,325.72,1.85,47.0,1012.78,
2011,2,28,4,12.96,100.0,0.0,0.0,0.0,324.85,1.89,48.0,1012.48,
2011,2,28,5,13.39,99.25,0.0,0.0,0.0,330.88,1.95,47.0,1013.24,
2011,2,28,6,13.81,98.5,0.0,0.0,0.0,336.92,2.01,47.0,1014.01,
2011,2,28,7,14.24,97.75,80.0,415.02,34.0,342.95,2.07,46.0,1014.77,
2011,2,28,8,16.7,81.38,314.0,736.19,66.0,340.18,2.14,358.0,1014.64,
2011,2,28,9,22.12,41.45,546.0,863.44,83.0,325.63,3.85,310.0,1014.51,
2011,2,28,10,21.91,45.41,739.0,929.07,93.0,328.17,3.67,261.0,1014.37,
2011,2,28,11,21.69,49.36,872.0,962.27,99.0,330.72,3.48,262.0,1013.54,
2011,2,28,12,21.48,53.31,932.0,974.41,101.0,333.27,3.3,262.0,1012.71,
2011,2,28,13,21.27,57.27,915.0,968.46,101.0,335.82,3.11,263.0,1011.88,
2011,2,28,14,21.06,61.22,823.0,946.31,97.0,338.37,2.93,269.0,1011.78,
2011,2,28,15,20.85,65.17,663.0,899.87,89.0,340.92,2.74,274.0,1011.68,
2011,2,28,16,20.64,69.12,452.0,812.81,77.0,343.47,2.56,280.0,1011.58,
2011,2,28,17,20.43,73.08,207.0,586.47,58.0,346.02,2.37,299.0,1011.78,
2011,2,28,18,20.22,77.03,10.0,0.0,10.0,348.56,2.19,336.0,1012.48,
2011,2,28,19,20.0,80.98,0.0,0.0,0.0,351.11,2.0,12.0,1013.18,
2011,2,28,20,19.79,84.93,0.0,0.0,0.0,353.66,1.82,25.0,1013.58,
2011,2,28,21,19.58,88.89,0.0,0.0,0.0,356.21,1.64,37.0,1013.97,
2011,2,28,22,19.37,92.84,0.0,0.0,0.0,358.76,1.45,50.0,1014.37,
2011,2,28,23,19.16,96.79,0.0,0.0,0.0,361.31,1.27,52.0,1014.34,
2009,3,1,0,18.95,100.0,0.0,0.0,0.0,363.86,1.08,55.0,1014.31,
2009,3,1,1,17.37,98.99,0.0,0.0,0.0,359.45,0.63,57.0,1014.27,
2009,3,1,2,17.26,97.33,0.0,0.0,0.0,358.22,0.8,57.0,1014.07,
2009,3,1,3,17.15,95.68,0.0,0.0,0.0,356.98,0.97,57.0,1013.87,
2009,3,1,4,17.04,94.02,0.0,0.0,0.0,355.75,1.13,57.0,1013.67,
2009,3,1,5,18.17,88.18,0.0,0.0,0.0,355.03,1.29,56.0,1014.11,
2009,3,1,6,19.3,82.34,0.0,0.0,0.0,354.32,1.44,55.0,1014.54,
2009,3,1,7,20.43,76.5,83.0,390.75,37.0,353.6,1.6,55.0,1014.97,
2009,3,1,8,22.9,66.09,315.0,712.12,70.0,352.98,1.5,358.0,1014.74,
2009,3,1,9,25.37,55.67,544.0,838.94,88.0,352.37,1.4,300.0,1014.51,
2009,3,1,10,27.85,45.26,734.0,905.15,98.0,351.75,1.3,243.0,1014.27,
2009,3,1,11,28.02,46.47,865.0,938.94,104.0,351.12,2.36,247.0,1013.48,
2009,3,1,12,28.19,47.68,925.0,951.46,107.0,350.48,3.42,251.0,1012.68,
2009,3,1,13,28.35,48.89,908.0,946.85,106.0,349.85,4.48,256.0,1011.88,
2009,3,1,14,27.33,54.16,816.0,923.42,102.0,350.17,4.33,259.0,1011.81,
2009,3,1,15,26.3,59.42,659.0,878.21,94.0,350.48,4.17,262.0,1011.75,
2009,3,1,16,25.27,64.69,449.0,789.23,81.0,350.8,4.01,266.0,1011.68,
2009,3,1,17,23.64,74.98,213.0,605.0,58.0,352.3,3.63,297.0,1012.24,
2009,3,1,18,22.01,85.27,10.0,0.0,10.0,353.8,3.25,328.0,1012.81,
2009,3,1,19,20.37,95.56,0.0,0.0,0.0,355.3,2.87,359.0,1013.38,
2009,3,1,20,20.17,97.04,0.0,0.0,0.0,356.32,2.27,15.0,1013.51,
2009,3,1,21,19.96,98.52,0.0,0.0,0.0,357.33,1.67,30.0,1013.64,
2009,3,1,22,19.76,100.0,0.0,0.0,0.0,358.35,1.08,46.0,1013.77,
2009,3,1,23,19.32,100.0,0.0,0.0,0.0,357.27,0.91,46.0,1013.54,
2009,3,2,0,18.87,100.0,0.0,0.0,0.0,356.18,0.74,46.0,1013.31,
2009,3,2,1,18.43,100.0,0.0,0.0,0.0,355.1,0.57,46.0,1013.08,
2009,3,2,2,18.36,100.0,0.0,0.0,0.0,353.48,0.76,48.0,1012.78,
2009,3,2,3,18.29,100.0,0.0,0.0,0.0,351.87,0.95,49.0,1012.48,
2009,3,2,4,18.22,100.0,0.0,0.0,0.0,350.25,1.14,50.0,1012.18,
2009,3,2,5,19.05,99.67,0.0,0.0,0.0,351.72,1.2,50.0,1012.84,
2009,3,2,6,19.88,99.33,0.0,0.0,0.0,353.18,1.26,50.0,1013.51,
2009,3,2,7,20.71,99.0,86.0,404.18,37.0,354.65,1.32,51.0,1014.17,
2009,3,2,8,22.89,82.77,180.0,100.67,145.0,352.97,1.46,108.0,1013.77,
2009,3,2,9,25.07,66.54,547.0,840.59,87.0,351.28,1.6,166.0,1013.38,
2009,3,2,10,27.26,50.31,738.0,907.53,97.0,349.6,1.74,223.0,1012.98,
2009,3,2,11,27.38,50.6,870.0,942.18,103.0,348.53,2.58,231.0,1012.18,
2009,3,2,12,27.5,50.89,931.0,955.8,106.0,347.47,3.42,238.0,1011.38,
2009,3,2,13,27.61,51.18,915.0,952.68,105.0,346.4,4.26,246.0,1010.58,
2009,3,2,14,26.62,56.87,823.0,930.2,101.0,347.0,4.18,252.0,1010.58,
2009,3,2,15,25.62,62.57,665.0,885.4,93.0,347.6,4.1,258.0,1010.58,
2009,3,2,16,24.63,68.26,455.0,800.12,80.0,348.2,4.01,264.0,1010.58,
2009,3,2,17,23.02,77.77,217.0,615.57,58.0,349.03,3.57,295.0,1010.85,
2009,3,2,18,21.41,87.29,11.0,0.0,11.0,349.87,3.12,326.0,1011.11,
2009,3,2,19,19.8,96.8,0.0,0.0,0.0,350.7,2.68,358.0,1011.38,
2009,3,2,20,19.6,97.87,0.0,0.0,0.0,355.4,2.3,35.0,1011.75,
2009,3,2,21,19.4,98.93,0.0,0.0,0.0,360.1,1.93,72.0,1012.11,
2009,3,2,22,19.2,100.0,0.0,0.0,0.0,364.8,1.56,109.0,1012.48,
2009,3,2,23,18.75,100.0,0.0,0.0,0.0,365.72,1.56,110.0,1012.64,
2009,3,3,0,18.29,100.0,0.0,0.0,0.0,366.63,1.56,110.0,1012.81,
2009,3,3,1,17.84,100.0,0.0,0.0,0.0,367.55,1.56,111.0,1012.98,
2009,3,3,2,17.66,100.0,0.0,0.0,0.0,367.03,1.72,104.0,1012.84,
2009,3,3,3,17.49,100.0,0.0,0.0,0.0,366.52,1.89,97.0,1012.71,
2009,3,3,4,17.31,100.0,0.0,0.0,0.0,366.0,2.06,91.0,1012.58,
2009,3,3,5,18.25,100.0,0.0,0.0,0.0,367.77,2.13,87.0,1012.94,
2009,3,3,6,19.2,100.0,0.0,0.0,0.0,369.53,2.21,84.0,1013.31,
2009,3,3,7,20.15,100.0,12.0,0.0,12.0,371.3,2.29,81.0,1013.67,
2009,3,3,8,22.34,86.75,99.0,0.0,99.0,365.97,2.57,128.0,1013.58,
2009,3,3,9,24.53,73.5,336.0,147.02,255.0,360.63,2.86,175.0,1013.48,
2009,3,3,10,26.73,60.25,745.0,914.1,96.0,355.3,3.14,222.0,1013.38,
2009,3,3,11,26.95,60.05,874.0,944.19,102.0,354.1,3.48,227.0,1012.68,
2009,3,3,12,27.17,59.85,933.0,956.66,104.0,352.9,3.81,232.0,1011.98,
2009,3,3,13,27.39,59.65,916.0,951.48,104.0,351.7,4.14,237.0,1011.28,
2009,3,3,14,26.43,64.91,823.0,928.0,100.0,354.62,3.88,241.0,1011.28,
2009,3,3,15,25.46,70.17,665.0,883.34,92.0,357.53,3.61,245.0,1011.28,
2009,3,3,16,24.49,75.43,455.0,798.23,79.0,360.45,3.35,249.0,1011.28,
2009,3,3,17,22.84,83.11,217.0,614.53,57.0,361.33,2.82,262.0,1012.01,
2009,3,3,18,21.19,90.79,11.0,0.0,11.0,362.22,2.29,276.0,1012.74,
2009,3,3,19,19.53,98.47,0.0,0.0,0.0,363.1,1.75,289.0,1013.48,
2009,3,3,20,19.28,98.98,0.0,0.0,0.0,368.43,1.31,331.0,1013.81,
2009,3,3,21,19.02,99.49,0.0,0.0,0.0,373.77,0.86,13.0,1014.14,
2009,3,3,22,18.77,100.0,0.0,0.0,0.0,379.1,0.41,55.0,1014.47,
2009,3,3,23,18.36,100.0,0.0,0.0,0.0,379.1,0.81,64.0,1014.34,
2009,3,4,0,17.96,100.0,0.0,0.0,0.0,379.1,1.21,73.0,1014.21,
2009,3,4,1,17.55,100.0,0.0,0.0,0.0,379.1,1.61,82.0,1014.07,
2009,3,4,2,17.43,100.0,0.0,0.0,0.0,376.65,1.79,79.0,1013.87,
2009,3,4,3,17.31,100.0,0.0,0.0,0.0,374.2,1.96,75.0,1013.67,
2009,3,4,4,17.19,100.0,0.0,0.0,0.0,371.75,2.14,71.0,1013.48,
2009,3,4,5,18.18,100.0,0.0,0.0,0.0,374.32,1.71,65.0,1013.64,
2009,3,4,6,19.18,100.0,0.0,0.0,0.0,376.88,1.27,59.0,1013.81,
2009,3,4,7,20.18,100.0,56.0,70.1,47.0,379.45,0.84,53.0,1013.97,
2009,3,4,8,22.12,86.62,240.0,287.3,138.0,378.3,1.34,112.0,1013.54,
2009,3,4,9,24.06,73.24,555.0,847.37,85.0,377.15,1.83,171.0,1013.11,
2009,3,4,10,26.0,59.86,744.0,909.4,95.0,376.0,2.33,230.0,1012.68,
2009,3,4,11,26.15,59.81,724.0,512.67,303.0,375.15,3.2,233.0,1011.81,
2009,3,4,12,26.3,59.76,792.0,549.47,314.0,374.3,4.06,236.0,1010.95,
2009,3,4,13,26.45,59.71,782.0,507.85,347.0,373.45,4.92,240.0,1010.08,
2009,3,4,14,25.41,66.88,640.0,358.07,360.0,376.38,4.64,246.0,1010.55,
2009,3,4,15,24.36,74.04,520.0,371.58,278.0,379.32,4.36,251.0,1011.01,
2009,3,4,16,23.32,81.21,452.0,790.09,78.0,382.25,4.08,257.0,1011.48,
2009,3,4,17,21.95,86.89,216.0,609.78,56.0,380.93,3.38,265.0,1012.24,
2009,3,4,18,20.58,92.56,12.0,0.0,12.0,379.62,2.68,273.0,1013.01,
2009,3,4,19,19.2,98.24,0.0,0.0,0.0,378.3,1.97,281.0,1013.77,
2009,3,4,20,18.91,98.83,0.0,0.0,0.0,383.23,1.79,226.0,1014.14,
2009,3,4,21,18.62,99.41,0.0,0.0,0.0,388.17,1.61,170.0,1014.51,
2009,3,4,22,18.33,100.0,0.0,0.0,0.0,393.1,1.43,115.0,1014.87,
2009,3,4,23,17.91,100.0,0.0,0.0,0.0,390.98,1.74,112.0,1014.57,
2009,3,5,0,17.5,100.0,0.0,0.0,0.0,388.87,2.04,108.0,1014.27,
2009,3,5,1,17.08,100.0,0.0,0.0,0.0,386.75,2.34,105.0,1013.97,
2009,3,5,2,17.05,100.0,0.0,0.0,0.0,384.53,2.39,102.0,1013.81,
2009,3,5,3,17.02,100.0,0.0,0.0,0.0,382.32,2.43,98.0,1013.64,
2009,3,5,4,16.99,100.0,0.0,0.0,0.0,380.1,2.47,95.0,1013.48,
2009,3,5,5,18.13,100.0,0.0,0.0,0.0,380.73,2.26,99.0,1013.97,
2009,3,5,6,19.28,100.0,0.0,0.0,0.0,381.37,2.06,104.0,1014.47,
2009,3,5,7,20.43,100.0,95.0,431.76,38.0,382.0,1.85,108.0,1014.97,
2009,3,5,8,22.6,89.83,328.0,724.73,68.0,377.37,2.16,144.0,1014.87,
2009,3,5,9,24.77,79.66,556.0,845.28,84.0,372.73,2.47,180.0,1014.77,
2009,3,5,10,26.95,69.49,605.0,415.43,307.0,368.1,2.79,215.0,1014.67,
2009,3,5,11,27.13,68.12,451.0,70.33,393.0,368.08,3.27,221.0,1013.91,
2009,3,5,12,27.31,66.74,465.0,60.69,412.0,368.07,3.76,227.0,1013.14,
2009,3,5,13,27.48,65.37,644.0,238.47,439.0,368.05,4.25,232.0,1012.38,
2009,3,5,14,26.48,70.75,822.0,923.79,97.0,369.38,3.98,237.0,1012.34,
2009,3,5,15,25.48,76.14,664.0,879.43,89.0,370.72,3.71,241.0,1012.31,
2009,3,5,16,24.48,81.52,355.0,357.41,185.0,372.05,3.43,246.0,1012.28,
2009,3,5,17,22.86,87.68,191.0,434.97,76.0,367.0,2.98,260.0,1013.04,
2009,3,5,18,21.25,93.84,13.0,0.0,13.0,361.95,2.52,275.0,1013.81,
2009,3,5,19,19.63,100.0,0.0,0.0,0.0,356.9,2.07,289.0,1014.57,
2009,3,5,20,19.36,100.0,0.0,0.0,0.0,356.62,1.7,327.0,1014.74,
2009,3,5,21,19.08,100.0,0.0,0.0,0.0,356.33,1.33,6.0,1014.91,
2009,3,5,22,18.81,100.0,0.0,0.0,0.0,356.05,0.97,44.0,1015.07,
2009,3,5,23,18.32,100.0,0.0,0.0,0.0,354.58,0.88,47.0,1014.57,
2009,3,6,0,17.82,100.0,0.0,0.0,0.0,353.12,0.79,49.0,1014.07,
2009,3,6,1,17.33,100.0,0.0,0.0,0.0,351.65,0.7,52.0,1013.58,
2009,3,6,2,17.19,100.0,0.0,0.0,0.0,350.48,0.86,51.0,1013.44,
2009,3,6,3,17.04,100.0,0.0,0.0,0.0,349.32,1.02,50.0,1013.31,
2009,3,6,4,16.9,100.0,0.0,0.0,0.0,348.15,1.17,50.0,1013.18,
2009,3,6,5,18.09,100.0,0.0,0.0,0.0,357.1,1.07,52.0,1013.61,
2009,3,6,6,19.28,100.0,0.0,0.0,0.0,366.05,0.97,54.0,1014.04,
2009,3,6,7,20.48,100.0,54.0,36.85,49.0,375.0,0.87,57.0,1014.47,
2009,3,6,8,22.73,87.77,148.0,24.83,139.0,371.53,1.23,115.0,1014.27,
2009,3,6,9,24.98,75.55,479.0,503.44,196.0,368.07,1.59,173.0,1014.07,
2009,3,6,10,27.23,63.32,593.0,381.42,318.0,364.6,1.94,231.0,1013.87,
2009,3,6,11,27.37,62.84,790.0,587.99,303.0,360.9,2.94,236.0,1013.18,
2009,3,6,12,27.51,62.36,952.0,970.8,101.0,357.2,3.93,241.0,1012.48,
2009,3,6,13,27.64,61.88,815.0,552.89,338.0,353.5,4.92,246.0,1011.78,
2009,3,6,14,26.62,67.22,712.0,528.18,296.0,352.02,4.72,250.0,1011.68,
2009,3,6,15,25.59,72.57,680.0,900.44,89.0,350.53,4.51,254.0,1011.58,
2009,3,6,16,24.56,77.91,376.0,426.88,172.0,349.05,4.3,258.0,1011.48,
2009,3,6,17,22.97,85.27,227.0,642.03,56.0,355.8,3.72,279.0,1012.11,
2009,3,6,18,21.38,92.64,17.0,0.0,17.0,362.55,3.14,300.0,1012.74,
2009,3,6,19,19.78,100.0,0.0,0.0,0.0,369.3,2.55,321.0,1013.38,
2009,3,6,20,19.56,100.0,0.0,0.0,0.0,371.77,2.17,346.0,1013.58,
2009,3,6,21,19.34,100.0,0.0,0.0,0.0,374.23,1.78,10.0,1013.77,
2009,3,6,22,19.12,100.0,0.0,0.0,0.0,376.7,1.39,35.0,1013.97,
2009,3,6,23,18.61,100.0,0.0,0.0,0.0,376.9,1.16,40.0,1013.51,
2009,3,7,0,18.11,100.0,0.0,0.0,0.0,377.1,0.92,45.0,1013.04,
2009,3,7,1,17.6,100.0,0.0,0.0,0.0,377.3,0.69,50.0,1012.58,
2009,3,7,2,17.35,100.0,0.0,0.0,0.0,378.07,0.7,50.0,1012.41,
2009,3,7,3,17.11,100.0,0.0,0.0,0.0,378.83,0.71,49.0,1012.24,
2009,3,7,4,16.86,100.0,0.0,0.0,0.0,379.6,0.72,49.0,1012.08,
2009,3,7,5,18.13,100.0,0.0,0.0,0.0,375.13,0.69,49.0,1012.68,
2009,3,7,6,19.4,100.0,0.0,0.0,0.0,370.67,0.67,50.0,1013.28,
2009,3,7,7,20.67,100.0,71.0,136.31,52.0,366.2,0.65,51.0,1013.87,
2009,3,7,8,22.97,86.05,164.0,46.42,147.0,361.07,1.16,354.0,1013.67,
2009,3,7,9,25.27,72.1,342.0,139.61,263.0,355.93,1.67,297.0,1013.48,
2009,3,7,10,27.57,58.15,339.0,40.02,310.0,350.8,2.18,240.0,1013.28,
2009,3,7,11,27.89,57.5,603.0,215.21,424.0,348.57,2.86,243.0,1012.44,
2009,3,7,12,28.22,56.84,722.0,331.86,430.0,346.33,3.53,245.0,1011.61,
2009,3,7,13,28.54,56.19,822.0,559.04,338.0,344.1,4.21,247.0,1010.78,
2009,3,7,14,27.56,61.24,847.0,951.45,95.0,344.6,4.24,253.0,1010.65,
2009,3,7,15,26.58,66.29,687.0,909.21,88.0,345.1,4.27,258.0,1010.51,
2009,3,7,16,25.6,71.34,474.0,826.94,77.0,345.6,4.3,263.0,1010.38,
2009,3,7,17,24.03,80.89,231.0,644.88,58.0,346.0,4.03,285.0,1011.08,
2009,3,7,18,22.47,90.45,14.0,0.0,14.0,346.4,3.76,307.0,1011.78,
2009,3,7,19,20.9,100.0,0.0,0.0,0.0,346.8,3.49,328.0,1012.48,
2009,3,7,20,20.69,100.0,0.0,0.0,0.0,347.77,3.15,348.0,1012.81,
2009,3,7,21,20.48,100.0,0.0,0.0,0.0,348.73,2.81,7.0,1013.14,
2009,3,7,22,20.27,100.0,0.0,0.0,0.0,349.7,2.47,26.0,1013.48,
2009,3,7,23,19.8,100.0,0.0,0.0,0.0,350.32,2.12,32.0,1013.21,
2009,3,8,0,19.33,100.0,0.0,0.0,0.0,350.93,1.78,38.0,1012.94,
2009,3,8,1,18.86,100.0,0.0,0.0,0.0,351.55,1.43,45.0,1012.68,
2009,3,8,2,18.47,100.0,0.0,0.0,0.0,358.97,1.3,46.0,1012.51,
2009,3,8,3,18.09,100.0,0.0,0.0,0.0,366.38,1.17,48.0,1012.34,
2009,3,8,4,17.7,100.0,0.0,0.0,0.0,373.8,1.03,50.0,1012.18,
2009,3,8,5,18.54,99.95,0.0,0.0,0.0,369.52,0.96,53.0,1012.71,
2009,3,8,6,19.38,99.9,0.0,0.0,0.0,365.23,0.89,55.0,1013.24,
2009,3,8,7,20.23,99.85,111.0,489.07,41.0,360.95,0.81,58.0,1013.77,
2009,3,8,8,22.35,85.52,354.0,770.18,69.0,358.95,1.27,117.0,1013.51,
2009,3,8,9,24.48,71.18,588.0,883.02,85.0,356.95,1.72,177.0,1013.24,
2009,3,8,10,26.61,56.85,781.0,943.29,94.0,354.95,2.18,236.0,1012.98,
2009,3,8,11,27.01,56.74,912.0,972.18,100.0,350.17,2.97,240.0,1012.21,
2009,3,8,12,27.41,56.64,834.0,540.11,357.0,345.38,3.77,244.0,1011.45,
2009,3,8,13,27.81,56.53,783.0,489.2,358.0,340.6,4.57,249.0,1010.68,
2009,3,8,14,26.94,60.94,735.0,564.88,287.0,340.17,4.63,254.0,1010.65,
2009,3,8,15,26.06,65.35,566.0,486.96,244.0,339.73,4.69,260.0,1010.61,
2009,3,8,16,25.18,69.76,395.0,489.38,159.0,339.3,4.74,265.0,1010.58,
2009,3,8,17,23.73,79.84,183.0,351.65,88.0,339.82,4.72,289.0,1011.15,
2009,3,8,18,22.29,89.92,10.0,0.0,10.0,340.33,4.69,313.0,1011.71,
2009,3,8,19,20.84,100.0,0.0,0.0,0.0,340.85,4.66,337.0,1012.28,
2009,3,8,20,20.62,100.0,0.0,0.0,0.0,344.65,4.33,354.0,1012.51,
2009,3,8,21,20.39,100.0,0.0,0.0,0.0,348.45,3.99,10.0,1012.74,
2009,3,8,22,20.17,100.0,0.0,0.0,0.0,352.25,3.66,27.0,1012.98,
2009,3,8,23,19.72,100.0,0.0,0.0,0.0,355.9,3.07,31.0,1012.71,
2009,3,9,0,19.28,100.0,0.0,0.0,0.0,359.55,2.49,35.0,1012.44,
2009,3,9,1,18.83,100.0,0.0,0.0,0.0,363.2,1.9,39.0,1012.18,
2009,3,9,2,18.75,100.0,0.0,0.0,0.0,370.2,1.65,43.0,1012.08,
2009,3,9,3,18.68,100.0,0.0,0.0,0.0,377.2,1.39,46.0,1011.98,
2009,3,9,4,18.6,100.0,0.0,0.0,0.0,384.2,1.13,50.0,1011.88,
2009,3,9,5,19.5,100.0,0.0,0.0,0.0,382.5,1.27,54.0,1012.24,
2009,3,9,6,20.4,100.0,0.0,0.0,0.0,380.8,1.41,58.0,1012.61,
2009,3,9,7,21.3,100.0,71.0,115.73,54.0,379.1,1.54,62.0,1012.98,
2009,3,9,8,23.52,83.64,336.0,706.18,72.0,373.57,1.28,114.0,1012.81,
2009,3,9,9,25.75,67.27,435.0,331.36,245.0,368.03,1.01,166.0,1012.64,
2009,3,9,10,27.98,50.91,394.0,72.41,341.0,362.5,0.74,217.0,1012.48,
2009,3,9,11,28.22,51.38,683.0,333.85,403.0,357.08,1.97,228.0,1011.61,
2009,3,9,12,28.47,51.85,728.0,331.69,434.0,351.67,3.2,238.0,1010.75,
2009,3,9,13,28.71,52.32,944.0,968.19,100.0,346.25,4.43,248.0,1009.88,
2009,3,9,14,27.7,57.35,848.0,945.02,96.0,343.18,4.67,255.0,1009.92,
2009,3,9,15,26.68,62.37,686.0,899.6,89.0,340.12,4.91,261.0,1009.95,
2009,3,9,16,25.67,67.4,472.0,815.51,77.0,337.05,5.14,268.0,1009.98,
2009,3,9,17,24.23,76.53,231.0,639.67,57.0,340.2,4.66,290.0,1010.65,
2009,3,9,18,22.79,85.65,20.0,0.0,20.0,343.35,4.17,313.0,1011.31,
2009,3,9,19,21.34,94.78,0.0,0.0,0.0,346.5,3.68,336.0,1011.98,
2009,3,9,20,21.07,96.52,0.0,0.0,0.0,350.02,3.4,351.0,1012.18,
2009,3,9,21,20.8,98.26,0.0,0.0,0.0,353.53,3.11,6.0,1012.38,
2009,3,9,22,20.53,100.0,0.0,0.0,0.0,357.05,2.83,21.0,1012.58,
2009,3,9,23,20.02,100.0,0.0,0.0,0.0,357.5,2.44,28.0,1012.31,
2009,3,10,0,19.51,100.0,0.0,0.0,0.0,357.95,2.06,34.0,1012.04,
2009,3,10,1,19.0,100.0,0.0,0.0,0.0,358.4,1.67,41.0,1011.78,
2009,3,10,2,18.92,100.0,0.0,0.0,0.0,359.8,1.61,43.0,1011.58,
2009,3,10,3,18.84,100.0,0.0,0.0,0.0,361.2,1.56,44.0,1011.38,
2009,3,10,4,18.76,100.0,0.0,0.0,0.0,362.6,1.5,46.0,1011.18,
2009,3,10,5,19.82,100.0,0.0,0.0,0.0,363.62,1.31,46.0,1011.94,
2009,3,10,6,20.88,100.0,0.0,0.0,0.0,364.63,1.12,47.0,1012.71,
2009,3,10,7,21.94,100.0,74.0,119.45,56.0,365.65,0.92,47.0,1013.48,
2009,3,10,8,24.15,86.09,305.0,505.76,114.0,364.33,1.55,3.0,1013.51,
2009,3,10,9,26.36,72.18,435.0,322.27,249.0,363.02,2.17,320.0,1013.54,
2009,3,10,10,28.57,58.27,688.0,609.05,240.0,361.7,2.8,276.0,1013.58,
2009,3,10,11,28.72,56.95,897.0,949.96,97.0,358.98,3.47,271.0,1012.74,
2009,3,10,12,28.87,55.62,953.0,960.01,99.0,356.27,4.14,266.0,1011.91,
2009,3,10,13,29.02,54.3,933.0,954.67,98.0,353.55,4.81,262.0,1011.08,
2009,3,10,14,27.98,58.64,839.0,931.89,95.0,351.93,4.84,265.0,1010.88,
2009,3,10,15,26.93,62.99,679.0,887.43,88.0,350.32,4.87,269.0,1010.68,
2009,3,10,16,25.89,67.33,469.0,807.92,76.0,348.7,4.9,273.0,1010.48,
2009,3,10,17,24.14,77.32,230.0,635.42,56.0,349.65,4.57,292.0,1011.01,
2009,3,10,18,22.39,87.32,20.0,0.0,20.0,350.6,4.23,310.0,1011.55,
2009,3,10,19,20.63,97.31,0.0,0.0,0.0,351.55,3.9,329.0,1012.08,
2009,3,10,20,20.4,98.21,0.0,0.0,0.0,353.15,3.57,346.0,1012.34,
2009,3,10,21,20.17,99.1,0.0,0.0,0.0,354.75,3.24,4.0,1012.61,
2009,3,10,22,19.94,100.0,0.0,0.0,0.0,356.35,2.91,21.0,1012.88,
2009,3,10,23,19.5,100.0,0.0,0.0,0.0,356.45,2.48,27.0,1012.61,
2009,3,11,0,19.05,100.0,0.0,0.0,0.0,356.55,2.05,33.0,1012.34,
2009,3,11,1,18.61,100.0,0.0,0.0,0.0,356.65,1.61,40.0,1012.08,
2009,3,11,2,18.56,100.0,0.0,0.0,0.0,356.22,1.69,42.0,1011.98,
2009,3,11,3,18.5,100.0,0.0,0.0,0.0,355.78,1.76,44.0,1011.88,
2009,3,11,4,18.45,100.0,0.0,0.0,0.0,355.35,1.83,46.0,1011.78,
2009,3,11,5,19.36,100.0,0.0,0.0,0.0,356.77,1.62,51.0,1012.41,
2009,3,11,6,20.28,100.0,0.0,0.0,0.0,358.18,1.4,55.0,1013.04,
2009,3,11,7,21.2,100.0,119.0,504.85,41.0,359.6,1.19,59.0,1013.67,
2009,3,11,8,23.35,87.25,358.0,760.2,68.0,358.4,1.54,117.0,1013.44,
2009,3,11,9,25.51,74.51,588.0,871.06,82.0,357.2,1.9,174.0,1013.21,
2009,3,11,10,27.67,61.76,774.0,923.99,91.0,356.0,2.26,231.0,1012.98,
2009,3,11,11,27.82,60.86,900.0,950.86,96.0,355.48,3.13,236.0,1012.14,
2009,3,11,12,27.98,59.96,955.0,959.98,98.0,354.97,3.99,240.0,1011.31,
2009,3,11,13,28.13,59.06,934.0,952.68,98.0,354.45,4.86,245.0,1010.48,
2009,3,11,14,27.11,63.27,839.0,930.13,94.0,354.7,4.99,252.0,1010.41,
2009,3,11,15,26.08,67.48,679.0,885.88,87.0,354.95,5.12,258.0,1010.35,
2009,3,11,16,25.06,71.69,469.0,806.6,75.0,355.2,5.26,265.0,1010.28,
2009,3,11,17,23.47,80.37,231.0,634.92,56.0,355.92,4.67,280.0,1010.68,
2009,3,11,18,21.89,89.06,21.0,147.66,15.0,356.63,4.09,296.0,1011.08,
2009,3,11,19,20.3,97.74,0.0,0.0,0.0,357.35,3.5,311.0,1011.48,
2009,3,11,20,20.09,98.49,0.0,0.0,0.0,358.52,3.2,342.0,1011.94,
2009,3,11,21,19.87,99.25,0.0,0.0,0.0,359.68,2.91,12.0,1012.41,
2009,3,11,22,19.65,100.0,0.0,0.0,0.0,360.85,2.61,42.0,1012.88,
2009,3,11,23,19.22,100.0,0.0,0.0,0.0,362.95,2.03,60.0,1012.68,
2009,3,12,0,18.78,100.0,0.0,0.0,0.0,365.05,1.46,78.0,1012.48,
2009,3,12,1,18.35,100.0,0.0,0.0,0.0,367.15,0.88,97.0,1012.28,
2009,3,12,2,18.27,100.0,0.0,0.0,0.0,367.95,1.07,94.0,1012.08,
2009,3,12,3,18.2,100.0,0.0,0.0,0.0,368.75,1.25,91.0,1011.88,
2009,3,12,4,18.12,100.0,0.0,0.0,0.0,369.55,1.43,88.0,1011.68,
2009,3,12,5,18.88,100.0,0.0,0.0,0.0,366.43,1.6,81.0,1012.21,
2009,3,12,6,19.64,100.0,0.0,0.0,0.0,363.32,1.77,73.0,1012.74,
2009,3,12,7,20.4,100.0,115.0,454.72,43.0,360.2,1.94,66.0,1013.28,
2009,3,12,8,22.51,88.8,309.0,493.11,119.0,361.1,1.74,116.0,1012.94,
2009,3,12,9,24.63,77.59,540.0,667.06,150.0,362.0,1.54,166.0,1012.61,
2009,3,12,10,26.75,66.39,773.0,919.51,90.0,362.9,1.34,217.0,1012.28,
2009,3,12,11,26.99,64.04,900.0,947.07,96.0,359.07,2.35,224.0,1011.48,
2009,3,12,12,27.23,61.68,842.0,527.99,369.0,355.23,3.36,232.0,1010.68,
2009,3,12,13,27.46,59.33,776.0,457.77,373.0,351.4,4.37,239.0,1009.88,
2009,3,12,14,26.48,63.37,643.0,327.32,380.0,350.07,4.35,242.0,1009.78,
2009,3,12,15,25.49,67.41,503.0,293.8,306.0,348.73,4.33,244.0,1009.68,
2009,3,12,16,24.5,71.45,348.0,297.68,202.0,347.4,4.3,246.0,1009.58,
2009,3,12,17,22.78,79.87,157.0,187.47,105.0,349.02,3.8,250.0,1010.31,
2009,3,12,18,21.06,88.28,16.0,0.0,16.0,350.63,3.3,253.0,1011.05,
2009,3,12,19,19.33,96.7,0.0,0.0,0.0,352.25,2.8,256.0,1011.78,
2009,3,12,20,19.11,97.8,0.0,0.0,0.0,353.2,2.6,301.0,1012.08,
2009,3,12,21,18.89,98.9,0.0,0.0,0.0,354.15,2.4,346.0,1012.38,
2009,3,12,22,18.67,100.0,0.0,0.0,0.0,355.1,2.19,31.0,1012.68,
2009,3,12,23,18.27,100.0,0.0,0.0,0.0,357.65,2.11,40.0,1012.28,
2009,3,13,0,17.86,100.0,0.0,0.0,0.0,360.2,2.04,49.0,1011.88,
2009,3,13,1,17.46,100.0,0.0,0.0,0.0,362.75,1.96,57.0,1011.48,
2009,3,13,2,17.36,100.0,0.0,0.0,0.0,368.93,1.7,53.0,1011.15,
2009,3,13,3,17.26,100.0,0.0,0.0,0.0,375.12,1.43,49.0,1010.81,
2009,3,13,4,17.16,100.0,0.0,0.0,0.0,381.3,1.17,45.0,1010.48,
2009,3,13,5,18.28,100.0,0.0,0.0,0.0,381.3,1.48,50.0,1011.18,
2009,3,13,6,19.4,100.0,0.0,0.0,0.0,381.3,1.78,56.0,1011.88,
2009,3,13,7,20.53,100.0,16.0,0.0,16.0,381.3,2.08,62.0,1012.58,
2009,3,13,8,22.6,94.16,48.0,0.0,48.0,383.47,1.84,106.0,1012.78,
2009,3,13,9,24.67,88.31,105.0,0.0,105.0,385.63,1.6,149.0,1012.98,
2009,3,13,10,26.75,82.47,572.0,290.74,355.0,387.8,1.37,193.0,1013.18,
2009,3,13,11,26.86,84.33,230.0,9.39,222.0,384.97,1.82,202.0,1012.81,
2009,3,13,12,26.98,86.2,512.0,77.87,442.0,382.13,2.27,211.0,1012.44,
2009,3,13,13,27.09,88.06,537.0,103.04,446.0,379.3,2.72,220.0,1012.08,
2009,3,13,14,26.16,91.68,241.0,9.93,233.0,379.38,2.87,218.0,1011.91,
2009,3,13,15,25.23,95.31,386.0,102.57,317.0,379.47,3.03,216.0,1011.75,
2009,3,13,16,24.3,98.93,311.0,192.92,216.0,379.55,3.19,215.0,1011.58,
2009,3,13,17,22.62,99.29,230.0,627.0,55.0,372.42,3.25,233.0,1011.78,
2009,3,13,18,20.94,99.64,22.0,0.0,22.0,365.28,3.31,252.0,1011.98,
2009,3,13,19,19.25,100.0,0.0,0.0,0.0,358.15,3.38,271.0,1012.18,
2009,3,13,20,19.03,100.0,0.0,0.0,0.0,361.22,3.15,313.0,1012.58,
2009,3,13,21,18.8,100.0,0.0,0.0,0.0,364.28,2.93,355.0,1012.98,
2009,3,13,22,18.57,100.0,0.0,0.0,0.0,367.35,2.7,38.0,1013.38,
2009,3,13,23,18.18,100.0,0.0,0.0,0.0,373.03,2.32,57.0,1013.18,
2009,3,14,0,17.78,100.0,0.0,0.0,0.0,378.72,1.94,77.0,1012.98,
2009,3,14,1,17.39,100.0,0.0,0.0,0.0,384.4,1.56,96.0,1012.78,
2009,3,14,2,17.37,100.0,0.0,0.0,0.0,387.35,1.5,91.0,1012.68,
2009,3,14,3,17.36,100.0,0.0,0.0,0.0,390.3,1.45,86.0,1012.58,
2009,3,14,4,17.34,100.0,0.0,0.0,0.0,393.25,1.39,81.0,1012.48,
2009,3,14,5,18.34,100.0,0.0,0.0,0.0,392.08,1.27,86.0,1013.18,
2009,3,14,6,19.34,100.0,0.0,0.0,0.0,390.92,1.14,91.0,1013.87,
2009,3,14,7,20.34,100.0,27.0,0.0,27.0,389.75,1.02,96.0,1014.57,
2009,3,14,8,22.37,98.22,13.0,0.0,13.0,388.72,1.18,126.0,1014.91,
2009,3,14,9,24.41,96.43,416.0,260.08,262.0,387.68,1.33,157.0,1015.24,
2009,3,14,10,26.45,94.65,481.0,145.35,372.0,386.65,1.49,187.0,1015.57,
2009,3,14,11,26.69,91.02,347.0,23.38,327.0,385.4,1.8,193.0,1015.14,
2009,3,14,12,26.93,87.38,718.0,293.8,453.0,384.15,2.11,200.0,1014.71,
2009,3,14,13,27.17,83.75,780.0,456.04,376.0,382.9,2.41,206.0,1014.27,
2009,3,14,14,26.31,83.95,839.0,924.01,92.0,381.73,2.44,215.0,1014.04,
2009,3,14,15,25.44,84.15,681.0,883.12,85.0,380.57,2.47,224.0,1013.81,
2009,3,14,16,24.58,84.35,472.0,805.12,74.0,379.4,2.5,233.0,1013.58,
2009,3,14,17,22.91,89.57,235.0,637.46,56.0,373.45,2.76,274.0,1013.91,
2009,3,14,18,21.25,94.78,24.0,176.05,16.0,367.5,3.03,316.0,1014.24,
2009,3,14,19,19.58,100.0,0.0,0.0,0.0,361.55,3.3,357.0,1014.57,
2009,3,14,20,19.39,100.0,0.0,0.0,0.0,360.92,2.97,12.0,1014.94,
2009,3,14,21,19.19,100.0,0.0,0.0,0.0,360.28,2.65,27.0,1015.31,
2009,3,14,22,18.99,100.0,0.0,0.0,0.0,359.65,2.33,42.0,1015.67,
2009,3,14,23,18.58,100.0,0.0,0.0,0.0,358.7,2.11,44.0,1015.5,
2009,3,15,0,18.17,100.0,0.0,0.0,0.0,357.75,1.88,47.0,1015.34,
2009,3,15,1,17.76,100.0,0.0,0.0,0.0,356.8,1.66,50.0,1015.17,
2009,3,15,2,17.7,100.0,0.0,0.0,0.0,356.0,1.74,51.0,1015.01,
2009,3,15,3,17.63,100.0,0.0,0.0,0.0,355.2,1.83,52.0,1014.84,
2009,3,15,4,17.57,100.0,0.0,0.0,0.0,354.4,1.92,54.0,1014.67,
2009,3,15,5,18.62,100.0,0.0,0.0,0.0,353.42,1.96,54.0,1015.31,
2009,3,15,6,19.67,100.0,0.0,0.0,0.0,352.43,2.0,54.0,1015.94,
2009,3,15,7,20.73,100.0,136.0,547.18,43.0,351.45,2.04,54.0,1016.57,
2009,3,15,8,23.25,84.78,380.0,786.22,68.0,351.38,1.99,98.0,1016.27,
2009,3,15,9,25.78,69.57,612.0,889.48,82.0,351.32,1.94,142.0,1015.97,
2009,3,15,10,28.31,54.35,801.0,942.33,91.0,351.25,1.89,185.0,1015.67,
2009,3,15,11,28.48,52.56,929.0,969.85,96.0,350.73,2.8,206.0,1014.71,
2009,3,15,12,28.66,50.76,984.0,979.02,98.0,350.22,3.7,226.0,1013.74,
2009,3,15,13,28.83,48.97,963.0,974.57,97.0,349.7,4.61,247.0,1012.78,
2009,3,15,14,27.73,53.9,866.0,953.34,93.0,348.85,4.75,255.0,1012.61,
2009,3,15,15,26.62,58.84,703.0,911.38,86.0,348.0,4.89,263.0,1012.44,
2009,3,15,16,25.51,63.77,488.0,832.3,75.0,347.15,5.03,271.0,1012.28,
2009,3,15,17,23.91,74.9,244.0,662.02,57.0,348.18,4.51,301.0,1012.84,
2009,3,15,18,22.31,86.03,26.0,191.48,17.0,349.22,3.99,332.0,1013.41,
2009,3,15,19,20.71,97.16,0.0,0.0,0.0,350.25,3.46,2.0,1013.97,
2009,3,15,20,20.43,98.11,0.0,0.0,0.0,351.52,2.76,16.0,1014.11,
2009,3,15,21,20.14,99.05,0.0,0.0,0.0,352.78,2.06,31.0,1014.24,
2009,3,15,22,19.85,100.0,0.0,0.0,0.0,354.05,1.35,45.0,1014.37,
2009,3,15,23,19.3,100.0,0.0,0.0,0.0,352.82,1.06,47.0,1013.97,
2009,3,16,0,18.75,100.0,0.0,0.0,0.0,351.58,0.76,50.0,1013.58,
2009,3,16,1,18.2,100.0,0.0,0.0,0.0,350.35,0.47,52.0,1013.18,
2009,3,16,2,18.12,100.0,0.0,0.0,0.0,348.5,0.54,53.0,1013.04,
2009,3,16,3,18.04,100.0,0.0,0.0,0.0,346.65,0.62,55.0,1012.91,
2009,3,16,4,17.96,100.0,0.0,0.0,0.0,344.8,0.69,56.0,1012.78,
2009,3,16,5,19.1,96.28,0.0,0.0,0.0,345.08,0.71,59.0,1013.48,
2009,3,16,6,20.24,92.55,0.0,0.0,0.0,345.37,0.73,61.0,1014.17,
2009,3,16,7,21.38,88.83,139.0,552.16,43.0,345.65,0.74,63.0,1014.87,
2009,3,16,8,23.59,77.11,382.0,783.67,68.0,345.42,1.13,117.0,1014.67,
2009,3,16,9,25.8,65.4,613.0,885.64,82.0,345.18,1.51,170.0,1014.47,
2009,3,16,10,28.02,53.68,802.0,939.28,91.0,344.95,1.89,223.0,1014.27,
2009,3,16,11,28.11,53.5,929.0,966.19,96.0,345.43,2.86,232.0,1013.51,
2009,3,16,12,28.21,53.32,984.0,975.83,98.0,345.92,3.84,241.0,1012.74,
2009,3,16,13,28.3,53.14,963.0,971.67,97.0,346.4,4.81,250.0,1011.98,
2009,3,16,14,27.28,57.72,867.0,951.82,93.0,346.13,4.8,256.0,1011.91,
2009,3,16,15,26.25,62.3,704.0,910.07,86.0,345.87,4.8,261.0,1011.85,
2009,3,16,16,25.22,66.88,489.0,831.24,75.0,345.6,4.79,266.0,1011.78,
2009,3,16,17,23.7,77.77,245.0,661.74,57.0,345.78,4.03,293.0,1012.61,
2009,3,16,18,22.19,88.65,27.0,205.99,17.0,345.97,3.28,320.0,1013.44,
2009,3,16,19,20.67,99.54,0.0,0.0,0.0,346.15,2.52,347.0,1014.27,
2009,3,16,20,20.39,99.69,0.0,0.0,0.0,346.4,1.93,8.0,1014.44,
2009,3,16,21,20.1,99.85,0.0,0.0,0.0,346.65,1.33,28.0,1014.61,
2009,3,16,22,19.82,100.0,0.0,0.0,0.0,346.9,0.73,49.0,1014.77,
2009,3,16,23,19.22,100.0,0.0,0.0,0.0,345.92,0.78,51.0,1014.24,
2009,3,17,0,18.61,100.0,0.0,0.0,0.0,344.93,0.83,52.0,1013.71,
2009,3,17,1,18.01,100.0,0.0,0.0,0.0,343.95,0.88,54.0,1013.18,
2009,3,17,2,17.88,100.0,0.0,0.0,0.0,343.0,0.99,53.0,1012.98,
2009,3,17,3,17.76,100.0,0.0,0.0,0.0,342.05,1.09,52.0,1012.78,
2009,3,17,4,17.63,100.0,0.0,0.0,0.0,341.1,1.2,51.0,1012.58,
2009,3,17,5,18.68,99.59,0.0,0.0,0.0,339.67,1.08,51.0,1013.18,
2009,3,17,6,19.73,99.18,0.0,0.0,0.0,338.23,0.96,50.0,1013.77,
2009,3,17,7,20.78,98.77,143.0,556.89,44.0,336.8,0.84,50.0,1014.37,
2009,3,17,8,23.02,83.19,388.0,788.59,69.0,336.7,1.26,357.0,1014.04,
2009,3,17,9,25.27,67.62,620.0,891.82,82.0,336.6,1.69,305.0,1013.71,
2009,3,17,10,27.52,52.04,808.0,942.87,91.0,336.5,2.11,252.0,1013.38,
2009,3,17,11,27.68,51.38,935.0,969.53,96.0,335.83,3.0,254.0,1012.51,
2009,3,17,12,27.84,50.73,990.0,979.29,98.0,335.17,3.89,256.0,1011.65,
2009,3,17,13,27.99,50.07,847.0,545.95,359.0,334.5,4.79,258.0,1010.78,
2009,3,17,14,26.98,54.68,742.0,529.75,310.0,336.3,4.88,264.0,1010.65,
2009,3,17,15,25.97,59.28,592.0,519.75,238.0,338.1,4.98,271.0,1010.51,
2009,3,17,16,24.96,63.89,444.0,652.19,118.0,339.9,5.08,278.0,1010.38,
2009,3,17,17,23.5,72.99,247.0,665.02,57.0,339.88,4.34,304.0,1010.71,
2009,3,17,18,22.05,82.09,19.0,0.0,19.0,339.87,3.6,331.0,1011.05,
2009,3,17,19,20.59,91.19,0.0,0.0,0.0,339.85,2.87,357.0,1011.38,
2009,3,17,20,20.26,94.13,0.0,0.0,0.0,339.58,2.14,15.0,1011.45,
2009,3,17,21,19.93,97.06,0.0,0.0,0.0,339.32,1.42,32.0,1011.51,
2009,3,17,22,19.6,100.0,0.0,0.0,0.0,339.05,0.69,50.0,1011.58,
2009,3,17,23,19.04,100.0,0.0,0.0,0.0,338.88,0.64,52.0,1011.28,
2009,3,18,0,18.48,100.0,0.0,0.0,0.0,338.72,0.59,54.0,1010.98,
2009,3,18,1,17.92,100.0,0.0,0.0,0.0,338.55,0.54,56.0,1010.68,
2009,3,18,2,17.79,100.0,0.0,0.0,0.0,337.65,0.64,56.0,1010.55,
2009,3,18,3,17.65,100.0,0.0,0.0,0.0,336.75,0.74,56.0,1010.41,
2009,3,18,4,17.52,100.0,0.0,0.0,0.0,335.85,0.84,56.0,1010.28,
2009,3,18,5,18.78,96.71,0.0,0.0,0.0,336.47,0.83,56.0,1010.75,
2009,3,18,6,20.04,93.43,0.0,0.0,0.0,337.08,0.82,56.0,1011.21,
2009,3,18,7,21.3,90.14,149.0,572.4,45.0,337.7,0.81,56.0,1011.68,
2009,3,18,8,23.62,75.38,397.0,803.22,69.0,335.95,1.29,2.0,1011.51,
2009,3,18,9,25.95,60.62,631.0,902.89,83.0,334.2,1.76,307.0,1011.35,
2009,3,18,10,28.28,45.86,821.0,955.62,91.0,332.45,2.23,253.0,1011.18,
2009,3,18,11,28.4,45.78,949.0,982.1,96.0,332.93,3.13,255.0,1010.48,
2009,3,18,12,28.52,45.71,1004.0,991.53,98.0,333.42,4.02,256.0,1009.78,
2009,3,18,13,28.64,45.63,981.0,986.15,97.0,333.9,4.91,258.0,1009.08,
2009,3,18,14,27.61,50.27,882.0,963.63,94.0,333.88,4.71,260.0,1009.02,
2009,3,18,15,26.58,54.92,717.0,922.29,87.0,333.87,4.51,262.0,1008.95,
2009,3,18,16,25.55,59.56,499.0,843.28,76.0,333.85,4.32,265.0,1008.88,
2009,3,18,17,24.04,70.41,252.0,678.78,57.0,333.93,3.79,294.0,1009.25,
2009,3,18,18,22.53,81.25,29.0,213.28,18.0,334.02,3.26,323.0,1009.62,
2009,3,18,19,21.02,92.1,0.0,0.0,0.0,334.1,2.73,352.0,1009.98,
2009,3,18,20,20.67,94.73,0.0,0.0,0.0,335.65,2.16,10.0,1010.15,
2009,3,18,21,20.31,97.37,0.0,0.0,0.0,337.2,1.59,28.0,1010.31,
2009,3,18,22,19.95,100.0,0.0,0.0,0.0,338.75,1.02,47.0,1010.48,
2009,3,18,23,19.34,100.0,0.0,0.0,0.0,338.5,0.95,50.0,1010.18,
2009,3,19,0,18.72,100.0,0.0,0.0,0.0,338.25,0.88,52.0,1009.88,
2009,3,19,1,18.11,100.0,0.0,0.0,0.0,338.0,0.81,55.0,1009.58,
2009,3,19,2,17.96,100.0,0.0,0.0,0.0,336.52,0.92,56.0,1009.55,
2009,3,19,3,17.82,100.0,0.0,0.0,0.0,335.03,1.03,56.0,1009.52,
2009,3,19,4,17.67,100.0,0.0,0.0,0.0,333.55,1.13,56.0,1009.48,
2009,3,19,5,18.81,97.96,0.0,0.0,0.0,333.82,1.05,56.0,1010.28,
2009,3,19,6,19.96,95.91,0.0,0.0,0.0,334.08,0.97,57.0,1011.08,
2009,3,19,7,21.11,93.87,153.0,581.86,45.0,334.35,0.9,57.0,1011.88,
2009,3,19,8,23.42,78.68,400.0,803.04,69.0,333.52,1.17,117.0,1011.68,
2009,3,19,9,25.73,63.48,634.0,902.4,83.0,332.68,1.45,176.0,1011.48,
2009,3,19,10,28.04,48.29,824.0,953.97,92.0,331.85,1.72,236.0,1011.28,
2009,3,19,11,28.15,48.29,951.0,980.86,96.0,332.38,2.57,241.0,1010.48,
2009,3,19,12,28.26,48.29,1005.0,989.56,98.0,332.92,3.42,247.0,1009.68,
2009,3,19,13,28.37,48.29,982.0,984.51,97.0,333.45,4.26,253.0,1008.88,
2009,3,19,14,27.32,52.98,883.0,962.26,94.0,333.78,4.27,258.0,1008.88,
2009,3,19,15,26.27,57.68,717.0,919.68,87.0,334.12,4.28,262.0,1008.88,
2009,3,19,16,25.22,62.37,499.0,840.39,76.0,334.45,4.29,267.0,1008.88,
2009,3,19,17,23.65,73.77,253.0,678.6,57.0,334.9,3.77,296.0,1009.42,
2009,3,19,18,22.09,85.17,24.0,0.0,24.0,335.35,3.24,325.0,1009.95,
2009,3,19,19,20.52,96.57,0.0,0.0,0.0,335.8,2.72,353.0,1010.48,
2009,3,19,20,20.19,97.71,0.0,0.0,0.0,338.0,1.92,11.0,1010.75,
2009,3,19,21,19.86,98.86,0.0,0.0,0.0,340.2,1.13,28.0,1011.01,
2009,3,19,22,19.53,100.0,0.0,0.0,0.0,342.4,0.33,45.0,1011.28,
2009,3,19,23,18.99,100.0,0.0,0.0,0.0,342.25,0.46,49.0,1011.18,
2009,3,20,0,18.46,100.0,0.0,0.0,0.0,342.1,0.58,52.0,1011.08,
2009,3,20,1,17.92,100.0,0.0,0.0,0.0,341.95,0.7,55.0,1010.98,
2009,3,20,2,17.79,100.0,0.0,0.0,0.0,341.22,0.81,57.0,1011.05,
2009,3,20,3,17.67,100.0,0.0,0.0,0.0,340.48,0.91,59.0,1011.11,
2009,3,20,4,17.54,100.0,0.0,0.0,0.0,339.75,1.02,61.0,1011.18,
2009,3,20,5,18.79,96.58,0.0,0.0,0.0,340.07,1.31,66.0,1011.91,
2009,3,20,6,20.05,93.16,0.0,0.0,0.0,340.38,1.6,70.0,1012.64,
2009,3,20,7,21.31,89.74,155.0,575.09,46.0,340.7,1.89,74.0,1013.38,
2009,3,20,8,23.55,76.85,400.0,793.27,70.0,339.05,2.06,130.0,1013.24,
2009,3,20,9,25.79,63.95,631.0,892.18,83.0,337.4,2.24,187.0,1013.11,
2009,3,20,10,28.04,51.06,818.0,943.28,91.0,335.75,2.41,243.0,1012.98,
2009,3,20,11,28.14,51.92,943.0,968.24,96.0,336.62,3.39,249.0,1012.41,
2009,3,20,12,28.24,52.78,995.0,975.68,98.0,337.48,4.37,255.0,1011.85,
2009,3,20,13,28.34,53.64,970.0,968.5,97.0,338.35,5.35,261.0,1011.28,
2009,3,20,14,27.31,58.19,872.0,947.56,93.0,340.1,5.09,264.0,1011.35,
2009,3,20,15,26.28,62.75,550.0,371.22,295.0,341.85,4.82,267.0,1011.41,
2009,3,20,16,25.25,67.3,377.0,352.46,199.0,343.6,4.55,270.0,1011.48,
2009,3,20,17,23.66,76.13,190.0,309.97,100.0,344.07,3.69,298.0,1011.94,
2009,3,20,18,22.08,84.97,23.0,0.0,23.0,344.53,2.82,326.0,1012.41,
2009,3,20,19,20.49,93.8,0.0,0.0,0.0,345.0,1.96,353.0,1012.88,
2009,3,20,20,20.22,95.87,0.0,0.0,0.0,346.3,1.4,12.0,1013.18,
2009,3,20,21,19.94,97.93,0.0,0.0,0.0,347.6,0.85,31.0,1013.48,
2009,3,20,22,19.67,100.0,0.0,0.0,0.0,348.9,0.29,49.0,1013.77,
2009,3,20,23,19.24,100.0,0.0,0.0,0.0,348.22,0.31,48.0,1013.58,
2009,3,21,0,18.81,100.0,0.0,0.0,0.0,347.53,0.34,46.0,1013.38,
2009,3,21,1,18.38,100.0,0.0,0.0,0.0,346.85,0.36,45.0,1013.18,
2009,3,21,2,18.32,100.0,0.0,0.0,0.0,346.35,0.45,47.0,1013.04,
2009,3,21,3,18.25,100.0,0.0,0.0,0.0,345.85,0.53,50.0,1012.91,
2009,3,21,4,18.19,100.0,0.0,0.0,0.0,345.35,0.62,52.0,1012.78,
2009,3,21,5,19.19,98.5,0.0,0.0,0.0,345.67,0.71,59.0,1013.34,
2009,3,21,6,20.2,97.0,0.0,0.0,0.0,345.98,0.8,66.0,1013.91,
2009,3,21,7,21.21,95.5,156.0,568.59,46.0,346.3,0.88,73.0,1014.47,
2009,3,21,8,23.37,82.44,400.0,786.08,70.0,345.7,1.36,130.0,1014.11,
2009,3,21,9,25.54,69.39,629.0,883.73,83.0,345.1,1.84,187.0,1013.74,
2009,3,21,10,27.71,56.33,815.0,935.32,91.0,344.5,2.32,245.0,1013.38,
2009,3,21,11,27.78,55.92,940.0,961.45,96.0,344.68,2.94,248.0,1012.38,
2009,3,21,12,27.86,55.52,993.0,970.62,98.0,344.87,3.57,251.0,1011.38,
2009,3,21,13,27.93,55.11,970.0,965.92,97.0,345.05,4.19,254.0,1010.38,
2009,3,21,14,26.87,59.69,872.0,945.13,93.0,344.02,4.37,258.0,1010.21,
2009,3,21,15,25.8,64.28,709.0,903.06,87.0,342.98,4.55,263.0,1010.05,
2009,3,21,16,24.73,68.86,495.0,828.93,75.0,341.95,4.73,267.0,1009.88,
2009,3,21,17,23.14,78.29,252.0,668.15,57.0,341.72,4.31,290.0,1010.45,
2009,3,21,18,21.55,87.72,31.0,214.28,19.0,341.48,3.89,312.0,1011.01,
2009,3,21,19,19.95,97.15,0.0,0.0,0.0,341.25,3.48,335.0,1011.58,
2009,3,21,20,19.74,98.1,0.0,0.0,0.0,342.43,2.92,357.0,1011.58,
2009,3,21,21,19.53,99.05,0.0,0.0,0.0,343.62,2.36,19.0,1011.58,
2009,3,21,22,19.32,100.0,0.0,0.0,0.0,344.8,1.81,42.0,1011.58,
2009,3,21,23,18.84,100.0,0.0,0.0,0.0,344.13,1.54,44.0,1011.01,
2009,3,22,0,18.36,100.0,0.0,0.0,0.0,343.47,1.28,46.0,1010.45,
2009,3,22,1,17.88,100.0,0.0,0.0,0.0,342.8,1.02,49.0,1009.88,
2009,3,22,2,17.76,100.0,0.0,0.0,0.0,341.88,0.97,51.0,1009.55,
2009,3,22,3,17.64,100.0,0.0,0.0,0.0,340.97,0.91,53.0,1009.22,
2009,3,22,4,17.52,100.0,0.0,0.0,0.0,340.05,0.86,55.0,1008.88,
2009,3,22,5,18.52,96.51,0.0,0.0,0.0,339.3,0.8,54.0,1009.42,
2009,3,22,6,19.53,93.01,0.0,0.0,0.0,338.55,0.74,52.0,1009.95,
2009,3,22,7,20.54,89.52,164.0,592.76,47.0,337.8,0.68,51.0,1010.48,
2009,3,22,8,22.77,77.55,412.0,807.38,70.0,337.47,1.6,357.0,1010.35,
2009,3,22,9,25.01,65.59,540.0,537.48,206.0,337.13,2.51,303.0,1010.21,
2009,3,22,10,27.25,53.62,688.0,505.54,295.0,336.8,3.43,249.0,1010.08,
2009,3,22,11,27.36,53.53,809.0,508.59,361.0,337.65,3.78,250.0,1009.42,
2009,3,22,12,27.47,53.45,812.0,441.18,404.0,338.5,4.13,250.0,1008.75,
2009,3,22,13,27.58,53.36,806.0,463.49,386.0,339.35,4.48,251.0,1008.09,
2009,3,22,14,26.54,59.41,644.0,294.09,401.0,340.9,4.29,253.0,1008.25,
2009,3,22,15,25.49,65.45,652.0,695.07,172.0,342.45,4.11,255.0,1008.42,
2009,3,22,16,24.44,71.5,421.0,497.75,168.0,344.0,3.92,257.0,1008.58,
2009,3,22,17,22.9,81.0,209.0,409.11,89.0,344.78,3.46,277.0,1009.35,
2009,3,22,18,21.37,90.5,24.0,87.04,19.0,345.57,3.0,298.0,1010.12,
2009,3,22,19,19.83,100.0,0.0,0.0,0.0,346.35,2.54,319.0,1010.88,
2009,3,22,20,19.57,100.0,0.0,0.0,0.0,346.5,1.99,350.0,1010.95,
2009,3,22,21,19.31,100.0,0.0,0.0,0.0,346.65,1.44,22.0,1011.01,
2009,3,22,22,19.05,100.0,0.0,0.0,0.0,346.8,0.9,53.0,1011.08,
2009,3,22,23,18.52,100.0,0.0,0.0,0.0,346.8,0.85,55.0,1010.51,
2009,3,23,0,17.99,100.0,0.0,0.0,0.0,346.8,0.8,57.0,1009.95,
2009,3,23,1,17.46,100.0,0.0,0.0,0.0,346.8,0.74,59.0,1009.38,
2009,3,23,2,17.38,100.0,0.0,0.0,0.0,346.75,0.75,57.0,1009.12,
2009,3,23,3,17.29,100.0,0.0,0.0,0.0,346.7,0.75,55.0,1008.85,
2009,3,23,4,17.21,100.0,0.0,0.0,0.0,346.65,0.76,54.0,1008.58,
2009,3,23,5,18.4,94.88,0.0,0.0,0.0,345.12,0.9,49.0,1009.32,
2009,3,23,6,19.59,89.75,0.0,0.0,0.0,343.58,1.04,44.0,1010.05,
2009,3,23,7,20.79,84.63,166.0,591.17,47.0,342.05,1.19,39.0,1010.78,
2009,3,23,8,23.04,73.22,414.0,802.59,71.0,340.78,1.63,347.0,1010.68,
2009,3,23,9,25.29,61.82,646.0,899.23,84.0,339.52,2.07,296.0,1010.58,
2009,3,23,10,27.54,50.41,834.0,950.46,92.0,338.25,2.51,244.0,1010.48,
2009,3,23,11,27.67,50.26,959.0,975.3,97.0,339.45,3.05,245.0,1009.78,
2009,3,23,12,27.81,50.12,1011.0,983.37,99.0,340.65,3.59,246.0,1009.08,
2009,3,23,13,27.94,49.97,986.0,977.45,98.0,341.85,4.12,248.0,1008.38,
2009,3,23,14,26.9,55.13,886.0,956.17,94.0,342.88,4.17,251.0,1008.48,
2009,3,23,15,25.85,60.29,721.0,915.73,87.0,343.92,4.22,254.0,1008.58,
2009,3,23,16,24.81,65.45,504.0,839.42,76.0,344.95,4.26,258.0,1008.68,
2009,3,23,17,23.22,74.42,258.0,678.5,58.0,344.7,3.78,277.0,1009.35,
2009,3,23,18,21.63,83.39,34.0,237.77,20.0,344.45,3.3,297.0,1010.02,
2009,3,23,19,20.03,92.36,0.0,0.0,0.0,344.2,2.81,316.0,1010.68,
2009,3,23,20,19.81,94.91,0.0,0.0,0.0,345.27,2.15,348.0,1010.78,
2009,3,23,21,19.58,97.45,0.0,0.0,0.0,346.33,1.49,20.0,1010.88,
2009,3,23,22,19.36,100.0,0.0,0.0,0.0,347.4,0.83,52.0,1010.98,
2009,3,23,23,18.89,100.0,0.0,0.0,0.0,346.3,0.72,52.0,1010.78,
2009,3,24,0,18.43,100.0,0.0,0.0,0.0,345.2,0.62,53.0,1010.58,
2009,3,24,1,17.96,100.0,0.0,0.0,0.0,344.1,0.51,54.0,1010.38,
2009,3,24,2,17.59,100.0,0.0,0.0,0.0,346.28,0.43,55.0,1010.38,
2009,3,24,3,17.23,100.0,0.0,0.0,0.0,348.47,0.35,56.0,1010.38,
2009,3,24,4,16.86,100.0,0.0,0.0,0.0,350.65,0.28,57.0,1010.38,
2009,3,24,5,17.91,98.94,0.0,0.0,0.0,350.62,0.51,55.0,1011.35,
2009,3,24,6,18.97,97.87,0.0,0.0,0.0,350.58,0.74,52.0,1012.31,
2009,3,24,7,20.03,96.81,164.0,579.92,45.0,350.55,0.98,49.0,1013.28,
2009,3,24,8,22.24,83.06,423.0,816.49,71.0,348.82,1.14,353.0,1012.88,
2009,3,24,9,24.46,69.3,657.0,911.69,84.0,347.08,1.29,296.0,1012.48,
2009,3,24,10,26.68,55.55,845.0,959.29,93.0,345.35,1.45,239.0,1012.08,
2009,3,24,11,26.95,54.12,746.0,377.78,411.0,343.18,2.4,244.0,1011.21,
2009,3,24,12,27.22,52.68,1021.0,991.38,99.0,341.02,3.34,248.0,1010.35,
2009,3,24,13,27.48,51.25,996.0,986.0,98.0,338.85,4.29,252.0,1009.48,
2009,3,24,14,26.52,55.83,895.0,963.53,95.0,338.65,4.55,257.0,1009.48,
2009,3,24,15,25.55,60.4,728.0,922.09,88.0,338.45,4.8,262.0,1009.48,
2009,3,24,16,24.59,64.98,509.0,844.71,77.0,338.25,5.06,266.0,1009.48,
2009,3,24,17,23.0,73.49,261.0,685.36,58.0,338.33,4.54,285.0,1010.18,
2009,3,24,18,21.41,81.99,35.0,248.74,20.0,338.42,4.02,305.0,1010.88,
2009,3,24,19,19.81,90.5,0.0,0.0,0.0,338.5,3.5,324.0,1011.58,
2009,3,24,20,19.64,93.67,0.0,0.0,0.0,341.3,3.05,347.0,1011.68,
2009,3,24,21,19.46,96.83,0.0,0.0,0.0,344.1,2.59,10.0,1011.78,
2009,3,24,22,19.28,100.0,0.0,0.0,0.0,346.9,2.14,33.0,1011.88,
2009,3,24,23,18.87,100.0,0.0,0.0,0.0,348.42,1.89,35.0,1011.55,
2009,3,25,0,18.46,100.0,0.0,0.0,0.0,349.93,1.65,36.0,1011.21,
2009,3,25,1,18.05,100.0,0.0,0.0,0.0,351.45,1.41,38.0,1010.88,
2009,3,25,2,17.76,100.0,0.0,0.0,0.0,351.55,1.42,40.0,1010.75,
2009,3,25,3,17.46,100.0,0.0,0.0,0.0,351.65,1.43,41.0,1010.61,
2009,3,25,4,17.17,100.0,0.0,0.0,0.0,351.75,1.43,43.0,1010.48,
2009,3,25,5,17.91,97.29,0.0,0.0,0.0,350.67,1.21,47.0,1011.08,
2009,3,25,6,18.65,94.58,0.0,0.0,0.0,349.58,0.99,51.0,1011.68,
2009,3,25,7,19.4,91.87,176.0,607.38,49.0,348.5,0.77,54.0,1012.28,
2009,3,25,8,21.54,80.57,390.0,692.2,89.0,348.05,1.29,356.0,1011.98,
2009,3,25,9,23.68,69.28,658.0,906.65,85.0,347.6,1.81,298.0,1011.68,
2009,3,25,10,25.83,57.98,847.0,957.93,93.0,347.15,2.33,239.0,1011.38,
2009,3,25,11,25.89,58.01,973.0,983.55,98.0,348.5,3.01,242.0,1010.48,
2009,3,25,12,25.95,58.04,1024.0,990.82,100.0,349.85,3.68,245.0,1009.58,
2009,3,25,13,26.01,58.07,998.0,984.7,99.0,351.2,4.36,248.0,1008.68,
2009,3,25,14,24.89,63.92,778.0,567.17,306.0,352.32,4.31,251.0,1008.68,
2009,3,25,15,23.76,69.76,627.0,582.1,222.0,353.43,4.26,254.0,1008.68,
2009,3,25,16,22.63,75.61,427.0,502.99,169.0,354.55,4.21,257.0,1008.68,
2009,3,25,17,21.44,81.57,193.0,295.7,105.0,347.7,3.75,276.0,1009.05,
2009,3,25,18,20.25,87.52,30.0,145.83,21.0,340.85,3.3,295.0,1009.42,
2009,3,25,19,19.06,93.48,0.0,0.0,0.0,334.0,2.84,314.0,1009.78,
2009,3,25,20,18.83,95.65,0.0,0.0,0.0,334.73,2.62,345.0,1009.98,
2009,3,25,21,18.59,97.83,0.0,0.0,0.0,335.47,2.4,15.0,1010.18,
2009,3,25,22,18.36,100.0,0.0,0.0,0.0,336.2,2.18,45.0,1010.38,
2009,3,25,23,17.88,100.0,0.0,0.0,0.0,336.25,2.15,38.0,1010.05,
2009,3,26,0,17.39,100.0,0.0,0.0,0.0,336.3,2.11,30.0,1009.72,
2009,3,26,1,16.91,100.0,0.0,0.0,0.0,336.35,2.08,23.0,1009.38,
2009,3,26,2,16.6,100.0,0.0,0.0,0.0,339.25,1.77,29.0,1009.08,
2009,3,26,3,16.3,100.0,0.0,0.0,0.0,342.15,1.45,35.0,1008.78,
2009,3,26,4,15.99,100.0,0.0,0.0,0.0,345.05,1.13,41.0,1008.48,
2009,3,26,5,17.01,99.39,0.0,0.0,0.0,355.8,0.8,51.0,1009.22,
2009,3,26,6,18.03,98.77,0.0,0.0,0.0,366.55,0.47,62.0,1009.95,
2009,3,26,7,19.06,98.16,181.0,615.09,50.0,377.3,0.14,72.0,1010.68,
2009,3,26,8,21.04,85.6,388.0,663.55,97.0,372.93,0.66,126.0,1010.25,
2009,3,26,9,23.02,73.04,633.0,819.88,112.0,368.57,1.19,179.0,1009.82,
2009,3,26,10,25.0,60.48,859.0,969.28,93.0,364.2,1.71,233.0,1009.38,
2009,3,26,11,25.21,60.85,984.0,992.76,98.0,359.87,2.61,237.0,1008.62,
2009,3,26,12,25.42,61.23,1034.0,998.87,100.0,355.53,3.51,241.0,1007.85,
2009,3,26,13,25.63,61.6,1006.0,991.11,99.0,351.2,4.41,245.0,1007.09,
2009,3,26,14,24.65,68.37,903.0,968.73,95.0,350.23,4.33,247.0,1007.19,
2009,3,26,15,23.66,75.13,734.0,926.3,88.0,349.27,4.24,249.0,1007.29,
2009,3,26,16,22.68,81.9,514.0,849.51,77.0,348.3,4.15,250.0,1007.39,
2009,3,26,17,21.55,87.93,265.0,689.02,59.0,345.2,3.41,263.0,1008.19,
2009,3,26,18,20.43,93.97,37.0,253.5,21.0,342.1,2.66,276.0,1008.98,
2009,3,26,19,19.3,100.0,0.0,0.0,0.0,339.0,1.92,289.0,1009.78,
2009,3,26,20,18.98,100.0,0.0,0.0,0.0,339.87,1.49,333.0,1010.08,
2009,3,26,21,18.65,100.0,0.0,0.0,0.0,340.73,1.07,16.0,1010.38,
2009,3,26,22,18.32,100.0,0.0,0.0,0.0,341.6,0.65,60.0,1010.68,
2009,3,26,23,17.81,100.0,0.0,0.0,0.0,340.38,0.76,56.0,1010.48,
2009,3,27,0,17.31,100.0,0.0,0.0,0.0,339.17,0.87,53.0,1010.28,
2009,3,27,1,16.8,100.0,0.0,0.0,0.0,337.95,0.98,50.0,1010.08,
2009,3,27,2,16.39,100.0,0.0,0.0,0.0,338.58,1.25,51.0,1009.75,
2009,3,27,3,15.98,100.0,0.0,0.0,0.0,339.22,1.52,51.0,1009.42,
2009,3,27,4,15.57,100.0,0.0,0.0,0.0,339.85,1.79,52.0,1009.08,
2009,3,27,5,16.89,99.75,0.0,0.0,0.0,339.48,1.6,58.0,1009.62,
2009,3,27,6,18.21,99.49,0.0,0.0,0.0,339.12,1.41,63.0,1010.15,
2009,3,27,7,19.54,99.24,147.0,364.32,68.0,338.75,1.21,69.0,1010.68,
2009,3,27,8,21.71,84.76,435.0,820.84,72.0,335.87,1.43,123.0,1010.38,
2009,3,27,9,23.89,70.27,669.0,914.1,85.0,332.98,1.65,177.0,1010.08,
2009,3,27,10,26.07,55.79,856.0,960.43,94.0,330.1,1.86,231.0,1009.78,
2009,3,27,11,26.29,56.46,981.0,986.32,98.0,329.28,2.71,237.0,1009.18,
2009,3,27,12,26.51,57.14,1032.0,994.14,100.0,328.47,3.56,244.0,1008.58,
2009,3,27,13,26.73,57.81,1005.0,987.73,99.0,327.65,4.41,251.0,1007.99,
2009,3,27,14,25.76,61.66,904.0,967.81,95.0,328.03,4.31,255.0,1007.92,
2009,3,27,15,24.78,65.5,737.0,928.46,88.0,328.42,4.21,259.0,1007.85,
2009,3,27,16,23.8,69.35,517.0,852.93,77.0,328.8,4.11,262.0,1007.79,
2009,3,27,17,22.15,78.37,268.0,695.88,59.0,329.18,3.47,283.0,1008.52,
2009,3,27,18,20.51,87.4,39.0,279.03,21.0,329.57,2.83,303.0,1009.25,
2009,3,27,19,18.86,96.42,0.0,0.0,0.0,329.95,2.19,324.0,1009.98,
2009,3,27,20,18.61,97.61,0.0,0.0,0.0,330.8,1.75,351.0,1010.35,
2009,3,27,21,18.36,98.81,0.0,0.0,0.0,331.65,1.3,19.0,1010.71,
2009,3,27,22,18.11,100.0,0.0,0.0,0.0,332.5,0.86,46.0,1011.08,
2009,3,27,23,17.64,100.0,0.0,0.0,0.0,332.87,0.64,49.0,1010.85,
2009,3,28,0,17.17,100.0,0.0,0.0,0.0,333.23,0.43,51.0,1010.61,
2009,3,28,1,16.7,100.0,0.0,0.0,0.0,333.6,0.22,53.0,1010.38,
2009,3,28,2,16.3,100.0,0.0,0.0,0.0,336.25,0.45,54.0,1010.15,
2009,3,28,3,15.9,100.0,0.0,0.0,0.0,338.9,0.68,55.0,1009.92,
2009,3,28,4,15.5,100.0,0.0,0.0,0.0,341.55,0.91,56.0,1009.68,
2009,3,28,5,16.7,99.15,0.0,0.0,0.0,339.62,0.97,63.0,1010.41,
2009,3,28,6,17.9,98.3,0.0,0.0,0.0,337.68,1.02,70.0,1011.15,
2009,3,28,7,19.11,97.45,189.0,625.31,51.0,335.75,1.08,77.0,1011.88,
2009,3,28,8,21.27,85.0,440.0,823.1,73.0,335.22,1.45,125.0,1011.75,
2009,3,28,9,23.43,72.54,673.0,913.95,86.0,334.68,1.83,174.0,1011.61,
2009,3,28,10,25.59,60.09,858.0,959.23,94.0,334.15,2.21,222.0,1011.48,
2009,3,28,11,25.94,59.85,980.0,981.09,99.0,331.52,3.09,228.0,1011.11,
2009,3,28,12,26.29,59.62,1029.0,988.42,100.0,328.88,3.98,235.0,1010.75,
2009,3,28,13,26.63,59.38,1001.0,981.16,99.0,326.25,4.87,241.0,1010.38,
2009,3,28,14,25.71,63.79,900.0,960.97,95.0,328.42,4.46,242.0,1010.38,
2009,3,28,15,24.79,68.2,733.0,920.68,88.0,330.58,4.04,242.0,1010.38,
2009,3,28,16,23.87,72.61,514.0,844.79,77.0,332.75,3.63,243.0,1010.38,
2009,3,28,17,22.33,81.74,266.0,686.16,59.0,333.92,3.31,248.0,1011.15,
2009,3,28,18,20.8,90.87,39.0,273.17,21.0,335.08,3.0,252.0,1011.91,
2009,3,28,19,19.26,100.0,0.0,0.0,0.0,336.25,2.69,257.0,1012.68,
2009,3,28,20,18.99,100.0,0.0,0.0,0.0,337.85,2.12,314.0,1013.18,
2009,3,28,21,18.71,100.0,0.0,0.0,0.0,339.45,1.56,10.0,1013.67,
2009,3,28,22,18.44,100.0,0.0,0.0,0.0,341.05,0.99,67.0,1014.17,
2009,3,28,23,17.94,100.0,0.0,0.0,0.0,343.08,0.9,67.0,1013.84,
2009,3,29,0,17.43,100.0,0.0,0.0,0.0,345.12,0.8,68.0,1013.51,
2009,3,29,1,16.93,100.0,0.0,0.0,0.0,347.15,0.7,68.0,1013.18,
2009,3,29,2,16.57,100.0,0.0,0.0,0.0,349.13,0.74,64.0,1012.98,
2009,3,29,3,16.21,100.0,0.0,0.0,0.0,351.12,0.78,59.0,1012.78,
2009,3,29,4,15.85,100.0,0.0,0.0,0.0,353.1,0.81,55.0,1012.58,
2009,3,29,5,16.96,100.0,0.0,0.0,0.0,358.47,0.78,57.0,1012.98,
2009,3,29,6,18.08,100.0,0.0,0.0,0.0,363.83,0.75,60.0,1013.38,
2009,3,29,7,19.2,100.0,188.0,610.19,51.0,369.2,0.72,62.0,1013.77,
2009,3,29,8,21.49,86.83,433.0,803.12,72.0,361.93,1.34,120.0,1013.41,
2009,3,29,9,23.78,73.67,662.0,893.73,85.0,354.67,1.96,177.0,1013.04,
2009,3,29,10,26.08,60.5,845.0,940.6,93.0,347.4,2.58,235.0,1012.68,
2009,3,29,11,26.25,59.32,967.0,964.85,98.0,344.95,3.33,238.0,1012.04,
2009,3,29,12,26.43,58.15,1015.0,971.11,100.0,342.5,4.08,242.0,1011.41,
2009,3,29,13,26.6,56.97,987.0,963.82,99.0,340.05,4.83,245.0,1010.78,
2009,3,29,14,25.57,62.05,885.0,941.11,95.0,341.77,4.74,248.0,1010.78,
2009,3,29,15,24.53,67.14,719.0,898.74,88.0,343.48,4.65,251.0,1010.78,
2009,3,29,16,23.49,72.22,503.0,821.32,77.0,345.2,4.57,253.0,1010.78,
2009,3,29,17,21.95,79.91,260.0,663.35,59.0,343.88,4.04,267.0,1011.51,
2009,3,29,18,20.42,87.6,38.0,252.7,21.0,342.57,3.51,280.0,1012.24,
2009,3,29,19,18.88,95.29,0.0,0.0,0.0,341.25,2.98,294.0,1012.98,
2009,3,29,20,18.66,96.86,0.0,0.0,0.0,340.68,2.87,320.0,1013.18,
2009,3,29,21,18.43,98.43,0.0,0.0,0.0,340.12,2.77,346.0,1013.38,
2009,3,29,22,18.21,100.0,0.0,0.0,0.0,339.55,2.66,13.0,1013.58,
2009,3,29,23,17.83,100.0,0.0,0.0,0.0,342.58,2.57,11.0,1013.28,
2009,3,30,0,17.44,100.0,0.0,0.0,0.0,345.62,2.49,10.0,1012.98,
2009,3,30,1,17.06,100.0,0.0,0.0,0.0,348.65,2.4,9.0,1012.68,
2009,3,30,2,16.81,100.0,0.0,0.0,0.0,350.98,2.18,18.0,1012.44,
2009,3,30,3,16.55,100.0,0.0,0.0,0.0,353.32,1.97,28.0,1012.21,
2009,3,30,4,16.3,100.0,0.0,0.0,0.0,355.65,1.75,38.0,1011.98,
2009,3,30,5,17.22,97.93,0.0,0.0,0.0,357.42,1.55,39.0,1012.44,
2009,3,30,6,18.14,95.86,0.0,0.0,0.0,359.18,1.36,40.0,1012.91,
2009,3,30,7,19.06,93.79,188.0,600.02,51.0,360.95,1.16,42.0,1013.38,
2009,3,30,8,21.29,81.63,430.0,790.14,72.0,356.57,1.85,352.0,1012.94,
2009,3,30,9,23.52,69.48,655.0,878.39,85.0,352.18,2.54,301.0,1012.51,
2009,3,30,10,25.76,57.32,836.0,925.89,93.0,347.8,3.23,251.0,1012.08,
2009,3,30,11,26.0,56.71,957.0,950.96,98.0,344.75,3.76,253.0,1011.38,
2009,3,30,12,26.24,56.11,1006.0,959.23,100.0,341.7,4.29,254.0,1010.68,
2009,3,30,13,26.48,55.5,981.0,955.27,99.0,338.65,4.83,255.0,1009.98,
2009,3,30,14,25.55,59.5,883.0,936.84,95.0,337.8,4.72,258.0,1009.75,
2009,3,30,15,24.62,63.49,718.0,895.42,88.0,336.95,4.61,260.0,1009.52,
2009,3,30,16,23.69,67.49,503.0,819.17,77.0,336.1,4.5,263.0,1009.28,
2009,3,30,17,22.14,76.85,260.0,660.51,59.0,337.32,4.01,266.0,1009.82,
2009,3,30,18,20.59,86.21,39.0,262.22,21.0,338.53,3.52,268.0,1010.35,
2009,3,30,19,19.04,95.57,0.0,0.0,0.0,339.75,3.03,271.0,1010.88,
2009,3,30,20,18.92,97.05,0.0,0.0,0.0,341.37,2.93,289.0,1011.15,
2009,3,30,21,18.8,98.52,0.0,0.0,0.0,342.98,2.83,307.0,1011.41,
2009,3,30,22,18.67,100.0,0.0,0.0,0.0,344.6,2.73,325.0,1011.68,
2009,3,30,23,18.25,100.0,0.0,0.0,0.0,345.87,2.47,348.0,1011.35,
2009,3,31,0,17.84,100.0,0.0,0.0,0.0,347.13,2.21,11.0,1011.01,
2009,3,31,1,17.42,100.0,0.0,0.0,0.0,348.4,1.94,34.0,1010.68,
2009,3,31,2,17.43,100.0,0.0,0.0,0.0,348.72,1.77,37.0,1010.45,
2009,3,31,3,17.44,100.0,0.0,0.0,0.0,349.03,1.59,39.0,1010.21,
2009,3,31,4,17.45,100.0,0.0,0.0,0.0,349.35,1.41,41.0,1009.98,
2009,3,31,5,18.87,99.63,0.0,0.0,0.0,355.35,1.4,80.0,1010.61,
2009,3,31,6,20.29,99.27,0.0,0.0,0.0,361.35,1.4,118.0,1011.25,
2009,3,31,7,21.71,98.9,67.0,0.0,67.0,367.35,1.39,156.0,1011.88,
2009,3,31,8,23.45,89.65,187.0,26.28,175.0,363.85,1.83,182.0,1011.58,
2009,3,31,9,28.47,64.93,457.0,234.6,304.0,361.06,3.67,207.0,1011.28,
2009,3,31,10,27.68,67.45,652.0,347.65,372.0,358.06,3.63,233.0,1010.98,
2009,3,31,11,26.89,69.97,718.0,295.85,450.0,355.06,3.59,237.0,1010.45,
2009,3,31,12,26.09,72.5,655.0,167.94,496.0,352.05,3.54,242.0,1009.92,
2009,3,31,13,25.3,75.02,706.0,252.91,472.0,349.05,3.5,246.0,1009.38,
2009,3,31,14,24.51,77.55,475.0,81.87,406.0,346.05,3.46,248.0,1009.38,
2009,3,31,15,23.72,80.07,480.0,218.43,326.0,343.05,3.41,250.0,1009.38,
2009,3,31,16,22.93,82.59,337.0,212.9,226.0,340.05,3.37,251.0,1009.38,
2009,3,31,17,22.14,85.12,269.0,657.22,69.0,337.05,3.33,300.0,1008.15,
2009,3,31,18,21.35,87.64,39.0,218.52,24.0,334.04,3.28,337.0,1008.82,
2009,3,31,19,20.56,90.16,0.0,0.0,0.0,331.04,3.24,14.0,1009.48,
2009,3,31,20,19.77,92.69,0.0,0.0,0.0,328.04,3.2,25.0,1009.58,
2009,3,31,21,18.97,95.21,0.0,0.0,0.0,325.04,3.15,37.0,1009.68,
2009,3,31,22,18.18,97.73,0.0,0.0,0.0,322.04,3.11,49.0,1009.78,
2009,3,31,23,17.39,100.0,0.0,0.0,0.0,319.04,3.07,50.0,1009.28,
2011,4,1,0,16.6,100.0,0.0,0.0,0.0,316.03,3.02,51.0,1008.78,
2011,4,1,1,16.37,100.0,0.0,0.0,0.0,324.05,0.79,52.0,1008.29,
2011,4,1,2,16.33,100.0,0.0,0.0,0.0,323.48,0.93,53.0,1008.22,
2011,4,1,3,16.29,100.0,0.0,0.0,0.0,322.92,1.08,53.0,1008.15,
2011,4,1,4,16.25,100.0,0.0,0.0,0.0,322.35,1.23,54.0,1008.09,
2011,4,1,5,17.78,97.6,0.0,0.0,0.0,321.37,0.97,56.0,1008.92,
2011,4,1,6,19.3,95.19,0.0,0.0,0.0,320.38,0.72,57.0,1009.75,
2011,4,1,7,20.82,92.79,192.0,573.02,59.0,319.4,0.47,59.0,1010.58,
2011,4,1,8,22.69,78.26,442.0,781.81,85.0,317.8,1.02,114.0,1010.41,
2011,4,1,9,24.56,63.74,674.0,878.6,101.0,316.2,1.56,169.0,1010.25,
2011,4,1,10,26.43,49.21,861.0,931.21,111.0,314.6,2.11,223.0,1010.08,
2011,4,1,11,26.54,49.65,984.0,958.19,116.0,315.13,2.66,229.0,1009.45,
2011,4,1,12,26.64,50.09,1035.0,967.53,119.0,315.67,3.21,234.0,1008.82,
2011,4,1,13,26.74,50.53,1009.0,964.1,117.0,316.2,3.77,239.0,1008.19,
2011,4,1,14,25.68,56.04,907.0,942.12,113.0,317.83,3.77,244.0,1008.35,
2011,4,1,15,24.62,61.54,739.0,899.25,105.0,319.47,3.77,248.0,1008.52,
2011,4,1,16,23.56,67.05,518.0,818.99,91.0,321.1,3.78,252.0,1008.68,
2011,4,1,17,21.97,78.03,268.0,651.17,69.0,321.85,3.65,294.0,1009.42,
2011,4,1,18,20.38,89.02,40.0,228.53,24.0,322.6,3.52,336.0,1010.15,
2011,4,1,19,18.78,100.0,0.0,0.0,0.0,323.35,3.39,18.0,1010.88,
2011,4,1,20,18.48,100.0,0.0,0.0,0.0,324.08,2.57,30.0,1011.25,
2011,4,1,21,18.17,100.0,0.0,0.0,0.0,324.82,1.74,41.0,1011.61,
2011,4,1,22,17.86,100.0,0.0,0.0,0.0,325.55,0.91,52.0,1011.98,
2011,4,1,23,17.27,100.0,0.0,0.0,0.0,325.13,1.12,52.0,1011.55,
2011,4,2,0,16.68,100.0,0.0,0.0,0.0,324.72,1.33,52.0,1011.11,
2011,4,2,1,16.09,100.0,0.0,0.0,0.0,324.3,1.54,51.0,1010.68,
2011,4,2,2,16.05,100.0,0.0,0.0,0.0,323.9,1.62,52.0,1010.41,
2011,4,2,3,16.01,100.0,0.0,0.0,0.0,323.5,1.7,52.0,1010.15,
2011,4,2,4,15.97,100.0,0.0,0.0,0.0,323.1,1.78,53.0,1009.88,
2011,4,2,5,17.48,96.53,0.0,0.0,0.0,323.27,1.52,54.0,1010.85,
2011,4,2,6,18.98,93.06,0.0,0.0,0.0,323.43,1.26,56.0,1011.81,
2011,4,2,7,20.48,89.59,194.0,572.38,59.0,323.6,0.99,58.0,1012.78,
2011,4,2,8,22.29,75.38,441.0,771.49,86.0,322.33,1.38,115.0,1012.68,
2011,4,2,9,24.1,61.18,671.0,869.71,101.0,321.07,1.77,171.0,1012.58,
2011,4,2,10,25.9,46.97,856.0,921.71,111.0,319.8,2.17,228.0,1012.48,
2011,4,2,11,26.04,48.47,979.0,948.92,117.0,320.83,2.53,233.0,1011.85,
2011,4,2,12,26.17,49.97,1028.0,957.93,119.0,321.87,2.9,238.0,1011.21,
2011,4,2,13,26.31,51.47,1001.0,952.45,118.0,322.9,3.27,243.0,1010.58,
2011,4,2,14,25.28,56.69,900.0,932.04,113.0,323.57,3.31,250.0,1010.45,
2011,4,2,15,24.25,61.9,732.0,887.54,105.0,324.23,3.34,257.0,1010.31,
2011,4,2,16,23.22,67.12,513.0,807.38,91.0,324.9,3.38,264.0,1010.18,
2011,4,2,17,21.33,74.0,266.0,641.94,69.0,329.63,3.09,302.0,1010.65,
2011,4,2,18,19.44,80.87,40.0,224.17,24.0,334.37,2.8,340.0,1011.11,
2011,4,2,19,17.55,87.75,0.0,0.0,0.0,339.1,2.51,17.0,1011.58,
2011,4,2,20,17.35,91.83,0.0,0.0,0.0,339.75,2.17,32.0,1011.98,
2011,4,2,21,17.15,95.92,0.0,0.0,0.0,340.4,1.82,47.0,1012.38,
2011,4,2,22,16.95,100.0,0.0,0.0,0.0,341.05,1.48,62.0,1012.78,
2011,4,2,23,16.53,100.0,0.0,0.0,0.0,338.92,1.24,61.0,1012.61,
2011,4,3,0,16.1,100.0,0.0,0.0,0.0,336.78,1.01,60.0,1012.44,
2011,4,3,1,15.68,100.0,0.0,0.0,0.0,334.65,0.77,58.0,1012.28,
2011,4,3,2,15.65,100.0,0.0,0.0,0.0,334.42,1.15,57.0,1011.94,
2011,4,3,3,15.63,100.0,0.0,0.0,0.0,334.18,1.54,56.0,1011.61,
2011,4,3,4,15.61,100.0,0.0,0.0,0.0,333.95,1.92,55.0,1011.28,
2011,4,3,5,17.16,95.58,0.0,0.0,0.0,334.42,1.5,58.0,1011.98,
2011,4,3,6,18.7,91.15,0.0,0.0,0.0,334.88,1.09,60.0,1012.68,
2011,4,3,7,20.24,86.73,125.0,141.91,91.0,335.35,0.68,62.0,1013.38,
2011,4,3,8,21.87,74.26,297.0,215.69,197.0,334.7,1.14,113.0,1013.01,
2011,4,3,9,23.5,61.8,684.0,883.75,102.0,334.05,1.6,163.0,1012.64,
2011,4,3,10,25.13,49.33,871.0,935.76,112.0,333.4,2.06,213.0,1012.28,
2011,4,3,11,25.24,49.82,995.0,962.82,118.0,333.07,2.56,223.0,1011.61,
2011,4,3,12,25.35,50.32,1044.0,971.56,120.0,332.73,3.07,233.0,1010.95,
2011,4,3,13,25.46,50.81,1016.0,965.66,119.0,332.4,3.57,243.0,1010.28,
2011,4,3,14,24.38,55.12,913.0,944.51,114.0,333.8,3.45,254.0,1010.15,
2011,4,3,15,23.3,59.43,743.0,899.94,106.0,335.2,3.32,265.0,1010.02,
2011,4,3,16,22.22,63.74,521.0,818.76,92.0,336.6,3.2,277.0,1009.88,
2011,4,3,17,21.07,74.58,271.0,652.3,70.0,333.75,2.95,323.0,1010.25,
2011,4,3,18,19.92,85.43,42.0,233.73,25.0,330.9,2.69,10.0,1010.61,
2011,4,3,19,18.77,96.27,0.0,0.0,0.0,328.05,2.44,56.0,1010.98,
2011,4,3,20,18.58,97.51,0.0,0.0,0.0,327.17,1.77,52.0,1011.35,
2011,4,3,21,18.39,98.76,0.0,0.0,0.0,326.28,1.11,48.0,1011.71,
2011,4,3,22,18.19,100.0,0.0,0.0,0.0,325.4,0.44,44.0,1012.08,
2011,4,3,23,17.71,100.0,0.0,0.0,0.0,324.72,1.21,41.0,1012.08,
2011,4,4,0,17.24,100.0,0.0,0.0,0.0,324.03,1.98,37.0,1012.08,
2011,4,4,1,16.76,100.0,0.0,0.0,0.0,323.35,2.74,34.0,1012.08,
2011,4,4,2,16.59,100.0,0.0,0.0,0.0,324.4,2.35,41.0,1011.81,
2011,4,4,3,16.43,100.0,0.0,0.0,0.0,325.45,1.96,48.0,1011.55,
2011,4,4,4,16.27,100.0,0.0,0.0,0.0,326.5,1.57,55.0,1011.28,
2011,4,4,5,17.33,94.15,0.0,0.0,0.0,329.33,1.26,57.0,1011.75,
2011,4,4,6,18.39,88.29,0.0,0.0,0.0,332.17,0.95,58.0,1012.21,
2011,4,4,7,19.45,82.44,208.0,600.15,62.0,335.0,0.63,59.0,1012.68,
2011,4,4,8,21.29,68.97,462.0,800.76,88.0,333.02,0.93,114.0,1012.48,
2011,4,4,9,23.12,55.5,698.0,897.71,104.0,331.03,1.22,168.0,1012.28,
2011,4,4,10,24.95,42.03,886.0,948.54,114.0,329.05,1.52,223.0,1012.08,
2011,4,4,11,25.26,41.69,1008.0,973.41,119.0,329.15,2.11,229.0,1011.28,
2011,4,4,12,25.56,41.34,1055.0,979.94,121.0,329.25,2.7,236.0,1010.48,
2011,4,4,13,25.86,41.0,1023.0,970.27,120.0,329.35,3.3,243.0,1009.68,
2011,4,4,14,24.79,46.54,753.0,493.24,335.0,331.17,3.32,253.0,1009.52,
2011,4,4,15,23.71,52.09,625.0,544.3,239.0,332.98,3.34,263.0,1009.35,
2011,4,4,16,22.64,57.63,438.0,521.69,164.0,334.8,3.37,273.0,1009.18,
2011,4,4,17,21.2,64.75,271.0,649.66,70.0,335.52,3.21,309.0,1009.95,
2011,4,4,18,19.76,71.88,43.0,242.94,25.0,336.23,3.06,346.0,1010.71,
2011,4,4,19,18.31,79.0,0.0,0.0,0.0,336.95,2.91,22.0,1011.48,
2011,4,4,20,18.23,83.6,0.0,0.0,0.0,336.23,2.73,32.0,1011.65,
2011,4,4,21,18.15,88.21,0.0,0.0,0.0,335.52,2.54,43.0,1011.81,
2011,4,4,22,18.06,92.81,0.0,0.0,0.0,334.8,2.36,53.0,1011.98,
2011,4,4,23,17.53,94.23,0.0,0.0,0.0,332.8,2.4,55.0,1011.65,
2011,4,5,0,17.01,95.65,0.0,0.0,0.0,330.8,2.45,56.0,1011.31,
2011,4,5,1,16.48,97.07,0.0,0.0,0.0,328.8,2.5,57.0,1010.98,
2011,4,5,2,16.5,95.83,0.0,0.0,0.0,328.53,2.17,57.0,1010.61,
2011,4,5,3,16.52,94.58,0.0,0.0,0.0,328.27,1.84,57.0,1010.25,
2011,4,5,4,16.54,93.34,0.0,0.0,0.0,328.0,1.52,57.0,1009.88,
2011,4,5,5,18.14,86.25,0.0,0.0,0.0,327.88,1.33,58.0,1010.48,
2011,4,5,6,19.74,79.15,0.0,0.0,0.0,327.77,1.15,59.0,1011.08,
2011,4,5,7,21.33,72.06,204.0,579.12,61.0,327.65,0.97,60.0,1011.68,
2011,4,5,8,23.32,61.24,450.0,771.6,87.0,327.2,1.34,113.0,1011.58,
2011,4,5,9,25.31,50.41,679.0,866.48,103.0,326.75,1.71,166.0,1011.48,
2011,4,5,10,27.3,39.59,863.0,918.44,113.0,326.3,2.08,218.0,1011.38,
2011,4,5,11,27.45,41.87,985.0,946.87,118.0,327.23,2.55,225.0,1010.95,
2011,4,5,12,27.59,44.16,1034.0,956.92,120.0,328.17,3.01,232.0,1010.51,
2011,4,5,13,27.73,46.44,1007.0,952.39,119.0,329.1,3.48,240.0,1010.08,
2011,4,5,14,26.69,51.41,904.0,929.39,115.0,330.57,3.6,246.0,1010.15,
2011,4,5,15,25.65,56.39,736.0,886.72,106.0,332.03,3.73,252.0,1010.21,
2011,4,5,16,24.61,61.36,516.0,805.39,92.0,333.5,3.86,258.0,1010.28,
2011,4,5,17,23.03,72.81,270.0,643.86,70.0,333.27,3.41,304.0,1011.15,
2011,4,5,18,21.46,84.25,43.0,238.58,25.0,333.03,2.95,350.0,1012.01,
2011,4,5,19,19.88,95.7,0.0,0.0,0.0,332.8,2.5,35.0,1012.88,
2011,4,5,20,19.54,97.13,0.0,0.0,0.0,333.27,2.36,40.0,1013.34,
2011,4,5,21,19.2,98.57,0.0,0.0,0.0,333.73,2.23,45.0,1013.81,
2011,4,5,22,18.86,100.0,0.0,0.0,0.0,334.2,2.1,50.0,1014.27,
2011,4,5,23,18.32,100.0,0.0,0.0,0.0,333.95,1.76,50.0,1014.04,
2011,4,6,0,17.78,100.0,0.0,0.0,0.0,333.7,1.42,51.0,1013.81,
2011,4,6,1,17.24,100.0,0.0,0.0,0.0,333.45,1.08,51.0,1013.58,
2011,4,6,2,17.22,100.0,0.0,0.0,0.0,332.9,0.85,52.0,1013.31,
2011,4,6,3,17.21,100.0,0.0,0.0,0.0,332.35,0.63,54.0,1013.04,
2011,4,6,4,17.2,100.0,0.0,0.0,0.0,331.8,0.4,55.0,1012.78,
2011,4,6,5,18.57,93.32,0.0,0.0,0.0,333.33,0.42,57.0,1013.58,
2011,4,6,6,19.93,86.65,0.0,0.0,0.0,334.87,0.45,59.0,1014.37,
2011,4,6,7,21.29,79.97,211.0,590.7,63.0,336.4,0.47,62.0,1015.17,
2011,4,6,8,23.27,66.03,461.0,785.15,89.0,335.1,0.89,114.0,1014.97,
2011,4,6,9,25.25,52.09,690.0,877.54,104.0,333.8,1.31,165.0,1014.77,
2011,4,6,10,27.22,38.15,873.0,926.43,114.0,332.5,1.74,217.0,1014.57,
2011,4,6,11,27.33,40.03,891.0,600.24,340.0,332.88,2.33,225.0,1013.81,
2011,4,6,12,27.43,41.91,1039.0,959.14,121.0,333.27,2.92,233.0,1013.04,
2011,4,6,13,27.53,43.79,1008.0,950.69,120.0,333.65,3.52,240.0,1012.28,
2011,4,6,14,26.43,50.17,903.0,926.65,115.0,333.7,3.59,247.0,1012.18,
2011,4,6,15,25.32,56.55,734.0,882.32,106.0,333.75,3.66,253.0,1012.08,
2011,4,6,16,24.22,62.93,477.0,689.83,113.0,333.8,3.72,260.0,1011.98,
2011,4,6,17,22.72,73.0,268.0,634.91,70.0,335.28,3.58,302.0,1012.58,
2011,4,6,18,21.22,83.06,44.0,234.37,26.0,336.77,3.44,343.0,1013.18,
2011,4,6,19,19.71,93.13,0.0,0.0,0.0,338.25,3.3,25.0,1013.77,
2011,4,6,20,19.34,95.42,0.0,0.0,0.0,339.28,2.86,31.0,1013.97,
2011,4,6,21,18.97,97.71,0.0,0.0,0.0,340.32,2.43,37.0,1014.17,
2011,4,6,22,18.6,100.0,0.0,0.0,0.0,341.35,2.0,43.0,1014.37,
2011,4,6,23,18.1,100.0,0.0,0.0,0.0,340.3,1.93,46.0,1013.84,
2011,4,7,0,17.6,100.0,0.0,0.0,0.0,339.25,1.85,49.0,1013.31,
2011,4,7,1,17.1,100.0,0.0,0.0,0.0,338.2,1.78,51.0,1012.78,
2011,4,7,2,17.11,100.0,0.0,0.0,0.0,337.28,1.36,52.0,1012.31,
2011,4,7,3,17.12,100.0,0.0,0.0,0.0,336.37,0.93,52.0,1011.85,
2011,4,7,4,17.13,100.0,0.0,0.0,0.0,335.45,0.51,53.0,1011.38,
2011,4,7,5,18.77,92.76,0.0,0.0,0.0,336.22,0.65,54.0,1011.85,
2011,4,7,6,20.41,85.51,9.0,0.0,9.0,336.98,0.79,56.0,1012.31,
2011,4,7,7,22.04,78.27,212.0,586.31,63.0,337.75,0.92,58.0,1012.78,
2011,4,7,8,24.15,66.46,462.0,781.81,89.0,335.45,1.45,359.0,1012.58,
2011,4,7,9,26.26,54.65,692.0,876.63,104.0,333.15,1.98,300.0,1012.38,
2011,4,7,10,28.37,42.84,876.0,927.13,114.0,330.85,2.51,241.0,1012.18,
2011,4,7,11,28.52,43.58,996.0,951.95,120.0,331.42,3.19,245.0,1011.45,
2011,4,7,12,28.66,44.32,1043.0,960.35,122.0,331.98,3.87,248.0,1010.71,
2011,4,7,13,28.8,45.06,901.0,569.64,368.0,332.55,4.55,252.0,1009.98,
2011,4,7,14,27.7,49.76,910.0,932.18,116.0,333.18,4.12,255.0,1009.78,
2011,4,7,15,26.59,54.46,741.0,889.19,107.0,333.82,3.69,258.0,1009.58,
2011,4,7,16,25.49,59.16,521.0,809.3,93.0,334.45,3.26,261.0,1009.38,
2011,4,7,17,23.81,71.13,273.0,645.22,71.0,336.5,3.0,307.0,1009.92,
2011,4,7,18,22.14,83.1,45.0,243.1,26.0,338.55,2.75,352.0,1010.45,
2011,4,7,19,20.46,95.07,0.0,0.0,0.0,340.6,2.5,38.0,1010.98,
2011,4,7,20,20.19,96.71,0.0,0.0,0.0,342.1,1.82,47.0,1011.25,
2011,4,7,21,19.92,98.36,0.0,0.0,0.0,343.6,1.14,56.0,1011.51,
2011,4,7,22,19.65,100.0,0.0,0.0,0.0,345.1,0.46,65.0,1011.78,
2011,4,7,23,19.05,100.0,0.0,0.0,0.0,345.37,0.9,64.0,1011.31,
2011,4,8,0,18.46,100.0,0.0,0.0,0.0,345.63,1.34,63.0,1010.85,
2011,4,8,1,17.86,100.0,0.0,0.0,0.0,345.9,1.78,62.0,1010.38,
2011,4,8,2,17.7,100.0,0.0,0.0,0.0,348.13,1.81,61.0,1010.02,
2011,4,8,3,17.55,100.0,0.0,0.0,0.0,350.37,1.84,61.0,1009.65,
2011,4,8,4,17.39,100.0,0.0,0.0,0.0,352.6,1.88,60.0,1009.28,
2011,4,8,5,19.01,94.47,0.0,0.0,0.0,348.78,1.31,62.0,1010.05,
2011,4,8,6,20.63,88.95,8.0,0.0,8.0,344.97,0.74,63.0,1010.81,
2011,4,8,7,22.25,83.42,145.0,186.28,97.0,341.15,0.18,64.0,1011.58,
2011,4,8,8,24.21,72.36,279.0,145.73,209.0,339.9,0.84,119.0,1011.61,
2011,4,8,9,26.16,61.29,540.0,385.95,280.0,338.65,1.49,173.0,1011.65,
2011,4,8,10,28.11,50.23,863.0,908.49,114.0,337.4,2.15,227.0,1011.68,
2011,4,8,11,28.25,51.3,979.0,932.34,119.0,338.82,2.77,232.0,1011.25,
2011,4,8,12,28.38,52.36,1022.0,937.67,121.0,340.23,3.39,237.0,1010.81,
2011,4,8,13,28.52,53.43,990.0,928.24,120.0,341.65,4.01,242.0,1010.38,
2011,4,8,14,27.39,58.42,885.0,902.57,115.0,342.8,3.98,246.0,1010.25,
2011,4,8,15,26.26,63.42,718.0,856.88,106.0,343.95,3.94,250.0,1010.12,
2011,4,8,16,25.13,68.41,502.0,773.56,92.0,345.1,3.9,254.0,1009.98,
2011,4,8,17,23.57,78.38,262.0,610.93,70.0,344.4,3.59,298.0,1010.28,
2011,4,8,18,22.01,88.36,44.0,226.37,26.0,343.7,3.27,342.0,1010.58,
2011,4,8,19,20.45,98.33,0.0,0.0,0.0,343.0,2.95,26.0,1010.88,
2011,4,8,20,20.19,98.89,0.0,0.0,0.0,344.28,2.42,39.0,1011.18,
2011,4,8,21,19.92,99.44,0.0,0.0,0.0,345.57,1.89,51.0,1011.48,
2011,4,8,22,19.65,100.0,0.0,0.0,0.0,346.85,1.35,63.0,1011.78,
2011,4,8,23,19.09,100.0,0.0,0.0,0.0,346.77,1.2,64.0,1011.58,
2011,4,9,0,18.54,100.0,0.0,0.0,0.0,346.68,1.05,64.0,1011.38,
2011,4,9,1,17.98,100.0,0.0,0.0,0.0,346.6,0.9,64.0,1011.18,
2011,4,9,2,17.89,100.0,0.0,0.0,0.0,347.42,0.99,62.0,1011.11,
2011,4,9,3,17.8,100.0,0.0,0.0,0.0,348.23,1.09,60.0,1011.05,
2011,4,9,4,17.71,100.0,0.0,0.0,0.0,349.05,1.19,57.0,1010.98,
2011,4,9,5,19.13,94.4,0.0,0.0,0.0,349.45,1.06,57.0,1011.81,
2011,4,9,6,20.55,88.8,11.0,0.0,11.0,349.85,0.93,57.0,1012.64,
2011,4,9,7,21.96,83.2,214.0,574.33,64.0,350.25,0.8,58.0,1013.48,
2011,4,9,8,23.79,73.58,459.0,765.16,89.0,346.82,1.61,359.0,1013.48,
2011,4,9,9,25.61,63.95,684.0,855.84,105.0,343.38,2.42,300.0,1013.48,
2011,4,9,10,27.43,54.33,864.0,906.95,114.0,339.95,3.23,241.0,1013.48,
2011,4,9,11,27.6,54.17,981.0,931.26,120.0,339.98,3.75,245.0,1012.98,
2011,4,9,12,27.76,54.02,1027.0,940.07,122.0,340.02,4.27,249.0,1012.48,
2011,4,9,13,27.92,53.86,997.0,933.13,121.0,340.05,4.79,254.0,1011.98,
2011,4,9,14,26.87,57.74,894.0,910.54,116.0,341.27,4.66,259.0,1011.85,
2011,4,9,15,25.81,61.63,726.0,865.24,107.0,342.48,4.53,265.0,1011.71,
2011,4,9,16,24.76,65.51,509.0,783.18,93.0,343.7,4.4,270.0,1011.58,
2011,4,9,17,23.23,75.72,267.0,621.28,71.0,345.22,3.8,292.0,1011.91,
2011,4,9,18,21.7,85.92,45.0,234.93,26.0,346.73,3.2,315.0,1012.24,
2011,4,9,19,20.17,96.13,0.0,0.0,0.0,348.25,2.59,337.0,1012.58,
2011,4,9,20,20.03,97.42,0.0,0.0,0.0,349.3,2.43,353.0,1013.08,
2011,4,9,21,19.89,98.71,0.0,0.0,0.0,350.35,2.27,8.0,1013.58,
2011,4,9,22,19.74,100.0,0.0,0.0,0.0,351.4,2.11,24.0,1014.07,
2011,4,9,23,19.25,100.0,0.0,0.0,0.0,351.68,2.3,28.0,1013.77,
2011,4,10,0,18.77,100.0,0.0,0.0,0.0,351.97,2.49,32.0,1013.48,
2011,4,10,1,18.28,100.0,0.0,0.0,0.0,352.25,2.68,37.0,1013.18,
2011,4,10,2,18.31,100.0,0.0,0.0,0.0,355.35,2.06,38.0,1013.01,
2011,4,10,3,18.34,100.0,0.0,0.0,0.0,358.45,1.45,38.0,1012.84,
2011,4,10,4,18.37,100.0,0.0,0.0,0.0,361.55,0.84,39.0,1012.68,
2011,4,10,5,19.85,95.82,0.0,0.0,0.0,361.12,1.22,34.0,1013.38,
2011,4,10,6,21.32,91.64,13.0,0.0,13.0,360.68,1.6,29.0,1014.07,
2011,4,10,7,22.79,87.46,217.0,578.17,64.0,360.25,1.99,24.0,1014.77,
2011,4,10,8,24.62,75.55,460.0,760.21,90.0,354.22,2.22,343.0,1014.51,
2011,4,10,9,26.45,63.65,684.0,852.3,105.0,348.18,2.45,303.0,1014.24,
2011,4,10,10,28.28,51.74,863.0,901.87,115.0,342.15,2.68,262.0,1013.97,
2011,4,10,11,28.31,50.96,980.0,928.09,120.0,341.6,3.49,263.0,1013.48,
2011,4,10,12,28.34,50.19,1026.0,937.32,122.0,341.05,4.29,264.0,1012.98,
2011,4,10,13,28.37,49.41,996.0,930.59,121.0,340.5,5.1,266.0,1012.48,
2011,4,10,14,27.26,53.41,893.0,908.02,116.0,340.9,5.3,270.0,1012.41,
2011,4,10,15,26.16,57.41,727.0,863.85,108.0,341.3,5.5,275.0,1012.34,
2011,4,10,16,25.05,61.41,512.0,785.28,94.0,341.7,5.7,279.0,1012.28,
2011,4,10,17,23.47,71.15,270.0,628.42,71.0,342.72,4.87,296.0,1012.74,
2011,4,10,18,21.89,80.9,47.0,243.21,27.0,343.73,4.05,314.0,1013.21,
2011,4,10,19,20.31,90.64,0.0,0.0,0.0,344.75,3.23,331.0,1013.67,
2011,4,10,20,20.13,93.76,0.0,0.0,0.0,345.87,3.03,349.0,1013.61,
2011,4,10,21,19.95,96.88,0.0,0.0,0.0,346.98,2.82,7.0,1013.54,
2011,4,10,22,19.77,100.0,0.0,0.0,0.0,348.1,2.62,25.0,1013.48,
2011,4,10,23,19.24,100.0,0.0,0.0,0.0,347.1,2.57,27.0,1012.94,
2011,4,11,0,18.72,100.0,0.0,0.0,0.0,346.1,2.53,29.0,1012.41,
2011,4,11,1,18.19,100.0,0.0,0.0,0.0,345.1,2.48,31.0,1011.88,
2011,4,11,2,18.12,100.0,0.0,0.0,0.0,343.45,2.31,32.0,1011.78,
2011,4,11,3,18.06,100.0,0.0,0.0,0.0,341.8,2.13,34.0,1011.68,
2011,4,11,4,18.0,100.0,0.0,0.0,0.0,340.15,1.96,35.0,1011.58,
2011,4,11,5,19.38,94.88,0.0,0.0,0.0,340.77,1.43,39.0,1012.24,
2011,4,11,6,20.76,89.77,18.0,0.0,18.0,341.38,0.89,43.0,1012.91,
2011,4,11,7,22.13,84.65,199.0,470.08,73.0,342.0,0.36,46.0,1013.58,
2011,4,11,8,23.9,70.51,478.0,788.06,92.0,337.67,1.06,353.0,1013.11,
2011,4,11,9,25.67,56.36,706.0,878.18,107.0,333.33,1.76,300.0,1012.64,
2011,4,11,10,27.44,42.22,888.0,926.93,117.0,329.0,2.46,247.0,1012.18,
2011,4,11,11,27.46,42.79,1005.0,950.83,122.0,327.97,2.99,250.0,1011.45,
2011,4,11,12,27.47,43.37,1050.0,958.44,124.0,326.93,3.52,253.0,1010.71,
2011,4,11,13,27.49,43.94,1018.0,950.41,123.0,325.9,4.06,256.0,1009.98,
2011,4,11,14,26.38,48.43,912.0,926.55,118.0,326.45,4.26,262.0,1009.98,
2011,4,11,15,25.28,52.93,743.0,883.39,109.0,327.0,4.46,267.0,1009.98,
2011,4,11,16,24.17,57.42,523.0,802.39,95.0,327.55,4.66,273.0,1009.98,
2011,4,11,17,22.54,66.56,276.0,641.81,72.0,328.27,4.06,298.0,1010.41,
2011,4,11,18,20.91,75.69,49.0,251.2,28.0,328.98,3.46,323.0,1010.85,
2011,4,11,19,19.28,84.83,0.0,0.0,0.0,329.7,2.86,349.0,1011.28,
2011,4,11,20,19.17,89.89,0.0,0.0,0.0,331.95,2.63,356.0,1011.28,
2011,4,11,21,19.06,94.94,0.0,0.0,0.0,334.2,2.4,4.0,1011.28,
2011,4,11,22,18.95,100.0,0.0,0.0,0.0,336.45,2.17,12.0,1011.28,
2011,4,11,23,18.51,100.0,0.0,0.0,0.0,336.07,1.65,20.0,1011.15,
2011,4,12,0,18.06,100.0,0.0,0.0,0.0,335.68,1.13,28.0,1011.01,
2011,4,12,1,17.62,100.0,0.0,0.0,0.0,335.3,0.61,36.0,1010.88,
2011,4,12,2,17.6,100.0,0.0,0.0,0.0,333.48,1.04,46.0,1010.98,
2011,4,12,3,17.58,100.0,0.0,0.0,0.0,331.67,1.47,56.0,1011.08,
2011,4,12,4,17.56,100.0,0.0,0.0,0.0,329.85,1.9,67.0,1011.18,
2011,4,12,5,19.02,94.24,0.0,0.0,0.0,330.82,1.65,73.0,1012.21,
2011,4,12,6,20.47,88.48,14.0,0.0,14.0,331.78,1.39,79.0,1013.24,
2011,4,12,7,21.92,82.72,226.0,589.53,66.0,332.75,1.13,85.0,1014.27,
2011,4,12,8,23.65,72.35,471.0,771.01,91.0,332.58,1.5,131.0,1013.87,
2011,4,12,9,25.37,61.97,696.0,860.12,107.0,332.42,1.88,177.0,1013.48,
2011,4,12,10,27.09,51.6,874.0,908.76,116.0,332.25,2.25,224.0,1013.08,
2011,4,12,11,27.2,50.91,991.0,933.77,122.0,334.12,2.68,232.0,1012.34,
2011,4,12,12,27.31,50.22,871.0,455.67,430.0,335.98,3.1,241.0,1011.61,
2011,4,12,13,27.42,49.53,854.0,472.92,408.0,337.85,3.53,249.0,1010.88,
2011,4,12,14,26.37,53.83,900.0,911.27,118.0,339.43,3.64,253.0,1010.98,
2011,4,12,15,25.31,58.14,631.0,546.75,238.0,341.02,3.75,257.0,1011.08,
2011,4,12,16,24.26,62.44,455.0,566.88,152.0,342.6,3.86,261.0,1011.18,
2011,4,12,17,22.76,73.09,273.0,630.03,72.0,343.25,3.38,290.0,1011.78,
2011,4,12,18,21.27,83.73,49.0,247.16,28.0,343.9,2.9,318.0,1012.38,
2011,4,12,19,19.77,94.38,0.0,0.0,0.0,344.55,2.41,347.0,1012.98,
2011,4,12,20,19.6,96.25,0.0,0.0,0.0,344.08,2.11,6.0,1013.01,
2011,4,12,21,19.43,98.13,0.0,0.0,0.0,343.62,1.81,26.0,1013.04,
2011,4,12,22,19.25,100.0,0.0,0.0,0.0,343.15,1.5,45.0,1013.08,
2011,4,12,23,18.77,100.0,0.0,0.0,0.0,342.23,1.48,47.0,1012.84,
2011,4,13,0,18.28,100.0,0.0,0.0,0.0,341.32,1.45,49.0,1012.61,
2011,4,13,1,17.8,100.0,0.0,0.0,0.0,340.4,1.42,51.0,1012.38,
2011,4,13,2,17.66,100.0,0.0,0.0,0.0,339.97,1.04,53.0,1012.38,
2011,4,13,3,17.52,100.0,0.0,0.0,0.0,339.53,0.66,55.0,1012.38,
2011,4,13,4,17.38,100.0,0.0,0.0,0.0,339.1,0.28,57.0,1012.38,
2011,4,13,5,18.89,95.23,0.0,0.0,0.0,340.45,0.23,56.0,1013.01,
2011,4,13,6,20.4,90.45,15.0,0.0,15.0,341.8,0.18,56.0,1013.64,
2011,4,13,7,21.9,85.68,227.0,582.42,67.0,343.15,0.14,55.0,1014.27,
2011,4,13,8,23.76,74.77,470.0,762.33,92.0,343.92,0.79,357.0,1014.01,
2011,4,13,9,25.61,63.85,693.0,852.46,107.0,344.68,1.43,299.0,1013.74,
2011,4,13,10,27.46,52.94,870.0,900.32,117.0,345.45,2.08,240.0,1013.48,
2011,4,13,11,27.59,52.3,986.0,926.49,122.0,346.57,2.64,245.0,1012.81,
2011,4,13,12,27.71,51.65,1030.0,934.59,124.0,347.68,3.2,250.0,1012.14,
2011,4,13,13,27.83,51.01,998.0,926.49,123.0,348.8,3.77,254.0,1011.48,
2011,4,13,14,26.73,54.63,894.0,903.05,118.0,349.35,3.9,258.0,1011.41,
2011,4,13,15,25.62,58.24,727.0,858.5,109.0,349.9,4.03,262.0,1011.35,
2011,4,13,16,24.52,61.86,511.0,776.72,95.0,350.45,4.17,267.0,1011.28,
2011,4,13,17,23.1,71.51,270.0,618.35,72.0,350.37,3.7,297.0,1011.91,
2011,4,13,18,21.68,81.17,49.0,243.23,28.0,350.28,3.23,327.0,1012.54,
2011,4,13,19,20.26,90.82,0.0,0.0,0.0,350.2,2.76,357.0,1013.18,
2011,4,13,20,20.0,93.88,0.0,0.0,0.0,349.9,2.11,14.0,1013.01,
2011,4,13,21,19.74,96.94,0.0,0.0,0.0,349.6,1.45,31.0,1012.84,
2011,4,13,22,19.48,100.0,0.0,0.0,0.0,349.3,0.8,49.0,1012.68,
2011,4,13,23,18.91,100.0,0.0,0.0,0.0,348.2,1.1,48.0,1012.04,
2011,4,14,0,18.33,100.0,0.0,0.0,0.0,347.1,1.4,48.0,1011.41,
2011,4,14,1,17.76,100.0,0.0,0.0,0.0,346.0,1.7,47.0,1010.78,
2011,4,14,2,17.83,100.0,0.0,0.0,0.0,345.35,1.85,46.0,1010.55,
2011,4,14,3,17.9,100.0,0.0,0.0,0.0,344.7,2.01,45.0,1010.31,
2011,4,14,4,17.97,100.0,0.0,0.0,0.0,344.05,2.17,44.0,1010.08,
2011,4,14,5,19.45,93.6,0.0,0.0,0.0,343.92,1.65,42.0,1010.68,
2011,4,14,6,20.93,87.2,11.0,0.0,11.0,343.78,1.13,39.0,1011.28,
2011,4,14,7,22.41,80.8,192.0,374.13,88.0,343.65,0.61,37.0,1011.88,
2011,4,14,8,24.14,69.21,362.0,330.8,197.0,342.65,1.55,352.0,1011.51,
2011,4,14,9,25.87,57.62,639.0,649.28,191.0,341.65,2.5,308.0,1011.15,
2011,4,14,10,27.6,46.03,768.0,541.39,314.0,340.65,3.45,263.0,1010.78,
2011,4,14,11,27.65,45.37,837.0,466.6,401.0,341.43,3.91,264.0,1010.05,
2011,4,14,12,27.69,44.72,902.0,487.15,429.0,342.22,4.37,266.0,1009.32,
2011,4,14,13,27.74,44.06,864.0,480.05,410.0,343.0,4.83,267.0,1008.58,
2011,4,14,14,26.68,47.97,721.0,404.44,373.0,343.83,4.5,269.0,1008.42,
2011,4,14,15,25.63,51.88,515.0,244.14,339.0,344.67,4.17,271.0,1008.25,
2011,4,14,16,24.57,55.79,398.0,342.87,214.0,345.5,3.83,272.0,1008.09,
2011,4,14,17,22.97,65.69,230.0,404.51,100.0,343.3,3.39,300.0,1008.52,
2011,4,14,18,21.37,75.58,42.0,136.81,30.0,341.1,2.95,328.0,1008.95,
2011,4,14,19,19.76,85.48,0.0,0.0,0.0,338.9,2.51,356.0,1009.38,
2011,4,14,20,19.62,90.32,0.0,0.0,0.0,338.63,1.98,13.0,1009.28,
2011,4,14,21,19.48,95.16,0.0,0.0,0.0,338.37,1.44,30.0,1009.18,
2011,4,14,22,19.33,100.0,0.0,0.0,0.0,338.1,0.91,48.0,1009.08,
2011,4,14,23,18.72,100.0,0.0,0.0,0.0,337.55,0.93,49.0,1008.55,
2011,4,15,0,18.1,100.0,0.0,0.0,0.0,337.0,0.95,51.0,1008.02,
2011,4,15,1,17.49,100.0,0.0,0.0,0.0,336.45,0.97,53.0,1007.49,
2011,4,15,2,17.37,100.0,0.0,0.0,0.0,335.42,1.07,53.0,1007.05,
2011,4,15,3,17.26,100.0,0.0,0.0,0.0,334.38,1.18,53.0,1006.62,
2011,4,15,4,17.14,100.0,0.0,0.0,0.0,333.35,1.28,54.0,1006.19,
2011,4,15,5,18.73,93.29,0.0,0.0,0.0,333.77,0.97,56.0,1006.95,
2011,4,15,6,20.31,86.58,6.0,0.0,6.0,334.18,0.65,58.0,1007.72,
2011,4,15,7,21.89,79.87,164.0,206.27,106.0,334.6,0.33,61.0,1008.48,
2011,4,15,8,23.68,68.02,398.0,446.51,174.0,332.17,1.06,116.0,1008.25,
2011,4,15,9,25.46,56.17,530.0,323.46,306.0,329.73,1.79,171.0,1008.02,
2011,4,15,10,27.24,44.32,636.0,270.0,409.0,327.3,2.52,225.0,1007.79,
2011,4,15,11,27.23,45.38,810.0,431.53,406.0,326.82,2.81,230.0,1007.22,
2011,4,15,12,27.22,46.45,790.0,317.75,481.0,326.33,3.09,235.0,1006.65,
2011,4,15,13,27.21,47.51,768.0,322.08,463.0,325.85,3.38,240.0,1006.09,
2011,4,15,14,26.1,53.27,700.0,348.22,400.0,327.35,3.24,243.0,1006.36,
2011,4,15,15,24.98,59.02,612.0,476.5,268.0,328.85,3.09,247.0,1006.62,
2011,4,15,16,23.87,64.78,317.0,145.06,239.0,330.35,2.95,251.0,1006.89,
2011,4,15,17,22.22,75.62,199.0,244.93,120.0,330.82,2.45,290.0,1007.65,
2011,4,15,18,20.57,86.46,50.0,224.48,30.0,331.28,1.94,330.0,1008.42,
2011,4,15,19,18.91,97.3,0.0,0.0,0.0,331.75,1.43,9.0,1009.18,
2011,4,15,20,18.73,98.2,0.0,0.0,0.0,333.18,1.39,22.0,1009.08,
2011,4,15,21,18.54,99.1,0.0,0.0,0.0,334.62,1.34,35.0,1008.98,
2011,4,15,22,18.35,100.0,0.0,0.0,0.0,336.05,1.3,47.0,1008.88,
2011,4,15,23,17.88,100.0,0.0,0.0,0.0,335.9,1.64,48.0,1008.52,
2011,4,16,0,17.42,100.0,0.0,0.0,0.0,335.75,1.98,48.0,1008.15,
2011,4,16,1,16.95,100.0,0.0,0.0,0.0,335.6,2.32,49.0,1007.79,
2011,4,16,2,16.92,100.0,0.0,0.0,0.0,333.37,2.21,51.0,1007.72,
2011,4,16,3,16.89,100.0,0.0,0.0,0.0,331.13,2.1,53.0,1007.65,
2011,4,16,4,16.86,100.0,0.0,0.0,0.0,328.9,1.99,55.0,1007.59,
2011,4,16,5,18.36,95.23,0.0,0.0,0.0,326.47,1.65,65.0,1008.62,
2011,4,16,6,19.86,90.47,26.0,141.28,19.0,324.03,1.31,75.0,1009.65,
2011,4,16,7,21.35,85.7,236.0,576.77,72.0,321.6,0.97,85.0,1010.68,
2011,4,16,8,23.22,75.15,480.0,755.23,99.0,320.08,1.49,125.0,1010.48,
2011,4,16,9,25.09,64.61,703.0,846.08,115.0,318.57,2.02,165.0,1010.28,
2011,4,16,10,26.96,54.06,881.0,896.99,125.0,317.05,2.55,205.0,1010.08,
2011,4,16,11,27.11,53.85,997.0,923.28,131.0,317.58,2.85,212.0,1009.58,
2011,4,16,12,27.25,53.63,1042.0,933.36,133.0,318.12,3.15,219.0,1009.08,
2011,4,16,13,27.4,53.42,1011.0,927.03,132.0,318.65,3.45,226.0,1008.58,
2011,4,16,14,26.35,58.8,907.0,904.25,127.0,320.85,3.31,230.0,1008.78,
2011,4,16,15,25.3,64.18,739.0,860.38,117.0,323.05,3.18,235.0,1008.98,
2011,4,16,16,24.25,69.56,522.0,779.6,102.0,325.25,3.05,239.0,1009.18,
2011,4,16,17,22.71,79.56,278.0,617.84,78.0,324.63,2.64,286.0,1009.72,
2011,4,16,18,21.18,89.55,53.0,254.19,30.0,324.02,2.23,333.0,1010.25,
2011,4,16,19,19.64,99.55,0.0,0.0,0.0,323.4,1.82,20.0,1010.78,
2011,4,16,20,19.33,99.7,0.0,0.0,0.0,324.32,1.61,33.0,1011.11,
2011,4,16,21,19.02,99.85,0.0,0.0,0.0,325.23,1.4,47.0,1011.45,
2011,4,16,22,18.7,100.0,0.0,0.0,0.0,326.15,1.19,60.0,1011.78,
2011,4,16,23,18.07,100.0,0.0,0.0,0.0,326.15,1.26,59.0,1011.68,
2011,4,17,0,17.45,100.0,0.0,0.0,0.0,326.15,1.33,58.0,1011.58,
2011,4,17,1,16.82,100.0,0.0,0.0,0.0,326.15,1.41,57.0,1011.48,
2011,4,17,2,16.72,100.0,0.0,0.0,0.0,326.83,1.02,57.0,1011.48,
2011,4,17,3,16.63,100.0,0.0,0.0,0.0,327.52,0.63,56.0,1011.48,
2011,4,17,4,16.53,100.0,0.0,0.0,0.0,328.2,0.23,55.0,1011.48,
2011,4,17,5,17.99,94.07,0.0,0.0,0.0,330.2,0.46,58.0,1012.11,
2011,4,17,6,19.45,88.15,29.0,170.01,20.0,332.2,0.69,60.0,1012.74,
2011,4,17,7,20.9,82.22,244.0,594.9,73.0,334.2,0.91,63.0,1013.38,
2011,4,17,8,22.57,71.11,490.0,768.86,100.0,333.75,1.55,114.0,1013.18,
2011,4,17,9,24.23,60.01,714.0,857.51,116.0,333.3,2.19,164.0,1012.98,
2011,4,17,10,25.89,48.9,893.0,906.67,127.0,332.85,2.83,215.0,1012.78,
2011,4,17,11,25.83,49.07,1008.0,931.2,133.0,336.48,3.11,222.0,1012.08,
2011,4,17,12,25.77,49.24,1051.0,939.2,135.0,340.12,3.4,229.0,1011.38,
2011,4,17,13,25.71,49.41,1017.0,931.15,133.0,343.75,3.68,236.0,1010.68,
2011,4,17,14,24.6,54.66,912.0,907.8,128.0,344.32,3.57,242.0,1010.65,
2011,4,17,15,23.5,59.91,743.0,863.36,118.0,344.88,3.45,247.0,1010.61,
2011,4,17,16,22.39,65.16,525.0,781.83,103.0,345.45,3.34,253.0,1010.58,
2011,4,17,17,20.86,72.6,280.0,618.71,79.0,347.6,2.93,299.0,1011.05,
2011,4,17,18,19.33,80.04,54.0,250.33,31.0,349.75,2.53,346.0,1011.51,
2011,4,17,19,17.8,87.48,0.0,0.0,0.0,351.9,2.12,32.0,1011.98,
2011,4,17,20,17.77,91.65,0.0,0.0,0.0,350.08,1.82,39.0,1012.28,
2011,4,17,21,17.73,95.83,0.0,0.0,0.0,348.27,1.51,45.0,1012.58,
2011,4,17,22,17.69,100.0,0.0,0.0,0.0,346.45,1.2,52.0,1012.88,
2011,4,17,23,17.23,100.0,0.0,0.0,0.0,345.87,1.03,53.0,1012.51,
2011,4,18,0,16.76,100.0,0.0,0.0,0.0,345.28,0.86,54.0,1012.14,
2011,4,18,1,16.3,100.0,0.0,0.0,0.0,344.7,0.69,55.0,1011.78,
2011,4,18,2,16.22,100.0,0.0,0.0,0.0,345.73,0.88,55.0,1011.51,
2011,4,18,3,16.15,100.0,0.0,0.0,0.0,346.77,1.07,55.0,1011.25,
2011,4,18,4,16.08,100.0,0.0,0.0,0.0,347.8,1.26,55.0,1010.98,
2011,4,18,5,17.65,92.46,0.0,0.0,0.0,343.2,0.88,53.0,1011.61,
2011,4,18,6,19.21,84.91,31.0,177.69,21.0,338.6,0.5,51.0,1012.24,
2011,4,18,7,20.77,77.37,249.0,602.44,74.0,334.0,0.12,48.0,1012.88,
2011,4,18,8,22.83,65.28,500.0,782.44,101.0,330.9,0.93,355.0,1012.71,
2011,4,18,9,24.89,53.19,727.0,870.37,118.0,327.8,1.74,302.0,1012.54,
2011,4,18,10,26.95,41.1,906.0,918.73,128.0,324.7,2.55,249.0,1012.38,
2011,4,18,11,27.15,42.35,1023.0,944.46,134.0,324.87,3.12,249.0,1011.68,
2011,4,18,12,27.34,43.61,1065.0,951.22,136.0,325.03,3.68,249.0,1010.98,
2011,4,18,13,27.53,44.86,1031.0,942.67,135.0,325.2,4.25,249.0,1010.28,
2011,4,18,14,26.47,50.57,924.0,919.48,129.0,325.8,4.08,252.0,1010.15,
2011,4,18,15,25.41,56.27,752.0,873.26,119.0,326.4,3.91,255.0,1010.02,
2011,4,18,16,24.35,61.98,532.0,791.46,104.0,327.0,3.74,258.0,1009.88,
2011,4,18,17,22.39,73.67,285.0,628.77,80.0,333.58,3.37,298.0,1010.38,
2011,4,18,18,20.43,85.35,56.0,257.3,32.0,340.17,2.99,339.0,1010.88,
2011,4,18,19,18.47,97.04,0.0,0.0,0.0,346.75,2.62,20.0,1011.38,
2011,4,18,20,18.38,98.03,0.0,0.0,0.0,343.95,2.29,27.0,1011.65,
2011,4,18,21,18.28,99.01,0.0,0.0,0.0,341.15,1.97,35.0,1011.91,
2011,4,18,22,18.18,100.0,0.0,0.0,0.0,338.35,1.64,42.0,1012.18,
2011,4,18,23,17.64,100.0,0.0,0.0,0.0,335.25,1.29,45.0,1011.81,
2011,4,19,0,17.11,100.0,0.0,0.0,0.0,332.15,0.93,48.0,1011.45,
2011,4,19,1,16.57,100.0,0.0,0.0,0.0,329.05,0.58,50.0,1011.08,
2011,4,19,2,16.33,100.0,0.0,0.0,0.0,332.12,1.2,52.0,1010.75,
2011,4,19,3,16.09,100.0,0.0,0.0,0.0,335.18,1.82,53.0,1010.41,
2011,4,19,4,15.85,100.0,0.0,0.0,0.0,338.25,2.44,54.0,1010.08,
2011,4,19,5,17.58,93.8,0.0,0.0,0.0,334.12,1.88,55.0,1010.78,
2011,4,19,6,19.3,87.61,27.0,83.94,22.0,329.98,1.32,57.0,1011.48,
2011,4,19,7,21.02,81.41,253.0,606.54,75.0,325.85,0.76,58.0,1012.18,
2011,4,19,8,22.87,68.93,503.0,782.31,102.0,324.4,1.4,359.0,1011.91,
2011,4,19,9,24.72,56.44,684.0,764.99,147.0,322.95,2.05,299.0,1011.65,
2011,4,19,10,26.56,43.96,908.0,917.84,129.0,321.5,2.69,240.0,1011.38,
2011,4,19,11,26.61,45.16,1024.0,942.88,135.0,323.02,2.93,243.0,1010.71,
2011,4,19,12,26.66,46.35,1067.0,950.98,137.0,324.53,3.17,247.0,1010.05,
2011,4,19,13,26.71,47.55,923.0,587.44,364.0,326.05,3.41,250.0,1009.38,
2011,4,19,14,25.45,53.02,925.0,918.45,130.0,329.32,3.38,253.0,1009.25,
2011,4,19,15,24.2,58.48,661.0,600.71,225.0,332.58,3.35,257.0,1009.12,
2011,4,19,16,22.94,63.95,532.0,788.15,105.0,335.85,3.32,260.0,1008.98,
2011,4,19,17,21.37,73.2,289.0,657.1,74.0,335.43,3.1,296.0,1009.72,
2011,4,19,18,19.8,82.46,59.0,295.71,31.0,335.02,2.88,332.0,1010.45,
2011,4,19,19,18.23,91.71,0.0,0.0,0.0,334.6,2.66,8.0,1011.18,
2011,4,19,20,18.18,94.47,0.0,0.0,0.0,334.22,1.91,22.0,1011.61,
2011,4,19,21,18.13,97.24,0.0,0.0,0.0,333.83,1.15,37.0,1012.04,
2011,4,19,22,18.08,100.0,0.0,0.0,0.0,333.45,0.4,51.0,1012.48,
2011,4,19,23,17.49,100.0,0.0,0.0,0.0,331.77,1.2,53.0,1012.24,
2011,4,20,0,16.9,100.0,0.0,0.0,0.0,330.08,2.0,54.0,1012.01,
2011,4,20,1,16.31,100.0,0.0,0.0,0.0,328.4,2.8,55.0,1011.78,
2011,4,20,2,16.3,100.0,0.0,0.0,0.0,326.48,2.63,56.0,1011.51,
2011,4,20,3,16.29,100.0,0.0,0.0,0.0,324.57,2.45,56.0,1011.25,
2011,4,20,4,16.28,100.0,0.0,0.0,0.0,322.65,2.28,57.0,1010.98,
2011,4,20,5,17.85,94.36,0.0,0.0,0.0,321.0,1.69,57.0,1011.58,
2011,4,20,6,19.42,88.73,37.0,222.93,23.0,319.35,1.1,58.0,1012.18,
2011,4,20,7,20.98,83.09,190.0,286.78,105.0,317.7,0.51,58.0,1012.78,
2011,4,20,8,22.93,70.38,512.0,809.46,95.0,316.17,1.19,359.0,1012.51,
2011,4,20,9,24.88,57.67,739.0,893.24,110.0,314.63,1.87,299.0,1012.24,
2011,4,20,10,26.82,44.96,919.0,940.53,119.0,313.1,2.55,239.0,1011.98,
2011,4,20,11,27.0,45.95,1035.0,964.65,124.0,314.52,3.09,243.0,1011.25,
2011,4,20,12,27.17,46.94,1078.0,972.23,126.0,315.93,3.63,247.0,1010.51,
2011,4,20,13,27.34,47.93,1043.0,963.65,125.0,317.35,4.17,251.0,1009.78,
2011,4,20,14,26.3,52.37,935.0,940.54,120.0,319.8,3.89,255.0,1009.68,
2011,4,20,15,25.25,56.8,763.0,897.17,111.0,322.25,3.6,259.0,1009.58,
2011,4,20,16,24.21,61.24,542.0,819.86,97.0,324.7,3.32,262.0,1009.48,
2011,4,20,17,22.56,73.79,293.0,663.91,75.0,325.25,3.03,297.0,1010.02,
2011,4,20,18,20.91,86.34,61.0,301.77,32.0,325.8,2.73,331.0,1010.55,
2011,4,20,19,19.25,98.89,0.0,0.0,0.0,326.35,2.43,5.0,1011.08,
2011,4,20,20,19.02,99.26,0.0,0.0,0.0,327.03,1.91,20.0,1011.21,
2011,4,20,21,18.79,99.63,0.0,0.0,0.0,327.72,1.4,35.0,1011.35,
2011,4,20,22,18.55,100.0,0.0,0.0,0.0,328.4,0.88,49.0,1011.48,
2011,4,20,23,18.02,100.0,0.0,0.0,0.0,327.7,0.89,50.0,1011.11,
2011,4,21,0,17.49,100.0,0.0,0.0,0.0,327.0,0.89,51.0,1010.75,
2011,4,21,1,16.96,100.0,0.0,0.0,0.0,326.3,0.9,52.0,1010.38,
2011,4,21,2,16.77,100.0,0.0,0.0,0.0,326.2,0.69,51.0,1010.12,
2011,4,21,3,16.58,100.0,0.0,0.0,0.0,326.1,0.47,51.0,1009.85,
2011,4,21,4,16.39,100.0,0.0,0.0,0.0,326.0,0.26,50.0,1009.58,
2011,4,21,5,18.14,95.03,0.0,0.0,0.0,326.27,0.38,57.0,1010.41,
2011,4,21,6,19.88,90.07,39.0,227.35,24.0,326.53,0.49,64.0,1011.25,
2011,4,21,7,21.62,85.1,78.0,0.0,78.0,326.8,0.61,70.0,1012.08,
2011,4,21,8,23.47,72.32,243.0,56.02,214.0,325.13,1.24,122.0,1011.78,
2011,4,21,9,25.32,59.54,737.0,887.69,110.0,323.47,1.88,173.0,1011.48,
2011,4,21,10,27.17,46.76,915.0,933.87,119.0,321.8,2.51,225.0,1011.18,
2011,4,21,11,27.34,47.87,1030.0,956.81,125.0,321.92,3.08,232.0,1010.51,
2011,4,21,12,27.51,48.99,1071.0,962.88,127.0,322.03,3.65,239.0,1009.85,
2011,4,21,13,27.68,50.1,1036.0,955.28,125.0,322.15,4.22,245.0,1009.18,
2011,4,21,14,26.6,54.6,929.0,932.64,120.0,322.77,4.4,253.0,1009.08,
2011,4,21,15,25.53,59.11,758.0,889.19,111.0,323.38,4.58,260.0,1008.98,
2011,4,21,16,24.45,63.61,539.0,812.86,97.0,324.0,4.76,267.0,1008.88,
2011,4,21,17,22.81,75.6,292.0,658.53,75.0,324.13,4.29,299.0,1009.25,
2011,4,21,18,21.18,87.6,61.0,297.36,32.0,324.27,3.81,331.0,1009.62,
2011,4,21,19,19.54,99.59,0.0,0.0,0.0,324.4,3.34,3.0,1009.98,
2011,4,21,20,19.37,99.73,0.0,0.0,0.0,325.5,2.55,17.0,1010.08,
2011,4,21,21,19.2,99.86,0.0,0.0,0.0,326.6,1.76,32.0,1010.18,
2011,4,21,22,19.03,100.0,0.0,0.0,0.0,327.7,0.97,46.0,1010.28,
2011,4,21,23,18.41,100.0,0.0,0.0,0.0,327.75,1.3,49.0,1009.85,
2011,4,22,0,17.8,100.0,0.0,0.0,0.0,327.8,1.64,52.0,1009.42,
2011,4,22,1,17.18,100.0,0.0,0.0,0.0,327.85,1.97,55.0,1008.98,
2011,4,22,2,16.81,100.0,0.0,0.0,0.0,331.88,1.58,55.0,1008.88,
2011,4,22,3,16.45,100.0,0.0,0.0,0.0,335.92,1.18,55.0,1008.78,
2011,4,22,4,16.09,100.0,0.0,0.0,0.0,339.95,0.79,55.0,1008.68,
2011,4,22,5,17.89,93.76,0.0,0.0,0.0,335.07,0.61,58.0,1009.55,
2011,4,22,6,19.69,87.53,40.0,217.09,25.0,330.18,0.43,62.0,1010.41,
2011,4,22,7,21.48,81.29,187.0,254.92,110.0,325.3,0.25,65.0,1011.28,
2011,4,22,8,23.37,70.82,508.0,794.05,95.0,324.42,1.0,118.0,1011.08,
2011,4,22,9,25.26,60.35,731.0,876.61,110.0,323.53,1.75,171.0,1010.88,
2011,4,22,10,27.15,49.88,907.0,922.61,119.0,322.65,2.5,224.0,1010.68,
2011,4,22,11,27.35,50.3,1020.0,944.83,125.0,323.95,2.94,229.0,1010.18,
2011,4,22,12,27.54,50.72,1061.0,951.56,127.0,325.25,3.39,233.0,1009.68,
2011,4,22,13,27.74,51.14,1028.0,945.93,125.0,326.55,3.83,238.0,1009.18,
2011,4,22,14,26.72,56.46,922.0,923.63,120.0,327.77,3.74,242.0,1009.15,
2011,4,22,15,25.69,61.77,754.0,882.63,111.0,328.98,3.65,247.0,1009.12,
2011,4,22,16,24.67,67.09,536.0,805.89,97.0,330.2,3.56,252.0,1009.08,
2011,4,22,17,23.07,77.95,291.0,653.19,75.0,330.97,3.36,283.0,1009.48,
2011,4,22,18,21.47,88.81,62.0,303.17,32.0,331.73,3.16,314.0,1009.88,
2011,4,22,19,19.86,99.67,0.0,0.0,0.0,332.5,2.97,344.0,1010.28,
2011,4,22,20,19.63,99.78,0.0,0.0,0.0,332.75,2.31,6.0,1010.45,
2011,4,22,21,19.4,99.89,0.0,0.0,0.0,333.0,1.65,27.0,1010.61,
2011,4,22,22,19.17,100.0,0.0,0.0,0.0,333.25,0.99,49.0,1010.78,
2011,4,22,23,18.56,100.0,0.0,0.0,0.0,333.52,0.77,50.0,1010.65,
2011,4,23,0,17.96,100.0,0.0,0.0,0.0,333.78,0.55,52.0,1010.51,
2011,4,23,1,17.35,100.0,0.0,0.0,0.0,334.05,0.33,54.0,1010.38,
2011,4,23,2,16.99,100.0,0.0,0.0,0.0,337.15,0.65,56.0,1010.31,
2011,4,23,3,16.64,100.0,0.0,0.0,0.0,340.25,0.97,58.0,1010.25,
2011,4,23,4,16.28,100.0,0.0,0.0,0.0,343.35,1.28,60.0,1010.18,
2011,4,23,5,17.98,95.59,0.0,0.0,0.0,341.03,1.15,67.0,1010.71,
2011,4,23,6,19.68,91.17,42.0,235.59,25.0,338.72,1.02,75.0,1011.25,
2011,4,23,7,21.37,86.76,264.0,629.92,72.0,336.4,0.88,83.0,1011.78,
2011,4,23,8,23.24,76.6,509.0,790.43,96.0,334.1,1.37,131.0,1011.45,
2011,4,23,9,25.11,66.45,731.0,872.72,111.0,331.8,1.85,179.0,1011.11,
2011,4,23,10,26.98,56.29,907.0,919.64,120.0,329.5,2.33,227.0,1010.78,
2011,4,23,11,27.15,55.94,1020.0,942.42,126.0,329.58,2.74,231.0,1010.28,
2011,4,23,12,27.32,55.6,1062.0,951.51,127.0,329.67,3.14,236.0,1009.78,
2011,4,23,13,27.49,55.25,1028.0,943.96,126.0,329.75,3.54,241.0,1009.28,
2011,4,23,14,26.4,59.87,921.0,920.42,121.0,331.32,3.57,244.0,1009.18,
2011,4,23,15,25.31,64.48,751.0,876.09,112.0,332.88,3.6,246.0,1009.08,
2011,4,23,16,24.22,69.1,532.0,795.3,98.0,334.45,3.63,249.0,1008.98,
2011,4,23,17,22.09,78.43,288.0,641.86,75.0,343.02,3.02,299.0,1009.52,
2011,4,23,18,19.96,87.76,62.0,288.87,33.0,351.58,2.41,350.0,1010.05,
2011,4,23,19,17.83,97.09,0.0,0.0,0.0,360.15,1.81,40.0,1010.58,
2011,4,23,20,17.68,98.06,0.0,0.0,0.0,360.57,1.54,42.0,1010.88,
2011,4,23,21,17.53,99.03,0.0,0.0,0.0,360.98,1.28,44.0,1011.18,
2011,4,23,22,17.37,100.0,0.0,0.0,0.0,361.4,1.02,46.0,1011.48,
2011,4,23,23,17.04,100.0,0.0,0.0,0.0,359.83,1.05,45.0,1011.25,
2011,4,24,0,16.72,100.0,0.0,0.0,0.0,358.27,1.08,44.0,1011.01,
2011,4,24,1,16.39,100.0,0.0,0.0,0.0,356.7,1.1,43.0,1010.78,
2011,4,24,2,16.45,100.0,0.0,0.0,0.0,357.48,0.87,44.0,1010.88,
2011,4,24,3,16.51,100.0,0.0,0.0,0.0,358.27,0.64,46.0,1010.98,
2011,4,24,4,16.57,100.0,0.0,0.0,0.0,359.05,0.41,48.0,1011.08,
2011,4,24,5,18.1,95.65,0.0,0.0,0.0,363.75,0.4,80.0,1011.88,
2011,4,24,6,19.62,91.29,43.0,226.18,26.0,368.45,0.39,112.0,1012.68,
2011,4,24,7,21.14,86.94,261.0,614.68,72.0,373.15,0.37,143.0,1013.48,
2011,4,24,8,22.96,77.16,501.0,771.69,96.0,372.8,1.22,171.0,1013.28,
2011,4,24,9,24.78,67.37,720.0,854.88,111.0,372.45,2.06,199.0,1013.08,
2011,4,24,10,26.6,57.59,892.0,900.42,120.0,372.1,2.91,227.0,1012.88,
2011,4,24,11,26.8,57.45,1004.0,925.34,125.0,366.33,3.08,231.0,1012.28,
2011,4,24,12,27.0,57.3,1046.0,934.21,127.0,360.57,3.25,234.0,1011.68,
2011,4,24,13,27.2,57.16,1013.0,927.38,126.0,354.8,3.42,237.0,1011.08,
2011,4,24,14,26.19,62.12,909.0,905.76,121.0,351.83,3.45,240.0,1010.91,
2011,4,24,15,25.17,67.09,741.0,861.38,112.0,348.87,3.49,244.0,1010.75,
2011,4,24,16,24.16,72.05,527.0,784.75,98.0,345.9,3.52,247.0,1010.58,
2011,4,24,17,22.54,81.35,286.0,630.6,76.0,345.65,3.28,266.0,1011.25,
2011,4,24,18,20.92,90.66,62.0,284.76,33.0,345.4,3.05,286.0,1011.91,
2011,4,24,19,19.3,99.96,0.0,0.0,0.0,345.15,2.81,305.0,1012.58,
2011,4,24,20,19.19,99.97,0.0,0.0,0.0,345.45,2.64,329.0,1012.88,
2011,4,24,21,19.07,99.99,0.0,0.0,0.0,345.75,2.47,352.0,1013.18,
2011,4,24,22,18.95,100.0,0.0,0.0,0.0,346.05,2.3,16.0,1013.48,
2011,4,24,23,18.48,100.0,0.0,0.0,0.0,346.15,2.23,23.0,1013.08,
2011,4,25,0,18.0,100.0,0.0,0.0,0.0,346.25,2.15,30.0,1012.68,
2011,4,25,1,17.53,100.0,0.0,0.0,0.0,346.35,2.07,38.0,1012.28,
2011,4,25,2,17.23,100.0,0.0,0.0,0.0,354.72,2.07,40.0,1011.94,
2011,4,25,3,16.94,100.0,0.0,0.0,0.0,363.08,2.07,43.0,1011.61,
2011,4,25,4,16.65,100.0,0.0,0.0,0.0,371.45,2.07,46.0,1011.28,
2011,4,25,5,18.08,94.6,0.0,0.0,0.0,371.9,1.48,44.0,1011.65,
2011,4,25,6,19.51,89.21,36.0,115.24,27.0,372.35,0.88,41.0,1012.01,
2011,4,25,7,20.94,83.81,267.0,625.63,73.0,372.8,0.29,39.0,1012.38,
2011,4,25,8,22.74,72.34,513.0,789.26,97.0,361.57,1.12,351.0,1011.85,
2011,4,25,9,24.54,60.86,735.0,872.22,112.0,350.33,1.95,303.0,1011.31,
2011,4,25,10,26.34,49.39,911.0,918.59,122.0,339.1,2.79,255.0,1010.78,
2011,4,25,11,26.54,49.89,1024.0,943.04,127.0,336.97,3.23,255.0,1009.92,
2011,4,25,12,26.73,50.38,1065.0,950.51,129.0,334.83,3.67,255.0,1009.05,
2011,4,25,13,26.92,50.88,1030.0,943.26,127.0,332.7,4.11,255.0,1008.19,
2011,4,25,14,25.98,56.7,924.0,921.0,122.0,332.05,4.02,258.0,1008.12,
2011,4,25,15,25.04,62.53,756.0,879.55,113.0,331.4,3.93,260.0,1008.05,
2011,4,25,16,24.1,68.35,539.0,803.46,99.0,330.75,3.83,263.0,1007.99,
2011,4,25,17,22.53,78.9,294.0,649.34,77.0,331.7,3.45,292.0,1008.35,
2011,4,25,18,20.96,89.45,65.0,300.12,34.0,332.65,3.06,321.0,1008.72,
2011,4,25,19,19.39,100.0,0.0,0.0,0.0,333.6,2.68,350.0,1009.08,
2011,4,25,20,19.32,100.0,0.0,0.0,0.0,335.93,1.9,10.0,1009.18,
2011,4,25,21,19.25,100.0,0.0,0.0,0.0,338.27,1.12,30.0,1009.28,
2011,4,25,22,19.18,100.0,0.0,0.0,0.0,340.6,0.34,50.0,1009.38,
2011,4,25,23,18.68,100.0,0.0,0.0,0.0,338.83,0.49,50.0,1009.05,
2011,4,26,0,18.19,100.0,0.0,0.0,0.0,337.07,0.64,51.0,1008.72,
2011,4,26,1,17.69,100.0,0.0,0.0,0.0,335.3,0.79,51.0,1008.38,
2011,4,26,2,17.38,100.0,0.0,0.0,0.0,337.47,0.79,51.0,1008.29,
2011,4,26,3,17.08,100.0,0.0,0.0,0.0,339.63,0.79,50.0,1008.19,
2011,4,26,4,16.77,100.0,0.0,0.0,0.0,341.8,0.79,50.0,1008.09,
2011,4,26,5,18.37,95.26,0.0,0.0,0.0,340.0,0.69,55.0,1008.62,
2011,4,26,6,19.97,90.53,48.0,246.98,28.0,338.2,0.58,60.0,1009.15,
2011,4,26,7,21.56,85.79,271.0,630.13,74.0,336.4,0.48,66.0,1009.68,
2011,4,26,8,23.1,75.39,356.0,247.52,225.0,335.63,1.23,124.0,1009.35,
2011,4,26,9,24.64,64.99,737.0,871.39,113.0,334.87,1.97,182.0,1009.02,
2011,4,26,10,26.17,54.59,911.0,917.0,122.0,334.1,2.72,240.0,1008.68,
2011,4,26,11,26.25,55.1,1022.0,938.71,128.0,335.27,3.13,244.0,1008.12,
2011,4,26,12,26.33,55.62,1060.0,944.5,129.0,336.43,3.54,247.0,1007.55,
2011,4,26,13,26.41,56.13,1024.0,935.14,128.0,337.6,3.96,251.0,1006.99,
2011,4,26,14,25.28,61.24,917.0,912.15,122.0,339.6,3.82,253.0,1006.92,
2011,4,26,15,24.16,66.35,749.0,869.0,113.0,341.6,3.67,255.0,1006.85,
2011,4,26,16,23.03,71.46,533.0,791.13,99.0,343.6,3.53,256.0,1006.79,
2011,4,26,17,21.33,78.28,291.0,638.12,77.0,345.8,3.32,300.0,1007.39,
2011,4,26,18,19.63,85.1,65.0,295.93,34.0,348.0,3.12,344.0,1007.99,
2011,4,26,19,17.92,91.92,0.0,0.0,0.0,350.2,2.91,27.0,1008.58,
2011,4,26,20,17.88,94.61,0.0,0.0,0.0,348.17,2.17,39.0,1008.78,
2011,4,26,21,17.84,97.31,0.0,0.0,0.0,346.13,1.44,51.0,1008.98,
2011,4,26,22,17.79,100.0,0.0,0.0,0.0,344.1,0.7,63.0,1009.18,
2011,4,26,23,17.43,100.0,0.0,0.0,0.0,341.5,0.72,62.0,1008.98,
2011,4,27,0,17.07,100.0,0.0,0.0,0.0,338.9,0.74,60.0,1008.78,
2011,4,27,1,16.71,100.0,0.0,0.0,0.0,336.3,0.76,58.0,1008.58,
2011,4,27,2,16.76,100.0,0.0,0.0,0.0,337.15,1.27,56.0,1008.48,
2011,4,27,3,16.82,100.0,0.0,0.0,0.0,338.0,1.78,55.0,1008.38,
2011,4,27,4,16.88,100.0,0.0,0.0,0.0,338.85,2.29,53.0,1008.29,
2011,4,27,5,18.32,95.17,0.0,0.0,0.0,338.17,1.7,54.0,1008.85,
2011,4,27,6,19.76,90.33,50.0,250.62,29.0,337.48,1.1,55.0,1009.42,
2011,4,27,7,21.2,85.5,272.0,625.18,75.0,336.8,0.51,56.0,1009.98,
2011,4,27,8,23.06,73.75,516.0,784.75,99.0,333.07,1.17,115.0,1009.78,
2011,4,27,9,24.92,61.99,736.0,867.86,113.0,329.33,1.83,174.0,1009.58,
2011,4,27,10,26.78,50.24,910.0,913.16,123.0,325.6,2.5,233.0,1009.38,
2011,4,27,11,27.08,50.86,1021.0,936.53,128.0,324.72,2.98,236.0,1008.98,
2011,4,27,12,27.37,51.48,1060.0,942.59,130.0,323.83,3.47,239.0,1008.58,
2011,4,27,13,27.66,52.1,1025.0,935.4,128.0,322.95,3.96,243.0,1008.19,
2011,4,27,14,26.68,57.57,918.0,911.36,123.0,325.5,3.89,245.0,1008.52,
2011,4,27,15,25.7,63.05,749.0,866.68,114.0,328.05,3.82,248.0,1008.85,
2011,4,27,16,24.72,68.52,533.0,787.94,100.0,330.6,3.75,251.0,1009.18,
2011,4,27,17,23.19,77.01,291.0,635.89,77.0,332.35,3.24,268.0,1010.21,
2011,4,27,18,21.66,85.49,66.0,301.24,34.0,334.1,2.73,284.0,1011.25,
2011,4,27,19,20.13,93.98,0.0,0.0,0.0,335.85,2.22,301.0,1012.28,
2011,4,27,20,19.96,95.99,0.0,0.0,0.0,337.25,1.77,339.0,1012.64,
2011,4,27,21,19.79,97.99,0.0,0.0,0.0,338.65,1.33,18.0,1013.01,
2011,4,27,22,19.61,100.0,0.0,0.0,0.0,340.05,0.88,56.0,1013.38,
2011,4,27,23,19.07,100.0,0.0,0.0,0.0,341.65,0.97,52.0,1012.98,
2011,4,28,0,18.54,100.0,0.0,0.0,0.0,343.25,1.07,48.0,1012.58,
2011,4,28,1,18.0,100.0,0.0,0.0,0.0,344.85,1.16,44.0,1012.18,
2011,4,28,2,17.65,100.0,0.0,0.0,0.0,354.07,1.09,45.0,1012.01,
2011,4,28,3,17.3,100.0,0.0,0.0,0.0,363.28,1.02,45.0,1011.85,
2011,4,28,4,16.95,100.0,0.0,0.0,0.0,372.5,0.95,46.0,1011.68,
2011,4,28,5,18.75,95.21,0.0,0.0,0.0,361.02,1.02,46.0,1012.08,
2011,4,28,6,20.55,90.42,50.0,242.66,29.0,349.53,1.09,46.0,1012.48,
2011,4,28,7,22.35,85.63,267.0,607.83,74.0,338.05,1.16,45.0,1012.88,
2011,4,28,8,24.15,75.22,508.0,768.61,98.0,336.48,1.63,350.0,1012.41,
2011,4,28,9,25.95,64.82,726.0,851.91,113.0,334.92,2.11,295.0,1011.94,
2011,4,28,10,27.75,54.41,899.0,898.96,123.0,333.35,2.58,239.0,1011.48,
2011,4,28,11,27.96,54.05,1011.0,924.98,128.0,333.47,3.11,243.0,1010.81,
2011,4,28,12,28.16,53.7,1051.0,932.63,130.0,333.58,3.65,246.0,1010.15,
2011,4,28,13,28.37,53.34,1017.0,925.28,129.0,333.7,4.18,249.0,1009.48,
2011,4,28,14,27.4,57.45,912.0,902.57,124.0,337.07,4.38,258.0,1009.45,
2011,4,28,15,26.43,61.57,745.0,860.28,114.0,340.43,4.57,266.0,1009.42,
2011,4,28,16,25.46,65.68,531.0,782.95,100.0,343.8,4.77,274.0,1009.38,
2011,4,28,17,23.9,75.89,290.0,627.75,78.0,345.47,3.92,294.0,1010.02,
2011,4,28,18,22.35,86.11,66.0,287.82,35.0,347.13,3.06,315.0,1010.65,
2011,4,28,19,20.79,96.32,0.0,0.0,0.0,348.8,2.21,336.0,1011.28,
2011,4,28,20,20.63,97.55,0.0,0.0,0.0,354.98,1.82,11.0,1011.68,
2011,4,28,21,20.47,98.77,0.0,0.0,0.0,361.17,1.43,47.0,1012.08,
2011,4,28,22,20.3,100.0,0.0,0.0,0.0,367.35,1.05,82.0,1012.48,
2011,4,28,23,19.75,100.0,0.0,0.0,0.0,367.1,1.24,77.0,1012.21,
2011,4,29,0,19.21,100.0,0.0,0.0,0.0,366.85,1.43,73.0,1011.94,
2011,4,29,1,18.66,100.0,0.0,0.0,0.0,366.6,1.61,68.0,1011.68,
2011,4,29,2,18.37,100.0,0.0,0.0,0.0,365.28,1.59,63.0,1011.38,
2011,4,29,3,18.09,100.0,0.0,0.0,0.0,363.97,1.56,58.0,1011.08,
2011,4,29,4,17.8,100.0,0.0,0.0,0.0,362.65,1.53,54.0,1010.78,
2011,4,29,5,19.39,95.26,0.0,0.0,0.0,359.35,1.24,55.0,1011.31,
2011,4,29,6,20.97,90.52,52.0,246.57,30.0,356.05,0.94,57.0,1011.85,
2011,4,29,7,22.55,85.78,267.0,600.25,75.0,352.75,0.65,59.0,1012.38,
2011,4,29,8,24.2,75.47,504.0,756.42,99.0,350.57,1.41,118.0,1012.01,
2011,4,29,9,25.85,65.17,719.0,838.89,114.0,348.38,2.17,178.0,1011.65,
2011,4,29,10,27.5,54.86,889.0,886.03,123.0,346.2,2.92,238.0,1011.28,
2011,4,29,11,27.56,55.45,998.0,910.36,128.0,347.97,3.28,241.0,1010.75,
2011,4,29,12,27.61,56.03,1037.0,917.66,130.0,349.73,3.63,244.0,1010.21,
2011,4,29,13,27.66,56.62,1003.0,909.99,129.0,351.5,3.99,247.0,1009.68,
2011,4,29,14,26.64,61.09,899.0,886.96,124.0,351.37,3.9,249.0,1009.52,
2011,4,29,15,25.62,65.55,734.0,844.38,114.0,351.23,3.81,251.0,1009.35,
2011,4,29,16,24.6,70.02,523.0,767.11,100.0,351.1,3.72,253.0,1009.18,
2011,4,29,17,23.13,78.11,287.0,616.7,78.0,350.33,3.2,236.0,1009.88,
2011,4,29,18,21.67,86.21,66.0,283.91,35.0,349.57,2.69,218.0,1010.58,
2011,4,29,19,20.2,94.3,0.0,0.0,0.0,348.8,2.17,200.0,1011.28,
2011,4,29,20,19.97,96.2,0.0,0.0,0.0,349.23,2.28,155.0,1011.68,
2011,4,29,21,19.73,98.1,0.0,0.0,0.0,349.67,2.4,109.0,1012.08,
2011,4,29,22,19.49,100.0,0.0,0.0,0.0,350.1,2.51,63.0,1012.48,
2011,4,29,23,18.84,100.0,0.0,0.0,0.0,351.03,2.02,60.0,1012.11,
2011,4,30,0,18.18,100.0,0.0,0.0,0.0,351.97,1.53,58.0,1011.75,
2011,4,30,1,17.53,100.0,0.0,0.0,0.0,352.9,1.03,55.0,1011.38,
2011,4,30,2,17.3,100.0,0.0,0.0,0.0,357.08,1.14,54.0,1010.98,
2011,4,30,3,17.08,100.0,0.0,0.0,0.0,361.27,1.25,54.0,1010.58,
2011,4,30,4,16.85,100.0,0.0,0.0,0.0,365.45,1.35,53.0,1010.18,
2011,4,30,5,18.78,94.69,0.0,0.0,0.0,362.98,0.97,55.0,1010.45,
2011,4,30,6,20.7,89.39,27.0,0.0,27.0,360.52,0.58,56.0,1010.71,
2011,4,30,7,22.62,84.08,210.0,298.01,114.0,358.05,0.19,58.0,1010.98,
2011,4,30,8,24.47,74.25,511.0,764.88,100.0,356.33,0.97,118.0,1010.61,
2011,4,30,9,29.12,49.15,726.0,845.36,115.0,355.02,3.56,178.0,1010.25,
2011,4,30,10,28.54,53.01,896.0,891.67,124.0,355.19,3.4,238.0,1009.88,
2011,4,30,11,27.97,56.88,1005.0,914.64,130.0,355.35,3.25,242.0,1009.28,
2011,4,30,12,27.39,60.75,877.0,437.73,444.0,355.52,3.1,246.0,1008.68,
2011,4,30,13,26.81,64.61,1006.0,911.41,130.0,355.68,2.94,250.0,1008.09,
2011,4,30,14,26.23,68.48,900.0,887.4,124.0,355.85,2.79,255.0,1008.02,
2011,4,30,15,25.65,72.34,736.0,844.86,115.0,356.01,2.64,260.0,1007.95,
2011,4,30,16,25.07,76.21,525.0,767.61,101.0,356.18,2.49,265.0,1007.89,
2011,4,30,17,24.5,80.08,229.0,326.39,118.0,356.34,2.33,291.0,1008.45,
2011,4,30,18,23.92,83.94,68.0,298.14,35.0,356.51,2.18,318.0,1009.02,
2011,4,30,19,23.34,87.81,0.0,0.0,0.0,356.67,2.03,344.0,1009.58,
2011,4,30,20,22.76,91.67,0.0,0.0,0.0,356.84,1.87,6.0,1009.75,
2011,4,30,21,22.18,95.54,0.0,0.0,0.0,357.0,1.72,28.0,1009.92,
2011,4,30,22,21.6,99.41,0.0,0.0,0.0,357.17,1.57,51.0,1010.08,
2011,4,30,23,21.02,100.0,0.0,0.0,0.0,357.33,1.41,52.0,1009.45,
2011,5,1,0,20.45,100.0,0.0,0.0,0.0,357.5,1.26,53.0,1008.82,
2011,5,1,1,19.83,100.0,0.0,0.0,0.0,354.85,1.09,54.0,1008.19,
2011,5,1,2,19.7,100.0,0.0,0.0,0.0,354.0,0.8,55.0,1008.02,
2011,5,1,3,19.57,100.0,0.0,0.0,0.0,353.15,0.51,55.0,1007.85,
2011,5,1,4,19.44,100.0,0.0,0.0,0.0,352.3,0.22,55.0,1007.69,
2011,5,1,5,21.11,93.32,0.0,0.0,0.0,350.33,0.36,58.0,1008.32,
2011,5,1,6,22.77,86.65,57.0,264.86,32.0,348.37,0.5,60.0,1008.95,
2011,5,1,7,24.44,79.97,277.0,616.62,77.0,346.4,0.63,63.0,1009.58,
2011,5,1,8,26.02,69.96,518.0,773.38,101.0,344.8,1.22,123.0,1009.18,
2011,5,1,9,27.61,59.94,735.0,854.65,116.0,343.2,1.8,182.0,1008.78,
2011,5,1,10,29.19,49.93,907.0,901.97,125.0,341.6,2.39,242.0,1008.38,
2011,5,1,11,29.41,49.26,1017.0,925.22,131.0,342.32,3.0,247.0,1007.69,
2011,5,1,12,29.64,48.6,1056.0,932.37,133.0,343.03,3.62,252.0,1006.99,
2011,5,1,13,29.87,47.93,1021.0,925.32,131.0,343.75,4.23,256.0,1006.29,
2011,5,1,14,28.99,52.56,916.0,902.72,126.0,344.72,4.35,260.0,1006.12,
2011,5,1,15,28.11,57.2,747.0,857.57,116.0,345.68,4.47,265.0,1005.96,
2011,5,1,16,27.23,61.83,532.0,777.15,102.0,346.65,4.59,269.0,1005.79,
2011,5,1,17,25.88,72.6,293.0,627.05,79.0,347.97,4.13,292.0,1006.72,
2011,5,1,18,24.52,83.36,69.0,294.15,36.0,349.28,3.67,315.0,1007.65,
2011,5,1,19,23.17,94.13,0.0,0.0,0.0,350.6,3.21,339.0,1008.58,
2011,5,1,20,22.92,96.09,0.0,0.0,0.0,351.18,2.51,1.0,1008.92,
2011,5,1,21,22.66,98.04,0.0,0.0,0.0,351.77,1.82,24.0,1009.25,
2011,5,1,22,22.41,100.0,0.0,0.0,0.0,352.35,1.12,47.0,1009.58,
2011,5,1,23,21.82,100.0,0.0,0.0,0.0,352.02,1.14,49.0,1009.05,
2011,5,2,0,21.23,100.0,0.0,0.0,0.0,351.68,1.17,52.0,1008.52,
2011,5,2,1,20.64,100.0,0.0,0.0,0.0,351.35,1.2,54.0,1007.99,
2011,5,2,2,20.62,100.0,0.0,0.0,0.0,351.58,1.44,54.0,1007.85,
2011,5,2,3,20.61,100.0,0.0,0.0,0.0,351.82,1.68,53.0,1007.72,
2011,5,2,4,20.6,100.0,0.0,0.0,0.0,352.05,1.92,52.0,1007.59,
2011,5,2,5,22.13,95.07,0.0,0.0,0.0,350.42,1.37,55.0,1008.19,
2011,5,2,6,23.67,90.14,59.0,268.4,33.0,348.78,0.82,57.0,1008.78,
2011,5,2,7,25.2,85.21,282.0,624.84,78.0,347.15,0.28,59.0,1009.38,
2011,5,2,8,26.76,71.5,524.0,780.07,102.0,345.47,1.01,360.0,1008.95,
2011,5,2,9,28.31,57.79,743.0,862.59,117.0,343.78,1.74,300.0,1008.52,
2011,5,2,10,29.87,44.08,915.0,907.69,127.0,342.1,2.47,241.0,1008.09,
2011,5,2,11,29.91,44.52,1025.0,931.66,132.0,342.92,3.1,243.0,1007.32,
2011,5,2,12,29.96,44.97,1064.0,938.75,134.0,343.73,3.73,246.0,1006.56,
2011,5,2,13,30.01,45.41,1029.0,931.98,132.0,344.55,4.36,249.0,1005.79,
2011,5,2,14,29.0,50.09,923.0,908.89,127.0,345.67,4.45,254.0,1005.79,
2011,5,2,15,27.99,54.78,756.0,866.2,118.0,346.78,4.53,260.0,1005.79,
2011,5,2,16,26.98,59.46,541.0,790.27,103.0,347.9,4.62,265.0,1005.79,
2011,5,2,17,25.59,68.88,299.0,639.46,80.0,349.47,3.97,299.0,1006.52,
2011,5,2,18,24.21,78.31,72.0,307.84,37.0,351.03,3.32,333.0,1007.25,
2011,5,2,19,22.82,87.73,0.0,0.0,0.0,352.6,2.68,6.0,1007.99,
2011,5,2,20,22.54,91.82,0.0,0.0,0.0,353.05,2.16,21.0,1008.22,
2011,5,2,21,22.26,95.91,0.0,0.0,0.0,353.5,1.65,35.0,1008.45,
2011,5,2,22,21.99,100.0,0.0,0.0,0.0,353.95,1.13,49.0,1008.68,
2011,5,2,23,21.43,99.03,0.0,0.0,0.0,352.8,1.15,51.0,1008.65,
2011,5,3,0,20.88,98.06,0.0,0.0,0.0,351.65,1.18,52.0,1008.62,
2011,5,3,1,20.33,97.09,0.0,0.0,0.0,350.5,1.2,54.0,1008.58,
2011,5,3,2,20.3,92.24,0.0,0.0,0.0,350.47,1.17,56.0,1008.68,
2011,5,3,3,20.28,87.39,0.0,0.0,0.0,350.43,1.14,58.0,1008.78,
2011,5,3,4,20.26,82.54,0.0,0.0,0.0,350.4,1.12,59.0,1008.88,
2011,5,3,5,21.87,76.44,0.0,0.0,0.0,351.73,1.26,62.0,1009.78,
2011,5,3,6,23.47,70.35,54.0,211.52,33.0,353.07,1.41,65.0,1010.68,
2011,5,3,7,25.08,64.25,254.0,496.11,91.0,354.4,1.56,68.0,1011.58,
2011,5,3,8,26.66,59.06,427.0,429.34,194.0,355.32,1.95,100.0,1011.31,
2011,5,3,9,28.24,53.88,666.0,620.27,215.0,356.23,2.35,132.0,1011.05,
2011,5,3,10,29.82,48.69,779.0,505.05,340.0,357.15,2.74,165.0,1010.78,
2011,5,3,11,29.88,50.44,796.0,374.21,437.0,359.73,3.22,186.0,1010.18,
2011,5,3,12,29.95,52.18,792.0,302.61,492.0,362.32,3.69,208.0,1009.58,
2011,5,3,13,30.01,53.93,787.0,339.53,460.0,364.9,4.17,230.0,1008.98,
2011,5,3,14,29.05,60.4,695.0,322.9,412.0,368.83,3.57,239.0,1009.25,
2011,5,3,15,28.09,66.87,564.0,318.73,329.0,372.77,2.98,249.0,1009.52,
2011,5,3,16,27.14,73.34,382.0,262.98,236.0,376.7,2.39,258.0,1009.78,
2011,5,3,17,25.74,78.17,143.0,40.74,129.0,376.0,2.38,291.0,1010.51,
2011,5,3,18,24.35,83.01,46.0,60.76,39.0,375.3,2.38,323.0,1011.25,
2011,5,3,19,22.95,87.84,0.0,0.0,0.0,374.6,2.37,356.0,1011.98,
2011,5,3,20,22.71,91.89,0.0,0.0,0.0,378.88,2.03,24.0,1012.58,
2011,5,3,21,22.47,95.95,0.0,0.0,0.0,383.17,1.68,52.0,1013.18,
2011,5,3,22,22.23,100.0,0.0,0.0,0.0,387.45,1.34,80.0,1013.77,
2011,5,3,23,21.82,100.0,0.0,0.0,0.0,388.87,1.48,72.0,1013.58,
2011,5,4,0,21.41,100.0,0.0,0.0,0.0,390.28,1.61,65.0,1013.38,
2011,5,4,1,21.01,100.0,0.0,0.0,0.0,391.7,1.75,58.0,1013.18,
2011,5,4,2,20.94,100.0,0.0,0.0,0.0,389.05,1.51,55.0,1013.04,
2011,5,4,3,20.88,100.0,0.0,0.0,0.0,386.4,1.27,51.0,1012.91,
2011,5,4,4,20.82,100.0,0.0,0.0,0.0,383.75,1.03,48.0,1012.78,
2011,5,4,5,22.34,92.42,0.0,0.0,0.0,383.17,1.31,51.0,1013.18,
2011,5,4,6,23.87,84.83,23.0,0.0,23.0,382.58,1.58,54.0,1013.58,
2011,5,4,7,25.39,77.25,73.0,0.0,73.0,382.0,1.85,58.0,1013.97,
2011,5,4,8,26.94,70.41,499.0,731.16,101.0,383.9,2.06,116.0,1014.01,
2011,5,4,9,28.49,63.56,619.0,492.84,260.0,385.8,2.28,174.0,1014.04,
2011,5,4,10,30.04,56.72,747.0,455.04,351.0,387.7,2.5,233.0,1014.07,
2011,5,4,11,30.04,58.51,974.0,877.97,131.0,390.07,3.25,240.0,1013.71,
2011,5,4,12,30.04,60.3,1010.0,884.04,133.0,392.43,4.0,248.0,1013.34,
2011,5,4,13,30.04,62.09,976.0,876.84,131.0,394.8,4.74,255.0,1012.98,
2011,5,4,14,29.14,66.57,874.0,852.86,126.0,394.75,4.64,263.0,1013.01,
2011,5,4,15,28.24,71.06,714.0,810.26,116.0,394.7,4.53,271.0,1013.04,
2011,5,4,16,27.34,75.54,509.0,731.87,102.0,394.65,4.43,280.0,1013.08,
2011,5,4,17,26.13,81.95,281.0,585.71,79.0,390.72,3.82,319.0,1013.28,
2011,5,4,18,24.93,88.37,68.0,274.13,36.0,386.78,3.21,358.0,1013.48,
2011,5,4,19,23.72,94.78,0.0,0.0,0.0,382.85,2.61,38.0,1013.67,
2011,5,4,20,23.29,96.52,0.0,0.0,0.0,382.57,2.1,42.0,1013.97,
2011,5,4,21,22.85,98.26,0.0,0.0,0.0,382.28,1.6,47.0,1014.27,
2011,5,4,22,22.42,100.0,0.0,0.0,0.0,382.0,1.09,51.0,1014.57,
2011,5,4,23,21.96,100.0,0.0,0.0,0.0,379.42,0.91,50.0,1014.01,
2011,5,5,0,21.51,100.0,0.0,0.0,0.0,376.83,0.74,49.0,1013.44,
2011,5,5,1,21.06,100.0,0.0,0.0,0.0,374.25,0.57,48.0,1012.88,
2011,5,5,2,21.06,100.0,0.0,0.0,0.0,372.97,0.71,49.0,1012.54,
2011,5,5,3,21.06,100.0,0.0,0.0,0.0,371.68,0.85,50.0,1012.21,
2011,5,5,4,21.07,100.0,0.0,0.0,0.0,370.4,0.99,51.0,1011.88,
2011,5,5,5,22.64,93.11,0.0,0.0,0.0,370.88,1.18,53.0,1012.41,
2011,5,5,6,24.22,86.21,45.0,96.25,35.0,371.37,1.36,54.0,1012.94,
2011,5,5,7,25.79,79.32,197.0,210.54,127.0,371.85,1.54,56.0,1013.48,
2011,5,5,8,27.28,70.64,400.0,335.21,217.0,372.22,1.88,1.0,1013.01,
2011,5,5,9,28.76,61.96,711.0,814.05,117.0,372.58,2.22,307.0,1012.54,
2011,5,5,10,30.25,53.28,728.0,414.36,367.0,372.95,2.55,252.0,1012.08,
2011,5,5,11,30.27,53.99,814.0,407.94,422.0,373.52,3.17,256.0,1011.48,
2011,5,5,12,30.3,54.71,885.0,442.25,446.0,374.08,3.79,260.0,1010.88,
2011,5,5,13,30.32,55.42,858.0,453.2,421.0,374.65,4.41,264.0,1010.28,
2011,5,5,14,29.39,59.17,746.0,495.64,311.0,376.78,4.34,274.0,1010.12,
2011,5,5,15,28.46,62.91,725.0,821.65,118.0,378.92,4.26,283.0,1009.95,
2011,5,5,16,27.53,66.66,519.0,746.8,103.0,381.05,4.18,292.0,1009.78,
2011,5,5,17,26.19,75.95,288.0,601.0,80.0,379.63,3.73,319.0,1010.28,
2011,5,5,18,24.86,85.24,71.0,279.05,38.0,378.22,3.29,346.0,1010.78,
2011,5,5,19,23.52,94.53,0.0,0.0,0.0,376.8,2.84,14.0,1011.28,
2011,5,5,20,23.24,96.35,0.0,0.0,0.0,375.07,2.28,23.0,1011.55,
2011,5,5,21,22.96,98.18,0.0,0.0,0.0,373.33,1.72,33.0,1011.81,
2011,5,5,22,22.69,100.0,0.0,0.0,0.0,371.6,1.16,42.0,1012.08,
2011,5,5,23,22.17,100.0,0.0,0.0,0.0,370.95,1.25,44.0,1011.55,
2011,5,6,0,21.65,100.0,0.0,0.0,0.0,370.3,1.34,46.0,1011.01,
2011,5,6,1,21.13,100.0,0.0,0.0,0.0,369.65,1.43,48.0,1010.48,
2011,5,6,2,21.08,100.0,0.0,0.0,0.0,368.93,1.7,49.0,1010.15,
2011,5,6,3,21.03,100.0,0.0,0.0,0.0,368.22,1.96,50.0,1009.82,
2011,5,6,4,20.98,100.0,0.0,0.0,0.0,367.5,2.22,51.0,1009.48,
2011,5,6,5,22.59,94.45,0.0,0.0,0.0,366.45,1.56,53.0,1010.05,
2011,5,6,6,24.21,88.89,47.0,94.25,37.0,365.4,0.9,54.0,1010.61,
2011,5,6,7,25.82,83.34,227.0,340.97,113.0,364.35,0.23,56.0,1011.18,
2011,5,6,8,27.36,72.62,517.0,754.42,104.0,363.97,1.01,4.0,1010.61,
2011,5,6,9,28.89,61.91,730.0,835.98,119.0,363.58,1.78,312.0,1010.05,
2011,5,6,10,30.43,51.19,899.0,882.87,129.0,363.2,2.55,260.0,1009.48,
2011,5,6,11,30.48,50.88,1008.0,908.86,134.0,363.33,3.21,260.0,1008.78,
2011,5,6,12,30.53,50.56,1048.0,918.21,136.0,363.47,3.87,260.0,1008.09,
2011,5,6,13,30.58,50.25,1017.0,914.19,135.0,363.6,4.52,260.0,1007.39,
2011,5,6,14,29.65,54.04,915.0,893.83,130.0,363.93,4.32,264.0,1007.25,
2011,5,6,15,28.72,57.83,752.0,854.65,120.0,364.27,4.11,268.0,1007.12,
2011,5,6,16,27.79,61.62,542.0,781.4,106.0,364.6,3.9,273.0,1006.99,
2011,5,6,17,26.44,71.86,304.0,636.34,83.0,359.2,3.52,304.0,1007.65,
2011,5,6,18,25.1,82.1,56.0,116.87,42.0,353.8,3.13,335.0,1008.32,
2011,5,6,19,23.75,92.34,0.0,0.0,0.0,348.4,2.74,6.0,1008.98,
2011,5,6,20,23.35,94.89,0.0,0.0,0.0,348.15,2.23,21.0,1009.45,
2011,5,6,21,22.95,97.45,0.0,0.0,0.0,347.9,1.71,36.0,1009.92,
2011,5,6,22,22.55,100.0,0.0,0.0,0.0,347.65,1.2,51.0,1010.38,
2011,5,6,23,21.99,100.0,0.0,0.0,0.0,346.83,1.59,51.0,1010.15,
2011,5,7,0,21.43,100.0,0.0,0.0,0.0,346.02,1.97,51.0,1009.92,
2011,5,7,1,20.87,100.0,0.0,0.0,0.0,345.2,2.36,52.0,1009.68,
2011,5,7,2,20.74,100.0,0.0,0.0,0.0,343.82,2.51,52.0,1009.48,
2011,5,7,3,20.62,100.0,0.0,0.0,0.0,342.43,2.67,53.0,1009.28,
2011,5,7,4,20.5,100.0,0.0,0.0,0.0,341.05,2.83,53.0,1009.08,
2011,5,7,5,22.12,94.6,0.0,0.0,0.0,342.75,2.25,55.0,1009.58,
2011,5,7,6,23.74,89.2,70.0,304.92,37.0,344.45,1.68,57.0,1010.08,
2011,5,7,7,25.36,83.8,269.0,568.24,78.0,346.15,1.1,59.0,1010.58,
2011,5,7,8,26.95,70.8,539.0,788.86,106.0,345.47,1.55,118.0,1010.18,
2011,5,7,9,28.54,57.8,756.0,867.46,121.0,344.78,2.0,178.0,1009.78,
2011,5,7,10,30.13,44.8,925.0,909.47,131.0,344.1,2.44,237.0,1009.38,
2011,5,7,11,30.25,46.39,930.0,589.2,363.0,345.28,2.92,239.0,1008.92,
2011,5,7,12,30.37,47.98,1066.0,933.8,138.0,346.47,3.41,242.0,1008.45,
2011,5,7,13,30.49,49.57,906.0,520.04,404.0,347.65,3.89,244.0,1007.99,
2011,5,7,14,29.51,56.54,789.0,502.95,347.0,349.53,3.68,249.0,1008.12,
2011,5,7,15,28.53,63.5,611.0,432.32,291.0,351.42,3.48,255.0,1008.25,
2011,5,7,16,27.55,70.47,474.0,565.39,158.0,353.3,3.27,260.0,1008.38,
2011,5,7,17,26.17,78.64,156.0,60.26,135.0,356.22,2.97,293.0,1008.95,
2011,5,7,18,24.79,86.82,47.0,49.45,41.0,359.13,2.68,326.0,1009.52,
2011,5,7,19,23.41,94.99,0.0,0.0,0.0,362.05,2.39,359.0,1010.08,
2011,5,7,20,23.11,96.66,0.0,0.0,0.0,365.9,1.9,15.0,1010.41,
2011,5,7,21,22.81,98.33,0.0,0.0,0.0,369.75,1.42,31.0,1010.75,
2011,5,7,22,22.51,100.0,0.0,0.0,0.0,373.6,0.94,48.0,1011.08,
2011,5,7,23,22.05,100.0,0.0,0.0,0.0,373.15,1.34,49.0,1010.68,
2011,5,8,0,21.59,100.0,0.0,0.0,0.0,372.7,1.75,51.0,1010.28,
2011,5,8,1,21.14,100.0,0.0,0.0,0.0,372.25,2.15,53.0,1009.88,
2011,5,8,2,21.07,100.0,0.0,0.0,0.0,372.3,2.31,55.0,1009.68,
2011,5,8,3,21.01,100.0,0.0,0.0,0.0,372.35,2.46,57.0,1009.48,
2011,5,8,4,20.95,100.0,0.0,0.0,0.0,372.4,2.62,60.0,1009.28,
2011,5,8,5,22.48,93.87,0.0,0.0,0.0,369.47,2.13,73.0,1009.82,
2011,5,8,6,24.01,87.75,67.0,262.96,38.0,366.53,1.64,86.0,1010.35,
2011,5,8,7,25.54,81.62,171.0,109.52,134.0,363.6,1.14,100.0,1010.88,
2011,5,8,8,27.03,71.04,536.0,779.61,107.0,355.52,1.58,142.0,1010.45,
2011,5,8,9,28.52,60.47,753.0,860.73,122.0,347.43,2.02,184.0,1010.02,
2011,5,8,10,30.01,49.89,922.0,904.04,132.0,339.35,2.46,227.0,1009.58,
2011,5,8,11,30.06,51.02,1030.0,927.36,137.0,336.85,3.07,233.0,1008.98,
2011,5,8,12,30.12,52.15,1066.0,932.3,139.0,334.35,3.68,240.0,1008.38,
2011,5,8,13,30.17,53.28,1029.0,923.58,137.0,331.85,4.29,247.0,1007.79,
2011,5,8,14,29.11,58.17,922.0,898.36,132.0,332.78,4.13,252.0,1007.82,
2011,5,8,15,28.04,63.05,755.0,854.36,122.0,333.72,3.98,257.0,1007.85,
2011,5,8,16,26.98,67.94,542.0,777.0,107.0,334.65,3.82,262.0,1007.89,
2011,5,8,17,25.71,76.86,304.0,629.05,84.0,335.47,3.27,287.0,1008.42,
2011,5,8,18,24.44,85.78,79.0,317.4,40.0,336.28,2.72,312.0,1008.95,
2011,5,8,19,23.17,94.7,0.0,0.0,0.0,337.1,2.17,337.0,1009.48,
2011,5,8,20,22.75,96.47,0.0,0.0,0.0,339.43,2.23,3.0,1009.82,
2011,5,8,21,22.32,98.23,0.0,0.0,0.0,341.77,2.3,29.0,1010.15,
2011,5,8,22,21.9,100.0,0.0,0.0,0.0,344.1,2.37,55.0,1010.48,
2011,5,8,23,21.32,100.0,0.0,0.0,0.0,344.53,2.08,55.0,1010.21,
2011,5,9,0,20.75,100.0,0.0,0.0,0.0,344.97,1.78,54.0,1009.95,
2011,5,9,1,20.18,100.0,0.0,0.0,0.0,345.4,1.49,54.0,1009.68,
2011,5,9,2,20.11,100.0,0.0,0.0,0.0,345.53,1.41,55.0,1009.62,
2011,5,9,3,20.04,100.0,0.0,0.0,0.0,345.67,1.32,56.0,1009.55,
2011,5,9,4,19.97,100.0,0.0,0.0,0.0,345.8,1.24,57.0,1009.48,
2011,5,9,5,21.63,94.88,0.0,0.0,0.0,345.55,1.12,64.0,1009.85,
2011,5,9,6,23.3,89.75,70.0,285.03,38.0,345.3,0.99,70.0,1010.21,
2011,5,9,7,24.96,84.63,291.0,615.62,82.0,345.05,0.87,76.0,1010.58,
2011,5,9,8,26.38,74.02,527.0,763.24,106.0,343.12,1.49,132.0,1010.02,
2011,5,9,9,27.79,63.42,739.0,840.47,122.0,341.18,2.12,188.0,1009.45,
2011,5,9,10,29.21,52.81,905.0,884.95,131.0,339.25,2.74,245.0,1008.88,
2011,5,9,11,29.38,52.99,1010.0,906.04,137.0,337.93,3.05,248.0,1008.22,
2011,5,9,12,29.56,53.17,1045.0,910.73,139.0,336.62,3.35,251.0,1007.55,
2011,5,9,13,29.74,53.35,1008.0,901.39,137.0,335.3,3.66,255.0,1006.89,
2011,5,9,14,28.84,57.18,902.0,876.21,131.0,337.03,3.74,258.0,1006.72,
2011,5,9,15,27.94,61.02,737.0,830.62,121.0,338.77,3.83,262.0,1006.56,
2011,5,9,16,27.04,64.85,528.0,752.53,106.0,340.5,3.92,265.0,1006.39,
2011,5,9,17,25.63,76.32,295.0,604.06,83.0,343.47,3.43,292.0,1007.19,
2011,5,9,18,24.22,87.79,76.0,289.35,40.0,346.43,2.94,318.0,1007.99,
2011,5,9,19,22.81,99.26,0.0,0.0,0.0,349.4,2.46,344.0,1008.78,
2011,5,9,20,22.49,99.51,0.0,0.0,0.0,351.53,2.17,10.0,1008.95,
2011,5,9,21,22.17,99.75,0.0,0.0,0.0,353.67,1.88,36.0,1009.12,
2011,5,9,22,21.86,100.0,0.0,0.0,0.0,355.8,1.59,62.0,1009.28,
2011,5,9,23,21.34,100.0,0.0,0.0,0.0,356.05,1.86,60.0,1008.75,
2011,5,10,0,20.82,100.0,0.0,0.0,0.0,356.3,2.13,58.0,1008.22,
2011,5,10,1,20.3,100.0,0.0,0.0,0.0,356.55,2.4,56.0,1007.69,
2011,5,10,2,20.23,100.0,0.0,0.0,0.0,357.62,2.12,53.0,1007.65,
2011,5,10,3,20.17,100.0,0.0,0.0,0.0,358.68,1.85,51.0,1007.62,
2011,5,10,4,20.11,100.0,0.0,0.0,0.0,359.75,1.57,48.0,1007.59,
2011,5,10,5,21.86,94.17,0.0,0.0,0.0,358.9,1.43,59.0,1008.22,
2011,5,10,6,23.62,88.35,69.0,280.26,37.0,358.05,1.3,70.0,1008.85,
2011,5,10,7,25.37,82.52,285.0,595.19,82.0,357.2,1.16,81.0,1009.48,
2011,5,10,8,26.87,72.02,517.0,743.42,106.0,356.0,1.95,135.0,1009.02,
2011,5,10,9,28.37,61.51,727.0,824.4,121.0,354.8,2.74,189.0,1008.55,
2011,5,10,10,29.87,51.01,890.0,867.09,131.0,353.6,3.53,243.0,1008.09,
2011,5,10,11,30.04,51.25,996.0,891.0,137.0,353.6,4.02,247.0,1007.45,
2011,5,10,12,30.22,51.49,938.0,509.41,431.0,353.6,4.51,251.0,1006.82,
2011,5,10,13,30.39,51.73,912.0,529.62,400.0,353.6,4.99,255.0,1006.19,
2011,5,10,14,29.48,56.05,755.0,496.33,318.0,355.63,4.71,262.0,1006.12,
2011,5,10,15,28.57,60.38,731.0,821.75,121.0,357.67,4.43,268.0,1006.06,
2011,5,10,16,27.66,64.7,507.0,687.18,121.0,359.7,4.15,274.0,1005.99,
2011,5,10,17,26.33,74.93,231.0,295.3,127.0,360.52,3.69,294.0,1006.39,
2011,5,10,18,24.99,85.15,77.0,293.73,40.0,361.33,3.22,314.0,1006.79,
2011,5,10,19,23.66,95.38,0.0,0.0,0.0,362.15,2.76,334.0,1007.19,
2011,5,10,20,23.36,96.92,0.0,0.0,0.0,362.92,2.48,350.0,1007.32,
2011,5,10,21,23.06,98.46,0.0,0.0,0.0,363.68,2.21,7.0,1007.45,
2011,5,10,22,22.77,100.0,0.0,0.0,0.0,364.45,1.93,24.0,1007.59,
2011,5,10,23,22.32,100.0,0.0,0.0,0.0,363.67,1.46,30.0,1007.32,
2011,5,11,0,21.87,100.0,0.0,0.0,0.0,362.88,0.99,35.0,1007.05,
2011,5,11,1,21.42,100.0,0.0,0.0,0.0,362.1,0.52,41.0,1006.79,
2011,5,11,2,21.42,100.0,0.0,0.0,0.0,360.02,0.68,43.0,1006.85,
2011,5,11,3,21.43,100.0,0.0,0.0,0.0,357.93,0.83,46.0,1006.92,
2011,5,11,4,21.44,100.0,0.0,0.0,0.0,355.85,0.98,48.0,1006.99,
2011,5,11,5,22.88,92.64,0.0,0.0,0.0,358.28,0.83,49.0,1007.75,
2011,5,11,6,24.31,85.28,72.0,293.05,38.0,360.72,0.69,49.0,1008.52,
2011,5,11,7,25.75,77.92,291.0,607.16,83.0,363.15,0.54,50.0,1009.28,
2011,5,11,8,27.38,66.68,526.0,756.27,107.0,360.02,1.22,357.0,1009.15,
2011,5,11,9,29.02,55.43,736.0,832.9,123.0,356.88,1.91,305.0,1009.02,
2011,5,11,10,30.65,44.19,901.0,876.7,133.0,353.75,2.59,252.0,1008.88,
2011,5,11,11,30.8,44.79,1006.0,899.86,138.0,354.33,3.17,253.0,1008.42,
2011,5,11,12,30.96,45.38,1042.0,905.91,140.0,354.92,3.74,254.0,1007.95,
2011,5,11,13,31.12,45.98,1006.0,897.46,138.0,355.5,4.32,255.0,1007.49,
2011,5,11,14,30.15,50.85,903.0,874.02,133.0,355.83,4.4,257.0,1007.65,
2011,5,11,15,29.17,55.71,740.0,830.4,123.0,356.17,4.48,259.0,1007.82,
2011,5,11,16,28.2,60.58,533.0,755.36,108.0,356.5,4.57,261.0,1007.99,
2011,5,11,17,26.73,67.77,301.0,614.01,84.0,354.63,4.14,286.0,1008.58,
2011,5,11,18,25.25,74.95,81.0,313.68,41.0,352.77,3.72,311.0,1009.18,
2011,5,11,19,23.78,82.14,0.0,0.0,0.0,350.9,3.3,336.0,1009.78,
2011,5,11,20,23.52,88.09,0.0,0.0,0.0,351.65,3.24,354.0,1009.95,
2011,5,11,21,23.26,94.05,0.0,0.0,0.0,352.4,3.18,13.0,1010.12,
2011,5,11,22,23.0,100.0,0.0,0.0,0.0,353.15,3.12,31.0,1010.28,
2011,5,11,23,22.55,100.0,0.0,0.0,0.0,352.92,2.34,35.0,1010.05,
2011,5,12,0,22.11,100.0,0.0,0.0,0.0,352.68,1.57,39.0,1009.82,
2011,5,12,1,21.67,100.0,0.0,0.0,0.0,352.45,0.8,42.0,1009.58,
2011,5,12,2,21.62,100.0,0.0,0.0,0.0,351.82,0.97,45.0,1009.72,
2011,5,12,3,21.57,100.0,0.0,0.0,0.0,351.18,1.13,47.0,1009.85,
2011,5,12,4,21.53,100.0,0.0,0.0,0.0,350.55,1.3,49.0,1009.98,
2011,5,12,5,23.13,94.83,0.0,0.0,0.0,350.17,0.96,51.0,1010.75,
2011,5,12,6,24.73,89.66,75.0,305.63,39.0,349.78,0.62,53.0,1011.51,
2011,5,12,7,26.33,84.49,298.0,622.06,84.0,349.4,0.28,55.0,1012.28,
2011,5,12,8,27.86,69.45,537.0,770.95,109.0,348.42,1.03,0.0,1011.81,
2011,5,12,9,29.39,54.4,752.0,850.95,125.0,347.43,1.79,305.0,1011.35,
2011,5,12,10,30.92,39.36,921.0,896.61,135.0,346.45,2.55,250.0,1010.88,
2011,5,12,11,31.02,40.39,1029.0,921.18,140.0,346.23,3.23,251.0,1010.31,
2011,5,12,12,31.12,41.42,1066.0,927.63,142.0,346.02,3.9,253.0,1009.75,
2011,5,12,13,31.22,42.45,1030.0,919.81,140.0,345.8,4.58,254.0,1009.18,
2011,5,12,14,30.18,47.71,925.0,896.19,135.0,345.83,4.68,258.0,1009.22,
2011,5,12,15,29.14,52.98,760.0,853.83,125.0,345.87,4.78,261.0,1009.25,
2011,5,12,16,28.11,58.24,548.0,777.17,110.0,345.9,4.88,264.0,1009.28,
2011,5,12,17,26.67,67.82,310.0,631.61,86.0,344.92,4.47,290.0,1010.05,
2011,5,12,18,25.22,77.41,85.0,325.4,43.0,343.93,4.06,316.0,1010.81,
2011,5,12,19,23.78,86.99,0.0,0.0,0.0,342.95,3.64,341.0,1011.58,
2011,5,12,20,23.47,91.33,0.0,0.0,0.0,343.67,3.37,359.0,1011.61,
2011,5,12,21,23.15,95.66,0.0,0.0,0.0,344.38,3.1,18.0,1011.65,
2011,5,12,22,22.84,100.0,0.0,0.0,0.0,345.1,2.83,36.0,1011.68,
2011,5,12,23,22.34,100.0,0.0,0.0,0.0,344.93,2.1,41.0,1011.18,
2011,5,13,0,21.85,100.0,0.0,0.0,0.0,344.77,1.37,47.0,1010.68,
2011,5,13,1,21.36,100.0,0.0,0.0,0.0,344.6,0.65,52.0,1010.18,
2011,5,13,2,21.29,100.0,0.0,0.0,0.0,343.92,0.78,52.0,1010.08,
2011,5,13,3,21.22,100.0,0.0,0.0,0.0,343.23,0.91,52.0,1009.98,
2011,5,13,4,21.15,100.0,0.0,0.0,0.0,342.55,1.05,52.0,1009.88,
2011,5,13,5,22.69,92.3,0.0,0.0,0.0,341.43,0.74,54.0,1010.35,
2011,5,13,6,24.24,84.59,78.0,309.67,41.0,340.32,0.44,56.0,1010.81,
2011,5,13,7,25.78,76.89,303.0,631.18,85.0,339.2,0.14,58.0,1011.28,
2011,5,13,8,27.32,64.96,543.0,778.47,110.0,338.28,0.95,359.0,1010.61,
2011,5,13,9,28.86,53.03,757.0,855.46,126.0,337.37,1.77,299.0,1009.95,
2011,5,13,10,30.4,41.1,925.0,899.44,136.0,336.45,2.58,240.0,1009.28,
2011,5,13,11,30.49,42.99,1031.0,921.8,141.0,337.05,3.28,244.0,1008.65,
2011,5,13,12,30.59,44.87,1068.0,928.28,143.0,337.65,3.99,248.0,1008.02,
2011,5,13,13,30.68,46.76,1032.0,920.47,141.0,338.25,4.69,252.0,1007.39,
2011,5,13,14,29.74,51.72,926.0,896.81,135.0,339.73,4.67,257.0,1007.55,
2011,5,13,15,28.79,56.67,760.0,851.7,126.0,341.22,4.65,262.0,1007.72,
2011,5,13,16,27.85,61.63,549.0,777.65,110.0,342.7,4.63,266.0,1007.89,
2011,5,13,17,26.48,71.45,239.0,323.14,124.0,343.17,4.27,292.0,1008.62,
2011,5,13,18,25.1,81.28,86.0,329.18,43.0,343.63,3.9,319.0,1009.35,
2011,5,13,19,23.73,91.1,0.0,0.0,0.0,344.1,3.53,345.0,1010.08,
2011,5,13,20,23.48,94.07,0.0,0.0,0.0,344.67,2.82,3.0,1010.12,
2011,5,13,21,23.23,97.03,0.0,0.0,0.0,345.23,2.11,21.0,1010.15,
2011,5,13,22,22.98,100.0,0.0,0.0,0.0,345.8,1.39,39.0,1010.18,
2011,5,13,23,22.53,100.0,0.0,0.0,0.0,345.35,1.96,42.0,1009.65,
2011,5,14,0,22.09,100.0,0.0,0.0,0.0,344.9,2.53,46.0,1009.12,
2011,5,14,1,21.65,100.0,0.0,0.0,0.0,344.45,3.1,49.0,1008.58,
2011,5,14,2,21.37,100.0,0.0,0.0,0.0,346.02,3.01,50.0,1008.29,
2011,5,14,3,21.09,100.0,0.0,0.0,0.0,347.58,2.91,51.0,1007.99,
2011,5,14,4,20.81,100.0,0.0,0.0,0.0,349.15,2.81,51.0,1007.69,
2011,5,14,5,22.0,94.63,0.0,0.0,0.0,352.07,2.16,54.0,1008.22,
2011,5,14,6,23.2,89.26,75.0,280.75,41.0,354.98,1.51,57.0,1008.75,
2011,5,14,7,24.39,83.89,301.0,623.05,85.0,357.9,0.86,60.0,1009.28,
2011,5,14,8,25.69,72.42,418.0,362.52,216.0,355.38,1.22,2.0,1008.68,
2011,5,14,9,27.0,60.94,749.0,843.77,126.0,352.87,1.59,304.0,1008.09,
2011,5,14,10,28.3,49.47,916.0,888.64,136.0,350.35,1.96,245.0,1007.49,
2011,5,14,11,28.61,50.43,1022.0,912.1,141.0,348.12,2.71,249.0,1006.85,
2011,5,14,12,28.93,51.38,1059.0,918.93,143.0,345.88,3.47,252.0,1006.22,
2011,5,14,13,29.25,52.34,1022.0,909.78,141.0,343.65,4.22,255.0,1005.59,
2011,5,14,14,28.58,56.56,917.0,884.98,136.0,344.27,4.16,259.0,1005.66,
2011,5,14,15,27.91,60.78,753.0,841.51,126.0,344.88,4.1,263.0,1005.72,
2011,5,14,16,27.24,65.0,516.0,710.92,114.0,345.5,4.04,266.0,1005.79,
2011,5,14,17,25.89,72.88,307.0,616.04,87.0,347.85,3.6,283.0,1006.49,
2011,5,14,18,24.53,80.76,85.0,317.74,43.0,350.2,3.17,300.0,1007.19,
2011,5,14,19,23.18,88.64,0.0,0.0,0.0,352.55,2.73,317.0,1007.89,
2011,5,14,20,23.02,92.43,0.0,0.0,0.0,354.17,2.62,342.0,1008.32,
2011,5,14,21,22.85,96.21,0.0,0.0,0.0,355.78,2.5,7.0,1008.75,
2011,5,14,22,22.69,100.0,0.0,0.0,0.0,357.4,2.39,32.0,1009.18,
2011,5,14,23,22.3,100.0,0.0,0.0,0.0,357.68,2.03,37.0,1009.05,
2011,5,15,0,21.91,100.0,0.0,0.0,0.0,357.97,1.68,43.0,1008.92,
2011,5,15,1,21.53,100.0,0.0,0.0,0.0,358.25,1.32,48.0,1008.78,
2011,5,15,2,21.17,100.0,0.0,0.0,0.0,358.5,1.49,56.0,1008.88,
2011,5,15,3,20.82,100.0,0.0,0.0,0.0,358.75,1.66,64.0,1008.98,
2011,5,15,4,20.47,100.0,0.0,0.0,0.0,359.0,1.83,72.0,1009.08,
2011,5,15,5,21.83,94.39,0.0,0.0,0.0,360.52,1.62,81.0,1009.88,
2011,5,15,6,23.19,88.78,78.0,301.67,41.0,362.03,1.41,90.0,1010.68,
2011,5,15,7,24.55,83.17,298.0,612.22,85.0,363.55,1.2,99.0,1011.48,
2011,5,15,8,25.94,73.69,533.0,757.86,110.0,360.37,1.65,145.0,1011.15,
2011,5,15,9,27.33,64.2,743.0,834.88,126.0,357.18,2.1,191.0,1010.81,
2011,5,15,10,28.72,54.72,907.0,877.9,136.0,354.0,2.55,238.0,1010.48,
2011,5,15,11,28.89,55.28,1010.0,899.34,141.0,352.97,3.2,244.0,1009.95,
2011,5,15,12,29.07,55.84,1046.0,905.6,143.0,351.93,3.86,250.0,1009.42,
2011,5,15,13,29.24,56.4,1010.0,897.05,141.0,350.9,4.51,257.0,1008.88,
2011,5,15,14,28.33,60.99,907.0,873.16,136.0,352.03,4.23,260.0,1008.85,
2011,5,15,15,27.42,65.58,672.0,584.63,236.0,353.17,3.94,262.0,1008.82,
2011,5,15,16,26.52,70.17,448.0,430.79,204.0,354.3,3.66,265.0,1008.78,
2011,5,15,17,25.16,78.84,246.0,346.02,122.0,353.58,3.23,280.0,1009.38,
2011,5,15,18,23.81,87.5,61.0,104.68,47.0,352.87,2.81,295.0,1009.98,
2011,5,15,19,22.45,96.17,0.0,0.0,0.0,352.15,2.39,310.0,1010.58,
2011,5,15,20,22.25,97.45,0.0,0.0,0.0,353.65,2.06,336.0,1010.95,
2011,5,15,21,22.05,98.72,0.0,0.0,0.0,355.15,1.73,2.0,1011.31,
2011,5,15,22,21.86,100.0,0.0,0.0,0.0,356.65,1.41,28.0,1011.68,
2011,5,15,23,21.5,100.0,0.0,0.0,0.0,356.75,1.15,35.0,1011.28,
2011,5,16,0,21.15,100.0,0.0,0.0,0.0,356.85,0.89,42.0,1010.88,
2011,5,16,1,20.8,100.0,0.0,0.0,0.0,356.95,0.63,48.0,1010.48,
2011,5,16,2,20.55,100.0,0.0,0.0,0.0,357.6,0.85,50.0,1010.25,
2011,5,16,3,20.3,100.0,0.0,0.0,0.0,358.25,1.07,52.0,1010.02,
2011,5,16,4,20.06,100.0,0.0,0.0,0.0,358.9,1.28,54.0,1009.78,
2011,5,16,5,21.42,93.0,0.0,0.0,0.0,360.65,1.09,57.0,1010.28,
2011,5,16,6,22.78,85.99,55.0,88.62,44.0,362.4,0.9,60.0,1010.78,
2011,5,16,7,24.14,78.99,233.0,317.98,122.0,364.15,0.7,64.0,1011.28,
2011,5,16,8,25.63,68.14,413.0,345.25,220.0,359.45,1.56,6.0,1010.88,
2011,5,16,9,27.12,57.3,740.0,830.11,126.0,354.75,2.42,308.0,1010.48,
2011,5,16,10,28.61,46.45,905.0,875.18,136.0,350.05,3.28,251.0,1010.08,
2011,5,16,11,28.83,48.55,1009.0,896.96,142.0,349.55,3.59,252.0,1009.52,
2011,5,16,12,29.06,50.65,1045.0,903.32,144.0,349.05,3.89,254.0,1008.95,
2011,5,16,13,29.29,52.75,1009.0,894.66,142.0,348.55,4.19,255.0,1008.38,
2011,5,16,14,28.49,57.89,906.0,871.55,136.0,349.35,4.25,257.0,1008.35,
2011,5,16,15,27.69,63.03,745.0,829.26,126.0,350.15,4.3,258.0,1008.32,
2011,5,16,16,26.9,68.17,539.0,754.39,111.0,350.95,4.36,260.0,1008.29,
2011,5,16,17,25.67,78.28,308.0,614.57,87.0,351.38,3.96,277.0,1009.08,
2011,5,16,18,24.44,88.38,87.0,317.83,44.0,351.82,3.56,294.0,1009.88,
2011,5,16,19,23.21,98.49,0.0,0.0,0.0,352.25,3.16,311.0,1010.68,
2011,5,16,20,22.95,98.99,0.0,0.0,0.0,353.03,2.77,339.0,1010.81,
2011,5,16,21,22.68,99.5,0.0,0.0,0.0,353.82,2.39,8.0,1010.95,
2011,5,16,22,22.42,100.0,0.0,0.0,0.0,354.6,2.0,36.0,1011.08,
2011,5,16,23,22.01,100.0,0.0,0.0,0.0,354.03,1.53,39.0,1010.61,
2011,5,17,0,21.6,100.0,0.0,0.0,0.0,353.47,1.05,43.0,1010.15,
2011,5,17,1,21.19,100.0,0.0,0.0,0.0,352.9,0.58,46.0,1009.68,
2011,5,17,2,20.92,100.0,0.0,0.0,0.0,355.32,0.8,49.0,1009.72,
2011,5,17,3,20.65,100.0,0.0,0.0,0.0,357.73,1.01,52.0,1009.75,
2011,5,17,4,20.38,100.0,0.0,0.0,0.0,360.15,1.23,56.0,1009.78,
2011,5,17,5,21.72,94.13,0.0,0.0,0.0,361.22,1.04,61.0,1010.28,
2011,5,17,6,23.07,88.27,81.0,310.68,42.0,362.28,0.85,66.0,1010.78,
2011,5,17,7,24.41,82.4,303.0,616.85,87.0,363.35,0.66,72.0,1011.28,
2011,5,17,8,25.94,71.82,540.0,764.51,112.0,359.37,1.36,12.0,1010.81,
2011,5,17,9,27.48,61.25,752.0,842.98,128.0,355.38,2.06,312.0,1010.35,
2011,5,17,10,29.01,50.67,918.0,887.3,138.0,351.4,2.76,253.0,1009.88,
2011,5,17,11,29.25,51.39,1023.0,910.13,143.0,350.48,3.37,255.0,1009.25,
2011,5,17,12,29.49,52.12,1058.0,915.1,145.0,349.57,3.99,257.0,1008.62,
2011,5,17,13,29.73,52.84,1022.0,906.73,143.0,348.65,4.61,259.0,1007.99,
2011,5,17,14,28.91,57.04,918.0,882.4,138.0,349.08,4.45,262.0,1007.69,
2011,5,17,15,28.09,61.23,754.0,837.87,128.0,349.52,4.29,265.0,1007.39,
2011,5,17,16,27.27,65.43,545.0,761.94,112.0,349.95,4.12,268.0,1007.09,
2011,5,17,17,26.08,74.41,311.0,618.01,88.0,349.73,3.8,286.0,1007.45,
2011,5,17,18,24.89,83.38,89.0,321.54,45.0,349.52,3.47,303.0,1007.82,
2011,5,17,19,23.7,92.36,0.0,0.0,0.0,349.3,3.14,320.0,1008.19,
2011,5,17,20,23.48,94.91,0.0,0.0,0.0,350.23,2.91,343.0,1008.48,
2011,5,17,21,23.26,97.45,0.0,0.0,0.0,351.17,2.68,6.0,1008.78,
2011,5,17,22,23.05,100.0,0.0,0.0,0.0,352.1,2.44,29.0,1009.08,
2011,5,17,23,22.63,100.0,0.0,0.0,0.0,352.08,1.91,35.0,1008.52,
2011,5,18,0,22.21,100.0,0.0,0.0,0.0,352.07,1.38,41.0,1007.95,
2011,5,18,1,21.8,100.0,0.0,0.0,0.0,352.05,0.86,46.0,1007.39,
2011,5,18,2,21.76,100.0,0.0,0.0,0.0,351.73,1.21,51.0,1007.25,
2011,5,18,3,21.72,100.0,0.0,0.0,0.0,351.42,1.56,56.0,1007.12,
2011,5,18,4,21.68,100.0,0.0,0.0,0.0,351.1,1.92,61.0,1006.99,
2011,5,18,5,22.89,95.04,0.0,0.0,0.0,352.27,1.62,84.0,1007.75,
2011,5,18,6,24.1,90.08,82.0,307.43,43.0,353.43,1.33,106.0,1008.52,
2011,5,18,7,25.31,85.12,304.0,617.89,87.0,354.6,1.03,129.0,1009.28,
2011,5,18,8,26.84,74.74,540.0,763.49,112.0,352.9,1.66,162.0,1008.98,
2011,5,18,9,28.37,64.37,752.0,842.38,128.0,351.2,2.28,196.0,1008.68,
2011,5,18,10,29.9,53.99,919.0,886.94,139.0,349.5,2.9,229.0,1008.38,
2011,5,18,11,30.07,54.17,1026.0,911.95,144.0,349.12,3.26,234.0,1007.82,
2011,5,18,12,30.25,54.36,1063.0,918.87,146.0,348.73,3.63,238.0,1007.25,
2011,5,18,13,30.43,54.54,1028.0,911.58,144.0,348.35,4.0,242.0,1006.69,
2011,5,18,14,29.53,59.05,925.0,888.72,139.0,349.4,3.78,246.0,1006.56,
2011,5,18,15,28.63,63.55,760.0,843.79,129.0,350.45,3.56,250.0,1006.42,
2011,5,18,16,27.74,68.06,550.0,767.71,113.0,351.5,3.34,254.0,1006.29,
2011,5,18,17,26.25,76.51,316.0,626.94,89.0,349.4,3.24,276.0,1006.99,
2011,5,18,18,24.77,84.96,92.0,332.39,46.0,347.3,3.14,297.0,1007.69,
2011,5,18,19,23.28,93.41,0.0,0.0,0.0,345.2,3.03,319.0,1008.38,
2011,5,18,20,23.04,95.61,0.0,0.0,0.0,345.82,2.71,343.0,1008.58,
2011,5,18,21,22.8,97.8,0.0,0.0,0.0,346.43,2.39,7.0,1008.78,
2011,5,18,22,22.56,100.0,0.0,0.0,0.0,347.05,2.07,32.0,1008.98,
2011,5,18,23,22.09,100.0,0.0,0.0,0.0,346.9,2.06,36.0,1008.68,
2011,5,19,0,21.63,100.0,0.0,0.0,0.0,346.75,2.06,41.0,1008.38,
2011,5,19,1,21.17,100.0,0.0,0.0,0.0,346.6,2.06,46.0,1008.09,
2011,5,19,2,20.99,100.0,0.0,0.0,0.0,347.3,1.8,48.0,1008.29,
2011,5,19,3,20.81,100.0,0.0,0.0,0.0,348.0,1.55,51.0,1008.48,
2011,5,19,4,20.64,100.0,0.0,0.0,0.0,348.7,1.3,54.0,1008.68,
2011,5,19,5,21.91,96.02,0.0,0.0,0.0,352.57,1.2,67.0,1009.45,
2011,5,19,6,23.17,92.03,83.0,312.22,43.0,356.43,1.1,79.0,1010.21,
2011,5,19,7,24.44,88.05,305.0,616.21,88.0,360.3,1.01,92.0,1010.98,
2011,5,19,8,25.69,78.58,539.0,758.99,113.0,361.5,1.56,134.0,1010.81,
2011,5,19,9,26.95,69.11,750.0,837.8,129.0,362.7,2.11,176.0,1010.65,
2011,5,19,10,28.2,59.64,915.0,882.07,139.0,363.9,2.66,218.0,1010.48,
2011,5,19,11,28.38,60.03,1020.0,904.49,145.0,363.98,3.06,223.0,1010.08,
2011,5,19,12,28.56,60.43,1057.0,911.65,147.0,364.07,3.46,227.0,1009.68,
2011,5,19,13,28.74,60.82,1022.0,904.08,145.0,364.15,3.86,232.0,1009.28,
2011,5,19,14,27.84,66.51,919.0,881.47,139.0,364.83,3.7,236.0,1009.35,
2011,5,19,15,26.94,72.2,756.0,837.69,129.0,365.52,3.54,241.0,1009.42,
2011,5,19,16,26.04,77.89,548.0,761.17,114.0,366.2,3.38,246.0,1009.48,
2011,5,19,17,25.06,84.01,314.0,616.54,90.0,361.13,3.04,269.0,1009.95,
2011,5,19,18,24.09,90.14,92.0,328.73,46.0,356.07,2.7,291.0,1010.41,
2011,5,19,19,23.11,96.26,0.0,0.0,0.0,351.0,2.36,314.0,1010.88,
2011,5,19,20,22.81,97.51,0.0,0.0,0.0,352.8,1.67,344.0,1011.18,
2011,5,19,21,22.51,98.75,0.0,0.0,0.0,354.6,0.99,15.0,1011.48,
2011,5,19,22,22.21,100.0,0.0,0.0,0.0,356.4,0.3,45.0,1011.78,
2011,5,19,23,21.7,100.0,0.0,0.0,0.0,356.85,0.69,47.0,1011.38,
2011,5,20,0,21.19,100.0,0.0,0.0,0.0,357.3,1.08,50.0,1010.98,
2011,5,20,1,20.68,100.0,0.0,0.0,0.0,357.75,1.46,52.0,1010.58,
2011,5,20,2,20.34,100.0,0.0,0.0,0.0,359.58,1.36,52.0,1010.58,
2011,5,20,3,20.0,100.0,0.0,0.0,0.0,361.42,1.26,51.0,1010.58,
2011,5,20,4,19.66,100.0,0.0,0.0,0.0,363.25,1.16,51.0,1010.58,
2011,5,20,5,21.14,96.37,0.0,0.0,0.0,366.2,0.93,56.0,1011.05,
2011,5,20,6,22.61,92.75,66.0,154.68,46.0,369.15,0.71,61.0,1011.51,
2011,5,20,7,24.09,89.12,225.0,271.92,129.0,372.1,0.48,66.0,1011.98,
2011,5,20,8,25.67,77.8,536.0,752.79,113.0,368.12,1.37,119.0,1011.81,
2011,5,20,9,27.26,66.49,745.0,830.58,129.0,364.13,2.27,171.0,1011.65,
2011,5,20,10,28.84,55.17,909.0,874.98,139.0,360.15,3.16,223.0,1011.48,
2011,5,20,11,29.14,56.37,1014.0,898.1,145.0,358.28,3.43,229.0,1011.01,
2011,5,20,12,29.45,57.56,1051.0,905.44,147.0,356.42,3.7,234.0,1010.55,
2011,5,20,13,29.75,58.76,1016.0,897.61,145.0,354.55,3.97,240.0,1010.08,
2011,5,20,14,28.89,62.8,913.0,874.24,139.0,356.0,3.78,245.0,1010.02,
2011,5,20,15,28.03,66.83,751.0,830.25,129.0,357.45,3.59,249.0,1009.95,
2011,5,20,16,27.18,70.87,544.0,752.91,114.0,358.9,3.39,254.0,1009.88,
2011,5,20,17,25.91,76.8,313.0,611.7,90.0,357.55,3.04,276.0,1010.08,
2011,5,20,18,24.65,82.74,92.0,318.08,47.0,356.2,2.69,298.0,1010.28,
2011,5,20,19,23.38,88.67,0.0,0.0,0.0,354.85,2.33,321.0,1010.48,
2011,5,20,20,23.16,92.45,0.0,0.0,0.0,354.3,2.32,344.0,1010.71,
2011,5,20,21,22.94,96.22,0.0,0.0,0.0,353.75,2.31,7.0,1010.95,
2011,5,20,22,22.73,100.0,0.0,0.0,0.0,353.2,2.3,30.0,1011.18,
2011,5,20,23,22.27,100.0,0.0,0.0,0.0,352.45,2.53,32.0,1010.78,
2011,5,21,0,21.81,100.0,0.0,0.0,0.0,351.7,2.76,33.0,1010.38,
2011,5,21,1,21.36,100.0,0.0,0.0,0.0,350.95,2.99,35.0,1009.98,
2011,5,21,2,21.25,100.0,0.0,0.0,0.0,351.35,2.37,39.0,1009.82,
2011,5,21,3,21.14,100.0,0.0,0.0,0.0,351.75,1.75,43.0,1009.65,
2011,5,21,4,21.03,100.0,0.0,0.0,0.0,352.15,1.13,48.0,1009.48,
2011,5,21,5,22.28,95.93,0.0,0.0,0.0,354.98,0.87,55.0,1010.08,
2011,5,21,6,23.53,91.85,84.0,306.71,44.0,357.82,0.62,63.0,1010.68,
2011,5,21,7,24.78,87.78,303.0,604.73,89.0,360.65,0.36,70.0,1011.28,
2011,5,21,8,26.3,78.49,534.0,746.69,114.0,359.5,1.1,122.0,1010.95,
2011,5,21,9,27.81,69.21,743.0,826.12,130.0,358.35,1.85,175.0,1010.61,
2011,5,21,10,29.33,59.92,714.0,361.26,396.0,357.2,2.59,227.0,1010.28,
2011,5,21,11,29.6,58.64,889.0,490.82,414.0,356.83,3.03,232.0,1009.72,
2011,5,21,12,29.87,57.37,1049.0,902.26,148.0,356.47,3.47,237.0,1009.15,
2011,5,21,13,30.14,56.09,930.0,575.91,371.0,356.1,3.9,241.0,1008.58,
2011,5,21,14,29.27,60.15,914.0,873.8,140.0,357.03,3.99,248.0,1008.45,
2011,5,21,15,28.4,64.21,753.0,830.84,130.0,357.97,4.07,254.0,1008.32,
2011,5,21,16,27.53,68.27,518.0,695.73,120.0,358.9,4.15,260.0,1008.19,
2011,5,21,17,26.05,78.81,286.0,522.15,95.0,360.55,3.56,284.0,1008.82,
2011,5,21,18,24.57,89.34,78.0,230.76,45.0,362.2,2.97,307.0,1009.45,
2011,5,21,19,23.09,99.88,0.0,0.0,0.0,363.85,2.39,330.0,1010.08,
2011,5,21,20,22.9,99.92,0.0,0.0,0.0,366.15,2.31,354.0,1010.21,
2011,5,21,21,22.71,99.96,0.0,0.0,0.0,368.45,2.24,18.0,1010.35,
2011,5,21,22,22.53,100.0,0.0,0.0,0.0,370.75,2.17,41.0,1010.48,
2011,5,21,23,22.09,100.0,0.0,0.0,0.0,370.73,1.73,45.0,1010.08,
2011,5,22,0,21.66,100.0,0.0,0.0,0.0,370.72,1.29,49.0,1009.68,
2011,5,22,1,21.23,100.0,0.0,0.0,0.0,370.7,0.86,53.0,1009.28,
2011,5,22,2,20.85,100.0,0.0,0.0,0.0,370.87,0.91,53.0,1009.28,
2011,5,22,3,20.47,100.0,0.0,0.0,0.0,371.03,0.97,53.0,1009.28,
2011,5,22,4,20.09,100.0,0.0,0.0,0.0,371.2,1.02,54.0,1009.28,
2011,5,22,5,21.85,95.74,0.0,0.0,0.0,366.7,0.71,57.0,1009.88,
2011,5,22,6,23.62,91.48,74.0,213.0,46.0,362.2,0.4,61.0,1010.48,
2011,5,22,7,25.38,87.22,302.0,600.61,89.0,357.7,0.1,65.0,1011.08,
2011,5,22,8,26.92,75.97,533.0,744.22,114.0,356.7,1.07,119.0,1010.81,
2011,5,22,9,28.47,64.71,740.0,821.71,130.0,355.7,2.04,173.0,1010.55,
2011,5,22,10,30.01,53.46,903.0,866.59,140.0,354.7,3.01,228.0,1010.28,
2011,5,22,11,30.16,54.58,1007.0,889.53,146.0,356.6,3.16,232.0,1010.05,
2011,5,22,12,30.32,55.71,1044.0,897.1,148.0,358.5,3.31,237.0,1009.82,
2011,5,22,13,30.48,56.83,1011.0,890.91,146.0,360.4,3.46,242.0,1009.58,
2011,5,22,14,29.53,61.66,910.0,867.71,141.0,362.77,3.71,247.0,1009.58,
2011,5,22,15,28.58,66.49,750.0,824.76,131.0,365.13,3.97,251.0,1009.58,
2011,5,22,16,27.63,71.32,545.0,750.43,115.0,367.5,4.22,255.0,1009.58,
2011,5,22,17,26.3,79.6,315.0,610.31,91.0,369.48,3.61,271.0,1009.88,
2011,5,22,18,24.98,87.88,47.0,6.92,46.0,371.47,3.0,288.0,1010.18,
2011,5,22,19,23.65,96.16,0.0,0.0,0.0,373.45,2.39,304.0,1010.48,
2011,5,22,20,23.36,97.44,0.0,0.0,0.0,372.55,2.06,334.0,1010.78,
2011,5,22,21,23.06,98.72,0.0,0.0,0.0,371.65,1.73,4.0,1011.08,
2011,5,22,22,22.77,100.0,0.0,0.0,0.0,370.75,1.41,33.0,1011.38,
2011,5,22,23,22.31,100.0,0.0,0.0,0.0,375.72,1.49,39.0,1010.98,
2011,5,23,0,21.85,100.0,0.0,0.0,0.0,380.68,1.57,45.0,1010.58,
2011,5,23,1,21.4,100.0,0.0,0.0,0.0,385.65,1.66,51.0,1010.18,
2011,5,23,2,21.16,100.0,0.0,0.0,0.0,390.25,1.17,51.0,1010.18,
2011,5,23,3,20.92,100.0,0.0,0.0,0.0,394.85,0.68,50.0,1010.18,
2011,5,23,4,20.68,100.0,0.0,0.0,0.0,399.45,0.19,49.0,1010.18,
2011,5,23,5,22.16,96.59,0.0,0.0,0.0,401.18,0.53,31.0,1010.95,
2011,5,23,6,23.64,93.18,43.0,0.0,43.0,402.92,0.86,13.0,1011.71,
2011,5,23,7,25.12,89.77,213.0,216.7,136.0,404.65,1.2,355.0,1012.48,
2011,5,23,8,26.64,79.46,474.0,557.26,160.0,396.22,1.67,321.0,1012.08,
2011,5,23,9,28.15,69.14,481.0,172.36,353.0,387.78,2.15,287.0,1011.68,
2011,5,23,10,29.67,58.83,658.0,263.45,426.0,379.35,2.62,253.0,1011.28,
2011,5,23,11,29.83,58.24,912.0,538.2,391.0,374.25,3.02,252.0,1010.61,
2011,5,23,12,30.0,57.65,1053.0,903.96,150.0,369.15,3.41,252.0,1009.95,
2011,5,23,13,30.16,57.06,1018.0,895.82,148.0,364.05,3.81,252.0,1009.28,
2011,5,23,14,29.23,62.35,915.0,871.79,142.0,362.53,3.8,254.0,1009.05,
2011,5,23,15,28.29,67.64,753.0,826.69,132.0,361.02,3.8,256.0,1008.82,
2011,5,23,16,27.36,72.93,547.0,750.94,116.0,359.5,3.79,259.0,1008.58,
2011,5,23,17,26.05,81.95,316.0,608.27,92.0,357.65,3.17,276.0,1008.98,
2011,5,23,18,24.73,90.98,96.0,328.66,48.0,355.8,2.54,294.0,1009.38,
2011,5,23,19,23.42,100.0,0.0,0.0,0.0,353.95,1.92,311.0,1009.78,
2011,5,23,20,23.19,100.0,0.0,0.0,0.0,354.8,1.9,332.0,1009.92,
2011,5,23,21,22.96,100.0,0.0,0.0,0.0,355.65,1.89,354.0,1010.05,
2011,5,23,22,22.74,100.0,0.0,0.0,0.0,356.5,1.88,15.0,1010.18,
2011,5,23,23,22.36,100.0,0.0,0.0,0.0,362.83,1.83,19.0,1009.82,
2011,5,24,0,21.98,100.0,0.0,0.0,0.0,369.17,1.77,23.0,1009.45,
2011,5,24,1,21.6,100.0,0.0,0.0,0.0,375.5,1.72,27.0,1009.08,
2011,5,24,2,21.52,100.0,0.0,0.0,0.0,377.83,1.76,32.0,1009.12,
2011,5,24,3,21.44,100.0,0.0,0.0,0.0,380.17,1.8,37.0,1009.15,
2011,5,24,4,21.36,100.0,0.0,0.0,0.0,382.5,1.83,42.0,1009.18,
2011,5,24,5,22.72,96.16,0.0,0.0,0.0,376.1,1.5,48.0,1009.78,
2011,5,24,6,24.09,92.31,85.0,300.01,45.0,369.7,1.17,55.0,1010.38,
2011,5,24,7,25.45,88.47,302.0,595.55,90.0,363.3,0.84,62.0,1010.98,
2011,5,24,8,26.72,78.64,533.0,741.3,115.0,363.77,1.53,2.0,1010.65,
2011,5,24,9,28.0,68.82,741.0,819.79,132.0,364.23,2.21,302.0,1010.31,
2011,5,24,10,29.27,58.99,904.0,865.16,142.0,364.7,2.9,243.0,1009.98,
2011,5,24,11,29.43,60.55,1009.0,889.33,148.0,365.83,3.6,246.0,1009.58,
2011,5,24,12,29.59,62.11,1046.0,896.83,150.0,366.97,4.29,249.0,1009.18,
2011,5,24,13,29.75,63.67,1011.0,888.37,148.0,368.1,4.99,253.0,1008.78,
2011,5,24,14,28.87,67.37,910.0,865.72,142.0,367.63,4.65,256.0,1008.82,
2011,5,24,15,27.98,71.06,750.0,821.96,132.0,367.17,4.3,259.0,1008.85,
2011,5,24,16,27.1,74.76,545.0,746.23,116.0,366.7,3.96,263.0,1008.88,
2011,5,24,17,25.85,83.17,316.0,606.25,92.0,364.32,3.37,273.0,1009.58,
2011,5,24,18,24.6,91.59,97.0,325.3,49.0,361.93,2.77,283.0,1010.28,
2011,5,24,19,23.35,100.0,0.0,0.0,0.0,359.55,2.18,293.0,1010.98,
2011,5,24,20,23.1,100.0,0.0,0.0,0.0,366.12,1.71,333.0,1011.05,
2011,5,24,21,22.84,100.0,0.0,0.0,0.0,372.68,1.23,12.0,1011.11,
2011,5,24,22,22.59,100.0,0.0,0.0,0.0,379.25,0.76,52.0,1011.18,
2011,5,24,23,22.11,100.0,0.0,0.0,0.0,379.2,0.57,55.0,1010.68,
2011,5,25,0,21.63,100.0,0.0,0.0,0.0,379.15,0.37,58.0,1010.18,
2011,5,25,1,21.16,100.0,0.0,0.0,0.0,379.1,0.18,62.0,1009.68,
2011,5,25,2,20.91,100.0,0.0,0.0,0.0,380.43,0.79,57.0,1009.52,
2011,5,25,3,20.67,100.0,0.0,0.0,0.0,381.77,1.39,52.0,1009.35,
2011,5,25,4,20.43,100.0,0.0,0.0,0.0,383.1,2.0,47.0,1009.18,
2011,5,25,5,22.0,97.0,0.0,0.0,0.0,376.88,1.77,44.0,1009.68,
2011,5,25,6,23.58,94.0,86.0,305.61,45.0,370.67,1.53,40.0,1010.18,
2011,5,25,7,25.15,91.0,301.0,591.79,90.0,364.45,1.3,36.0,1010.68,
2011,5,25,8,26.6,81.28,486.0,604.36,145.0,362.83,1.7,346.0,1010.15,
2011,5,25,9,28.04,71.56,654.0,551.77,244.0,361.22,2.1,296.0,1009.62,
2011,5,25,10,29.49,61.84,723.0,389.39,380.0,359.6,2.5,246.0,1009.08,
2011,5,25,11,29.74,62.02,742.0,270.6,480.0,358.7,3.06,247.0,1008.62,
2011,5,25,12,30.0,62.2,873.0,427.34,446.0,357.8,3.63,249.0,1008.15,
2011,5,25,13,30.26,62.38,801.0,372.55,439.0,356.9,4.19,251.0,1007.69,
2011,5,25,14,29.43,66.48,786.0,487.86,353.0,359.32,4.12,253.0,1007.75,
2011,5,25,15,28.59,70.57,628.0,462.44,280.0,361.73,4.05,255.0,1007.82,
2011,5,25,16,27.76,74.67,418.0,319.54,234.0,364.15,3.97,257.0,1007.89,
2011,5,25,17,26.29,83.11,237.0,242.78,147.0,365.38,3.45,271.0,1008.72,
2011,5,25,18,24.82,91.56,78.0,194.56,49.0,366.62,2.93,284.0,1009.55,
2011,5,25,19,23.35,100.0,0.0,0.0,0.0,367.85,2.41,298.0,1010.38,
2011,5,25,20,23.11,100.0,0.0,0.0,0.0,368.32,1.87,325.0,1010.41,
2011,5,25,21,22.87,100.0,0.0,0.0,0.0,368.78,1.33,351.0,1010.45,
2011,5,25,22,22.64,100.0,0.0,0.0,0.0,369.25,0.79,17.0,1010.48,
2011,5,25,23,22.29,100.0,0.0,0.0,0.0,367.63,0.84,14.0,1010.08,
2011,5,26,0,21.95,100.0,0.0,0.0,0.0,366.02,0.9,11.0,1009.68,
2011,5,26,1,21.61,100.0,0.0,0.0,0.0,364.4,0.95,8.0,1009.28,
2011,5,26,2,21.61,100.0,0.0,0.0,0.0,363.33,1.26,31.0,1009.25,
2011,5,26,3,21.61,100.0,0.0,0.0,0.0,362.27,1.58,54.0,1009.22,
2011,5,26,4,21.62,100.0,0.0,0.0,0.0,361.2,1.89,78.0,1009.18,
2011,5,26,5,23.26,94.14,0.0,0.0,0.0,360.95,1.59,99.0,1009.78,
2011,5,26,6,24.9,88.29,68.0,148.24,48.0,360.7,1.28,121.0,1010.38,
2011,5,26,7,26.54,82.43,301.0,590.95,90.0,360.45,0.98,143.0,1010.98,
2011,5,26,8,27.9,73.57,530.0,733.35,116.0,359.3,1.62,176.0,1010.41,
2011,5,26,9,29.27,64.71,736.0,811.34,133.0,358.15,2.26,209.0,1009.85,
2011,5,26,10,30.63,55.85,899.0,858.19,143.0,357.0,2.9,242.0,1009.28,
2011,5,26,11,30.77,55.19,1004.0,883.01,149.0,357.43,3.41,247.0,1008.65,
2011,5,26,12,30.92,54.52,1041.0,890.61,151.0,357.87,3.93,252.0,1008.02,
2011,5,26,13,31.07,53.86,1008.0,883.81,149.0,358.3,4.44,258.0,1007.39,
2011,5,26,14,30.13,57.29,908.0,860.37,144.0,361.1,4.4,258.0,1007.29,
2011,5,26,15,29.19,60.72,748.0,816.51,133.0,363.9,4.36,258.0,1007.19,
2011,5,26,16,28.26,64.15,545.0,742.06,117.0,366.7,4.32,258.0,1007.09,
2011,5,26,17,26.93,71.63,317.0,602.28,93.0,365.72,3.57,266.0,1007.79,
2011,5,26,18,25.6,79.12,99.0,325.5,50.0,364.73,2.82,274.0,1008.48,
2011,5,26,19,24.27,86.6,0.0,0.0,0.0,363.75,2.07,282.0,1009.18,
2011,5,26,20,23.98,91.07,0.0,0.0,0.0,363.88,1.9,321.0,1009.72,
2011,5,26,21,23.69,95.53,0.0,0.0,0.0,364.02,1.73,0.0,1010.25,
2011,5,26,22,23.41,100.0,0.0,0.0,0.0,364.15,1.56,40.0,1010.78,
2011,5,26,23,22.97,100.0,0.0,0.0,0.0,364.65,1.93,63.0,1010.55,
2011,5,27,0,22.53,100.0,0.0,0.0,0.0,365.15,2.3,86.0,1010.31,
2011,5,27,1,22.09,100.0,0.0,0.0,0.0,365.65,2.68,109.0,1010.08,
2011,5,27,2,22.06,100.0,0.0,0.0,0.0,366.18,2.39,106.0,1010.28,
2011,5,27,3,22.03,100.0,0.0,0.0,0.0,366.72,2.11,103.0,1010.48,
2011,5,27,4,22.0,100.0,0.0,0.0,0.0,367.25,1.82,100.0,1010.68,
2011,5,27,5,23.47,98.07,0.0,0.0,0.0,375.63,1.99,105.0,1011.38,
2011,5,27,6,24.93,96.14,85.0,294.96,45.0,384.02,2.15,110.0,1012.08,
2011,5,27,7,26.4,94.21,298.0,581.81,90.0,392.4,2.32,116.0,1012.78,
2011,5,27,8,27.79,84.31,522.0,718.86,116.0,387.75,2.47,152.0,1012.01,
2011,5,27,9,29.19,74.41,726.0,799.12,132.0,383.1,2.62,189.0,1011.25,
2011,5,27,10,30.58,64.51,886.0,843.4,143.0,378.45,2.77,226.0,1010.48,
2011,5,27,11,30.67,63.25,990.0,868.53,149.0,376.07,3.08,232.0,1009.72,
2011,5,27,12,30.76,61.99,1028.0,877.51,151.0,373.68,3.38,238.0,1008.95,
2011,5,27,13,30.85,60.73,996.0,871.25,149.0,371.3,3.68,245.0,1008.19,
2011,5,27,14,29.9,64.93,898.0,848.7,144.0,371.37,3.7,247.0,1007.99,
2011,5,27,15,28.95,69.13,741.0,806.5,133.0,371.43,3.71,248.0,1007.79,
2011,5,27,16,28.01,73.33,539.0,730.47,117.0,371.5,3.72,250.0,1007.59,
2011,5,27,17,26.84,80.74,314.0,592.28,93.0,369.57,3.17,258.0,1008.12,
2011,5,27,18,25.66,88.16,98.0,315.76,50.0,367.63,2.62,265.0,1008.65,
2011,5,27,19,24.49,95.57,0.0,0.0,0.0,365.7,2.07,273.0,1009.18,
2011,5,27,20,24.14,97.05,0.0,0.0,0.0,365.98,1.86,297.0,1009.38,
2011,5,27,21,23.78,98.52,0.0,0.0,0.0,366.27,1.65,322.0,1009.58,
2011,5,27,22,23.43,100.0,0.0,0.0,0.0,366.55,1.43,346.0,1009.78,
2011,5,27,23,22.99,100.0,0.0,0.0,0.0,366.75,1.66,20.0,1009.48,
2011,5,28,0,22.55,100.0,0.0,0.0,0.0,366.95,1.88,54.0,1009.18,
2011,5,28,1,22.11,100.0,0.0,0.0,0.0,367.15,2.1,88.0,1008.88,
2011,5,28,2,22.06,100.0,0.0,0.0,0.0,367.47,2.11,87.0,1008.82,
2011,5,28,3,22.01,100.0,0.0,0.0,0.0,367.78,2.12,85.0,1008.75,
2011,5,28,4,21.96,100.0,0.0,0.0,0.0,368.1,2.14,83.0,1008.68,
2011,5,28,5,23.47,95.21,0.0,0.0,0.0,369.33,2.03,97.0,1008.85,
2011,5,28,6,24.98,90.43,84.0,286.27,45.0,370.57,1.93,110.0,1009.02,
2011,5,28,7,26.49,85.64,294.0,570.0,90.0,371.8,1.82,123.0,1009.18,
2011,5,28,8,27.88,78.1,517.0,709.76,116.0,371.43,2.11,160.0,1008.55,
2011,5,28,9,29.26,70.55,719.0,789.63,132.0,371.07,2.41,197.0,1007.92,
2011,5,28,10,30.65,63.01,879.0,835.45,143.0,370.7,2.7,234.0,1007.29,
2011,5,28,11,30.75,62.88,982.0,860.26,149.0,371.32,3.16,236.0,1006.75,
2011,5,28,12,30.86,62.74,1019.0,868.43,151.0,371.93,3.62,239.0,1006.22,
2011,5,28,13,30.96,62.61,986.0,860.76,149.0,372.55,4.08,241.0,1005.69,
2011,5,28,14,30.02,65.94,887.0,837.04,143.0,374.08,3.89,245.0,1005.49,
2011,5,28,15,29.07,69.26,731.0,792.53,133.0,375.62,3.69,249.0,1005.29,
2011,5,28,16,28.13,72.59,531.0,715.46,117.0,377.15,3.49,253.0,1005.09,
2011,5,28,17,26.82,80.72,309.0,577.02,93.0,376.8,3.07,250.0,1005.66,
2011,5,28,18,25.5,88.84,97.0,306.24,50.0,376.45,2.64,247.0,1006.22,
2011,5,28,19,24.19,96.97,0.0,0.0,0.0,376.1,2.22,243.0,1006.79,
2011,5,28,20,23.83,97.98,0.0,0.0,0.0,379.92,2.23,230.0,1007.15,
2011,5,28,21,23.47,98.99,0.0,0.0,0.0,383.73,2.24,218.0,1007.52,
2011,5,28,22,23.12,100.0,0.0,0.0,0.0,387.55,2.25,205.0,1007.89,
2011,5,28,23,22.6,100.0,0.0,0.0,0.0,391.97,2.34,185.0,1007.69,
2011,5,29,0,22.08,100.0,0.0,0.0,0.0,396.38,2.44,164.0,1007.49,
2011,5,29,1,21.56,100.0,0.0,0.0,0.0,400.8,2.54,144.0,1007.29,
2011,5,29,2,21.48,100.0,0.0,0.0,0.0,404.02,2.4,133.0,1007.32,
2011,5,29,3,21.4,100.0,0.0,0.0,0.0,407.23,2.27,121.0,1007.35,
2011,5,29,4,21.33,100.0,0.0,0.0,0.0,410.45,2.14,110.0,1007.39,
2011,5,29,5,23.02,95.1,0.0,0.0,0.0,396.38,2.07,119.0,1007.65,
2011,5,29,6,24.71,90.2,84.0,285.1,45.0,382.32,2.01,128.0,1007.92,
2011,5,29,7,26.4,85.3,294.0,566.69,91.0,368.25,1.94,138.0,1008.19,
2011,5,29,8,27.76,77.35,517.0,707.8,117.0,366.35,2.31,167.0,1007.79,
2011,5,29,9,29.12,69.41,720.0,789.59,133.0,364.45,2.68,197.0,1007.39,
2011,5,29,10,30.48,61.46,882.0,837.75,144.0,362.55,3.05,226.0,1006.99,
2011,5,29,11,30.41,61.39,987.0,864.4,150.0,362.52,3.35,231.0,1006.62,
2011,5,29,12,30.35,61.31,1026.0,874.37,152.0,362.48,3.66,235.0,1006.26,
2011,5,29,13,30.28,61.24,997.0,869.81,151.0,362.45,3.96,239.0,1005.89,
2011,5,29,14,29.24,65.64,900.0,849.01,145.0,366.18,3.77,240.0,1005.96,
2011,5,29,15,28.2,70.04,745.0,807.72,135.0,369.92,3.59,241.0,1006.02,
2011,5,29,16,27.16,74.44,544.0,733.29,119.0,373.65,3.41,242.0,1006.09,
2011,5,29,17,25.99,82.66,319.0,596.49,95.0,371.82,3.09,244.0,1006.85,
2011,5,29,18,24.83,90.87,102.0,329.21,51.0,369.98,2.78,246.0,1007.62,
2011,5,29,19,23.66,99.09,0.0,0.0,0.0,368.15,2.47,248.0,1008.38,
2011,5,29,20,23.28,99.39,0.0,0.0,0.0,366.78,1.95,189.0,1008.62,
2011,5,29,21,22.89,99.7,0.0,0.0,0.0,365.42,1.43,130.0,1008.85,
2011,5,29,22,22.51,100.0,0.0,0.0,0.0,364.05,0.91,70.0,1009.08,
2011,5,29,23,22.0,100.0,0.0,0.0,0.0,365.3,1.45,86.0,1008.82,
2011,5,30,0,21.49,100.0,0.0,0.0,0.0,366.55,2.0,102.0,1008.55,
2011,5,30,1,20.99,100.0,0.0,0.0,0.0,367.8,2.54,117.0,1008.29,
2011,5,30,2,20.92,100.0,0.0,0.0,0.0,373.1,2.52,113.0,1008.58,
2011,5,30,3,20.85,100.0,0.0,0.0,0.0,378.4,2.5,109.0,1008.88,
2011,5,30,4,20.79,100.0,0.0,0.0,0.0,383.7,2.48,104.0,1009.18,
2011,5,30,5,22.53,94.31,0.0,0.0,0.0,378.48,2.21,118.0,1009.68,
2011,5,30,6,24.27,88.61,87.0,298.66,46.0,373.27,1.94,133.0,1010.18,
2011,5,30,7,26.01,82.92,302.0,585.78,92.0,368.05,1.67,147.0,1010.68,
2011,5,30,8,27.35,75.56,531.0,728.9,119.0,366.53,2.17,177.0,1010.21,
2011,5,30,9,28.68,68.2,736.0,808.44,135.0,365.02,2.66,207.0,1009.75,
2011,5,30,10,30.02,60.84,798.0,524.48,336.0,363.5,3.16,238.0,1009.28,
2011,5,30,11,30.03,60.59,811.0,399.68,424.0,364.38,3.54,240.0,1008.88,
2011,5,30,12,30.04,60.33,916.0,470.17,446.0,365.27,3.92,243.0,1008.48,
2011,5,30,13,30.05,60.08,864.0,496.48,381.0,366.15,4.3,245.0,1008.09,
2011,5,30,14,29.03,65.25,900.0,847.48,146.0,368.23,3.88,246.0,1008.25,
2011,5,30,15,28.0,70.43,664.0,555.64,244.0,370.32,3.46,247.0,1008.42,
2011,5,30,16,26.98,75.6,483.0,530.57,175.0,372.4,3.03,248.0,1008.58,
2011,5,30,17,25.61,82.85,257.0,305.27,142.0,373.23,2.77,247.0,1009.32,
2011,5,30,18,24.23,90.09,66.0,76.75,54.0,374.07,2.51,246.0,1010.05,
2011,5,30,19,22.86,97.34,0.0,0.0,0.0,374.9,2.25,245.0,1010.78,
2011,5,30,20,22.61,98.23,0.0,0.0,0.0,374.17,1.89,300.0,1011.01,
2011,5,30,21,22.36,99.11,0.0,0.0,0.0,373.43,1.52,354.0,1011.25,
2011,5,30,22,22.12,100.0,0.0,0.0,0.0,372.7,1.16,48.0,1011.48,
2011,5,30,23,21.69,100.0,0.0,0.0,0.0,371.85,1.19,96.0,1011.18,
2011,5,31,0,21.26,100.0,0.0,0.0,0.0,371.0,1.21,143.0,1010.88,
2011,5,31,1,20.83,100.0,0.0,0.0,0.0,370.15,1.24,190.0,1010.58,
2011,5,31,2,20.78,100.0,0.0,0.0,0.0,372.5,1.4,191.0,1010.68,
2011,5,31,3,20.73,100.0,0.0,0.0,0.0,374.85,1.56,192.0,1010.78,
2011,5,31,4,20.68,100.0,0.0,0.0,0.0,377.2,1.72,193.0,1010.88,
2011,5,31,5,22.44,95.09,0.0,0.0,0.0,375.53,1.33,205.0,1011.61,
2011,5,31,6,24.2,90.17,4.0,0.0,4.0,373.87,0.94,218.0,1012.34,
2011,5,31,7,25.96,85.26,178.0,100.36,142.0,372.2,0.55,230.0,1013.08,
2011,5,31,8,27.3,77.53,397.0,290.12,233.0,372.82,1.35,233.0,1012.74,
2011,5,31,9,30.76,55.2,578.0,348.42,319.0,373.38,3.81,236.0,1012.41,
2011,5,31,10,30.28,58.44,781.0,496.14,344.0,374.27,3.66,239.0,1012.08,
2011,5,31,11,29.8,61.68,872.0,468.9,418.0,375.16,3.51,241.0,1011.41,
2011,5,31,12,29.32,64.92,867.0,423.13,444.0,376.05,3.36,243.0,1010.75,
2011,5,31,13,28.84,68.17,816.0,400.8,426.0,376.94,3.21,246.0,1010.08,
2011,5,31,14,28.37,71.41,704.0,325.8,414.0,377.83,3.06,252.0,1009.88,
2011,5,31,15,27.89,74.65,517.0,210.17,358.0,378.72,2.91,258.0,1009.68,
2011,5,31,16,27.41,77.89,382.0,220.15,254.0,379.61,2.76,265.0,1009.48,
2011,5,31,17,26.93,81.13,316.0,603.34,88.0,380.5,2.61,275.0,1008.05,
2011,5,31,18,26.45,84.37,103.0,342.29,49.0,381.39,2.46,291.0,1008.42,
2011,5,31,19,25.98,87.61,0.0,0.0,0.0,382.28,2.31,307.0,1008.78,
2011,5,31,20,25.5,90.86,0.0,0.0,0.0,383.17,2.16,331.0,1008.78,
2011,5,31,21,25.02,94.1,0.0,0.0,0.0,384.06,2.01,355.0,1008.78,
2011,5,31,22,24.54,97.34,0.0,0.0,0.0,384.95,1.86,19.0,1008.78,
2011,5,31,23,24.06,100.0,0.0,0.0,0.0,385.84,1.71,22.0,1008.05,
2012,6,1,0,23.58,100.0,0.0,0.0,0.0,386.73,1.56,25.0,1007.32,
2012,6,1,1,23.29,100.0,0.0,0.0,0.0,380.1,0.5,28.0,1006.59,
2012,6,1,2,23.09,100.0,0.0,0.0,0.0,380.65,1.04,45.0,1006.52,
2012,6,1,3,22.89,100.0,0.0,0.0,0.0,381.2,1.59,62.0,1006.46,
2012,6,1,4,22.7,100.0,0.0,0.0,0.0,381.75,2.14,79.0,1006.39,
2012,6,1,5,24.11,96.7,0.0,0.0,0.0,384.33,1.97,112.0,1006.92,
2012,6,1,6,25.52,93.39,86.0,304.21,44.0,386.92,1.81,146.0,1007.45,
2012,6,1,7,26.93,90.09,297.0,587.96,86.0,389.5,1.64,179.0,1007.99,
2012,6,1,8,28.36,82.73,520.0,725.28,110.0,389.42,2.06,196.0,1007.59,
2012,6,1,9,29.8,75.36,721.0,801.85,125.0,389.33,2.49,212.0,1007.19,
2012,6,1,10,31.23,68.0,881.0,847.06,135.0,389.25,2.91,229.0,1006.79,
2012,6,1,11,31.41,67.05,985.0,871.75,141.0,388.55,3.18,232.0,1006.46,
2012,6,1,12,31.6,66.09,1023.0,880.23,143.0,387.85,3.45,235.0,1006.12,
2012,6,1,13,31.79,65.14,993.0,875.4,141.0,387.15,3.72,238.0,1005.79,
2012,6,1,14,30.9,67.9,897.0,854.53,136.0,385.6,3.53,239.0,1005.76,
2012,6,1,15,30.01,70.66,743.0,814.83,126.0,384.05,3.34,239.0,1005.72,
2012,6,1,16,29.13,73.42,544.0,741.81,112.0,382.5,3.14,239.0,1005.69,
2012,6,1,17,28.13,79.48,321.0,612.04,89.0,379.03,2.63,243.0,1006.42,
2012,6,1,18,27.13,85.54,105.0,345.58,50.0,375.57,2.11,247.0,1007.15,
2012,6,1,19,26.12,91.6,0.0,0.0,0.0,372.1,1.6,251.0,1007.89,
2012,6,1,20,25.84,94.4,0.0,0.0,0.0,371.08,1.37,206.0,1008.35,
2012,6,1,21,25.56,97.2,0.0,0.0,0.0,370.07,1.14,160.0,1008.82,
2012,6,1,22,25.28,100.0,0.0,0.0,0.0,369.05,0.91,114.0,1009.28,
2012,6,1,23,25.02,100.0,0.0,0.0,0.0,369.75,1.3,106.0,1009.15,
2012,6,2,0,24.76,100.0,0.0,0.0,0.0,370.45,1.69,97.0,1009.02,
2012,6,2,1,24.5,100.0,0.0,0.0,0.0,371.15,2.08,88.0,1008.88,
2012,6,2,2,24.37,100.0,0.0,0.0,0.0,379.12,2.09,84.0,1009.12,
2012,6,2,3,24.25,100.0,0.0,0.0,0.0,387.08,2.09,79.0,1009.35,
2012,6,2,4,24.12,100.0,0.0,0.0,0.0,395.05,2.1,75.0,1009.58,
2012,6,2,5,25.17,95.54,0.0,0.0,0.0,387.52,2.43,97.0,1009.95,
2012,6,2,6,26.21,91.08,90.0,325.25,45.0,379.98,2.76,119.0,1010.31,
2012,6,2,7,27.26,86.62,305.0,607.29,87.0,372.45,3.09,141.0,1010.68,
2012,6,2,8,28.33,77.38,533.0,746.56,111.0,371.27,3.5,164.0,1010.41,
2012,6,2,9,29.4,68.15,738.0,823.5,126.0,370.08,3.92,187.0,1010.15,
2012,6,2,10,30.47,58.91,900.0,867.63,136.0,368.9,4.33,210.0,1009.88,
2012,6,2,11,30.45,59.35,1005.0,891.45,142.0,370.53,4.29,214.0,1009.48,
2012,6,2,12,30.44,59.8,1043.0,899.2,144.0,372.17,4.26,219.0,1009.08,
2012,6,2,13,30.43,60.24,1011.0,892.68,142.0,373.8,4.22,224.0,1008.68,
2012,6,2,14,29.79,64.54,913.0,870.97,137.0,373.68,3.77,227.0,1008.78,
2012,6,2,15,29.15,68.83,756.0,829.95,127.0,373.57,3.33,230.0,1008.88,
2012,6,2,16,28.51,73.13,555.0,759.51,112.0,373.45,2.88,233.0,1008.98,
2012,6,2,17,27.33,80.29,328.0,628.59,89.0,371.67,2.56,235.0,1009.42,
2012,6,2,18,26.15,87.44,109.0,367.54,50.0,369.88,2.23,238.0,1009.85,
2012,6,2,19,24.97,94.6,0.0,0.0,0.0,368.1,1.9,240.0,1010.28,
2012,6,2,20,24.79,96.4,0.0,0.0,0.0,367.95,2.04,184.0,1010.61,
2012,6,2,21,24.61,98.2,0.0,0.0,0.0,367.8,2.17,128.0,1010.95,
2012,6,2,22,24.43,100.0,0.0,0.0,0.0,367.65,2.3,71.0,1011.28,
2012,6,2,23,24.22,100.0,0.0,0.0,0.0,366.07,2.2,71.0,1011.01,
2012,6,3,0,24.0,100.0,0.0,0.0,0.0,364.48,2.09,70.0,1010.75,
2012,6,3,1,23.79,100.0,0.0,0.0,0.0,362.9,1.99,70.0,1010.48,
2012,6,3,2,23.74,100.0,0.0,0.0,0.0,361.63,2.04,68.0,1010.68,
2012,6,3,3,23.68,100.0,0.0,0.0,0.0,360.37,2.09,67.0,1010.88,
2012,6,3,4,23.63,100.0,0.0,0.0,0.0,359.1,2.14,66.0,1011.08,
2012,6,3,5,24.59,95.75,0.0,0.0,0.0,366.15,2.3,96.0,1011.78,
2012,6,3,6,25.55,91.49,87.0,310.28,44.0,373.2,2.47,126.0,1012.48,
2012,6,3,7,26.52,87.24,200.0,164.34,141.0,380.25,2.63,156.0,1013.18,
2012,6,3,8,27.49,79.48,374.0,233.55,242.0,380.65,2.89,172.0,1012.81,
2012,6,3,9,28.46,71.73,453.0,137.28,351.0,381.05,3.15,188.0,1012.44,
2012,6,3,10,29.44,63.97,880.0,847.33,134.0,381.45,3.41,204.0,1012.08,
2012,6,3,11,29.43,63.84,983.0,870.87,140.0,376.67,3.49,211.0,1011.51,
2012,6,3,12,29.43,63.7,1020.0,878.17,142.0,371.88,3.58,217.0,1010.95,
2012,6,3,13,29.42,63.57,990.0,872.98,140.0,367.1,3.67,224.0,1010.38,
2012,6,3,14,28.8,67.41,893.0,850.36,135.0,367.18,3.57,228.0,1010.31,
2012,6,3,15,28.17,71.25,739.0,809.46,125.0,367.27,3.47,232.0,1010.25,
2012,6,3,16,27.55,75.09,541.0,736.07,111.0,367.35,3.37,236.0,1010.18,
2012,6,3,17,26.6,82.62,220.0,180.93,151.0,365.23,2.76,250.0,1010.31,
2012,6,3,18,25.66,90.15,74.0,98.84,58.0,363.12,2.15,264.0,1010.45,
2012,6,3,19,24.71,97.68,0.0,0.0,0.0,361.0,1.54,278.0,1010.58,
2012,6,3,20,24.5,98.45,0.0,0.0,0.0,361.68,1.48,294.0,1011.01,
2012,6,3,21,24.28,99.23,0.0,0.0,0.0,362.37,1.42,309.0,1011.45,
2012,6,3,22,24.06,100.0,0.0,0.0,0.0,363.05,1.35,325.0,1011.88,
2012,6,3,23,23.87,100.0,0.0,0.0,0.0,364.25,1.45,13.0,1011.75,
2012,6,4,0,23.68,100.0,0.0,0.0,0.0,365.45,1.55,61.0,1011.61,
2012,6,4,1,23.49,100.0,0.0,0.0,0.0,366.65,1.66,109.0,1011.48,
2012,6,4,2,23.48,100.0,0.0,0.0,0.0,368.82,1.59,101.0,1011.58,
2012,6,4,3,23.46,100.0,0.0,0.0,0.0,370.98,1.53,93.0,1011.68,
2012,6,4,4,23.45,100.0,0.0,0.0,0.0,373.15,1.46,85.0,1011.78,
2012,6,4,5,24.4,96.16,0.0,0.0,0.0,371.87,1.69,106.0,1012.21,
2012,6,4,6,25.34,92.33,87.0,309.91,44.0,370.58,1.91,126.0,1012.64,
2012,6,4,7,26.29,88.49,297.0,590.5,85.0,369.3,2.14,146.0,1013.08,
2012,6,4,8,27.28,80.04,518.0,723.82,109.0,368.15,2.44,170.0,1012.64,
2012,6,4,9,28.28,71.59,719.0,800.98,124.0,367.0,2.74,193.0,1012.21,
2012,6,4,10,29.28,63.14,878.0,845.23,134.0,365.85,3.05,217.0,1011.78,
2012,6,4,11,29.23,62.41,981.0,869.93,139.0,365.33,3.21,224.0,1011.18,
2012,6,4,12,29.19,61.69,1019.0,878.15,141.0,364.82,3.37,232.0,1010.58,
2012,6,4,13,29.14,60.96,989.0,871.77,140.0,364.3,3.53,239.0,1009.98,
2012,6,4,14,28.52,65.05,892.0,848.85,135.0,366.65,3.37,244.0,1009.92,
2012,6,4,15,27.89,69.15,740.0,810.07,125.0,369.0,3.2,250.0,1009.85,
2012,6,4,16,27.27,73.24,544.0,740.06,111.0,371.35,3.03,255.0,1009.78,
2012,6,4,17,26.54,79.97,323.0,614.4,88.0,369.9,2.57,270.0,1010.48,
2012,6,4,18,25.81,86.71,108.0,355.37,50.0,368.45,2.11,285.0,1011.18,
2012,6,4,19,25.08,93.44,0.0,0.0,0.0,367.0,1.66,300.0,1011.88,
2012,6,4,20,24.91,95.63,0.0,0.0,0.0,367.72,1.49,334.0,1012.14,
2012,6,4,21,24.74,97.81,0.0,0.0,0.0,368.43,1.33,6.0,1012.41,
2012,6,4,22,24.57,100.0,0.0,0.0,0.0,369.15,1.17,40.0,1012.68,
2012,6,4,23,24.36,100.0,0.0,0.0,0.0,369.53,0.86,42.0,1012.18,
2012,6,5,0,24.15,100.0,0.0,0.0,0.0,369.92,0.55,45.0,1011.68,
2012,6,5,1,23.94,100.0,0.0,0.0,0.0,370.3,0.23,48.0,1011.18,
2012,6,5,2,23.91,100.0,0.0,0.0,0.0,370.23,0.22,50.0,1011.08,
2012,6,5,3,23.87,100.0,0.0,0.0,0.0,370.17,0.21,52.0,1010.98,
2012,6,5,4,23.84,100.0,0.0,0.0,0.0,370.1,0.19,54.0,1010.88,
2012,6,5,5,24.72,94.59,0.0,0.0,0.0,371.98,0.36,1.0,1011.31,
2012,6,5,6,25.6,89.19,85.0,302.47,43.0,373.87,0.53,309.0,1011.75,
2012,6,5,7,26.48,83.78,291.0,576.67,84.0,375.75,0.7,256.0,1012.18,
2012,6,5,8,27.51,77.17,509.0,709.87,108.0,375.97,1.31,251.0,1011.68,
2012,6,5,9,28.54,70.57,706.0,785.05,123.0,376.18,1.93,246.0,1011.18,
2012,6,5,10,29.58,63.96,861.0,828.37,132.0,376.4,2.54,241.0,1010.68,
2012,6,5,11,29.61,64.39,962.0,851.44,138.0,376.65,3.01,246.0,1010.18,
2012,6,5,12,29.65,64.82,1000.0,860.13,140.0,376.9,3.49,251.0,1009.68,
2012,6,5,13,29.68,65.25,971.0,855.17,138.0,377.15,3.96,256.0,1009.18,
2012,6,5,14,29.12,69.03,877.0,833.88,133.0,378.5,3.77,260.0,1009.05,
2012,6,5,15,28.55,72.8,727.0,793.58,124.0,379.85,3.57,265.0,1008.92,
2012,6,5,16,27.99,76.58,534.0,723.57,110.0,381.2,3.38,269.0,1008.78,
2012,6,5,17,26.92,83.53,316.0,596.98,87.0,381.57,2.66,284.0,1009.15,
2012,6,5,18,25.85,90.47,106.0,346.46,49.0,381.93,1.94,300.0,1009.52,
2012,6,5,19,24.78,97.42,0.0,0.0,0.0,382.3,1.21,315.0,1009.88,
2012,6,5,20,24.64,98.28,0.0,0.0,0.0,384.33,1.25,329.0,1009.95,
2012,6,5,21,24.5,99.14,0.0,0.0,0.0,386.37,1.29,343.0,1010.02,
2012,6,5,22,24.35,100.0,0.0,0.0,0.0,388.4,1.32,358.0,1010.08,
2012,6,5,23,24.19,100.0,0.0,0.0,0.0,388.55,1.23,351.0,1009.72,
2012,6,6,0,24.04,100.0,0.0,0.0,0.0,388.7,1.13,345.0,1009.35,
2012,6,6,1,23.88,100.0,0.0,0.0,0.0,388.85,1.03,339.0,1008.98,
2012,6,6,2,23.92,100.0,0.0,0.0,0.0,387.88,1.17,1.0,1008.98,
2012,6,6,3,23.96,100.0,0.0,0.0,0.0,386.92,1.3,24.0,1008.98,
2012,6,6,4,24.0,100.0,0.0,0.0,0.0,385.95,1.43,47.0,1008.98,
2012,6,6,5,24.8,97.07,0.0,0.0,0.0,387.75,1.1,105.0,1009.38,
2012,6,6,6,25.6,94.14,83.0,287.98,43.0,389.55,0.76,163.0,1009.78,
2012,6,6,7,26.41,91.21,287.0,568.48,83.0,391.35,0.43,221.0,1010.18,
2012,6,6,8,27.44,83.01,504.0,703.04,107.0,391.82,1.18,230.0,1009.62,
2012,6,6,9,28.48,74.81,700.0,778.57,122.0,392.28,1.93,240.0,1009.05,
2012,6,6,10,29.52,66.61,856.0,824.03,131.0,392.75,2.68,250.0,1008.48,
2012,6,6,11,29.6,65.85,958.0,848.45,137.0,390.82,2.99,252.0,1007.72,
2012,6,6,12,29.69,65.1,996.0,857.12,139.0,388.88,3.3,253.0,1006.95,
2012,6,6,13,29.78,64.34,968.0,851.92,138.0,386.95,3.61,255.0,1006.19,
2012,6,6,14,29.23,67.49,876.0,832.37,133.0,387.72,3.64,259.0,1006.06,
2012,6,6,15,28.68,70.64,727.0,794.22,123.0,388.48,3.67,264.0,1005.92,
2012,6,6,16,28.13,73.79,535.0,725.88,109.0,389.25,3.7,268.0,1005.79,
2012,6,6,17,27.19,81.36,318.0,600.47,87.0,389.9,2.87,271.0,1006.46,
2012,6,6,18,26.26,88.94,108.0,349.81,50.0,390.55,2.05,273.0,1007.12,
2012,6,6,19,25.32,96.51,0.0,0.0,0.0,391.2,1.23,276.0,1007.79,
2012,6,6,20,25.15,97.67,0.0,0.0,0.0,394.07,0.88,304.0,1007.99,
2012,6,6,21,24.98,98.84,0.0,0.0,0.0,396.93,0.53,332.0,1008.19,
2012,6,6,22,24.81,100.0,0.0,0.0,0.0,399.8,0.18,0.0,1008.38,
2012,6,6,23,24.68,100.0,0.0,0.0,0.0,399.72,0.26,7.0,1007.95,
2012,6,7,0,24.55,100.0,0.0,0.0,0.0,399.63,0.34,13.0,1007.52,
2012,6,7,1,24.42,100.0,0.0,0.0,0.0,399.55,0.41,19.0,1007.09,
2012,6,7,2,24.46,100.0,0.0,0.0,0.0,397.83,0.77,25.0,1006.95,
2012,6,7,3,24.5,100.0,0.0,0.0,0.0,396.12,1.12,30.0,1006.82,
2012,6,7,4,24.54,100.0,0.0,0.0,0.0,394.4,1.48,36.0,1006.69,
2012,6,7,5,25.3,97.13,0.0,0.0,0.0,393.7,1.57,79.0,1007.32,
2012,6,7,6,26.06,94.26,10.0,0.0,10.0,393.0,1.66,122.0,1007.95,
2012,6,7,7,26.82,91.39,192.0,139.39,142.0,392.3,1.75,165.0,1008.58,
2012,6,7,8,27.81,83.53,322.0,131.1,248.0,392.77,1.93,186.0,1008.35,
2012,6,7,9,28.8,75.66,412.0,94.33,342.0,393.23,2.1,207.0,1008.12,
2012,6,7,10,29.79,67.8,409.0,40.93,373.0,393.7,2.28,228.0,1007.89,
2012,6,7,11,29.78,67.84,966.0,856.85,137.0,394.62,2.71,233.0,1007.45,
2012,6,7,12,29.78,67.89,1004.0,865.12,139.0,395.53,3.15,238.0,1007.02,
2012,6,7,13,29.78,67.93,975.0,858.93,138.0,396.45,3.59,243.0,1006.59,
2012,6,7,14,29.21,72.59,881.0,838.7,132.0,397.87,3.62,248.0,1006.62,
2012,6,7,15,28.63,77.26,730.0,797.48,123.0,399.28,3.65,252.0,1006.65,
2012,6,7,16,28.05,81.92,536.0,726.49,109.0,400.7,3.68,256.0,1006.69,
2012,6,7,17,26.92,87.82,318.0,598.79,87.0,401.62,2.85,257.0,1007.15,
2012,6,7,18,25.79,93.73,108.0,347.18,50.0,402.53,2.02,258.0,1007.62,
2012,6,7,19,24.65,99.63,0.0,0.0,0.0,403.45,1.19,259.0,1008.09,
2012,6,7,20,24.44,99.75,0.0,0.0,0.0,403.22,1.25,216.0,1008.42,
2012,6,7,21,24.23,99.88,0.0,0.0,0.0,402.98,1.31,174.0,1008.75,
2012,6,7,22,24.01,100.0,0.0,0.0,0.0,402.75,1.37,131.0,1009.08,
2012,6,7,23,23.81,100.0,0.0,0.0,0.0,405.32,1.47,112.0,1008.82,
2012,6,8,0,23.61,100.0,0.0,0.0,0.0,407.88,1.57,93.0,1008.55,
2012,6,8,1,23.41,100.0,0.0,0.0,0.0,410.45,1.67,73.0,1008.29,
2012,6,8,2,23.47,100.0,0.0,0.0,0.0,408.58,1.54,91.0,1008.42,
2012,6,8,3,23.52,100.0,0.0,0.0,0.0,406.72,1.41,109.0,1008.55,
2012,6,8,4,23.58,100.0,0.0,0.0,0.0,404.85,1.28,127.0,1008.68,
2012,6,8,5,24.7,98.51,0.0,0.0,0.0,404.03,1.42,148.0,1009.25,
2012,6,8,6,25.81,97.02,5.0,0.0,5.0,403.22,1.55,169.0,1009.82,
2012,6,8,7,26.93,95.53,74.0,0.0,74.0,402.4,1.68,190.0,1010.38,
2012,6,8,8,27.97,86.63,170.0,3.55,168.0,401.6,1.78,201.0,1010.05,
2012,6,8,9,29.01,77.73,460.0,148.29,350.0,400.8,1.88,212.0,1009.72,
2012,6,8,10,30.05,68.83,363.0,27.29,339.0,400.0,1.97,223.0,1009.38,
2012,6,8,11,30.05,66.91,628.0,141.62,491.0,398.18,2.41,233.0,1008.72,
2012,6,8,12,30.06,65.0,1001.0,862.12,139.0,396.37,2.86,242.0,1008.05,
2012,6,8,13,30.07,63.08,973.0,857.73,137.0,394.55,3.3,252.0,1007.39,
2012,6,8,14,29.46,68.62,879.0,836.08,132.0,395.03,3.32,253.0,1007.45,
2012,6,8,15,28.84,74.16,729.0,795.49,123.0,395.52,3.34,255.0,1007.52,
2012,6,8,16,28.23,79.7,535.0,723.71,109.0,396.0,3.37,256.0,1007.59,
2012,6,8,17,27.24,86.47,318.0,597.14,87.0,396.03,2.65,253.0,1008.15,
2012,6,8,18,26.25,93.23,108.0,344.64,50.0,396.07,1.93,249.0,1008.72,
2012,6,8,19,25.25,100.0,0.0,0.0,0.0,396.1,1.21,246.0,1009.28,
2012,6,8,20,25.06,100.0,0.0,0.0,0.0,398.63,1.03,302.0,1009.52,
2012,6,8,21,24.87,100.0,0.0,0.0,0.0,401.17,0.84,359.0,1009.75,
2012,6,8,22,24.67,100.0,0.0,0.0,0.0,403.7,0.65,55.0,1009.98,
2012,6,8,23,24.49,100.0,0.0,0.0,0.0,403.77,1.05,77.0,1009.52,
2012,6,9,0,24.3,100.0,0.0,0.0,0.0,403.83,1.46,99.0,1009.05,
2012,6,9,1,24.12,100.0,0.0,0.0,0.0,403.9,1.86,120.0,1008.58,
2012,6,9,2,24.19,100.0,0.0,0.0,0.0,402.08,1.82,120.0,1008.58,
2012,6,9,3,24.26,100.0,0.0,0.0,0.0,400.27,1.78,119.0,1008.58,
2012,6,9,4,24.33,100.0,0.0,0.0,0.0,398.45,1.74,118.0,1008.58,
2012,6,9,5,25.13,95.75,0.0,0.0,0.0,396.65,1.63,131.0,1009.38,
2012,6,9,6,25.93,91.51,83.0,288.45,43.0,394.85,1.52,143.0,1010.18,
2012,6,9,7,26.73,87.26,120.0,2.79,119.0,393.05,1.41,156.0,1010.98,
2012,6,9,8,27.74,79.04,137.0,0.0,137.0,392.95,1.77,181.0,1010.28,
2012,6,9,9,28.75,70.83,235.0,10.79,227.0,392.85,2.13,206.0,1009.58,
2012,6,9,10,29.76,62.61,397.0,36.4,365.0,392.75,2.5,231.0,1008.88,
2012,6,9,11,29.76,61.73,964.0,856.09,136.0,391.58,3.1,236.0,1008.09,
2012,6,9,12,29.76,60.86,1006.0,867.12,139.0,390.42,3.7,242.0,1007.29,
2012,6,9,13,29.76,59.98,980.0,864.75,137.0,389.25,4.3,248.0,1006.49,
2012,6,9,14,29.13,64.84,888.0,845.76,132.0,388.2,4.1,251.0,1006.32,
2012,6,9,15,28.49,69.69,737.0,805.32,123.0,387.15,3.89,255.0,1006.16,
2012,6,9,16,27.86,74.55,543.0,736.22,109.0,386.1,3.68,258.0,1005.99,
2012,6,9,17,27.0,83.03,323.0,608.42,87.0,387.92,2.83,267.0,1006.65,
2012,6,9,18,26.14,91.52,111.0,359.9,50.0,389.73,1.97,276.0,1007.32,
2012,6,9,19,25.27,100.0,0.0,0.0,0.0,391.55,1.12,284.0,1007.99,
2012,6,9,20,25.06,100.0,0.0,0.0,0.0,397.32,0.98,312.0,1008.38,
2012,6,9,21,24.85,100.0,0.0,0.0,0.0,403.08,0.85,340.0,1008.78,
2012,6,9,22,24.64,100.0,0.0,0.0,0.0,408.85,0.72,9.0,1009.18,
2012,6,9,23,24.4,100.0,0.0,0.0,0.0,409.55,0.95,48.0,1008.98,
2012,6,10,0,24.17,100.0,0.0,0.0,0.0,410.25,1.19,86.0,1008.78,
2012,6,10,1,23.93,100.0,0.0,0.0,0.0,410.95,1.42,125.0,1008.58,
2012,6,10,2,23.97,100.0,0.0,0.0,0.0,408.25,1.56,123.0,1008.72,
2012,6,10,3,24.01,100.0,0.0,0.0,0.0,405.55,1.71,121.0,1008.85,
2012,6,10,4,24.05,100.0,0.0,0.0,0.0,402.85,1.85,119.0,1008.98,
2012,6,10,5,24.96,96.88,0.0,0.0,0.0,399.08,1.77,138.0,1009.35,
2012,6,10,6,25.87,93.75,52.0,43.33,46.0,395.32,1.7,158.0,1009.72,
2012,6,10,7,26.78,90.63,155.0,53.08,136.0,391.55,1.63,178.0,1010.08,
2012,6,10,8,27.79,83.08,353.0,191.66,245.0,389.9,1.95,195.0,1009.55,
2012,6,10,9,28.81,75.53,699.0,781.23,120.0,388.25,2.27,212.0,1009.02,
2012,6,10,10,29.83,67.98,855.0,825.01,130.0,386.6,2.59,230.0,1008.48,
2012,6,10,11,29.9,67.0,957.0,849.0,136.0,387.1,3.01,236.0,1007.89,
2012,6,10,12,29.98,66.02,996.0,858.13,138.0,387.6,3.42,243.0,1007.29,
2012,6,10,13,30.05,65.04,969.0,854.32,136.0,388.1,3.83,249.0,1006.69,
2012,6,10,14,29.5,69.42,878.0,835.31,131.0,389.9,3.54,254.0,1006.62,
2012,6,10,15,28.95,73.79,731.0,798.09,122.0,391.7,3.24,260.0,1006.56,
2012,6,10,16,28.4,78.17,540.0,730.08,109.0,393.5,2.94,265.0,1006.49,
2012,6,10,17,27.38,83.39,324.0,609.38,87.0,393.23,2.33,255.0,1007.22,
2012,6,10,18,26.37,88.61,113.0,363.28,51.0,392.97,1.72,246.0,1007.95,
2012,6,10,19,25.35,93.83,0.0,0.0,0.0,392.7,1.12,236.0,1008.68,
2012,6,10,20,25.16,95.89,0.0,0.0,0.0,393.5,1.29,206.0,1008.95,
2012,6,10,21,24.96,97.94,0.0,0.0,0.0,394.3,1.47,176.0,1009.22,
2012,6,10,22,24.76,100.0,0.0,0.0,0.0,395.1,1.64,147.0,1009.48,
2012,6,10,23,24.57,100.0,0.0,0.0,0.0,393.15,1.41,118.0,1009.32,
2012,6,11,0,24.38,100.0,0.0,0.0,0.0,391.2,1.18,89.0,1009.15,
2012,6,11,1,24.19,100.0,0.0,0.0,0.0,389.25,0.95,60.0,1008.98,
2012,6,11,2,24.2,100.0,0.0,0.0,0.0,389.13,0.66,64.0,1008.95,
2012,6,11,3,24.21,100.0,0.0,0.0,0.0,389.02,0.37,69.0,1008.92,
2012,6,11,4,24.22,100.0,0.0,0.0,0.0,388.9,0.08,73.0,1008.88,
2012,6,11,5,25.16,95.34,0.0,0.0,0.0,386.97,0.3,78.0,1009.25,
2012,6,11,6,26.09,90.69,85.0,303.84,43.0,385.03,0.51,83.0,1009.62,
2012,6,11,7,27.03,86.03,290.0,578.88,83.0,383.1,0.73,88.0,1009.98,
2012,6,11,8,28.1,77.59,509.0,715.68,106.0,383.52,1.47,134.0,1009.68,
2012,6,11,9,29.17,69.15,707.0,791.07,121.0,383.93,2.21,181.0,1009.38,
2012,6,11,10,30.24,60.71,864.0,835.54,130.0,384.35,2.95,228.0,1009.08,
2012,6,11,11,30.27,61.38,966.0,858.47,136.0,385.12,3.3,233.0,1008.92,
2012,6,11,12,30.31,62.05,1004.0,866.14,138.0,385.88,3.64,239.0,1008.75,
2012,6,11,13,30.34,62.72,975.0,860.31,136.0,386.65,3.99,244.0,1008.58,
2012,6,11,14,29.76,66.64,881.0,838.28,131.0,387.52,3.79,250.0,1008.75,
2012,6,11,15,29.18,70.56,732.0,798.74,122.0,388.38,3.59,255.0,1008.92,
2012,6,11,16,28.6,74.48,539.0,729.04,108.0,389.25,3.39,260.0,1009.08,
2012,6,11,17,27.69,80.95,322.0,602.68,87.0,389.98,2.74,272.0,1009.22,
2012,6,11,18,26.79,87.42,112.0,360.87,50.0,390.72,2.1,284.0,1009.35,
2012,6,11,19,25.88,93.89,0.0,0.0,0.0,391.45,1.45,297.0,1009.48,
2012,6,11,20,25.68,95.93,0.0,0.0,0.0,394.42,1.06,329.0,1009.78,
2012,6,11,21,25.48,97.96,0.0,0.0,0.0,397.38,0.68,1.0,1010.08,
2012,6,11,22,25.27,100.0,0.0,0.0,0.0,400.35,0.29,32.0,1010.38,
2012,6,11,23,25.1,100.0,0.0,0.0,0.0,399.83,0.63,42.0,1009.98,
2012,6,12,0,24.92,100.0,0.0,0.0,0.0,399.32,0.97,51.0,1009.58,
2012,6,12,1,24.75,100.0,0.0,0.0,0.0,398.8,1.31,60.0,1009.18,
2012,6,12,2,24.79,100.0,0.0,0.0,0.0,398.62,1.54,60.0,1009.28,
2012,6,12,3,24.84,100.0,0.0,0.0,0.0,398.43,1.77,61.0,1009.38,
2012,6,12,4,24.88,100.0,0.0,0.0,0.0,398.25,2.0,62.0,1009.48,
2012,6,12,5,25.85,94.25,0.0,0.0,0.0,398.07,1.63,67.0,1010.12,
2012,6,12,6,26.82,88.51,23.0,0.0,23.0,397.88,1.26,72.0,1010.75,
2012,6,12,7,27.79,82.76,26.0,0.0,26.0,397.7,0.88,78.0,1011.38,
2012,6,12,8,28.82,74.51,506.0,712.66,105.0,395.3,1.59,131.0,1010.98,
2012,6,12,9,29.85,66.26,702.0,786.1,120.0,392.9,2.29,183.0,1010.58,
2012,6,12,10,30.88,58.01,645.0,251.66,424.0,390.5,2.99,236.0,1010.18,
2012,6,12,11,30.82,58.93,959.0,852.42,135.0,390.6,3.24,241.0,1009.95,
2012,6,12,12,30.76,59.84,996.0,859.15,137.0,390.7,3.48,245.0,1009.72,
2012,6,12,13,30.7,60.76,812.0,392.65,429.0,390.8,3.72,249.0,1009.48,
2012,6,12,14,30.05,64.06,713.0,391.02,363.0,392.58,3.68,252.0,1009.45,
2012,6,12,15,29.39,67.37,125.0,0.0,125.0,394.37,3.63,256.0,1009.42,
2012,6,12,16,28.74,70.67,536.0,722.95,108.0,396.15,3.59,259.0,1009.38,
2012,6,12,17,27.84,76.61,321.0,601.16,86.0,397.62,2.85,274.0,1009.72,
2012,6,12,18,26.95,82.56,74.0,80.96,60.0,399.08,2.11,288.0,1010.05,
2012,6,12,19,26.05,88.5,0.0,0.0,0.0,400.55,1.38,302.0,1010.38,
2012,6,12,20,25.87,92.22,0.0,0.0,0.0,399.3,1.39,330.0,1010.48,
2012,6,12,21,25.68,95.95,0.0,0.0,0.0,398.05,1.4,357.0,1010.58,
2012,6,12,22,25.49,99.67,0.0,0.0,0.0,396.8,1.41,25.0,1010.68,
2012,6,12,23,25.25,99.78,0.0,0.0,0.0,399.37,1.55,60.0,1010.41,
2012,6,13,0,25.0,99.89,0.0,0.0,0.0,401.93,1.7,95.0,1010.15,
2012,6,13,1,24.76,100.0,0.0,0.0,0.0,404.5,1.85,130.0,1009.88,
2012,6,13,2,24.73,100.0,0.0,0.0,0.0,401.18,1.81,126.0,1010.15,
2012,6,13,3,24.71,100.0,0.0,0.0,0.0,397.87,1.77,122.0,1010.41,
2012,6,13,4,24.68,100.0,0.0,0.0,0.0,394.55,1.74,119.0,1010.68,
2012,6,13,5,25.7,94.3,0.0,0.0,0.0,394.3,2.13,128.0,1011.05,
2012,6,13,6,26.72,88.61,84.0,305.29,42.0,394.05,2.53,138.0,1011.41,
2012,6,13,7,27.74,82.91,102.0,0.0,102.0,393.8,2.92,148.0,1011.78,
2012,6,13,8,28.79,74.84,507.0,715.02,105.0,392.75,3.04,169.0,1011.21,
2012,6,13,9,29.85,66.76,706.0,791.95,120.0,391.7,3.15,191.0,1010.65,
2012,6,13,10,30.91,58.69,863.0,835.02,130.0,390.65,3.27,213.0,1010.08,
2012,6,13,11,30.79,58.75,966.0,859.84,135.0,391.53,3.43,222.0,1009.48,
2012,6,13,12,30.68,58.82,1005.0,868.16,137.0,392.42,3.59,231.0,1008.88,
2012,6,13,13,30.57,58.88,976.0,861.0,136.0,393.3,3.75,239.0,1008.29,
2012,6,13,14,29.91,63.05,883.0,839.75,131.0,395.42,3.62,244.0,1008.42,
2012,6,13,15,29.24,67.21,734.0,800.06,122.0,397.53,3.49,248.0,1008.55,
2012,6,13,16,28.57,71.38,541.0,730.39,108.0,399.65,3.37,253.0,1008.68,
2012,6,13,17,27.78,76.2,324.0,604.79,87.0,397.53,2.74,272.0,1008.68,
2012,6,13,18,26.99,81.03,114.0,362.07,51.0,395.42,2.11,291.0,1008.68,
2012,6,13,19,26.19,85.85,0.0,0.0,0.0,393.3,1.49,310.0,1008.68,
2012,6,13,20,25.92,90.57,0.0,0.0,0.0,393.43,1.6,257.0,1009.12,
2012,6,13,21,25.65,95.28,0.0,0.0,0.0,393.57,1.7,203.0,1009.55,
2012,6,13,22,25.37,100.0,0.0,0.0,0.0,393.7,1.81,150.0,1009.98,
2012,6,13,23,25.09,100.0,0.0,0.0,0.0,395.05,1.83,144.0,1010.12,
2012,6,14,0,24.82,100.0,0.0,0.0,0.0,396.4,1.86,138.0,1010.25,
2012,6,14,1,24.54,100.0,0.0,0.0,0.0,397.75,1.89,132.0,1010.38,
2012,6,14,2,24.62,100.0,0.0,0.0,0.0,398.03,1.91,118.0,1010.55,
2012,6,14,3,24.69,100.0,0.0,0.0,0.0,398.32,1.93,103.0,1010.71,
2012,6,14,4,24.77,100.0,0.0,0.0,0.0,398.6,1.94,89.0,1010.88,
2012,6,14,5,25.78,95.23,0.0,0.0,0.0,401.55,2.26,110.0,1011.05,
2012,6,14,6,26.79,90.45,83.0,298.91,42.0,404.5,2.57,132.0,1011.21,
2012,6,14,7,27.8,85.68,287.0,575.37,82.0,407.45,2.88,154.0,1011.38,
2012,6,14,8,28.91,77.81,504.0,710.29,105.0,406.88,3.37,172.0,1010.98,
2012,6,14,9,30.02,69.95,701.0,787.01,119.0,406.32,3.86,191.0,1010.58,
2012,6,14,10,31.13,62.08,858.0,830.78,129.0,405.75,4.34,210.0,1010.18,
2012,6,14,11,31.12,62.64,961.0,854.84,135.0,410.9,4.4,216.0,1009.62,
2012,6,14,12,31.12,63.2,1000.0,864.17,136.0,416.05,4.46,222.0,1009.05,
2012,6,14,13,31.12,63.76,972.0,857.76,135.0,421.2,4.52,228.0,1008.48,
2012,6,14,14,30.48,68.53,879.0,836.03,130.0,422.72,3.89,231.0,1008.38,
2012,6,14,15,29.84,73.31,730.0,795.5,121.0,424.23,3.25,235.0,1008.29,
2012,6,14,16,29.2,78.08,538.0,726.03,107.0,425.75,2.61,238.0,1008.19,
2012,6,14,17,28.21,84.9,323.0,603.35,86.0,421.67,2.17,262.0,1008.62,
2012,6,14,18,27.22,91.72,114.0,359.92,51.0,417.58,1.72,285.0,1009.05,
2012,6,14,19,26.22,98.54,0.0,0.0,0.0,413.5,1.28,309.0,1009.48,
2012,6,14,20,26.04,99.03,0.0,0.0,0.0,412.48,1.16,336.0,1009.68,
2012,6,14,21,25.85,99.51,0.0,0.0,0.0,411.47,1.04,3.0,1009.88,
2012,6,14,22,25.66,100.0,0.0,0.0,0.0,410.45,0.92,30.0,1010.08,
2012,6,14,23,25.5,100.0,0.0,0.0,0.0,412.15,0.86,66.0,1010.02,
2012,6,15,0,25.35,100.0,0.0,0.0,0.0,413.85,0.79,102.0,1009.95,
2012,6,15,1,25.19,100.0,0.0,0.0,0.0,415.55,0.72,138.0,1009.88,
2012,6,15,2,25.26,100.0,0.0,0.0,0.0,416.83,1.09,118.0,1010.08,
2012,6,15,3,25.32,100.0,0.0,0.0,0.0,418.12,1.45,97.0,1010.28,
2012,6,15,4,25.39,100.0,0.0,0.0,0.0,419.4,1.82,76.0,1010.48,
2012,6,15,5,26.38,93.95,0.0,0.0,0.0,418.08,1.59,100.0,1010.88,
2012,6,15,6,27.37,87.91,82.0,292.61,42.0,416.77,1.36,125.0,1011.28,
2012,6,15,7,28.37,81.86,286.0,573.4,82.0,415.45,1.13,150.0,1011.68,
2012,6,15,8,29.51,75.13,503.0,710.95,104.0,415.7,1.67,177.0,1011.31,
2012,6,15,9,30.65,68.41,700.0,786.14,119.0,415.95,2.21,205.0,1010.95,
2012,6,15,10,31.8,61.68,857.0,829.98,129.0,416.2,2.74,232.0,1010.58,
2012,6,15,11,31.71,62.35,959.0,853.98,134.0,416.32,3.28,240.0,1009.98,
2012,6,15,12,31.63,63.03,998.0,862.19,136.0,416.43,3.82,248.0,1009.38,
2012,6,15,13,31.55,63.7,970.0,855.54,135.0,416.55,4.36,256.0,1008.78,
2012,6,15,14,30.87,67.82,878.0,834.54,130.0,417.47,4.16,259.0,1008.75,
2012,6,15,15,30.18,71.93,730.0,794.87,121.0,418.38,3.95,263.0,1008.72,
2012,6,15,16,29.5,76.05,539.0,726.75,107.0,419.3,3.75,266.0,1008.68,
2012,6,15,17,28.59,83.6,324.0,604.49,86.0,414.48,3.06,271.0,1008.95,
2012,6,15,18,27.68,91.14,115.0,363.54,51.0,409.67,2.36,275.0,1009.22,
2012,6,15,19,26.77,98.69,0.0,0.0,0.0,404.85,1.67,280.0,1009.48,
2012,6,15,20,26.52,99.13,0.0,0.0,0.0,405.18,1.43,313.0,1009.85,
2012,6,15,21,26.27,99.56,0.0,0.0,0.0,405.52,1.2,347.0,1010.21,
2012,6,15,22,26.01,100.0,0.0,0.0,0.0,405.85,0.97,20.0,1010.58,
2012,6,15,23,25.79,100.0,0.0,0.0,0.0,407.92,0.73,39.0,1010.18,
2012,6,16,0,25.58,100.0,0.0,0.0,0.0,409.98,0.49,58.0,1009.78,
2012,6,16,1,25.36,100.0,0.0,0.0,0.0,412.05,0.25,77.0,1009.38,
2012,6,16,2,25.32,100.0,0.0,0.0,0.0,414.4,0.43,80.0,1009.52,
2012,6,16,3,25.27,100.0,0.0,0.0,0.0,416.75,0.62,82.0,1009.65,
2012,6,16,4,25.23,100.0,0.0,0.0,0.0,419.1,0.8,84.0,1009.78,
2012,6,16,5,26.14,95.22,0.0,0.0,0.0,413.88,0.78,141.0,1010.15,
2012,6,16,6,27.04,90.45,81.0,293.71,41.0,408.67,0.76,198.0,1010.51,
2012,6,16,7,27.95,85.67,195.0,157.65,139.0,403.45,0.74,254.0,1010.88,
2012,6,16,8,28.89,78.91,499.0,704.5,104.0,403.13,1.59,252.0,1010.41,
2012,6,16,9,29.83,72.16,695.0,781.24,118.0,402.82,2.43,249.0,1009.95,
2012,6,16,10,30.78,65.4,852.0,825.76,128.0,402.5,3.27,246.0,1009.48,
2012,6,16,11,30.68,65.47,954.0,850.02,133.0,402.52,3.83,252.0,1009.02,
2012,6,16,12,30.58,65.53,994.0,859.21,135.0,402.53,4.39,258.0,1008.55,
2012,6,16,13,30.48,65.6,967.0,853.33,134.0,402.55,4.95,264.0,1008.09,
2012,6,16,14,29.83,70.22,875.0,831.94,129.0,404.37,5.24,267.0,1008.02,
2012,6,16,15,29.17,74.84,728.0,792.95,120.0,406.18,5.52,269.0,1007.95,
2012,6,16,16,28.52,79.46,538.0,724.13,107.0,408.0,5.81,272.0,1007.89,
2012,6,16,17,27.77,84.82,324.0,603.13,86.0,407.35,4.47,274.0,1008.09,
2012,6,16,18,27.02,90.19,116.0,367.19,51.0,406.7,3.14,276.0,1008.29,
2012,6,16,19,26.26,95.55,0.0,0.0,0.0,406.05,1.81,278.0,1008.48,
2012,6,16,20,26.04,97.03,0.0,0.0,0.0,405.63,1.72,299.0,1008.62,
2012,6,16,21,25.82,98.52,0.0,0.0,0.0,405.22,1.63,319.0,1008.75,
2012,6,16,22,25.59,100.0,0.0,0.0,0.0,404.8,1.54,339.0,1008.88,
2012,6,16,23,25.41,100.0,0.0,0.0,0.0,406.3,1.3,328.0,1008.65,
2012,6,17,0,25.24,100.0,0.0,0.0,0.0,407.8,1.05,316.0,1008.42,
2012,6,17,1,25.06,100.0,0.0,0.0,0.0,409.3,0.8,305.0,1008.19,
2012,6,17,2,25.05,100.0,0.0,0.0,0.0,409.08,0.69,251.0,1008.35,
2012,6,17,3,25.05,100.0,0.0,0.0,0.0,408.87,0.58,196.0,1008.52,
2012,6,17,4,25.04,100.0,0.0,0.0,0.0,408.65,0.47,142.0,1008.68,
2012,6,17,5,25.94,96.36,0.0,0.0,0.0,407.62,0.6,113.0,1008.98,
2012,6,17,6,26.84,92.73,81.0,294.92,41.0,406.58,0.73,85.0,1009.28,
2012,6,17,7,27.74,89.09,283.0,569.61,81.0,405.55,0.86,57.0,1009.58,
2012,6,17,8,28.73,80.69,498.0,703.43,104.0,403.6,1.65,116.0,1009.02,
2012,6,17,9,29.72,72.28,694.0,780.41,118.0,401.65,2.45,175.0,1008.45,
2012,6,17,10,30.71,63.88,849.0,823.83,127.0,399.7,3.24,234.0,1007.89,
2012,6,17,11,30.71,63.07,950.0,846.07,133.0,400.67,3.77,242.0,1007.12,
2012,6,17,12,30.72,62.27,989.0,854.22,135.0,401.63,4.3,249.0,1006.36,
2012,6,17,13,30.72,61.46,961.0,848.05,133.0,402.6,4.83,257.0,1005.59,
2012,6,17,14,30.09,64.07,871.0,827.12,129.0,401.55,5.0,262.0,1005.26,
2012,6,17,15,29.45,66.68,725.0,788.43,120.0,400.5,5.18,266.0,1004.92,
2012,6,17,16,28.82,69.29,537.0,721.53,107.0,399.45,5.35,271.0,1004.59,
2012,6,17,17,28.04,76.2,324.0,601.82,86.0,400.53,4.11,267.0,1005.16,
2012,6,17,18,27.26,83.12,116.0,365.27,51.0,401.62,2.86,263.0,1005.72,
2012,6,17,19,26.47,90.03,0.0,0.0,0.0,402.7,1.61,259.0,1006.29,
2012,6,17,20,26.23,93.35,0.0,0.0,0.0,405.72,1.53,236.0,1007.25,
2012,6,17,21,25.99,96.68,0.0,0.0,0.0,408.73,1.45,213.0,1008.22,
2012,6,17,22,25.75,100.0,0.0,0.0,0.0,411.75,1.37,190.0,1009.18,
2012,6,17,23,25.51,100.0,0.0,0.0,0.0,414.82,1.38,179.0,1009.25,
2012,6,18,0,25.28,100.0,0.0,0.0,0.0,417.88,1.39,167.0,1009.32,
2012,6,18,1,25.04,100.0,0.0,0.0,0.0,420.95,1.41,155.0,1009.38,
2012,6,18,2,25.03,100.0,0.0,0.0,0.0,418.72,1.36,130.0,1009.28,
2012,6,18,3,25.03,100.0,0.0,0.0,0.0,416.48,1.31,104.0,1009.18,
2012,6,18,4,25.02,100.0,0.0,0.0,0.0,414.25,1.27,78.0,1009.08,
2012,6,18,5,26.15,93.84,0.0,0.0,0.0,411.72,1.18,72.0,1009.45,
2012,6,18,6,27.28,87.67,80.0,288.85,41.0,409.18,1.09,66.0,1009.82,
2012,6,18,7,28.41,81.51,281.0,567.8,80.0,406.65,0.99,60.0,1010.18,
2012,6,18,8,29.36,74.34,350.0,191.24,243.0,405.53,1.66,118.0,1009.42,
2012,6,18,9,30.31,67.18,501.0,212.86,344.0,404.42,2.33,176.0,1008.65,
2012,6,18,10,31.26,60.01,750.0,460.04,347.0,403.3,2.99,234.0,1007.89,
2012,6,18,11,31.13,60.07,809.0,405.0,418.0,404.85,3.66,239.0,1007.19,
2012,6,18,12,31.01,60.12,838.0,395.11,443.0,406.4,4.34,244.0,1006.49,
2012,6,18,13,30.89,60.18,825.0,409.61,425.0,407.95,5.01,248.0,1005.79,
2012,6,18,14,30.27,65.3,733.0,382.18,390.0,409.95,4.96,250.0,1005.89,
2012,6,18,15,29.64,70.41,622.0,406.29,310.0,411.95,4.91,251.0,1005.99,
2012,6,18,16,29.01,75.53,460.0,412.27,214.0,413.95,4.87,252.0,1006.09,
2012,6,18,17,28.29,80.01,252.0,254.86,151.0,413.9,3.61,244.0,1006.62,
2012,6,18,18,27.57,84.5,117.0,369.04,51.0,413.85,2.36,237.0,1007.15,
2012,6,18,19,26.85,88.98,0.0,0.0,0.0,413.8,1.1,230.0,1007.69,
2012,6,18,20,26.63,92.65,0.0,0.0,0.0,415.8,1.2,214.0,1008.48,
2012,6,18,21,26.41,96.33,0.0,0.0,0.0,417.8,1.31,199.0,1009.28,
2012,6,18,22,26.18,100.0,0.0,0.0,0.0,419.8,1.41,183.0,1010.08,
2012,6,18,23,25.99,100.0,0.0,0.0,0.0,420.63,1.43,166.0,1009.72,
2012,6,19,0,25.8,100.0,0.0,0.0,0.0,421.47,1.45,149.0,1009.35,
2012,6,19,1,25.61,100.0,0.0,0.0,0.0,422.3,1.48,133.0,1008.98,
2012,6,19,2,25.59,100.0,0.0,0.0,0.0,421.18,1.37,113.0,1008.62,
2012,6,19,3,25.56,100.0,0.0,0.0,0.0,420.07,1.26,94.0,1008.25,
2012,6,19,4,25.54,100.0,0.0,0.0,0.0,418.95,1.14,75.0,1007.89,
2012,6,19,5,26.47,94.96,0.0,0.0,0.0,418.63,1.1,106.0,1008.25,
2012,6,19,6,27.39,89.91,80.0,290.26,41.0,418.32,1.05,137.0,1008.62,
2012,6,19,7,28.32,84.87,282.0,568.87,81.0,418.0,1.01,169.0,1008.98,
2012,6,19,8,29.39,78.34,499.0,708.55,103.0,415.82,1.66,191.0,1008.55,
2012,6,19,9,30.46,71.8,696.0,784.22,118.0,413.63,2.3,213.0,1008.12,
2012,6,19,10,31.53,65.27,854.0,830.26,127.0,411.45,2.95,235.0,1007.69,
2012,6,19,11,31.55,68.0,957.0,853.7,133.0,415.68,3.51,240.0,1007.02,
2012,6,19,12,31.57,70.74,998.0,863.26,135.0,419.92,4.06,245.0,1006.36,
2012,6,19,13,31.59,73.47,971.0,856.94,134.0,424.15,4.62,250.0,1005.69,
2012,6,19,14,30.92,78.84,879.0,835.31,129.0,423.38,4.67,252.0,1005.79,
2012,6,19,15,30.25,84.2,731.0,795.07,120.0,422.62,4.72,254.0,1005.89,
2012,6,19,16,29.58,89.57,540.0,726.47,106.0,421.85,4.77,256.0,1005.99,
2012,6,19,17,28.85,93.05,326.0,604.39,86.0,421.98,3.74,252.0,1006.42,
2012,6,19,18,28.13,96.52,78.0,77.91,64.0,422.12,2.71,248.0,1006.85,
2012,6,19,19,27.4,100.0,0.0,0.0,0.0,422.25,1.68,244.0,1007.29,
2012,6,19,20,27.2,100.0,0.0,0.0,0.0,423.9,1.49,226.0,1007.75,
2012,6,19,21,27.0,100.0,0.0,0.0,0.0,425.55,1.31,207.0,1008.22,
2012,6,19,22,26.8,100.0,0.0,0.0,0.0,427.2,1.12,189.0,1008.68,
2012,6,19,23,26.54,100.0,0.0,0.0,0.0,431.15,1.04,191.0,1008.35,
2012,6,20,0,26.27,100.0,0.0,0.0,0.0,435.1,0.96,193.0,1008.02,
2012,6,20,1,26.01,100.0,0.0,0.0,0.0,439.05,0.88,195.0,1007.69,
2012,6,20,2,25.85,100.0,0.0,0.0,0.0,438.9,0.9,214.0,1007.55,
2012,6,20,3,25.69,100.0,0.0,0.0,0.0,438.75,0.92,233.0,1007.42,
2012,6,20,4,25.53,100.0,0.0,0.0,0.0,438.6,0.94,252.0,1007.29,
2012,6,20,5,26.52,95.98,0.0,0.0,0.0,434.42,0.81,298.0,1007.29,
2012,6,20,6,27.51,91.96,80.0,291.79,41.0,430.23,0.68,345.0,1007.29,
2012,6,20,7,28.51,87.94,281.0,570.01,80.0,426.05,0.55,32.0,1007.29,
2012,6,20,8,29.51,80.21,496.0,703.99,103.0,422.27,1.38,346.0,1006.72,
2012,6,20,9,30.51,72.49,692.0,780.73,117.0,418.48,2.22,301.0,1006.16,
2012,6,20,10,31.51,64.76,849.0,824.93,127.0,414.7,3.05,255.0,1005.59,
2012,6,20,11,31.5,66.35,951.0,848.71,132.0,417.03,3.7,254.0,1005.09,
2012,6,20,12,31.5,67.95,990.0,856.28,134.0,419.37,4.35,252.0,1004.59,
2012,6,20,13,31.49,69.54,964.0,850.64,133.0,421.7,5.01,251.0,1004.09,
2012,6,20,14,30.89,78.71,517.0,93.52,433.0,422.28,4.74,252.0,1004.29,
2012,6,20,15,30.28,87.87,729.0,791.89,120.0,422.87,4.48,254.0,1004.49,
2012,6,20,16,29.67,97.04,540.0,725.62,106.0,423.45,4.22,255.0,1004.69,
2012,6,20,17,28.93,98.03,72.0,0.0,72.0,424.33,3.26,253.0,1005.52,
2012,6,20,18,28.19,99.01,25.0,0.0,25.0,425.22,2.31,251.0,1006.36,
2012,6,20,19,27.45,100.0,0.0,0.0,0.0,426.1,1.35,249.0,1007.19,
2012,6,20,20,27.18,100.0,0.0,0.0,0.0,429.62,1.28,240.0,1007.79,
2012,6,20,21,26.91,100.0,0.0,0.0,0.0,433.13,1.21,231.0,1008.38,
2012,6,20,22,26.64,100.0,0.0,0.0,0.0,436.65,1.14,222.0,1008.98,
2012,6,20,23,26.4,100.0,0.0,0.0,0.0,437.8,0.84,221.0,1008.85,
2012,6,21,0,26.17,100.0,0.0,0.0,0.0,438.95,0.53,220.0,1008.72,
2012,6,21,1,25.93,100.0,0.0,0.0,0.0,440.1,0.22,218.0,1008.58,
2012,6,21,2,25.88,100.0,0.0,0.0,0.0,437.32,0.74,232.0,1008.52,
2012,6,21,3,25.84,100.0,0.0,0.0,0.0,434.53,1.27,246.0,1008.45,
2012,6,21,4,25.79,100.0,0.0,0.0,0.0,431.75,1.79,259.0,1008.38,
2012,6,21,5,26.7,100.0,0.0,0.0,0.0,430.58,2.25,292.0,1008.75,
2012,6,21,6,27.6,100.0,11.0,0.0,11.0,429.42,2.71,325.0,1009.12,
2012,6,21,7,28.51,100.0,40.0,0.0,40.0,428.25,3.17,357.0,1009.48,
2012,6,21,8,29.52,96.89,327.0,150.65,243.0,428.23,3.51,342.0,1009.32,
2012,6,21,9,30.53,93.77,349.0,50.28,312.0,428.22,3.84,326.0,1009.15,
2012,6,21,10,31.55,90.66,228.0,10.29,219.0,428.2,4.18,311.0,1008.98,
2012,6,21,11,31.57,87.65,206.0,9.33,197.0,428.0,4.14,298.0,1008.35,
2012,6,21,12,31.59,84.63,523.0,58.02,465.0,427.8,4.1,286.0,1007.72,
2012,6,21,13,31.61,81.62,486.0,49.13,438.0,427.6,4.06,273.0,1007.09,
2012,6,21,14,30.91,86.82,608.0,179.16,447.0,428.47,3.8,273.0,1006.82,
2012,6,21,15,30.21,92.01,316.0,27.29,295.0,429.33,3.54,272.0,1006.56,
2012,6,21,16,29.51,97.21,192.0,8.35,187.0,430.2,3.28,272.0,1006.29,
2012,6,21,17,28.75,98.14,18.0,0.0,18.0,435.0,2.76,269.0,1007.09,
2012,6,21,18,27.99,99.07,6.0,0.0,6.0,439.8,2.23,266.0,1007.89,
2012,6,21,19,27.23,100.0,0.0,0.0,0.0,444.6,1.71,262.0,1008.68,
2012,6,21,20,26.93,100.0,0.0,0.0,0.0,442.43,1.43,255.0,1009.42,
2012,6,21,21,26.63,100.0,0.0,0.0,0.0,440.27,1.15,247.0,1010.15,
2012,6,21,22,26.32,100.0,0.0,0.0,0.0,438.1,0.87,240.0,1010.88,
2012,6,21,23,26.03,100.0,0.0,0.0,0.0,438.85,1.13,241.0,1010.71,
2012,6,22,0,25.73,100.0,0.0,0.0,0.0,439.6,1.39,242.0,1010.55,
2012,6,22,1,25.44,100.0,0.0,0.0,0.0,440.35,1.66,242.0,1010.38,
2012,6,22,2,25.21,100.0,0.0,0.0,0.0,440.9,1.76,242.0,1010.21,
2012,6,22,3,24.99,100.0,0.0,0.0,0.0,441.45,1.86,242.0,1010.05,
2012,6,22,4,24.76,100.0,0.0,0.0,0.0,442.0,1.96,241.0,1009.88,
2012,6,22,5,25.9,99.93,0.0,0.0,0.0,438.38,2.41,249.0,1010.31,
2012,6,22,6,27.03,99.85,10.0,0.0,10.0,434.77,2.86,256.0,1010.75,
2012,6,22,7,28.17,99.78,61.0,0.0,61.0,431.15,3.31,263.0,1011.18,
2012,6,22,8,28.95,95.3,60.0,0.0,60.0,431.53,3.34,257.0,1011.05,
2012,6,22,9,29.73,90.83,190.0,5.44,186.0,431.92,3.37,251.0,1010.91,
2012,6,22,10,30.52,86.35,198.0,8.01,191.0,432.3,3.39,245.0,1010.78,
2012,6,22,11,30.57,87.63,556.0,88.12,471.0,428.22,3.43,246.0,1010.15,
2012,6,22,12,30.63,88.91,118.0,0.0,118.0,424.13,3.46,247.0,1009.52,
2012,6,22,13,30.69,90.19,272.0,17.4,255.0,420.05,3.49,248.0,1008.88,
2012,6,22,14,30.07,93.46,150.0,3.34,147.0,422.1,3.39,247.0,1008.75,
2012,6,22,15,29.44,96.73,371.0,51.94,331.0,424.15,3.29,246.0,1008.62,
2012,6,22,16,28.81,100.0,244.0,28.36,227.0,426.2,3.19,245.0,1008.48,
2012,6,22,17,28.12,100.0,55.0,0.0,55.0,428.12,2.48,246.0,1008.85,
2012,6,22,18,27.44,100.0,119.0,368.14,52.0,430.03,1.78,246.0,1009.22,
2012,6,22,19,26.75,100.0,0.0,0.0,0.0,431.95,1.08,246.0,1009.58,
2012,6,22,20,26.48,100.0,0.0,0.0,0.0,434.08,1.0,250.0,1010.05,
2012,6,22,21,26.21,100.0,0.0,0.0,0.0,436.22,0.92,255.0,1010.51,
2012,6,22,22,25.93,100.0,0.0,0.0,0.0,438.35,0.84,259.0,1010.98,
2012,6,22,23,25.65,100.0,0.0,0.0,0.0,437.25,0.93,265.0,1010.45,
2012,6,23,0,25.38,100.0,0.0,0.0,0.0,436.15,1.03,270.0,1009.92,
2012,6,23,1,25.1,100.0,0.0,0.0,0.0,435.05,1.12,275.0,1009.38,
2012,6,23,2,24.85,100.0,0.0,0.0,0.0,432.68,1.17,322.0,1009.18,
2012,6,23,3,24.6,100.0,0.0,0.0,0.0,430.32,1.22,9.0,1008.98,
2012,6,23,4,24.35,100.0,0.0,0.0,0.0,427.95,1.27,56.0,1008.78,
2012,6,23,5,25.26,100.0,0.0,0.0,0.0,425.4,1.33,65.0,1009.15,
2012,6,23,6,26.17,100.0,3.0,0.0,3.0,422.85,1.39,73.0,1009.52,
2012,6,23,7,27.08,100.0,10.0,0.0,10.0,420.3,1.45,81.0,1009.88,
2012,6,23,8,28.04,95.44,57.0,0.0,57.0,417.58,1.55,117.0,1009.52,
2012,6,23,9,29.0,90.88,291.0,24.5,273.0,414.87,1.66,152.0,1009.15,
2012,6,23,10,29.97,86.32,736.0,441.65,350.0,412.15,1.77,188.0,1008.78,
2012,6,23,11,29.88,88.14,947.0,846.19,131.0,415.48,2.24,199.0,1008.42,
2012,6,23,12,29.8,89.95,987.0,854.33,133.0,418.82,2.72,209.0,1008.05,
2012,6,23,13,29.71,91.77,807.0,381.61,434.0,422.15,3.2,220.0,1007.69,
2012,6,23,14,29.18,93.97,742.0,401.4,381.0,424.87,2.58,224.0,1007.49,
2012,6,23,15,28.64,96.18,727.0,788.96,119.0,427.58,1.96,229.0,1007.29,
2012,6,23,16,28.11,98.38,539.0,721.57,106.0,430.3,1.34,233.0,1007.09,
2012,6,23,17,27.36,98.92,235.0,190.01,159.0,429.7,1.23,227.0,1007.32,
2012,6,23,18,26.61,99.46,63.0,10.95,61.0,429.1,1.13,222.0,1007.55,
2012,6,23,19,25.85,100.0,0.0,0.0,0.0,428.5,1.02,216.0,1007.79,
2012,6,23,20,25.68,100.0,0.0,0.0,0.0,429.87,1.1,212.0,1008.29,
2012,6,23,21,25.5,100.0,0.0,0.0,0.0,431.23,1.19,208.0,1008.78,
2012,6,23,22,25.32,100.0,0.0,0.0,0.0,432.6,1.27,204.0,1009.28,
2012,6,23,23,25.1,100.0,0.0,0.0,0.0,433.53,1.22,206.0,1008.95,
2012,6,24,0,24.89,100.0,0.0,0.0,0.0,434.47,1.18,208.0,1008.62,
2012,6,24,1,24.67,100.0,0.0,0.0,0.0,435.4,1.13,210.0,1008.29,
2012,6,24,2,24.47,100.0,0.0,0.0,0.0,435.38,1.18,211.0,1008.12,
2012,6,24,3,24.27,100.0,0.0,0.0,0.0,435.37,1.23,211.0,1007.95,
2012,6,24,4,24.07,100.0,0.0,0.0,0.0,435.35,1.28,212.0,1007.79,
2012,6,24,5,25.05,100.0,0.0,0.0,0.0,435.17,1.35,207.0,1008.15,
2012,6,24,6,26.03,100.0,22.0,0.0,22.0,434.98,1.42,202.0,1008.52,
2012,6,24,7,27.02,100.0,14.0,0.0,14.0,434.8,1.49,198.0,1008.88,
2012,6,24,8,27.95,100.0,31.0,0.0,31.0,431.83,1.77,196.0,1009.08,
2012,6,24,9,28.88,100.0,203.0,8.17,197.0,428.87,2.06,194.0,1009.28,
2012,6,24,10,29.81,100.0,627.0,231.23,425.0,425.9,2.34,192.0,1009.48,
2012,6,24,11,29.86,99.76,660.0,177.37,489.0,427.85,2.03,194.0,1009.42,
2012,6,24,12,29.92,99.51,983.0,850.35,133.0,429.8,1.72,196.0,1009.35,
2012,6,24,13,29.97,99.27,629.0,136.04,496.0,431.75,1.41,198.0,1009.28,
2012,6,24,14,29.43,99.51,871.0,826.94,127.0,432.97,1.64,195.0,1009.42,
2012,6,24,15,28.89,99.76,727.0,788.44,119.0,434.18,1.87,192.0,1009.55,
2012,6,24,16,28.35,100.0,540.0,722.5,106.0,435.4,2.1,189.0,1009.68,
2012,6,24,17,27.67,100.0,328.0,604.07,86.0,432.15,1.83,200.0,1009.85,
2012,6,24,18,26.99,100.0,120.0,370.96,52.0,428.9,1.57,210.0,1010.02,
2012,6,24,19,26.31,100.0,0.0,0.0,0.0,425.65,1.31,221.0,1010.18,
2012,6,24,20,26.14,100.0,0.0,0.0,0.0,428.33,1.46,216.0,1010.85,
2012,6,24,21,25.97,100.0,0.0,0.0,0.0,431.02,1.6,211.0,1011.51,
2012,6,24,22,25.79,100.0,0.0,0.0,0.0,433.7,1.75,206.0,1012.18,
2012,6,24,23,25.54,100.0,0.0,0.0,0.0,434.68,1.81,206.0,1012.08,
2012,6,25,0,25.3,100.0,0.0,0.0,0.0,435.67,1.86,206.0,1011.98,
2012,6,25,1,25.05,100.0,0.0,0.0,0.0,436.65,1.92,205.0,1011.88,
2012,6,25,2,24.83,100.0,0.0,0.0,0.0,436.45,2.17,200.0,1012.04,
2012,6,25,3,24.6,100.0,0.0,0.0,0.0,436.25,2.43,195.0,1012.21,
2012,6,25,4,24.38,100.0,0.0,0.0,0.0,436.05,2.69,190.0,1012.38,
2012,6,25,5,25.56,100.0,0.0,0.0,0.0,434.9,3.01,173.0,1012.74,
2012,6,25,6,26.74,100.0,59.0,115.83,44.0,433.75,3.32,156.0,1013.11,
2012,6,25,7,27.93,100.0,133.0,22.95,125.0,432.6,3.64,138.0,1013.48,
2012,6,25,8,28.61,98.97,490.0,699.5,102.0,434.9,3.38,157.0,1013.41,
2012,6,25,9,29.29,97.95,686.0,777.01,116.0,437.2,3.12,175.0,1013.34,
2012,6,25,10,29.98,96.92,843.0,821.16,126.0,439.5,2.86,193.0,1013.28,
2012,6,25,11,29.99,96.16,471.0,46.69,426.0,444.52,2.56,199.0,1013.11,
2012,6,25,12,30.01,95.39,791.0,305.13,486.0,449.53,2.27,205.0,1012.94,
2012,6,25,13,30.03,94.63,735.0,253.63,487.0,454.55,1.97,212.0,1012.78,
2012,6,25,14,29.44,96.42,745.0,408.86,377.0,454.4,1.47,217.0,1012.64,
2012,6,25,15,28.85,98.21,372.0,51.84,332.0,454.25,0.96,222.0,1012.51,
2012,6,25,16,28.26,100.0,234.0,23.28,220.0,454.1,0.46,227.0,1012.38,
2012,6,25,17,27.7,100.0,191.0,77.27,160.0,449.82,0.56,229.0,1012.51,
2012,6,25,18,27.14,100.0,37.0,0.0,37.0,445.53,0.66,231.0,1012.64,
2012,6,25,19,26.57,100.0,0.0,0.0,0.0,441.25,0.76,233.0,1012.78,
2012,6,25,20,26.32,100.0,0.0,0.0,0.0,440.7,0.81,232.0,1013.08,
2012,6,25,21,26.06,100.0,0.0,0.0,0.0,440.15,0.86,231.0,1013.38,
2012,6,25,22,25.8,100.0,0.0,0.0,0.0,439.6,0.91,230.0,1013.67,
2012,6,25,23,25.58,100.0,0.0,0.0,0.0,442.32,1.05,231.0,1013.38,
2012,6,26,0,25.37,100.0,0.0,0.0,0.0,445.03,1.19,233.0,1013.08,
2012,6,26,1,25.15,100.0,0.0,0.0,0.0,447.75,1.32,234.0,1012.78,
2012,6,26,2,25.1,100.0,0.0,0.0,0.0,447.67,1.38,242.0,1012.54,
2012,6,26,3,25.06,100.0,0.0,0.0,0.0,447.58,1.43,250.0,1012.31,
2012,6,26,4,25.01,100.0,0.0,0.0,0.0,447.5,1.49,258.0,1012.08,
2012,6,26,5,25.93,100.0,0.0,0.0,0.0,445.68,1.64,268.0,1012.38,
2012,6,26,6,26.85,100.0,72.0,248.93,40.0,443.87,1.78,279.0,1012.68,
2012,6,26,7,27.78,100.0,264.0,503.22,89.0,442.05,1.93,290.0,1012.98,
2012,6,26,8,28.82,96.62,328.0,157.06,241.0,438.77,2.03,303.0,1012.51,
2012,6,26,9,29.86,93.23,686.0,777.66,116.0,435.48,2.13,315.0,1012.04,
2012,6,26,10,30.91,89.85,197.0,8.02,190.0,432.2,2.23,328.0,1011.58,
2012,6,26,11,30.96,85.6,413.0,30.09,384.0,429.58,2.68,310.0,1010.71,
2012,6,26,12,31.02,81.36,622.0,117.05,505.0,426.97,3.13,292.0,1009.85,
2012,6,26,13,31.07,77.11,966.0,852.79,132.0,424.35,3.57,274.0,1008.98,
2012,6,26,14,30.43,82.01,877.0,832.97,127.0,424.4,3.47,274.0,1008.65,
2012,6,26,15,29.78,86.91,732.0,793.93,119.0,424.45,3.36,275.0,1008.32,
2012,6,26,16,29.13,91.81,544.0,727.76,106.0,424.5,3.26,276.0,1007.99,
2012,6,26,17,28.16,94.54,330.0,607.3,86.0,424.93,2.65,272.0,1008.35,
2012,6,26,18,27.19,97.27,121.0,374.14,52.0,425.37,2.05,269.0,1008.72,
2012,6,26,19,26.21,100.0,0.0,0.0,0.0,425.8,1.45,266.0,1009.08,
2012,6,26,20,25.99,100.0,0.0,0.0,0.0,424.9,1.44,270.0,1009.35,
2012,6,26,21,25.76,100.0,0.0,0.0,0.0,424.0,1.43,274.0,1009.62,
2012,6,26,22,25.53,100.0,0.0,0.0,0.0,423.1,1.42,278.0,1009.88,
2012,6,26,23,25.38,100.0,0.0,0.0,0.0,425.9,1.34,292.0,1009.58,
2012,6,27,0,25.23,100.0,0.0,0.0,0.0,428.7,1.26,306.0,1009.28,
2012,6,27,1,25.08,100.0,0.0,0.0,0.0,431.5,1.19,321.0,1008.98,
2012,6,27,2,25.14,100.0,0.0,0.0,0.0,430.75,1.13,329.0,1008.75,
2012,6,27,3,25.21,100.0,0.0,0.0,0.0,430.0,1.08,337.0,1008.52,
2012,6,27,4,25.27,100.0,0.0,0.0,0.0,429.25,1.02,346.0,1008.29,
2012,6,27,5,26.32,98.31,0.0,0.0,0.0,428.5,0.94,344.0,1008.52,
2012,6,27,6,27.36,96.63,74.0,274.38,39.0,427.75,0.86,342.0,1008.75,
2012,6,27,7,28.41,94.94,274.0,562.2,79.0,427.0,0.79,340.0,1008.98,
2012,6,27,8,29.47,87.61,153.0,0.0,153.0,425.38,1.19,308.0,1008.48,
2012,6,27,9,30.54,80.27,254.0,15.02,243.0,423.77,1.59,277.0,1007.99,
2012,6,27,10,31.61,72.94,371.0,30.95,344.0,422.15,1.99,245.0,1007.49,
2012,6,27,11,31.72,75.49,521.0,86.15,438.0,422.6,1.87,246.0,1007.05,
2012,6,27,12,31.84,78.05,755.0,254.12,501.0,423.05,1.76,247.0,1006.62,
2012,6,27,13,31.95,80.6,968.0,854.69,132.0,423.5,1.64,247.0,1006.19,
2012,6,27,14,31.34,84.12,881.0,837.1,127.0,422.48,2.32,251.0,1006.09,
2012,6,27,15,30.72,87.64,736.0,798.64,119.0,421.47,3.0,254.0,1005.99,
2012,6,27,16,30.1,91.16,548.0,733.76,106.0,420.45,3.68,257.0,1005.89,
2012,6,27,17,29.01,94.11,333.0,613.97,86.0,419.98,2.79,261.0,1006.29,
2012,6,27,18,27.93,97.05,62.0,5.41,61.0,419.52,1.9,265.0,1006.69,
2012,6,27,19,26.84,100.0,0.0,0.0,0.0,419.05,1.01,269.0,1007.09,
2012,6,27,20,26.64,100.0,0.0,0.0,0.0,423.8,1.14,266.0,1007.45,
2012,6,27,21,26.43,100.0,0.0,0.0,0.0,428.55,1.27,263.0,1007.82,
2012,6,27,22,26.22,100.0,0.0,0.0,0.0,433.3,1.41,259.0,1008.19,
2012,6,27,23,26.07,100.0,0.0,0.0,0.0,435.22,1.21,252.0,1008.12,
2012,6,28,0,25.91,100.0,0.0,0.0,0.0,437.13,1.01,245.0,1008.05,
2012,6,28,1,25.76,100.0,0.0,0.0,0.0,439.05,0.81,238.0,1007.99,
2012,6,28,2,25.81,100.0,0.0,0.0,0.0,437.62,0.87,220.0,1008.19,
2012,6,28,3,25.86,100.0,0.0,0.0,0.0,436.18,0.92,203.0,1008.38,
2012,6,28,4,25.91,100.0,0.0,0.0,0.0,434.75,0.98,185.0,1008.58,
2012,6,28,5,26.9,99.84,0.0,0.0,0.0,431.23,0.91,192.0,1009.18,
2012,6,28,6,27.89,99.67,74.0,276.6,39.0,427.72,0.83,198.0,1009.78,
2012,6,28,7,28.88,99.51,76.0,0.0,76.0,424.2,0.76,205.0,1010.38,
2012,6,28,8,29.92,95.57,284.0,88.71,235.0,423.32,1.19,211.0,1010.41,
2012,6,28,9,30.96,91.62,340.0,46.47,306.0,422.43,1.62,217.0,1010.45,
2012,6,28,10,32.01,87.68,501.0,95.2,418.0,421.55,2.06,223.0,1010.48,
2012,6,28,11,32.13,86.29,949.0,849.26,131.0,424.68,2.27,229.0,1010.08,
2012,6,28,12,32.26,84.91,991.0,858.43,133.0,427.82,2.48,236.0,1009.68,
2012,6,28,13,32.39,83.52,968.0,854.55,132.0,430.95,2.69,242.0,1009.28,
2012,6,28,14,31.73,84.88,881.0,836.81,127.0,430.1,2.91,247.0,1009.22,
2012,6,28,15,31.06,86.23,736.0,798.19,119.0,429.25,3.14,252.0,1009.15,
2012,6,28,16,30.4,87.59,548.0,733.14,106.0,428.4,3.37,257.0,1009.08,
2012,6,28,17,29.47,91.73,333.0,613.24,86.0,428.63,2.69,257.0,1009.72,
2012,6,28,18,28.54,95.86,123.0,383.08,52.0,428.87,2.01,256.0,1010.35,
2012,6,28,19,27.61,100.0,0.0,0.0,0.0,429.1,1.34,256.0,1010.98,
2012,6,28,20,27.34,100.0,0.0,0.0,0.0,429.82,1.26,250.0,1011.58,
2012,6,28,21,27.06,100.0,0.0,0.0,0.0,430.53,1.17,245.0,1012.18,
2012,6,28,22,26.78,100.0,0.0,0.0,0.0,431.25,1.09,239.0,1012.78,
2012,6,28,23,26.48,100.0,0.0,0.0,0.0,435.13,0.95,237.0,1012.68,
2012,6,29,0,26.19,100.0,0.0,0.0,0.0,439.02,0.81,235.0,1012.58,
2012,6,29,1,25.89,100.0,0.0,0.0,0.0,442.9,0.68,232.0,1012.48,
2012,6,29,2,25.87,100.0,0.0,0.0,0.0,443.3,0.8,230.0,1012.51,
2012,6,29,3,25.85,100.0,0.0,0.0,0.0,443.7,0.92,228.0,1012.54,
2012,6,29,4,25.83,100.0,0.0,0.0,0.0,444.1,1.05,226.0,1012.58,
2012,6,29,5,26.85,100.0,0.0,0.0,0.0,441.55,0.96,275.0,1013.21,
2012,6,29,6,27.86,100.0,48.0,47.82,42.0,439.0,0.87,325.0,1013.84,
2012,6,29,7,28.88,100.0,271.0,547.9,82.0,436.45,0.79,14.0,1014.47,
2012,6,29,8,29.91,91.98,487.0,699.89,101.0,432.07,1.03,330.0,1014.04,
2012,6,29,9,30.94,83.96,684.0,776.93,116.0,427.68,1.26,285.0,1013.61,
2012,6,29,10,31.98,75.94,841.0,821.65,125.0,423.3,1.5,240.0,1013.18,
2012,6,29,11,32.03,77.3,946.0,846.35,131.0,424.47,2.12,243.0,1013.01,
2012,6,29,12,32.09,78.67,739.0,235.12,504.0,425.63,2.74,246.0,1012.84,
2012,6,29,13,32.15,80.03,964.0,851.34,131.0,426.8,3.37,249.0,1012.68,
2012,6,29,14,31.53,84.65,877.0,832.08,127.0,428.8,3.25,250.0,1012.68,
2012,6,29,15,30.9,89.27,325.0,29.74,302.0,430.8,3.14,251.0,1012.68,
2012,6,29,16,30.28,93.89,185.0,6.63,181.0,432.8,3.02,252.0,1012.68,
2012,6,29,17,29.25,95.93,83.0,0.0,83.0,430.82,2.55,255.0,1013.14,
2012,6,29,18,28.22,97.96,123.0,382.29,52.0,428.83,2.08,258.0,1013.61,
2012,6,29,19,27.18,100.0,0.0,0.0,0.0,426.85,1.61,262.0,1014.07,
2012,6,29,20,26.95,100.0,0.0,0.0,0.0,429.97,1.49,266.0,1014.47,
2012,6,29,21,26.71,100.0,0.0,0.0,0.0,433.08,1.36,271.0,1014.87,
2012,6,29,22,26.47,100.0,0.0,0.0,0.0,436.2,1.23,276.0,1015.27,
2012,6,29,23,26.28,100.0,0.0,0.0,0.0,438.48,1.27,282.0,1014.87,
2012,6,30,0,26.09,100.0,0.0,0.0,0.0,440.77,1.31,287.0,1014.47,
2012,6,30,1,25.9,100.0,0.0,0.0,0.0,443.05,1.35,293.0,1014.07,
2012,6,30,2,25.91,100.0,0.0,0.0,0.0,444.0,1.33,294.0,1013.91,
2012,6,30,3,25.93,100.0,0.0,0.0,0.0,444.95,1.31,295.0,1013.74,
2012,6,30,4,25.94,100.0,0.0,0.0,0.0,445.9,1.3,295.0,1013.58,
2012,6,30,5,26.92,98.09,0.0,0.0,0.0,446.25,1.25,333.0,1013.91,
2012,6,30,6,27.9,96.18,72.0,273.35,38.0,446.6,1.2,10.0,1014.24,
2012,6,30,7,28.88,94.27,270.0,558.19,78.0,446.95,1.16,48.0,1014.57,
2012,6,30,8,29.82,88.34,225.0,30.87,208.0,443.87,1.61,359.0,1014.01,
2012,6,30,9,32.55,78.29,180.0,4.11,177.0,433.92,3.54,310.0,1013.44,
2012,6,30,10,32.09,80.09,319.0,19.52,302.0,433.8,3.41,261.0,1012.88,
2012,6,30,11,31.63,81.88,945.0,846.55,130.0,433.68,3.27,258.0,1012.34,
2012,6,30,12,31.16,83.68,988.0,856.48,132.0,433.55,3.14,256.0,1011.81,
2012,6,30,13,30.7,85.48,965.0,852.23,131.0,433.43,3.01,253.0,1011.28,
2012,6,30,14,30.24,87.27,878.0,832.92,127.0,433.31,2.88,254.0,1011.11,
2012,6,30,15,29.77,89.07,735.0,796.06,119.0,433.19,2.75,255.0,1010.95,
2012,6,30,16,29.31,90.86,547.0,730.36,106.0,433.06,2.62,256.0,1010.78,
2012,6,30,17,28.85,92.66,334.0,614.44,86.0,432.94,2.49,262.0,1010.85,
2012,6,30,18,28.38,94.45,124.0,386.99,52.0,432.82,2.36,269.0,1010.91,
2012,6,30,19,27.92,96.25,0.0,0.0,0.0,432.69,2.23,276.0,1010.98,
2012,6,30,20,27.46,98.04,0.0,0.0,0.0,432.57,2.1,276.0,1011.25,
2012,6,30,21,26.99,99.84,0.0,0.0,0.0,432.45,1.97,277.0,1011.51,
2012,6,30,22,26.53,100.0,0.0,0.0,0.0,432.33,1.83,278.0,1011.78,
2012,6,30,23,26.07,100.0,0.0,0.0,0.0,432.2,1.7,268.0,1011.38,
2012,7,1,0,25.6,100.0,0.0,0.0,0.0,432.08,1.57,258.0,1010.98,
2012,7,1,1,25.81,100.0,0.0,0.0,0.0,441.2,1.14,248.0,1010.58,
2012,7,1,2,25.84,100.0,0.0,0.0,0.0,440.77,1.02,239.0,1010.35,
2012,7,1,3,25.86,100.0,0.0,0.0,0.0,440.33,0.89,230.0,1010.12,
2012,7,1,4,25.89,100.0,0.0,0.0,0.0,439.9,0.76,221.0,1009.88,
2012,7,1,5,26.87,100.0,0.0,0.0,0.0,437.95,0.6,213.0,1010.38,
2012,7,1,6,27.85,100.0,2.0,0.0,2.0,436.0,0.45,205.0,1010.88,
2012,7,1,7,28.83,100.0,16.0,0.0,16.0,434.05,0.29,198.0,1011.38,
2012,7,1,8,29.83,96.35,209.0,20.01,198.0,434.2,0.69,210.0,1011.08,
2012,7,1,9,30.83,92.71,409.0,101.4,335.0,434.35,1.1,222.0,1010.78,
2012,7,1,10,31.84,89.06,684.0,328.53,398.0,434.5,1.5,234.0,1010.48,
2012,7,1,11,31.89,90.23,945.0,846.75,130.0,433.62,2.03,241.0,1009.92,
2012,7,1,12,31.94,91.41,987.0,855.5,132.0,432.73,2.56,247.0,1009.35,
2012,7,1,13,31.99,92.58,964.0,851.08,131.0,431.85,3.09,253.0,1008.78,
2012,7,1,14,31.4,94.08,877.0,831.54,127.0,436.13,3.03,251.0,1008.55,
2012,7,1,15,30.8,95.57,351.0,40.04,320.0,440.42,2.98,249.0,1008.32,
2012,7,1,16,30.21,97.07,366.0,158.88,270.0,444.7,2.92,247.0,1008.09,
2012,7,1,17,29.1,98.05,171.0,42.08,154.0,442.07,2.38,246.0,1008.52,
2012,7,1,18,27.99,99.02,66.0,16.1,63.0,439.43,1.83,246.0,1008.95,
2012,7,1,19,26.87,100.0,0.0,0.0,0.0,436.8,1.28,245.0,1009.38,
2012,7,1,20,26.66,100.0,0.0,0.0,0.0,438.43,0.96,243.0,1009.78,
2012,7,1,21,26.44,100.0,0.0,0.0,0.0,440.07,0.63,240.0,1010.18,
2012,7,1,22,26.22,100.0,0.0,0.0,0.0,441.7,0.3,238.0,1010.58,
2012,7,1,23,25.93,100.0,0.0,0.0,0.0,442.68,0.55,240.0,1010.25,
2012,7,2,0,25.65,100.0,0.0,0.0,0.0,443.67,0.8,241.0,1009.92,
2012,7,2,1,25.36,100.0,0.0,0.0,0.0,444.65,1.05,243.0,1009.58,
2012,7,2,2,25.35,100.0,0.0,0.0,0.0,445.6,1.53,230.0,1009.58,
2012,7,2,3,25.34,100.0,0.0,0.0,0.0,446.55,2.01,218.0,1009.58,
2012,7,2,4,25.33,100.0,0.0,0.0,0.0,447.5,2.5,205.0,1009.58,
2012,7,2,5,25.88,100.0,0.0,0.0,0.0,443.57,2.59,202.0,1010.25,
2012,7,2,6,26.42,100.0,6.0,0.0,6.0,439.63,2.68,198.0,1010.91,
2012,7,2,7,26.97,100.0,96.0,0.0,96.0,435.7,2.77,195.0,1011.58,
2012,7,2,8,27.66,100.0,486.0,701.29,101.0,436.0,2.37,192.0,1011.55,
2012,7,2,9,28.35,100.0,533.0,285.27,325.0,436.3,1.96,189.0,1011.51,
2012,7,2,10,29.04,100.0,661.0,289.62,409.0,436.6,1.56,186.0,1011.48,
2012,7,2,11,28.74,100.0,703.0,230.7,481.0,438.42,1.82,194.0,1011.05,
2012,7,2,12,28.43,100.0,728.0,220.14,508.0,440.23,2.08,203.0,1010.61,
2012,7,2,13,28.13,100.0,818.0,398.41,428.0,442.05,2.34,211.0,1010.18,
2012,7,2,14,27.62,100.0,878.0,833.51,126.0,440.37,1.9,207.0,1010.12,
2012,7,2,15,27.1,100.0,389.0,60.68,342.0,438.68,1.45,203.0,1010.05,
2012,7,2,16,26.59,100.0,104.0,0.0,104.0,437.0,1.01,200.0,1009.98,
2012,7,2,17,26.42,100.0,9.0,0.0,9.0,432.32,1.04,196.0,1010.21,
2012,7,2,18,26.24,100.0,9.0,0.0,9.0,427.63,1.07,192.0,1010.45,
2012,7,2,19,26.06,100.0,0.0,0.0,0.0,422.95,1.1,188.0,1010.68,
2012,7,2,20,25.85,100.0,0.0,0.0,0.0,424.12,1.13,170.0,1011.21,
2012,7,2,21,25.63,100.0,0.0,0.0,0.0,425.28,1.16,153.0,1011.75,
2012,7,2,22,25.41,100.0,0.0,0.0,0.0,426.45,1.19,135.0,1012.28,
2012,7,2,23,25.01,100.0,0.0,0.0,0.0,428.87,1.25,126.0,1012.04,
2012,7,3,0,24.62,100.0,0.0,0.0,0.0,431.28,1.31,117.0,1011.81,
2012,7,3,1,24.22,100.0,0.0,0.0,0.0,433.7,1.37,108.0,1011.58,
2012,7,3,2,24.14,100.0,0.0,0.0,0.0,432.12,1.45,105.0,1011.58,
2012,7,3,3,24.05,100.0,0.0,0.0,0.0,430.53,1.53,103.0,1011.58,
2012,7,3,4,23.97,100.0,0.0,0.0,0.0,428.95,1.61,100.0,1011.58,
2012,7,3,5,24.56,100.0,0.0,0.0,0.0,427.32,1.41,112.0,1012.11,
2012,7,3,6,25.14,100.0,10.0,0.0,10.0,425.68,1.2,123.0,1012.64,
2012,7,3,7,25.73,100.0,107.0,0.0,107.0,424.05,0.99,134.0,1013.18,
2012,7,3,8,26.55,96.35,280.0,85.75,233.0,422.58,0.96,152.0,1012.91,
2012,7,3,9,27.38,92.71,213.0,8.24,207.0,421.12,0.93,170.0,1012.64,
2012,7,3,10,28.21,89.06,539.0,131.09,425.0,419.65,0.9,187.0,1012.38,
2012,7,3,11,28.4,89.66,709.0,239.07,479.0,419.18,0.99,198.0,1012.01,
2012,7,3,12,28.58,90.27,989.0,857.55,132.0,418.72,1.08,208.0,1011.65,
2012,7,3,13,28.77,90.87,567.0,88.86,480.0,418.25,1.17,218.0,1011.28,
2012,7,3,14,28.6,93.91,879.0,834.38,126.0,421.75,1.6,223.0,1011.25,
2012,7,3,15,28.42,96.96,735.0,796.25,118.0,425.25,2.04,228.0,1011.21,
2012,7,3,16,28.25,100.0,409.0,242.99,262.0,428.75,2.47,232.0,1011.18,
2012,7,3,17,27.47,100.0,334.0,613.02,86.0,425.6,2.12,281.0,1011.41,
2012,7,3,18,26.68,100.0,124.0,385.64,52.0,422.45,1.78,330.0,1011.65,
2012,7,3,19,25.89,100.0,0.0,0.0,0.0,419.3,1.43,19.0,1011.88,
2012,7,3,20,25.56,100.0,0.0,0.0,0.0,422.43,1.49,35.0,1012.18,
2012,7,3,21,25.23,100.0,0.0,0.0,0.0,425.57,1.55,51.0,1012.48,
2012,7,3,22,24.89,100.0,0.0,0.0,0.0,428.7,1.61,67.0,1012.78,
2012,7,3,23,24.47,100.0,0.0,0.0,0.0,430.32,1.34,65.0,1012.51,
2012,7,4,0,24.06,100.0,0.0,0.0,0.0,431.93,1.07,62.0,1012.24,
2012,7,4,1,23.64,100.0,0.0,0.0,0.0,433.55,0.8,60.0,1011.98,
2012,7,4,2,23.38,100.0,0.0,0.0,0.0,433.43,0.95,60.0,1011.94,
2012,7,4,3,23.11,100.0,0.0,0.0,0.0,433.32,1.09,60.0,1011.91,
2012,7,4,4,22.85,100.0,0.0,0.0,0.0,433.2,1.24,61.0,1011.88,
2012,7,4,5,23.74,100.0,0.0,0.0,0.0,429.75,1.09,68.0,1012.48,
2012,7,4,6,24.63,100.0,69.0,267.32,37.0,426.3,0.93,76.0,1013.08,
2012,7,4,7,25.53,100.0,268.0,559.09,78.0,422.85,0.77,84.0,1013.67,
2012,7,4,8,26.64,91.17,485.0,703.51,100.0,421.92,1.21,121.0,1013.14,
2012,7,4,9,27.76,82.35,683.0,780.42,115.0,420.98,1.65,158.0,1012.61,
2012,7,4,10,28.87,73.52,843.0,827.18,124.0,420.05,2.08,195.0,1012.08,
2012,7,4,11,28.96,73.57,639.0,158.03,487.0,419.33,2.4,208.0,1011.45,
2012,7,4,12,29.05,73.61,992.0,860.58,132.0,418.62,2.71,221.0,1010.81,
2012,7,4,13,29.15,73.66,969.0,855.83,131.0,417.9,3.02,234.0,1010.18,
2012,7,4,14,28.95,77.58,882.0,837.48,126.0,418.12,3.04,245.0,1009.98,
2012,7,4,15,28.74,81.51,737.0,798.52,118.0,418.33,3.06,255.0,1009.78,
2012,7,4,16,28.54,85.43,549.0,733.55,105.0,418.55,3.08,265.0,1009.58,
2012,7,4,17,27.87,90.29,335.0,615.17,86.0,421.17,2.59,305.0,1010.21,
2012,7,4,18,27.2,95.14,124.0,380.08,53.0,423.78,2.1,345.0,1010.85,
2012,7,4,19,26.52,100.0,0.0,0.0,0.0,426.4,1.61,25.0,1011.48,
2012,7,4,20,26.32,100.0,0.0,0.0,0.0,425.35,1.57,38.0,1011.81,
2012,7,4,21,26.12,100.0,0.0,0.0,0.0,424.3,1.52,51.0,1012.14,
2012,7,4,22,25.92,100.0,0.0,0.0,0.0,423.25,1.48,64.0,1012.48,
2012,7,4,23,25.62,100.0,0.0,0.0,0.0,421.28,1.41,79.0,1012.24,
2012,7,5,0,25.32,100.0,0.0,0.0,0.0,419.32,1.35,93.0,1012.01,
2012,7,5,1,25.02,100.0,0.0,0.0,0.0,417.35,1.28,107.0,1011.78,
2012,7,5,2,24.95,100.0,0.0,0.0,0.0,417.72,1.19,93.0,1011.65,
2012,7,5,3,24.89,100.0,0.0,0.0,0.0,418.08,1.09,78.0,1011.51,
2012,7,5,4,24.82,100.0,0.0,0.0,0.0,418.45,0.99,64.0,1011.38,
2012,7,5,5,25.44,98.31,0.0,0.0,0.0,419.45,0.86,82.0,1012.01,
2012,7,5,6,26.06,96.61,4.0,0.0,4.0,420.45,0.72,101.0,1012.64,
2012,7,5,7,26.69,94.92,19.0,0.0,19.0,421.45,0.58,120.0,1013.28,
2012,7,5,8,27.63,89.96,62.0,0.0,62.0,420.72,0.51,161.0,1012.88,
2012,7,5,9,28.57,85.0,109.0,0.0,109.0,419.98,0.45,201.0,1012.48,
2012,7,5,10,29.51,80.04,452.0,64.46,396.0,419.25,0.39,242.0,1012.08,
2012,7,5,11,29.68,80.05,456.0,41.6,416.0,419.23,0.67,242.0,1011.65,
2012,7,5,12,29.84,80.07,989.0,857.61,132.0,419.22,0.95,243.0,1011.21,
2012,7,5,13,30.01,80.08,966.0,852.67,131.0,419.2,1.23,243.0,1010.78,
2012,7,5,14,29.75,85.72,879.0,833.94,126.0,421.43,1.98,248.0,1010.71,
2012,7,5,15,29.48,91.36,736.0,796.94,118.0,423.67,2.73,254.0,1010.65,
2012,7,5,16,29.22,97.0,548.0,731.56,105.0,425.9,3.48,260.0,1010.58,
2012,7,5,17,28.41,98.0,334.0,614.91,85.0,422.98,2.91,279.0,1010.88,
2012,7,5,18,27.6,99.0,124.0,385.34,52.0,420.07,2.35,298.0,1011.18,
2012,7,5,19,26.78,100.0,0.0,0.0,0.0,417.15,1.79,317.0,1011.48,
2012,7,5,20,26.57,100.0,0.0,0.0,0.0,418.82,1.66,337.0,1011.91,
2012,7,5,21,26.35,100.0,0.0,0.0,0.0,420.48,1.54,356.0,1012.34,
2012,7,5,22,26.13,100.0,0.0,0.0,0.0,422.15,1.41,15.0,1012.78,
2012,7,5,23,25.81,100.0,0.0,0.0,0.0,425.08,1.45,35.0,1012.54,
2012,7,6,0,25.5,100.0,0.0,0.0,0.0,428.02,1.49,55.0,1012.31,
2012,7,6,1,25.18,100.0,0.0,0.0,0.0,430.95,1.53,75.0,1012.08,
2012,7,6,2,25.08,100.0,0.0,0.0,0.0,433.32,1.46,75.0,1011.85,
2012,7,6,3,24.97,100.0,0.0,0.0,0.0,435.68,1.38,75.0,1011.61,
2012,7,6,4,24.87,100.0,0.0,0.0,0.0,438.05,1.31,75.0,1011.38,
2012,7,6,5,25.67,100.0,0.0,0.0,0.0,434.08,1.22,81.0,1011.71,
2012,7,6,6,26.47,100.0,67.0,264.5,36.0,430.12,1.13,87.0,1012.04,
2012,7,6,7,27.27,100.0,265.0,556.76,77.0,426.15,1.03,93.0,1012.38,
2012,7,6,8,28.19,93.25,482.0,700.3,100.0,427.93,1.27,150.0,1012.04,
2012,7,6,9,29.12,86.5,681.0,780.48,114.0,429.72,1.5,208.0,1011.71,
2012,7,6,10,30.04,79.75,840.0,824.57,124.0,431.5,1.74,265.0,1011.38,
2012,7,6,11,30.06,81.45,947.0,849.83,130.0,430.38,1.87,259.0,1011.05,
2012,7,6,12,30.08,83.14,990.0,858.65,132.0,429.27,2.0,253.0,1010.71,
2012,7,6,13,30.11,84.84,968.0,854.61,131.0,428.15,2.12,247.0,1010.38,
2012,7,6,14,29.72,89.84,881.0,835.96,126.0,429.28,2.45,248.0,1010.25,
2012,7,6,15,29.33,94.85,639.0,440.88,297.0,430.42,2.78,249.0,1010.12,
2012,7,6,16,28.94,99.85,128.0,0.0,128.0,431.55,3.1,249.0,1009.98,
2012,7,6,17,28.26,99.9,47.0,0.0,47.0,430.77,2.51,262.0,1010.31,
2012,7,6,18,27.57,99.95,19.0,0.0,19.0,429.98,1.91,274.0,1010.65,
2012,7,6,19,26.88,100.0,0.0,0.0,0.0,429.2,1.31,286.0,1010.98,
2012,7,6,20,26.62,100.0,0.0,0.0,0.0,432.33,1.13,281.0,1011.38,
2012,7,6,21,26.35,100.0,0.0,0.0,0.0,435.47,0.95,276.0,1011.78,
2012,7,6,22,26.08,100.0,0.0,0.0,0.0,438.6,0.77,271.0,1012.18,
2012,7,6,23,25.73,100.0,0.0,0.0,0.0,439.02,0.88,262.0,1011.98,
2012,7,7,0,25.38,100.0,0.0,0.0,0.0,439.43,0.99,252.0,1011.78,
2012,7,7,1,25.03,100.0,0.0,0.0,0.0,439.85,1.1,242.0,1011.58,
2012,7,7,2,24.95,100.0,0.0,0.0,0.0,440.15,1.09,224.0,1011.48,
2012,7,7,3,24.86,100.0,0.0,0.0,0.0,440.45,1.08,205.0,1011.38,
2012,7,7,4,24.78,100.0,0.0,0.0,0.0,440.75,1.06,187.0,1011.28,
2012,7,7,5,25.56,100.0,0.0,0.0,0.0,433.2,0.9,162.0,1011.61,
2012,7,7,6,26.34,100.0,11.0,0.0,11.0,425.65,0.73,137.0,1011.94,
2012,7,7,7,27.12,100.0,204.0,237.7,124.0,418.1,0.57,113.0,1012.28,
2012,7,7,8,28.09,91.48,136.0,0.0,136.0,417.73,0.8,146.0,1011.91,
2012,7,7,9,29.06,82.96,369.0,68.89,319.0,417.37,1.03,179.0,1011.55,
2012,7,7,10,30.03,74.44,840.0,824.99,124.0,417.0,1.26,212.0,1011.18,
2012,7,7,11,30.11,74.7,947.0,851.08,129.0,419.6,2.02,223.0,1010.51,
2012,7,7,12,30.18,74.96,990.0,859.68,131.0,422.2,2.79,235.0,1009.85,
2012,7,7,13,30.26,75.22,968.0,855.55,130.0,424.8,3.56,246.0,1009.18,
2012,7,7,14,29.95,80.88,881.0,835.78,126.0,424.97,3.49,253.0,1009.15,
2012,7,7,15,29.64,86.54,737.0,797.73,118.0,425.13,3.41,259.0,1009.12,
2012,7,7,16,29.33,92.2,460.0,367.99,237.0,425.3,3.34,266.0,1009.08,
2012,7,7,17,28.5,94.8,214.0,123.42,164.0,424.3,2.93,283.0,1009.18,
2012,7,7,18,27.67,97.4,38.0,0.0,38.0,423.3,2.52,299.0,1009.28,
2012,7,7,19,26.83,100.0,0.0,0.0,0.0,422.3,2.11,316.0,1009.38,
2012,7,7,20,26.62,100.0,0.0,0.0,0.0,422.53,1.6,334.0,1009.65,
2012,7,7,21,26.41,100.0,0.0,0.0,0.0,422.77,1.09,353.0,1009.92,
2012,7,7,22,26.2,100.0,0.0,0.0,0.0,423.0,0.58,11.0,1010.18,
2012,7,7,23,25.93,100.0,0.0,0.0,0.0,424.62,0.85,43.0,1010.02,
2012,7,8,0,25.65,100.0,0.0,0.0,0.0,426.23,1.12,75.0,1009.85,
2012,7,8,1,25.38,100.0,0.0,0.0,0.0,427.85,1.39,107.0,1009.68,
2012,7,8,2,25.32,100.0,0.0,0.0,0.0,428.95,1.4,100.0,1009.75,
2012,7,8,3,25.26,100.0,0.0,0.0,0.0,430.05,1.41,94.0,1009.82,
2012,7,8,4,25.2,100.0,0.0,0.0,0.0,431.15,1.42,87.0,1009.88,
2012,7,8,5,26.0,100.0,0.0,0.0,0.0,431.57,1.49,98.0,1010.68,
2012,7,8,6,26.8,100.0,1.0,0.0,1.0,431.98,1.55,108.0,1011.48,
2012,7,8,7,27.61,100.0,5.0,0.0,5.0,432.4,1.61,118.0,1012.28,
2012,7,8,8,28.42,95.63,16.0,0.0,16.0,429.15,1.47,120.0,1012.01,
2012,7,8,9,29.23,91.25,20.0,0.0,20.0,425.9,1.33,122.0,1011.75,
2012,7,8,10,30.04,86.88,40.0,0.0,40.0,422.65,1.19,124.0,1011.48,
2012,7,8,11,30.22,82.97,297.0,15.61,282.0,423.9,1.74,164.0,1010.65,
2012,7,8,12,30.4,79.06,453.0,35.03,418.0,425.15,2.29,203.0,1009.82,
2012,7,8,13,30.59,75.15,695.0,202.13,497.0,426.4,2.84,243.0,1008.98,
2012,7,8,14,30.27,78.76,731.0,364.13,402.0,426.83,2.9,246.0,1008.85,
2012,7,8,15,29.96,82.36,659.0,489.59,279.0,427.27,2.95,249.0,1008.72,
2012,7,8,16,29.64,85.97,457.0,359.64,239.0,427.7,3.01,252.0,1008.58,
2012,7,8,17,28.86,90.65,47.0,0.0,47.0,425.07,2.34,276.0,1008.85,
2012,7,8,18,28.08,95.32,30.0,0.0,30.0,422.43,1.66,300.0,1009.12,
2012,7,8,19,27.29,100.0,0.0,0.0,0.0,419.8,0.99,323.0,1009.38,
2012,7,8,20,27.06,100.0,0.0,0.0,0.0,420.57,1.01,346.0,1009.72,
2012,7,8,21,26.83,100.0,0.0,0.0,0.0,421.33,1.03,10.0,1010.05,
2012,7,8,22,26.6,100.0,0.0,0.0,0.0,422.1,1.05,33.0,1010.38,
2012,7,8,23,26.27,100.0,0.0,0.0,0.0,422.9,1.18,57.0,1010.28,
2012,7,9,0,25.94,100.0,0.0,0.0,0.0,423.7,1.31,81.0,1010.18,
2012,7,9,1,25.61,100.0,0.0,0.0,0.0,424.5,1.43,105.0,1010.08,
2012,7,9,2,25.56,100.0,0.0,0.0,0.0,426.67,1.43,97.0,1010.31,
2012,7,9,3,25.52,100.0,0.0,0.0,0.0,428.83,1.42,89.0,1010.55,
2012,7,9,4,25.47,100.0,0.0,0.0,0.0,431.0,1.41,81.0,1010.78,
2012,7,9,5,26.28,100.0,0.0,0.0,0.0,433.23,1.66,78.0,1011.35,
2012,7,9,6,27.09,100.0,46.0,70.63,38.0,435.47,1.92,75.0,1011.91,
2012,7,9,7,27.91,100.0,202.0,236.31,123.0,437.7,2.18,72.0,1012.48,
2012,7,9,8,28.78,93.38,29.0,0.0,29.0,434.27,1.83,118.0,1012.01,
2012,7,9,9,29.65,86.75,522.0,271.93,325.0,430.83,1.48,165.0,1011.55,
2012,7,9,10,30.52,80.13,285.0,14.99,272.0,427.4,1.13,211.0,1011.08,
2012,7,9,11,30.65,80.84,819.0,425.74,410.0,428.9,1.07,220.0,1010.78,
2012,7,9,12,30.78,81.55,995.0,864.77,131.0,430.4,1.0,229.0,1010.48,
2012,7,9,13,30.91,82.26,973.0,860.5,130.0,431.9,0.94,239.0,1010.18,
2012,7,9,14,30.58,86.98,885.0,839.9,126.0,431.5,1.93,254.0,1010.12,
2012,7,9,15,30.26,91.7,740.0,801.21,118.0,431.1,2.91,270.0,1010.05,
2012,7,9,16,29.93,96.42,551.0,735.63,105.0,430.7,3.9,286.0,1009.98,
2012,7,9,17,29.05,97.61,336.0,619.58,85.0,426.87,3.2,300.0,1009.95,
2012,7,9,18,28.17,98.81,94.0,155.56,65.0,423.03,2.51,315.0,1009.92,
2012,7,9,19,27.28,100.0,0.0,0.0,0.0,419.2,1.81,330.0,1009.88,
2012,7,9,20,27.01,100.0,0.0,0.0,0.0,419.12,1.55,358.0,1010.18,
2012,7,9,21,26.74,100.0,0.0,0.0,0.0,419.03,1.3,27.0,1010.48,
2012,7,9,22,26.47,100.0,0.0,0.0,0.0,418.95,1.05,55.0,1010.78,
2012,7,9,23,26.12,100.0,0.0,0.0,0.0,419.37,0.94,57.0,1010.65,
2012,7,10,0,25.76,100.0,0.0,0.0,0.0,419.78,0.83,60.0,1010.51,
2012,7,10,1,25.41,100.0,0.0,0.0,0.0,420.2,0.72,62.0,1010.38,
2012,7,10,2,25.35,100.0,0.0,0.0,0.0,420.43,0.8,66.0,1010.41,
2012,7,10,3,25.29,100.0,0.0,0.0,0.0,420.67,0.88,70.0,1010.45,
2012,7,10,4,25.23,100.0,0.0,0.0,0.0,420.9,0.97,75.0,1010.48,
2012,7,10,5,25.99,100.0,0.0,0.0,0.0,420.37,1.08,86.0,1011.05,
2012,7,10,6,26.74,100.0,49.0,107.22,37.0,419.83,1.19,98.0,1011.61,
2012,7,10,7,27.5,100.0,206.0,258.14,120.0,419.3,1.3,110.0,1012.18,
2012,7,10,8,28.43,90.84,478.0,699.46,99.0,416.97,1.52,153.0,1011.61,
2012,7,10,9,29.37,81.67,676.0,777.86,113.0,414.63,1.75,196.0,1011.05,
2012,7,10,10,30.3,72.51,836.0,822.79,123.0,412.3,1.97,238.0,1010.48,
2012,7,10,11,30.36,73.52,943.0,847.52,129.0,414.75,1.94,241.0,1009.92,
2012,7,10,12,30.42,74.52,987.0,856.82,131.0,417.2,1.91,244.0,1009.35,
2012,7,10,13,30.49,75.53,965.0,852.28,130.0,419.65,1.88,247.0,1008.78,
2012,7,10,14,30.23,82.03,879.0,834.25,125.0,419.63,2.09,252.0,1008.85,
2012,7,10,15,29.96,88.53,609.0,352.88,335.0,419.62,2.3,256.0,1008.92,
2012,7,10,16,29.7,95.03,549.0,733.88,104.0,419.6,2.51,261.0,1008.98,
2012,7,10,17,28.91,96.69,335.0,617.25,85.0,416.02,2.21,274.0,1009.28,
2012,7,10,18,28.12,98.34,124.0,386.78,52.0,412.43,1.91,287.0,1009.58,
2012,7,10,19,27.33,100.0,0.0,0.0,0.0,408.85,1.61,299.0,1009.88,
2012,7,10,20,27.07,100.0,0.0,0.0,0.0,411.57,1.56,323.0,1010.08,
2012,7,10,21,26.8,100.0,0.0,0.0,0.0,414.28,1.51,346.0,1010.28,
2012,7,10,22,26.53,100.0,0.0,0.0,0.0,417.0,1.46,9.0,1010.48,
2012,7,10,23,26.22,100.0,0.0,0.0,0.0,419.65,1.26,45.0,1010.21,
2012,7,11,0,25.92,100.0,0.0,0.0,0.0,422.3,1.07,82.0,1009.95,
2012,7,11,1,25.61,100.0,0.0,0.0,0.0,424.95,0.87,118.0,1009.68,
2012,7,11,2,25.56,100.0,0.0,0.0,0.0,423.83,1.02,119.0,1009.68,
2012,7,11,3,25.52,100.0,0.0,0.0,0.0,422.72,1.16,120.0,1009.68,
2012,7,11,4,25.47,100.0,0.0,0.0,0.0,421.6,1.31,122.0,1009.68,
2012,7,11,5,26.23,100.0,0.0,0.0,0.0,421.0,1.34,137.0,1010.18,
2012,7,11,6,26.99,100.0,30.0,0.0,30.0,420.4,1.37,152.0,1010.68,
2012,7,11,7,27.75,100.0,258.0,548.2,76.0,419.8,1.39,168.0,1011.18,
2012,7,11,8,28.67,92.4,385.0,317.97,213.0,417.13,1.76,183.0,1010.71,
2012,7,11,9,29.59,84.8,675.0,777.2,113.0,414.47,2.13,199.0,1010.25,
2012,7,11,10,30.51,77.2,489.0,90.06,411.0,411.8,2.5,215.0,1009.78,
2012,7,11,11,30.58,79.44,944.0,849.81,128.0,413.58,2.26,223.0,1009.38,
2012,7,11,12,30.65,81.67,990.0,859.87,131.0,415.37,2.02,231.0,1008.98,
2012,7,11,13,30.73,83.91,969.0,856.31,130.0,417.15,1.78,240.0,1008.58,
2012,7,11,14,30.4,86.25,882.0,837.46,125.0,420.27,1.83,246.0,1008.55,
2012,7,11,15,30.06,88.58,737.0,798.38,117.0,423.38,1.89,252.0,1008.52,
2012,7,11,16,29.73,90.92,464.0,379.28,234.0,426.5,1.94,259.0,1008.48,
2012,7,11,17,29.08,93.95,222.0,143.25,164.0,425.22,1.75,266.0,1008.85,
2012,7,11,18,28.43,96.97,34.0,0.0,34.0,423.93,1.55,273.0,1009.22,
2012,7,11,19,27.77,100.0,0.0,0.0,0.0,422.65,1.35,280.0,1009.58,
2012,7,11,20,27.49,100.0,0.0,0.0,0.0,423.78,1.07,272.0,1010.08,
2012,7,11,21,27.21,100.0,0.0,0.0,0.0,424.92,0.78,264.0,1010.58,
2012,7,11,22,26.93,100.0,0.0,0.0,0.0,426.05,0.5,255.0,1011.08,
2012,7,11,23,26.62,100.0,0.0,0.0,0.0,426.93,0.6,246.0,1010.78,
2012,7,12,0,26.3,100.0,0.0,0.0,0.0,427.82,0.71,236.0,1010.48,
2012,7,12,1,25.99,100.0,0.0,0.0,0.0,428.7,0.81,226.0,1010.18,
2012,7,12,2,25.94,100.0,0.0,0.0,0.0,426.72,1.03,187.0,1010.02,
2012,7,12,3,25.9,100.0,0.0,0.0,0.0,424.73,1.26,148.0,1009.85,
2012,7,12,4,25.85,100.0,0.0,0.0,0.0,422.75,1.48,108.0,1009.68,
2012,7,12,5,26.44,100.0,0.0,0.0,0.0,423.97,1.63,120.0,1010.18,
2012,7,12,6,27.02,100.0,2.0,0.0,2.0,425.18,1.78,131.0,1010.68,
2012,7,12,7,27.61,100.0,9.0,0.0,9.0,426.4,1.93,142.0,1011.18,
2012,7,12,8,28.49,96.38,474.0,696.29,98.0,425.3,2.06,160.0,1010.85,
2012,7,12,9,29.37,92.77,673.0,775.16,113.0,424.2,2.19,179.0,1010.51,
2012,7,12,10,30.25,89.15,833.0,821.32,122.0,423.1,2.32,197.0,1010.18,
2012,7,12,11,30.24,88.43,941.0,846.89,128.0,425.12,2.57,206.0,1009.82,
2012,7,12,12,30.23,87.71,985.0,855.93,130.0,427.13,2.83,214.0,1009.45,
2012,7,12,13,30.22,86.99,964.0,852.19,129.0,429.15,3.09,223.0,1009.08,
2012,7,12,14,29.95,89.16,878.0,832.95,125.0,431.15,2.97,229.0,1009.15,
2012,7,12,15,29.69,91.33,735.0,797.02,116.0,433.15,2.84,235.0,1009.22,
2012,7,12,16,29.42,93.5,36.0,0.0,36.0,435.15,2.72,241.0,1009.28,
2012,7,12,17,28.77,95.67,15.0,0.0,15.0,431.63,2.16,266.0,1009.52,
2012,7,12,18,28.12,97.83,20.0,0.0,20.0,428.12,1.6,290.0,1009.75,
2012,7,12,19,27.47,100.0,0.0,0.0,0.0,424.6,1.03,314.0,1009.98,
2012,7,12,20,27.19,100.0,0.0,0.0,0.0,424.55,1.08,283.0,1010.41,
2012,7,12,21,26.91,100.0,0.0,0.0,0.0,424.5,1.13,252.0,1010.85,
2012,7,12,22,26.62,100.0,0.0,0.0,0.0,424.45,1.17,222.0,1011.28,
2012,7,12,23,26.28,100.0,0.0,0.0,0.0,426.63,1.24,203.0,1010.88,
2012,7,13,0,25.95,100.0,0.0,0.0,0.0,428.82,1.3,184.0,1010.48,
2012,7,13,1,25.61,100.0,0.0,0.0,0.0,431.0,1.37,165.0,1010.08,
2012,7,13,2,25.5,100.0,0.0,0.0,0.0,431.12,1.43,145.0,1009.95,
2012,7,13,3,25.39,100.0,0.0,0.0,0.0,431.23,1.49,124.0,1009.82,
2012,7,13,4,25.28,100.0,0.0,0.0,0.0,431.35,1.56,104.0,1009.68,
2012,7,13,5,26.13,100.0,0.0,0.0,0.0,429.9,1.49,120.0,1010.28,
2012,7,13,6,26.97,100.0,49.0,120.64,36.0,428.45,1.41,136.0,1010.88,
2012,7,13,7,27.82,100.0,150.0,72.8,126.0,427.0,1.34,151.0,1011.48,
2012,7,13,8,28.6,95.96,396.0,356.16,204.0,428.03,2.0,165.0,1011.18,
2012,7,13,9,29.38,91.92,308.0,33.25,284.0,429.07,2.65,178.0,1010.88,
2012,7,13,10,30.16,87.88,834.0,822.89,122.0,430.1,3.31,191.0,1010.58,
2012,7,13,11,30.05,90.15,764.0,313.62,463.0,430.85,3.03,199.0,1010.41,
2012,7,13,12,29.94,92.41,987.0,858.0,130.0,431.6,2.76,207.0,1010.25,
2012,7,13,13,29.83,94.68,965.0,853.19,129.0,432.35,2.48,214.0,1010.08,
2012,7,13,14,29.49,96.45,879.0,835.11,124.0,435.9,2.33,216.0,1010.08,
2012,7,13,15,29.16,98.23,394.0,63.09,345.0,439.45,2.18,217.0,1010.08,
2012,7,13,16,28.82,100.0,291.0,61.02,254.0,443.0,2.03,219.0,1010.08,
2012,7,13,17,28.46,100.0,135.0,4.95,133.0,439.75,1.68,208.0,1010.65,
2012,7,13,18,28.1,100.0,56.0,0.0,56.0,436.5,1.34,198.0,1011.21,
2012,7,13,19,27.73,100.0,0.0,0.0,0.0,433.25,0.99,188.0,1011.78,
2012,7,13,20,27.42,100.0,0.0,0.0,0.0,431.4,0.99,189.0,1012.14,
2012,7,13,21,27.1,100.0,0.0,0.0,0.0,429.55,0.98,191.0,1012.51,
2012,7,13,22,26.78,100.0,0.0,0.0,0.0,427.7,0.98,192.0,1012.88,
2012,7,13,23,26.29,100.0,0.0,0.0,0.0,428.53,1.03,220.0,1012.51,
2012,7,14,0,25.79,100.0,0.0,0.0,0.0,429.37,1.08,248.0,1012.14,
2012,7,14,1,25.3,100.0,0.0,0.0,0.0,430.2,1.13,276.0,1011.78,
2012,7,14,2,25.14,100.0,0.0,0.0,0.0,430.77,1.2,311.0,1011.71,
2012,7,14,3,24.99,100.0,0.0,0.0,0.0,431.33,1.28,346.0,1011.65,
2012,7,14,4,24.83,100.0,0.0,0.0,0.0,431.9,1.35,21.0,1011.58,
2012,7,14,5,25.39,100.0,0.0,0.0,0.0,433.87,1.22,11.0,1012.28,
2012,7,14,6,25.95,100.0,19.0,0.0,19.0,435.83,1.09,360.0,1012.98,
2012,7,14,7,26.51,100.0,197.0,234.42,120.0,437.8,0.97,349.0,1013.67,
2012,7,14,8,27.25,98.43,398.0,364.21,202.0,436.82,0.99,329.0,1013.48,
2012,7,14,9,28.0,96.87,402.0,99.85,330.0,435.83,1.01,309.0,1013.28,
2012,7,14,10,28.75,95.3,676.0,324.93,395.0,434.85,1.03,288.0,1013.08,
2012,7,14,11,28.66,96.66,817.0,425.22,409.0,438.52,1.29,296.0,1012.88,
2012,7,14,12,28.57,98.03,728.0,221.28,507.0,442.18,1.55,303.0,1012.68,
2012,7,14,13,28.49,99.39,752.0,274.53,483.0,445.85,1.81,310.0,1012.48,
2012,7,14,14,28.31,99.59,653.0,283.15,397.0,445.43,1.77,331.0,1012.08,
2012,7,14,15,28.12,99.8,277.0,18.03,263.0,445.02,1.74,351.0,1011.68,
2012,7,14,16,27.94,100.0,51.0,0.0,51.0,444.6,1.71,11.0,1011.28,
2012,7,14,17,27.46,100.0,27.0,0.0,27.0,443.6,1.56,332.0,1011.68,
2012,7,14,18,26.98,100.0,48.0,0.0,48.0,442.6,1.41,293.0,1012.08,
2012,7,14,19,26.5,100.0,0.0,0.0,0.0,441.6,1.26,255.0,1012.48,
2012,7,14,20,26.18,100.0,0.0,0.0,0.0,439.8,1.11,219.0,1012.81,
2012,7,14,21,25.86,100.0,0.0,0.0,0.0,438.0,0.96,184.0,1013.14,
2012,7,14,22,25.54,100.0,0.0,0.0,0.0,436.2,0.81,149.0,1013.48,
2012,7,14,23,25.03,100.0,0.0,0.0,0.0,432.77,0.86,116.0,1012.94,
2012,7,15,0,24.51,100.0,0.0,0.0,0.0,429.33,0.91,83.0,1012.41,
2012,7,15,1,24.0,100.0,0.0,0.0,0.0,425.9,0.95,50.0,1011.88,
2012,7,15,2,23.82,100.0,0.0,0.0,0.0,423.07,1.03,52.0,1011.58,
2012,7,15,3,23.65,100.0,0.0,0.0,0.0,420.23,1.1,53.0,1011.28,
2012,7,15,4,23.47,100.0,0.0,0.0,0.0,417.4,1.17,55.0,1010.98,
2012,7,15,5,24.38,100.0,0.0,0.0,0.0,421.15,1.26,68.0,1011.98,
2012,7,15,6,25.29,100.0,13.0,0.0,13.0,424.9,1.35,81.0,1012.98,
2012,7,15,7,26.21,100.0,169.0,128.33,127.0,428.65,1.43,94.0,1013.97,
2012,7,15,8,27.15,97.97,270.0,81.9,226.0,427.87,1.62,49.0,1013.54,
2012,7,15,9,28.1,95.94,334.0,47.2,300.0,427.08,1.81,4.0,1013.11,
2012,7,15,10,29.05,93.91,835.0,824.89,122.0,426.3,2.0,318.0,1012.68,
2012,7,15,11,29.06,94.59,944.0,851.69,127.0,428.93,2.46,311.0,1012.24,
2012,7,15,12,29.07,95.28,989.0,860.15,130.0,431.57,2.91,303.0,1011.81,
2012,7,15,13,29.08,95.96,442.0,43.88,399.0,434.2,3.37,296.0,1011.38,
2012,7,15,14,28.82,97.31,542.0,109.5,443.0,435.53,3.04,313.0,1011.21,
2012,7,15,15,28.56,98.65,57.0,0.0,57.0,436.87,2.72,331.0,1011.05,
2012,7,15,16,28.3,100.0,232.0,21.45,219.0,438.2,2.4,349.0,1010.88,
2012,7,15,17,27.82,100.0,274.0,317.03,146.0,435.63,2.07,357.0,1011.15,
2012,7,15,18,27.34,100.0,2.0,0.0,2.0,433.07,1.74,6.0,1011.41,
2012,7,15,19,26.86,100.0,0.0,0.0,0.0,430.5,1.41,14.0,1011.68,
2012,7,15,20,26.69,100.0,0.0,0.0,0.0,427.65,1.32,22.0,1011.78,
2012,7,15,21,26.51,100.0,0.0,0.0,0.0,424.8,1.23,30.0,1011.88,
2012,7,15,22,26.33,100.0,0.0,0.0,0.0,421.95,1.14,38.0,1011.98,
2012,7,15,23,25.98,100.0,0.0,0.0,0.0,422.33,0.95,46.0,1011.85,
2012,7,16,0,25.64,100.0,0.0,0.0,0.0,422.72,0.75,53.0,1011.71,
2012,7,16,1,25.29,100.0,0.0,0.0,0.0,423.1,0.55,60.0,1011.58,
2012,7,16,2,25.03,100.0,0.0,0.0,0.0,425.82,0.86,59.0,1011.55,
2012,7,16,3,24.78,100.0,0.0,0.0,0.0,428.53,1.18,58.0,1011.51,
2012,7,16,4,24.52,100.0,0.0,0.0,0.0,431.25,1.49,56.0,1011.48,
2012,7,16,5,25.52,100.0,0.0,0.0,0.0,428.88,1.09,76.0,1012.14,
2012,7,16,6,26.52,100.0,18.0,0.0,18.0,426.52,0.68,95.0,1012.81,
2012,7,16,7,27.52,100.0,253.0,548.92,74.0,424.15,0.28,114.0,1013.48,
2012,7,16,8,28.28,98.24,471.0,697.38,97.0,423.8,0.77,161.0,1013.21,
2012,7,16,9,29.04,96.49,671.0,776.67,112.0,423.45,1.27,209.0,1012.94,
2012,7,16,10,29.8,94.73,833.0,824.15,121.0,423.1,1.77,256.0,1012.68,
2012,7,16,11,29.82,94.35,941.0,848.78,127.0,425.03,1.61,254.0,1012.28,
2012,7,16,12,29.84,93.96,986.0,858.24,129.0,426.97,1.46,253.0,1011.88,
2012,7,16,13,29.87,93.58,964.0,853.21,128.0,428.9,1.31,251.0,1011.48,
2012,7,16,14,29.5,95.72,878.0,833.96,124.0,435.1,1.19,251.0,1011.38,
2012,7,16,15,29.14,97.86,689.0,555.0,258.0,441.3,1.07,252.0,1011.28,
2012,7,16,16,28.77,100.0,14.0,0.0,14.0,447.5,0.95,252.0,1011.18,
2012,7,16,17,27.99,100.0,273.0,314.89,146.0,444.1,1.03,241.0,1011.58,
2012,7,16,18,27.2,100.0,17.0,0.0,17.0,440.7,1.1,230.0,1011.98,
2012,7,16,19,26.41,100.0,0.0,0.0,0.0,437.3,1.17,218.0,1012.38,
2012,7,16,20,26.17,100.0,0.0,0.0,0.0,435.87,1.22,220.0,1012.68,
2012,7,16,21,25.93,100.0,0.0,0.0,0.0,434.43,1.26,221.0,1012.98,
2012,7,16,22,25.69,100.0,0.0,0.0,0.0,433.0,1.31,222.0,1013.28,
2012,7,16,23,25.34,100.0,0.0,0.0,0.0,433.05,1.34,226.0,1012.94,
2012,7,17,0,24.99,100.0,0.0,0.0,0.0,433.1,1.37,231.0,1012.61,
2012,7,17,1,24.64,100.0,0.0,0.0,0.0,433.15,1.39,235.0,1012.28,
2012,7,17,2,24.56,100.0,0.0,0.0,0.0,432.58,1.43,237.0,1012.08,
2012,7,17,3,24.49,100.0,0.0,0.0,0.0,432.02,1.47,238.0,1011.88,
2012,7,17,4,24.41,100.0,0.0,0.0,0.0,431.45,1.5,240.0,1011.68,
2012,7,17,5,25.19,100.0,0.0,0.0,0.0,431.43,1.42,229.0,1012.34,
2012,7,17,6,25.97,100.0,4.0,0.0,4.0,431.42,1.33,218.0,1013.01,
2012,7,17,7,26.76,100.0,28.0,0.0,28.0,431.4,1.24,207.0,1013.67,
2012,7,17,8,27.42,99.88,75.0,0.0,75.0,430.27,1.39,214.0,1013.58,
2012,7,17,9,28.08,99.75,123.0,0.0,123.0,429.13,1.54,221.0,1013.48,
2012,7,17,10,28.74,99.63,625.0,242.04,416.0,428.0,1.7,228.0,1013.38,
2012,7,17,11,28.73,99.21,942.0,850.04,127.0,430.38,1.71,228.0,1012.98,
2012,7,17,12,28.71,98.8,988.0,860.34,129.0,432.77,1.73,228.0,1012.58,
2012,7,17,13,28.7,98.38,966.0,855.29,128.0,435.15,1.75,228.0,1012.18,
2012,7,17,14,28.47,98.92,880.0,837.32,123.0,437.88,1.74,229.0,1011.98,
2012,7,17,15,28.23,99.46,737.0,801.06,115.0,440.62,1.73,231.0,1011.78,
2012,7,17,16,28.0,100.0,481.0,430.93,220.0,443.35,1.72,232.0,1011.58,
2012,7,17,17,27.45,100.0,60.0,0.0,60.0,442.85,1.43,225.0,1011.65,
2012,7,17,18,26.89,100.0,9.0,0.0,9.0,442.35,1.14,219.0,1011.71,
2012,7,17,19,26.33,100.0,0.0,0.0,0.0,441.85,0.84,212.0,1011.78,
2012,7,17,20,25.87,100.0,0.0,0.0,0.0,439.08,1.08,206.0,1012.31,
2012,7,17,21,25.41,100.0,0.0,0.0,0.0,436.32,1.32,201.0,1012.84,
2012,7,17,22,24.94,100.0,0.0,0.0,0.0,433.55,1.56,195.0,1013.38,
2012,7,17,23,24.63,100.0,0.0,0.0,0.0,433.18,1.51,192.0,1013.04,
2012,7,18,0,24.32,100.0,0.0,0.0,0.0,432.82,1.46,189.0,1012.71,
2012,7,18,1,24.01,100.0,0.0,0.0,0.0,432.45,1.41,187.0,1012.38,
2012,7,18,2,24.05,100.0,0.0,0.0,0.0,431.1,1.4,176.0,1012.14,
2012,7,18,3,24.08,100.0,0.0,0.0,0.0,429.75,1.39,165.0,1011.91,
2012,7,18,4,24.12,100.0,0.0,0.0,0.0,428.4,1.38,155.0,1011.68,
2012,7,18,5,25.02,100.0,0.0,0.0,0.0,427.65,1.0,135.0,1012.38,
2012,7,18,6,25.92,100.0,9.0,0.0,9.0,426.9,0.63,116.0,1013.08,
2012,7,18,7,26.83,100.0,100.0,0.0,100.0,426.15,0.25,97.0,1013.77,
2012,7,18,8,27.76,96.27,471.0,699.8,97.0,425.98,0.63,108.0,1013.48,
2012,7,18,9,28.7,92.54,672.0,780.9,111.0,425.82,1.01,119.0,1013.18,
2012,7,18,10,29.63,88.81,835.0,827.3,121.0,425.65,1.39,129.0,1012.88,
2012,7,18,11,29.78,84.59,945.0,854.44,126.0,421.63,1.68,149.0,1011.98,
2012,7,18,12,29.93,80.38,991.0,863.45,129.0,417.62,1.97,169.0,1011.08,
2012,7,18,13,30.08,76.16,970.0,859.43,128.0,413.6,2.26,189.0,1010.18,
2012,7,18,14,29.8,79.63,884.0,841.81,123.0,415.2,2.37,204.0,1010.08,
2012,7,18,15,29.51,83.09,739.0,803.79,115.0,416.8,2.48,219.0,1009.98,
2012,7,18,16,29.23,86.56,549.0,736.73,103.0,418.4,2.59,233.0,1009.88,
2012,7,18,17,28.58,90.72,334.0,623.96,83.0,418.75,2.2,248.0,1010.41,
2012,7,18,18,27.92,94.88,114.0,335.81,53.0,419.1,1.81,263.0,1010.95,
2012,7,18,19,27.26,99.04,0.0,0.0,0.0,419.45,1.42,278.0,1011.48,
2012,7,18,20,26.89,99.36,0.0,0.0,0.0,421.38,1.28,325.0,1011.94,
2012,7,18,21,26.52,99.68,0.0,0.0,0.0,423.32,1.14,11.0,1012.41,
2012,7,18,22,26.14,100.0,0.0,0.0,0.0,425.25,0.99,58.0,1012.88,
2012,7,18,23,25.93,100.0,0.0,0.0,0.0,423.98,1.09,67.0,1012.58,
2012,7,19,0,25.71,100.0,0.0,0.0,0.0,422.72,1.19,76.0,1012.28,
2012,7,19,1,25.5,100.0,0.0,0.0,0.0,421.45,1.28,85.0,1011.98,
2012,7,19,2,25.45,100.0,0.0,0.0,0.0,420.63,1.26,79.0,1011.85,
2012,7,19,3,25.41,100.0,0.0,0.0,0.0,419.82,1.25,73.0,1011.71,
2012,7,19,4,25.36,100.0,0.0,0.0,0.0,419.0,1.23,66.0,1011.58,
2012,7,19,5,26.2,99.44,0.0,0.0,0.0,418.37,1.09,74.0,1012.04,
2012,7,19,6,27.04,98.87,43.0,100.95,33.0,417.73,0.95,81.0,1012.51,
2012,7,19,7,27.89,98.31,129.0,34.11,118.0,417.1,0.81,88.0,1012.98,
2012,7,19,8,28.59,90.57,115.0,0.0,115.0,415.25,1.16,127.0,1012.68,
2012,7,19,9,29.29,82.83,485.0,214.57,331.0,413.4,1.5,166.0,1012.38,
2012,7,19,10,29.99,75.09,378.0,33.62,349.0,411.55,1.85,204.0,1012.08,
2012,7,19,11,29.95,76.4,721.0,258.8,473.0,410.67,2.29,214.0,1011.71,
2012,7,19,12,29.91,77.7,806.0,336.61,470.0,409.78,2.72,224.0,1011.35,
2012,7,19,13,29.88,79.01,817.0,396.06,429.0,408.9,3.16,234.0,1010.98,
2012,7,19,14,29.59,84.75,789.0,469.08,365.0,409.98,2.97,242.0,1011.05,
2012,7,19,15,29.3,90.49,627.0,400.71,316.0,411.07,2.79,250.0,1011.11,
2012,7,19,16,29.01,96.23,495.0,492.54,197.0,412.15,2.61,259.0,1011.18,
2012,7,19,17,28.25,97.49,212.0,122.0,163.0,411.75,2.23,298.0,1011.45,
2012,7,19,18,27.48,98.74,58.0,0.0,58.0,411.35,1.86,337.0,1011.71,
2012,7,19,19,26.71,100.0,0.0,0.0,0.0,410.95,1.49,16.0,1011.98,
2012,7,19,20,26.52,100.0,0.0,0.0,0.0,411.1,1.54,22.0,1012.31,
2012,7,19,21,26.33,100.0,0.0,0.0,0.0,411.25,1.59,28.0,1012.64,
2012,7,19,22,26.14,100.0,0.0,0.0,0.0,411.4,1.64,34.0,1012.98,
2012,7,19,23,25.83,100.0,0.0,0.0,0.0,410.77,1.43,40.0,1012.64,
2012,7,20,0,25.52,100.0,0.0,0.0,0.0,410.13,1.21,46.0,1012.31,
2012,7,20,1,25.21,100.0,0.0,0.0,0.0,409.5,0.99,52.0,1011.98,
2012,7,20,2,25.15,100.0,0.0,0.0,0.0,408.6,1.14,50.0,1011.91,
2012,7,20,3,25.08,100.0,0.0,0.0,0.0,407.7,1.29,49.0,1011.85,
2012,7,20,4,25.02,100.0,0.0,0.0,0.0,406.8,1.43,47.0,1011.78,
2012,7,20,5,25.84,99.37,0.0,0.0,0.0,408.23,1.02,58.0,1012.31,
2012,7,20,6,26.65,98.75,53.0,225.45,31.0,409.67,0.6,68.0,1012.84,
2012,7,20,7,27.47,98.12,251.0,554.02,73.0,411.1,0.18,79.0,1013.38,
2012,7,20,8,28.43,88.4,470.0,702.24,96.0,408.47,0.65,128.0,1013.11,
2012,7,20,9,29.39,78.69,673.0,783.75,111.0,405.83,1.13,176.0,1012.84,
2012,7,20,10,30.35,68.97,787.0,556.74,307.0,403.2,1.6,225.0,1012.58,
2012,7,20,11,30.34,68.39,799.0,402.92,413.0,401.87,2.25,233.0,1012.01,
2012,7,20,12,30.32,67.81,993.0,866.7,128.0,400.53,2.9,242.0,1011.45,
2012,7,20,13,30.31,67.23,972.0,862.65,127.0,399.2,3.54,251.0,1010.88,
2012,7,20,14,29.99,73.06,730.0,360.71,404.0,400.38,3.52,259.0,1010.88,
2012,7,20,15,29.66,78.88,491.0,154.66,371.0,401.57,3.49,268.0,1010.88,
2012,7,20,16,29.34,84.71,349.0,132.31,269.0,402.75,3.46,276.0,1010.88,
2012,7,20,17,28.57,89.81,119.0,0.0,119.0,402.98,2.83,296.0,1011.38,
2012,7,20,18,27.8,94.9,30.0,0.0,30.0,403.22,2.19,316.0,1011.88,
2012,7,20,19,27.03,100.0,0.0,0.0,0.0,403.45,1.56,336.0,1012.38,
2012,7,20,20,26.8,100.0,0.0,0.0,0.0,403.83,1.57,357.0,1012.58,
2012,7,20,21,26.56,100.0,0.0,0.0,0.0,404.22,1.59,18.0,1012.78,
2012,7,20,22,26.32,100.0,0.0,0.0,0.0,404.6,1.6,39.0,1012.98,
2012,7,20,23,26.01,100.0,0.0,0.0,0.0,404.62,1.49,42.0,1012.58,
2012,7,21,0,25.7,100.0,0.0,0.0,0.0,404.63,1.38,46.0,1012.18,
2012,7,21,1,25.39,100.0,0.0,0.0,0.0,404.65,1.27,49.0,1011.78,
2012,7,21,2,25.27,100.0,0.0,0.0,0.0,405.03,0.96,50.0,1011.68,
2012,7,21,3,25.16,100.0,0.0,0.0,0.0,405.42,0.64,50.0,1011.58,
2012,7,21,4,25.04,100.0,0.0,0.0,0.0,405.8,0.33,50.0,1011.48,
2012,7,21,5,25.92,99.44,0.0,0.0,0.0,408.77,0.51,48.0,1012.14,
2012,7,21,6,26.79,98.87,40.0,83.25,32.0,411.73,0.7,46.0,1012.81,
2012,7,21,7,27.67,98.31,182.0,193.7,120.0,414.7,0.88,44.0,1013.48,
2012,7,21,8,28.61,91.54,380.0,325.4,207.0,413.53,0.89,355.0,1013.04,
2012,7,21,9,29.55,84.77,549.0,343.38,303.0,412.37,0.89,306.0,1012.61,
2012,7,21,10,30.49,78.0,757.0,497.84,328.0,411.2,0.9,256.0,1012.18,
2012,7,21,11,30.54,77.67,864.0,480.3,404.0,413.28,1.25,265.0,1011.68,
2012,7,21,12,30.59,77.35,787.0,300.64,487.0,415.37,1.6,274.0,1011.18,
2012,7,21,13,30.65,77.02,768.0,298.14,476.0,417.45,1.96,282.0,1010.68,
2012,7,21,14,30.34,82.34,678.0,267.82,436.0,419.35,2.4,288.0,1010.68,
2012,7,21,15,30.02,87.66,605.0,345.53,337.0,421.25,2.84,293.0,1010.68,
2012,7,21,16,29.71,92.98,337.0,114.2,268.0,423.15,3.28,298.0,1010.68,
2012,7,21,17,28.84,95.32,20.0,0.0,20.0,421.25,2.74,312.0,1010.91,
2012,7,21,18,27.97,97.66,33.0,0.0,33.0,419.35,2.19,326.0,1011.15,
2012,7,21,19,27.1,100.0,0.0,0.0,0.0,417.45,1.64,340.0,1011.38,
2012,7,21,20,26.83,100.0,0.0,0.0,0.0,418.38,1.5,353.0,1011.65,
2012,7,21,21,26.56,100.0,0.0,0.0,0.0,419.32,1.37,5.0,1011.91,
2012,7,21,22,26.28,100.0,0.0,0.0,0.0,420.25,1.23,17.0,1012.18,
2012,7,21,23,25.98,100.0,0.0,0.0,0.0,420.8,1.15,33.0,1011.88,
2012,7,22,0,25.69,100.0,0.0,0.0,0.0,421.35,1.08,48.0,1011.58,
2012,7,22,1,25.39,100.0,0.0,0.0,0.0,421.9,1.01,64.0,1011.28,
2012,7,22,2,25.33,100.0,0.0,0.0,0.0,419.95,1.07,65.0,1011.28,
2012,7,22,3,25.27,100.0,0.0,0.0,0.0,418.0,1.14,65.0,1011.28,
2012,7,22,4,25.21,100.0,0.0,0.0,0.0,416.05,1.2,66.0,1011.28,
2012,7,22,5,25.94,99.88,0.0,0.0,0.0,415.17,0.88,66.0,1011.75,
2012,7,22,6,26.67,99.75,41.0,105.71,31.0,414.28,0.56,66.0,1012.21,
2012,7,22,7,27.4,99.63,201.0,282.24,111.0,413.4,0.23,66.0,1012.68,
2012,7,22,8,28.24,93.85,467.0,700.92,95.0,415.2,0.51,118.0,1012.44,
2012,7,22,9,29.08,88.06,594.0,477.83,252.0,417.0,0.78,171.0,1012.21,
2012,7,22,10,29.92,82.28,832.0,827.83,119.0,418.8,1.05,224.0,1011.98,
2012,7,22,11,29.85,84.51,941.0,853.3,124.0,418.52,1.45,233.0,1011.45,
2012,7,22,12,29.78,86.73,988.0,863.99,126.0,418.23,1.86,241.0,1010.91,
2012,7,22,13,29.72,88.96,967.0,859.84,125.0,417.95,2.26,250.0,1010.38,
2012,7,22,14,29.48,92.64,881.0,841.27,121.0,422.85,2.46,256.0,1010.35,
2012,7,22,15,29.23,96.32,643.0,451.44,293.0,427.75,2.65,262.0,1010.31,
2012,7,22,16,28.99,100.0,472.0,437.32,208.0,432.65,2.84,268.0,1010.28,
2012,7,22,17,28.24,100.0,250.0,237.85,155.0,431.83,2.4,277.0,1010.28,
2012,7,22,18,27.48,100.0,9.0,0.0,9.0,431.02,1.97,286.0,1010.28,
2012,7,22,19,26.72,100.0,0.0,0.0,0.0,430.2,1.53,296.0,1010.28,
2012,7,22,20,26.44,100.0,0.0,0.0,0.0,432.1,1.28,314.0,1010.61,
2012,7,22,21,26.15,100.0,0.0,0.0,0.0,434.0,1.03,332.0,1010.95,
2012,7,22,22,25.86,100.0,0.0,0.0,0.0,435.9,0.77,351.0,1011.28,
2012,7,22,23,25.54,100.0,0.0,0.0,0.0,435.68,0.88,28.0,1011.05,
2012,7,23,0,25.21,100.0,0.0,0.0,0.0,435.47,0.98,66.0,1010.81,
2012,7,23,1,24.89,100.0,0.0,0.0,0.0,435.25,1.09,104.0,1010.58,
2012,7,23,2,24.88,100.0,0.0,0.0,0.0,434.0,1.16,92.0,1010.68,
2012,7,23,3,24.86,100.0,0.0,0.0,0.0,432.75,1.23,80.0,1010.78,
2012,7,23,4,24.85,100.0,0.0,0.0,0.0,431.5,1.3,68.0,1010.88,
2012,7,23,5,25.59,100.0,0.0,0.0,0.0,431.12,1.47,74.0,1011.65,
2012,7,23,6,26.33,100.0,2.0,0.0,2.0,430.73,1.64,81.0,1012.41,
2012,7,23,7,27.07,100.0,159.0,116.47,122.0,430.35,1.81,87.0,1013.18,
2012,7,23,8,28.01,93.79,359.0,269.91,216.0,426.25,1.35,117.0,1012.81,
2012,7,23,9,28.96,87.57,548.0,342.62,303.0,422.15,0.89,146.0,1012.44,
2012,7,23,10,29.91,81.36,659.0,299.7,401.0,418.05,0.43,175.0,1012.08,
2012,7,23,11,30.02,80.46,763.0,315.51,461.0,417.92,1.06,200.0,1011.55,
2012,7,23,12,30.13,79.55,848.0,410.02,439.0,417.78,1.7,225.0,1011.01,
2012,7,23,13,30.25,78.65,849.0,431.02,427.0,417.65,2.33,250.0,1010.48,
2012,7,23,14,30.02,84.1,751.0,412.99,378.0,420.67,2.74,255.0,1010.45,
2012,7,23,15,29.79,89.55,424.0,86.46,357.0,423.68,3.14,260.0,1010.41,
2012,7,23,16,29.56,95.0,443.0,328.3,245.0,426.7,3.54,265.0,1010.38,
2012,7,23,17,28.71,96.67,332.0,629.8,81.0,422.4,2.93,281.0,1010.45,
2012,7,23,18,27.86,98.33,98.0,226.53,58.0,418.1,2.32,297.0,1010.51,
2012,7,23,19,27.0,100.0,0.0,0.0,0.0,413.8,1.71,313.0,1010.58,
2012,7,23,20,26.77,100.0,0.0,0.0,0.0,416.68,1.54,314.0,1010.88,
2012,7,23,21,26.53,100.0,0.0,0.0,0.0,419.57,1.36,315.0,1011.18,
2012,7,23,22,26.29,100.0,0.0,0.0,0.0,422.45,1.19,316.0,1011.48,
2012,7,23,23,25.98,100.0,0.0,0.0,0.0,425.73,1.01,16.0,1011.38,
2012,7,24,0,25.68,100.0,0.0,0.0,0.0,429.02,0.84,75.0,1011.28,
2012,7,24,1,25.37,100.0,0.0,0.0,0.0,432.3,0.66,135.0,1011.18,
2012,7,24,2,25.38,100.0,0.0,0.0,0.0,431.75,0.68,119.0,1011.21,
2012,7,24,3,25.38,100.0,0.0,0.0,0.0,431.2,0.69,104.0,1011.25,
2012,7,24,4,25.39,100.0,0.0,0.0,0.0,430.65,0.7,88.0,1011.28,
2012,7,24,5,26.15,100.0,0.0,0.0,0.0,433.02,0.85,99.0,1011.98,
2012,7,24,6,26.91,100.0,49.0,218.34,29.0,435.38,0.99,109.0,1012.68,
2012,7,24,7,27.67,100.0,245.0,549.82,71.0,437.75,1.13,120.0,1013.38,
2012,7,24,8,28.5,95.3,167.0,5.67,164.0,433.03,1.08,150.0,1012.91,
2012,7,24,9,29.34,90.6,452.0,166.57,333.0,428.32,1.03,181.0,1012.44,
2012,7,24,10,30.18,85.9,831.0,829.84,117.0,423.6,0.98,212.0,1011.98,
2012,7,24,11,30.33,83.6,941.0,854.86,123.0,423.85,1.26,223.0,1011.55,
2012,7,24,12,30.48,81.29,986.0,863.33,125.0,424.1,1.54,234.0,1011.11,
2012,7,24,13,30.63,78.99,965.0,859.15,124.0,424.35,1.82,244.0,1010.68,
2012,7,24,14,30.41,84.62,879.0,840.63,120.0,427.47,2.06,248.0,1010.81,
2012,7,24,15,30.2,90.26,735.0,804.38,112.0,430.58,2.29,252.0,1010.95,
2012,7,24,16,29.98,95.89,19.0,0.0,19.0,433.7,2.52,256.0,1011.08,
2012,7,24,17,29.2,97.26,31.0,0.0,31.0,432.38,1.98,257.0,1011.45,
2012,7,24,18,28.41,98.63,45.0,0.0,45.0,431.07,1.44,257.0,1011.81,
2012,7,24,19,27.62,100.0,0.0,0.0,0.0,429.75,0.9,258.0,1012.18,
2012,7,24,20,27.39,100.0,0.0,0.0,0.0,431.48,1.03,256.0,1012.78,
2012,7,24,21,27.16,100.0,0.0,0.0,0.0,433.22,1.15,253.0,1013.38,
2012,7,24,22,26.92,100.0,0.0,0.0,0.0,434.95,1.28,251.0,1013.97,
2012,7,24,23,26.63,100.0,0.0,0.0,0.0,435.88,1.41,226.0,1013.84,
2012,7,25,0,26.33,100.0,0.0,0.0,0.0,436.82,1.54,201.0,1013.71,
2012,7,25,1,26.04,100.0,0.0,0.0,0.0,437.75,1.67,176.0,1013.58,
2012,7,25,2,25.99,100.0,0.0,0.0,0.0,437.1,1.43,148.0,1013.61,
2012,7,25,3,25.93,100.0,0.0,0.0,0.0,436.45,1.18,121.0,1013.64,
2012,7,25,4,25.88,100.0,0.0,0.0,0.0,435.8,0.94,93.0,1013.67,
2012,7,25,5,26.55,100.0,0.0,0.0,0.0,433.28,0.82,92.0,1013.94,
2012,7,25,6,27.22,100.0,43.0,155.38,29.0,430.77,0.7,91.0,1014.21,
2012,7,25,7,27.89,100.0,244.0,548.75,71.0,428.25,0.58,90.0,1014.47,
2012,7,25,8,28.74,96.48,465.0,704.56,93.0,428.1,0.77,136.0,1014.14,
2012,7,25,9,29.59,92.95,668.0,785.96,107.0,427.95,0.97,181.0,1013.81,
2012,7,25,10,30.44,89.43,832.0,831.43,117.0,427.8,1.16,227.0,1013.48,
2012,7,25,11,30.48,88.23,942.0,857.21,122.0,426.43,1.29,232.0,1012.88,
2012,7,25,12,30.52,87.02,988.0,866.54,124.0,425.07,1.42,237.0,1012.28,
2012,7,25,13,30.56,85.82,967.0,862.41,123.0,423.7,1.54,242.0,1011.68,
2012,7,25,14,30.3,89.96,881.0,844.24,119.0,425.92,1.72,247.0,1011.88,
2012,7,25,15,30.05,94.11,736.0,807.44,111.0,428.13,1.89,251.0,1012.08,
2012,7,25,16,29.79,98.25,545.0,741.1,99.0,430.35,2.07,256.0,1012.28,
2012,7,25,17,29.14,98.83,328.0,625.33,80.0,429.27,1.83,255.0,1012.51,
2012,7,25,18,28.48,99.42,115.0,384.98,48.0,428.18,1.58,254.0,1012.74,
2012,7,25,19,27.82,100.0,0.0,0.0,0.0,427.1,1.34,253.0,1012.98,
2012,7,25,20,27.53,100.0,0.0,0.0,0.0,428.18,1.03,265.0,1013.24,
2012,7,25,21,27.24,100.0,0.0,0.0,0.0,429.27,0.73,276.0,1013.51,
2012,7,25,22,26.94,100.0,0.0,0.0,0.0,430.35,0.43,288.0,1013.77,
2012,7,25,23,26.56,100.0,0.0,0.0,0.0,433.6,0.69,322.0,1013.48,
2012,7,26,0,26.18,100.0,0.0,0.0,0.0,436.85,0.95,356.0,1013.18,
2012,7,26,1,25.8,100.0,0.0,0.0,0.0,440.1,1.21,29.0,1012.88,
2012,7,26,2,25.64,100.0,0.0,0.0,0.0,439.43,1.45,49.0,1012.84,
2012,7,26,3,25.49,100.0,0.0,0.0,0.0,438.77,1.69,69.0,1012.81,
2012,7,26,4,25.33,100.0,0.0,0.0,0.0,438.1,1.93,89.0,1012.78,
2012,7,26,5,26.03,99.35,0.0,0.0,0.0,437.12,1.41,84.0,1013.48,
2012,7,26,6,26.73,98.69,14.0,0.0,14.0,436.13,0.89,78.0,1014.17,
2012,7,26,7,27.44,98.04,104.0,3.18,103.0,435.15,0.37,73.0,1014.87,
2012,7,26,8,28.47,92.26,297.0,132.81,227.0,431.2,0.74,13.0,1014.31,
2012,7,26,9,29.5,86.48,465.0,187.91,331.0,427.25,1.11,313.0,1013.74,
2012,7,26,10,30.53,80.7,832.0,833.03,116.0,423.3,1.48,253.0,1013.18,
2012,7,26,11,30.53,82.14,943.0,859.58,121.0,423.55,1.41,252.0,1012.81,
2012,7,26,12,30.53,83.57,629.0,123.39,506.0,423.8,1.35,250.0,1012.44,
2012,7,26,13,30.54,85.01,795.0,352.62,450.0,424.05,1.28,248.0,1012.08,
2012,7,26,14,30.2,89.6,746.0,404.55,381.0,425.68,1.68,249.0,1011.94,
2012,7,26,15,29.85,94.18,736.0,807.98,111.0,427.32,2.08,251.0,1011.81,
2012,7,26,16,29.51,98.77,428.0,294.48,251.0,428.95,2.48,253.0,1011.68,
2012,7,26,17,28.91,99.18,81.0,0.0,81.0,432.3,2.13,291.0,1011.98,
2012,7,26,18,28.31,99.59,42.0,0.0,42.0,435.65,1.77,328.0,1012.28,
2012,7,26,19,27.7,100.0,0.0,0.0,0.0,439.0,1.42,6.0,1012.58,
2012,7,26,20,27.42,100.0,0.0,0.0,0.0,435.38,1.4,12.0,1012.74,
2012,7,26,21,27.14,100.0,0.0,0.0,0.0,431.77,1.37,18.0,1012.91,
2012,7,26,22,26.85,100.0,0.0,0.0,0.0,428.15,1.35,25.0,1013.08,
2012,7,26,23,26.56,100.0,0.0,0.0,0.0,426.42,1.35,27.0,1012.71,
2012,7,27,0,26.28,100.0,0.0,0.0,0.0,424.68,1.34,29.0,1012.34,
2012,7,27,1,25.99,100.0,0.0,0.0,0.0,422.95,1.34,32.0,1011.98,
2012,7,27,2,25.97,100.0,0.0,0.0,0.0,422.22,1.32,31.0,1011.75,
2012,7,27,3,25.96,100.0,0.0,0.0,0.0,421.48,1.3,30.0,1011.51,
2012,7,27,4,25.94,100.0,0.0,0.0,0.0,420.75,1.28,29.0,1011.28,
2012,7,27,5,26.67,99.42,0.0,0.0,0.0,419.97,1.23,22.0,1011.65,
2012,7,27,6,27.4,98.85,46.0,206.67,28.0,419.18,1.17,14.0,1012.01,
2012,7,27,7,28.14,98.27,243.0,552.94,70.0,418.4,1.12,7.0,1012.38,
2012,7,27,8,29.03,89.2,465.0,708.89,92.0,417.47,1.43,332.0,1011.85,
2012,7,27,9,29.93,80.14,669.0,790.21,106.0,416.53,1.73,297.0,1011.31,
2012,7,27,10,30.83,71.07,834.0,836.96,115.0,415.6,2.04,263.0,1010.78,
2012,7,27,11,30.79,72.52,945.0,861.96,121.0,415.92,2.77,263.0,1010.41,
2012,7,27,12,30.74,73.97,992.0,871.99,123.0,416.23,3.49,263.0,1010.05,
2012,7,27,13,30.7,75.42,874.0,576.62,310.0,416.55,4.22,263.0,1009.68,
2012,7,27,14,30.44,82.08,883.0,848.26,118.0,421.3,4.26,271.0,1009.88,
2012,7,27,15,30.17,88.75,737.0,811.16,110.0,426.05,4.29,278.0,1010.08,
2012,7,27,16,29.91,95.41,546.0,746.33,98.0,430.8,4.33,286.0,1010.28,
2012,7,27,17,29.11,96.94,98.0,0.0,98.0,428.97,3.5,302.0,1010.51,
2012,7,27,18,28.3,98.47,30.0,0.0,30.0,427.13,2.67,318.0,1010.75,
2012,7,27,19,27.49,100.0,0.0,0.0,0.0,425.3,1.83,334.0,1010.98,
2012,7,27,20,27.31,100.0,0.0,0.0,0.0,424.25,1.71,346.0,1011.31,
2012,7,27,21,27.13,100.0,0.0,0.0,0.0,423.2,1.59,359.0,1011.65,
2012,7,27,22,26.94,100.0,0.0,0.0,0.0,422.15,1.46,11.0,1011.98,
2012,7,27,23,26.7,100.0,0.0,0.0,0.0,423.58,1.38,12.0,1011.65,
2012,7,28,0,26.46,100.0,0.0,0.0,0.0,425.02,1.31,13.0,1011.31,
2012,7,28,1,26.22,100.0,0.0,0.0,0.0,426.45,1.23,13.0,1010.98,
2012,7,28,2,26.24,100.0,0.0,0.0,0.0,425.07,1.21,21.0,1010.95,
2012,7,28,3,26.27,100.0,0.0,0.0,0.0,423.68,1.2,29.0,1010.91,
2012,7,28,4,26.29,100.0,0.0,0.0,0.0,422.3,1.19,37.0,1010.88,
2012,7,28,5,26.85,99.63,0.0,0.0,0.0,421.87,0.94,25.0,1011.45,
2012,7,28,6,27.4,99.25,44.0,186.93,28.0,421.43,0.69,13.0,1012.01,
2012,7,28,7,27.96,98.88,239.0,526.18,75.0,421.0,0.44,0.0,1012.58,
2012,7,28,8,28.78,94.92,460.0,687.26,99.0,421.23,0.8,322.0,1012.41,
2012,7,28,9,29.6,90.97,539.0,328.73,305.0,421.47,1.17,284.0,1012.24,
2012,7,28,10,30.42,87.01,559.0,159.56,422.0,421.7,1.53,246.0,1012.08,
2012,7,28,11,30.47,90.19,652.0,175.8,484.0,424.88,1.34,250.0,1011.81,
2012,7,28,12,30.52,93.38,759.0,262.98,497.0,428.07,1.15,255.0,1011.55,
2012,7,28,13,30.58,96.56,71.0,0.0,71.0,431.25,0.97,259.0,1011.28,
2012,7,28,14,30.3,97.71,130.0,0.0,130.0,435.93,1.2,262.0,1011.28,
2012,7,28,15,30.03,98.85,526.0,207.16,366.0,440.62,1.43,266.0,1011.28,
2012,7,28,16,29.75,100.0,317.0,91.76,262.0,445.3,1.67,269.0,1011.28,
2012,7,28,17,28.99,100.0,18.0,0.0,18.0,444.3,1.49,274.0,1011.61,
2012,7,28,18,28.23,100.0,26.0,0.0,26.0,443.3,1.31,278.0,1011.94,
2012,7,28,19,27.46,100.0,0.0,0.0,0.0,442.3,1.13,283.0,1012.28,
2012,7,28,20,27.19,100.0,0.0,0.0,0.0,440.2,1.05,341.0,1012.54,
2012,7,28,21,26.91,100.0,0.0,0.0,0.0,438.1,0.97,38.0,1012.81,
2012,7,28,22,26.63,100.0,0.0,0.0,0.0,436.0,0.9,96.0,1013.08,
2012,7,28,23,26.29,100.0,0.0,0.0,0.0,431.32,0.99,84.0,1012.61,
2012,7,29,0,25.94,100.0,0.0,0.0,0.0,426.63,1.09,73.0,1012.14,
2012,7,29,1,25.6,100.0,0.0,0.0,0.0,421.95,1.19,61.0,1011.68,
2012,7,29,2,25.58,100.0,0.0,0.0,0.0,419.5,1.29,59.0,1011.71,
2012,7,29,3,25.55,100.0,0.0,0.0,0.0,417.05,1.4,58.0,1011.75,
2012,7,29,4,25.53,100.0,0.0,0.0,0.0,414.6,1.5,56.0,1011.78,
2012,7,29,5,26.34,100.0,0.0,0.0,0.0,417.22,1.13,67.0,1012.58,
2012,7,29,6,27.15,100.0,1.0,0.0,1.0,419.83,0.75,79.0,1013.38,
2012,7,29,7,27.97,100.0,8.0,0.0,8.0,422.45,0.37,90.0,1014.17,
2012,7,29,8,28.76,99.28,73.0,0.0,73.0,423.65,0.37,112.0,1014.04,
2012,7,29,9,29.56,98.55,213.0,8.44,207.0,424.85,0.37,135.0,1013.91,
2012,7,29,10,30.35,97.83,827.0,819.2,124.0,426.05,0.37,157.0,1013.77,
2012,7,29,11,30.52,95.41,938.0,845.81,130.0,427.68,0.63,163.0,1013.48,
2012,7,29,12,30.68,92.99,985.0,856.44,132.0,429.32,0.9,169.0,1013.18,
2012,7,29,13,30.85,90.57,964.0,852.22,131.0,430.95,1.16,175.0,1012.88,
2012,7,29,14,30.59,93.71,877.0,832.46,127.0,432.6,1.69,139.0,1012.91,
2012,7,29,15,30.32,96.86,732.0,795.66,118.0,434.25,2.22,103.0,1012.94,
2012,7,29,16,30.06,100.0,540.0,726.83,105.0,435.9,2.74,67.0,1012.98,
2012,7,29,17,29.34,100.0,323.0,609.89,84.0,429.72,2.4,50.0,1012.41,
2012,7,29,18,28.62,100.0,102.0,291.54,53.0,423.53,2.06,33.0,1011.85,
2012,7,29,19,27.9,100.0,0.0,0.0,0.0,417.35,1.71,16.0,1011.28,
2012,7,29,20,27.6,100.0,0.0,0.0,0.0,417.52,1.5,27.0,1011.58,
2012,7,29,21,27.3,100.0,0.0,0.0,0.0,417.68,1.29,37.0,1011.88,
2012,7,29,22,26.99,100.0,0.0,0.0,0.0,417.85,1.08,48.0,1012.18,
2012,7,29,23,26.6,100.0,0.0,0.0,0.0,418.98,1.31,54.0,1011.88,
2012,7,30,0,26.21,100.0,0.0,0.0,0.0,420.12,1.54,61.0,1011.58,
2012,7,30,1,25.82,100.0,0.0,0.0,0.0,421.25,1.78,68.0,1011.28,
2012,7,30,2,25.72,100.0,0.0,0.0,0.0,419.45,1.73,64.0,1011.28,
2012,7,30,3,25.63,100.0,0.0,0.0,0.0,417.65,1.68,62.0,1011.28,
2012,7,30,4,25.53,100.0,0.0,0.0,0.0,415.85,1.63,58.0,1011.28,
2012,7,30,5,26.58,99.9,0.0,0.0,0.0,419.7,1.19,65.0,1012.21,
2012,7,30,6,27.63,99.8,2.0,0.0,2.0,423.55,0.75,72.0,1013.14,
2012,7,30,7,28.69,99.7,11.0,0.0,11.0,427.4,0.32,79.0,1014.07,
2012,7,30,8,29.71,92.19,102.0,0.0,102.0,425.38,0.61,115.0,1013.64,
2012,7,30,9,30.74,84.67,73.0,0.0,73.0,423.37,0.9,151.0,1013.21,
2012,7,30,10,31.77,77.16,830.0,824.3,123.0,421.35,1.19,187.0,1012.78,
2012,7,30,11,31.76,81.03,941.0,850.31,129.0,423.55,1.02,201.0,1012.58,
2012,7,30,12,31.74,84.91,987.0,858.72,132.0,425.75,0.86,215.0,1012.38,
2012,7,30,13,31.73,88.78,965.0,854.6,130.0,427.95,0.69,230.0,1012.18,
2012,7,30,14,31.4,92.52,877.0,834.05,126.0,427.42,1.31,241.0,1012.08,
2012,7,30,15,31.06,96.26,731.0,796.4,117.0,426.88,1.92,252.0,1011.98,
2012,7,30,16,30.73,100.0,370.0,174.06,266.0,426.35,2.54,263.0,1011.88,
2012,7,30,17,29.98,100.0,96.0,0.0,96.0,426.53,2.14,295.0,1011.98,
2012,7,30,18,29.23,100.0,53.0,0.0,53.0,426.72,1.74,326.0,1012.08,
2012,7,30,19,28.48,100.0,0.0,0.0,0.0,426.9,1.34,358.0,1012.18,
2012,7,30,20,28.16,100.0,0.0,0.0,0.0,426.33,1.1,14.0,1012.41,
2012,7,30,21,27.84,100.0,0.0,0.0,0.0,425.77,0.87,31.0,1012.64,
2012,7,30,22,27.52,100.0,0.0,0.0,0.0,425.2,0.63,47.0,1012.88,
2012,7,30,23,27.13,100.0,0.0,0.0,0.0,425.6,0.92,58.0,1012.64,
2012,7,31,0,26.75,100.0,0.0,0.0,0.0,426.0,1.21,69.0,1012.41,
2012,7,31,1,26.36,100.0,0.0,0.0,0.0,426.4,1.5,79.0,1012.18,
2012,7,31,2,26.34,100.0,0.0,0.0,0.0,426.18,1.44,77.0,1012.21,
2012,7,31,3,26.32,100.0,0.0,0.0,0.0,425.97,1.38,74.0,1012.24,
2012,7,31,4,26.3,100.0,0.0,0.0,0.0,425.75,1.32,71.0,1012.28,
2012,7,31,5,26.94,98.83,0.0,0.0,0.0,429.55,1.28,70.0,1012.98,
2012,7,31,6,27.58,97.66,30.0,36.99,27.0,433.35,1.23,69.0,1013.67,
2012,7,31,7,28.23,96.49,232.0,499.77,78.0,437.15,1.19,68.0,1014.37,
2012,7,31,8,29.23,88.84,461.0,706.08,92.0,433.68,1.47,106.0,1013.94,
2012,7,31,9,32.16,77.39,667.0,788.86,107.0,429.02,2.25,143.0,1013.51,
2012,7,31,10,31.73,79.25,833.0,836.42,116.0,429.05,2.16,181.0,1013.08,
2012,7,31,11,31.3,81.11,944.0,861.11,122.0,429.08,2.07,199.0,1012.78,
2012,7,31,12,30.87,82.97,991.0,871.08,124.0,429.11,1.98,216.0,1012.48,
2012,7,31,13,30.44,84.83,969.0,866.22,123.0,429.14,1.89,234.0,1012.18,
2012,7,31,14,30.01,86.69,881.0,846.79,119.0,429.17,1.79,237.0,1012.28,
2012,7,31,15,29.58,88.55,734.0,808.89,111.0,429.2,1.7,239.0,1012.38,
2012,7,31,16,29.15,90.41,299.0,73.77,255.0,429.23,1.61,242.0,1012.48,
2012,7,31,17,28.72,92.27,54.0,0.0,54.0,429.26,1.52,271.0,1011.21,
2012,7,31,18,28.29,94.13,54.0,6.14,53.0,429.29,1.43,287.0,1011.25,
2012,7,31,19,27.86,95.99,0.0,0.0,0.0,429.32,1.34,303.0,1011.28,
2012,7,31,20,27.43,97.85,0.0,0.0,0.0,429.35,1.25,298.0,1011.58,
2012,7,31,21,26.99,99.71,0.0,0.0,0.0,429.38,1.16,294.0,1011.88,
2012,7,31,22,26.56,100.0,0.0,0.0,0.0,429.41,1.07,289.0,1012.18,
2012,7,31,23,26.13,100.0,0.0,0.0,0.0,429.44,0.97,273.0,1011.98,
2013,8,1,0,25.7,100.0,0.0,0.0,0.0,429.47,0.88,257.0,1011.78,
2013,8,1,1,25.42,100.0,0.0,0.0,0.0,433.65,1.01,242.0,1011.58,
2013,8,1,2,25.41,100.0,0.0,0.0,0.0,432.12,0.99,213.0,1011.48,
2013,8,1,3,25.41,100.0,0.0,0.0,0.0,430.58,0.98,185.0,1011.38,
2013,8,1,4,25.41,100.0,0.0,0.0,0.0,429.05,0.97,157.0,1011.28,
2013,8,1,5,26.02,100.0,0.0,0.0,0.0,431.0,1.25,150.0,1011.91,
2013,8,1,6,26.62,100.0,27.0,25.59,25.0,432.95,1.53,143.0,1012.54,
2013,8,1,7,27.23,100.0,160.0,143.88,116.0,434.9,1.81,136.0,1013.18,
2013,8,1,8,28.04,97.43,456.0,696.94,93.0,431.65,1.8,157.0,1013.14,
2013,8,1,9,28.85,94.87,661.0,781.82,107.0,428.4,1.8,177.0,1013.11,
2013,8,1,10,29.65,92.3,827.0,829.17,117.0,425.15,1.79,198.0,1013.08,
2013,8,1,11,29.68,91.69,588.0,116.38,477.0,426.72,1.92,208.0,1012.48,
2013,8,1,12,29.7,91.09,985.0,865.72,124.0,428.28,2.04,217.0,1011.88,
2013,8,1,13,29.73,90.48,964.0,861.92,123.0,429.85,2.17,227.0,1011.28,
2013,8,1,14,29.59,92.32,877.0,843.52,119.0,431.95,2.23,234.0,1011.08,
2013,8,1,15,29.45,94.16,731.0,806.79,111.0,434.05,2.3,242.0,1010.88,
2013,8,1,16,29.32,96.0,538.0,738.83,99.0,436.15,2.37,249.0,1010.68,
2013,8,1,17,28.64,97.33,160.0,38.86,145.0,432.95,2.11,261.0,1010.91,
2013,8,1,18,27.96,98.67,47.0,0.0,47.0,429.75,1.86,273.0,1011.15,
2013,8,1,19,27.29,100.0,0.0,0.0,0.0,426.55,1.6,285.0,1011.38,
2013,8,1,20,27.0,100.0,0.0,0.0,0.0,429.42,1.45,291.0,1011.61,
2013,8,1,21,26.71,100.0,0.0,0.0,0.0,432.28,1.31,296.0,1011.85,
2013,8,1,22,26.41,100.0,0.0,0.0,0.0,435.15,1.16,302.0,1012.08,
2013,8,1,23,26.09,100.0,0.0,0.0,0.0,439.5,1.2,287.0,1011.71,
2013,8,2,0,25.76,100.0,0.0,0.0,0.0,443.85,1.24,272.0,1011.35,
2013,8,2,1,25.43,100.0,0.0,0.0,0.0,448.2,1.28,258.0,1010.98,
2013,8,2,2,25.41,100.0,0.0,0.0,0.0,445.53,1.25,233.0,1010.95,
2013,8,2,3,25.39,100.0,0.0,0.0,0.0,442.87,1.21,208.0,1010.91,
2013,8,2,4,25.37,100.0,0.0,0.0,0.0,440.2,1.17,183.0,1010.88,
2013,8,2,5,26.1,100.0,0.0,0.0,0.0,439.0,0.9,182.0,1011.48,
2013,8,2,6,26.84,100.0,21.0,0.0,21.0,437.8,0.63,180.0,1012.08,
2013,8,2,7,27.57,100.0,149.0,108.32,116.0,436.6,0.36,179.0,1012.68,
2013,8,2,8,28.46,95.41,354.0,276.93,210.0,434.12,0.75,190.0,1012.41,
2013,8,2,9,29.35,90.81,458.0,182.21,329.0,431.63,1.15,202.0,1012.14,
2013,8,2,10,30.23,86.22,238.0,11.69,228.0,429.15,1.54,213.0,1011.88,
2013,8,2,11,30.22,88.45,641.0,165.72,483.0,430.52,1.41,217.0,1011.58,
2013,8,2,12,30.22,90.69,612.0,111.66,501.0,431.88,1.27,221.0,1011.28,
2013,8,2,13,30.21,92.92,962.0,860.33,123.0,433.25,1.13,225.0,1010.98,
2013,8,2,14,30.01,94.4,601.0,170.39,448.0,434.7,1.36,234.0,1010.98,
2013,8,2,15,29.82,95.88,157.0,2.61,155.0,436.15,1.58,243.0,1010.98,
2013,8,2,16,29.63,97.36,197.0,10.12,191.0,437.6,1.81,252.0,1010.98,
2013,8,2,17,28.97,98.24,14.0,0.0,14.0,438.5,1.37,251.0,1011.31,
2013,8,2,18,28.31,99.12,32.0,0.0,32.0,439.4,0.93,251.0,1011.65,
2013,8,2,19,27.65,100.0,0.0,0.0,0.0,440.3,0.5,251.0,1011.98,
2013,8,2,20,27.33,100.0,0.0,0.0,0.0,439.07,0.58,226.0,1012.24,
2013,8,2,21,27.02,100.0,0.0,0.0,0.0,437.83,0.66,201.0,1012.51,
2013,8,2,22,26.7,100.0,0.0,0.0,0.0,436.6,0.74,176.0,1012.78,
2013,8,2,23,26.39,100.0,0.0,0.0,0.0,438.62,1.02,172.0,1012.58,
2013,8,3,0,26.07,100.0,0.0,0.0,0.0,440.63,1.29,169.0,1012.38,
2013,8,3,1,25.76,100.0,0.0,0.0,0.0,442.65,1.56,165.0,1012.18,
2013,8,3,2,25.72,100.0,0.0,0.0,0.0,444.97,1.68,154.0,1012.21,
2013,8,3,3,25.68,100.0,0.0,0.0,0.0,447.28,1.8,143.0,1012.24,
2013,8,3,4,25.65,100.0,0.0,0.0,0.0,449.6,1.92,132.0,1012.28,
2013,8,3,5,26.17,100.0,0.0,0.0,0.0,442.77,1.88,122.0,1012.91,
2013,8,3,6,26.69,100.0,37.0,172.86,24.0,435.93,1.83,112.0,1013.54,
2013,8,3,7,27.21,100.0,197.0,319.59,100.0,429.1,1.79,103.0,1014.17,
2013,8,3,8,28.17,91.27,454.0,695.41,93.0,427.28,1.74,139.0,1013.61,
2013,8,3,9,29.13,82.55,660.0,781.82,107.0,425.47,1.69,175.0,1013.04,
2013,8,3,10,30.08,73.82,826.0,828.94,117.0,423.65,1.64,211.0,1012.48,
2013,8,3,11,30.12,75.57,372.0,23.09,350.0,425.73,1.27,218.0,1012.08,
2013,8,3,12,30.16,77.32,775.0,286.81,490.0,427.82,0.91,226.0,1011.68,
2013,8,3,13,30.2,79.07,642.0,148.77,497.0,429.9,0.54,233.0,1011.28,
2013,8,3,14,29.98,84.53,588.0,157.16,447.0,431.23,0.91,241.0,1011.45,
2013,8,3,15,29.77,90.0,468.0,135.67,364.0,432.57,1.29,249.0,1011.61,
2013,8,3,16,29.56,95.46,368.0,179.16,262.0,433.9,1.67,257.0,1011.78,
2013,8,3,17,28.76,96.97,159.0,39.2,144.0,433.03,1.58,264.0,1011.94,
2013,8,3,18,27.96,98.49,39.0,0.0,39.0,432.17,1.49,272.0,1012.11,
2013,8,3,19,27.16,100.0,0.0,0.0,0.0,431.3,1.39,280.0,1012.28,
2013,8,3,20,26.85,100.0,0.0,0.0,0.0,432.35,1.38,256.0,1012.61,
2013,8,3,21,26.54,100.0,0.0,0.0,0.0,433.4,1.37,233.0,1012.94,
2013,8,3,22,26.23,100.0,0.0,0.0,0.0,434.45,1.35,209.0,1013.28,
2013,8,3,23,25.89,100.0,0.0,0.0,0.0,435.58,1.32,192.0,1013.24,
2013,8,4,0,25.54,100.0,0.0,0.0,0.0,436.72,1.3,175.0,1013.21,
2013,8,4,1,25.2,100.0,0.0,0.0,0.0,437.85,1.27,157.0,1013.18,
2013,8,4,2,25.17,100.0,0.0,0.0,0.0,437.97,1.2,128.0,1013.08,
2013,8,4,3,25.14,100.0,0.0,0.0,0.0,438.08,1.12,100.0,1012.98,
2013,8,4,4,25.12,100.0,0.0,0.0,0.0,438.2,1.05,71.0,1012.88,
2013,8,4,5,25.89,100.0,0.0,0.0,0.0,433.48,0.74,73.0,1013.41,
2013,8,4,6,26.67,100.0,37.0,176.28,24.0,428.77,0.44,75.0,1013.94,
2013,8,4,7,27.44,100.0,200.0,340.63,97.0,424.05,0.14,77.0,1014.47,
2013,8,4,8,28.39,93.86,456.0,700.42,93.0,424.03,0.5,135.0,1014.14,
2013,8,4,9,29.35,87.71,663.0,785.36,108.0,424.02,0.86,192.0,1013.81,
2013,8,4,10,30.3,81.57,830.0,834.11,117.0,424.0,1.21,249.0,1013.48,
2013,8,4,11,30.38,82.4,943.0,860.86,123.0,426.73,1.38,253.0,1012.98,
2013,8,4,12,30.46,83.22,990.0,870.91,125.0,429.47,1.54,257.0,1012.48,
2013,8,4,13,30.54,84.05,968.0,866.48,124.0,432.2,1.71,261.0,1011.98,
2013,8,4,14,30.24,86.95,878.0,846.74,119.0,433.4,2.17,267.0,1011.78,
2013,8,4,15,29.95,89.86,729.0,807.34,111.0,434.6,2.64,272.0,1011.58,
2013,8,4,16,29.66,92.76,534.0,736.95,99.0,435.8,3.1,278.0,1011.38,
2013,8,4,17,28.87,95.17,313.0,614.31,79.0,430.9,2.65,290.0,1011.41,
2013,8,4,18,28.08,97.59,98.0,348.89,44.0,426.0,2.2,302.0,1011.45,
2013,8,4,19,27.3,100.0,0.0,0.0,0.0,421.1,1.75,314.0,1011.48,
2013,8,4,20,27.02,100.0,0.0,0.0,0.0,421.23,1.66,327.0,1011.65,
2013,8,4,21,26.75,100.0,0.0,0.0,0.0,421.37,1.57,340.0,1011.81,
2013,8,4,22,26.47,100.0,0.0,0.0,0.0,421.5,1.48,354.0,1011.98,
2013,8,4,23,26.21,100.0,0.0,0.0,0.0,424.02,1.43,299.0,1011.88,
2013,8,5,0,25.95,100.0,0.0,0.0,0.0,426.53,1.38,244.0,1011.78,
2013,8,5,1,25.69,100.0,0.0,0.0,0.0,429.05,1.34,189.0,1011.68,
2013,8,5,2,25.63,100.0,0.0,0.0,0.0,433.23,1.06,151.0,1011.75,
2013,8,5,3,25.58,100.0,0.0,0.0,0.0,437.42,0.79,112.0,1011.81,
2013,8,5,4,25.53,100.0,0.0,0.0,0.0,441.6,0.51,74.0,1011.88,
2013,8,5,5,26.18,99.64,0.0,0.0,0.0,438.33,0.39,48.0,1012.44,
2013,8,5,6,26.83,99.28,36.0,165.98,24.0,435.07,0.26,23.0,1013.01,
2013,8,5,7,27.48,98.92,231.0,537.76,69.0,431.8,0.14,357.0,1013.58,
2013,8,5,8,28.44,93.14,455.0,699.64,93.0,432.25,0.76,325.0,1013.51,
2013,8,5,9,29.4,87.37,345.0,58.07,304.0,432.7,1.39,292.0,1013.44,
2013,8,5,10,30.35,81.59,450.0,67.89,392.0,433.15,2.01,260.0,1013.38,
2013,8,5,11,30.26,87.43,656.0,182.76,482.0,435.1,2.33,259.0,1013.28,
2013,8,5,12,30.17,93.28,649.0,142.04,508.0,437.05,2.64,257.0,1013.18,
2013,8,5,13,30.08,99.12,967.0,866.02,124.0,439.0,2.95,255.0,1013.08,
2013,8,5,14,29.9,99.41,878.0,846.42,120.0,440.25,3.05,268.0,1012.71,
2013,8,5,15,29.72,99.71,728.0,807.21,111.0,441.5,3.14,281.0,1012.34,
2013,8,5,16,29.54,100.0,533.0,737.05,99.0,442.75,3.24,294.0,1011.98,
2013,8,5,17,28.91,100.0,157.0,39.57,142.0,440.47,2.68,305.0,1012.11,
2013,8,5,18,28.28,100.0,65.0,85.2,52.0,438.18,2.12,316.0,1012.24,
2013,8,5,19,27.65,100.0,0.0,0.0,0.0,435.9,1.56,328.0,1012.38,
2013,8,5,20,27.4,100.0,0.0,0.0,0.0,434.88,1.23,330.0,1012.68,
2013,8,5,21,27.16,100.0,0.0,0.0,0.0,433.87,0.9,333.0,1012.98,
2013,8,5,22,26.91,100.0,0.0,0.0,0.0,432.85,0.57,336.0,1013.28,
2013,8,5,23,26.63,100.0,0.0,0.0,0.0,433.97,0.68,325.0,1013.04,
2013,8,6,0,26.35,100.0,0.0,0.0,0.0,435.08,0.79,313.0,1012.81,
2013,8,6,1,26.07,100.0,0.0,0.0,0.0,436.2,0.9,301.0,1012.58,
2013,8,6,2,26.03,100.0,0.0,0.0,0.0,436.2,0.93,321.0,1012.38,
2013,8,6,3,26.0,100.0,0.0,0.0,0.0,436.2,0.96,340.0,1012.18,
2013,8,6,4,25.97,100.0,0.0,0.0,0.0,436.2,0.99,359.0,1011.98,
2013,8,6,5,26.66,100.0,0.0,0.0,0.0,433.48,0.8,337.0,1012.58,
2013,8,6,6,27.35,100.0,22.0,0.0,22.0,430.77,0.6,316.0,1013.18,
2013,8,6,7,28.04,100.0,143.0,96.63,114.0,428.05,0.4,294.0,1013.77,
2013,8,6,8,28.82,93.65,177.0,9.68,172.0,427.52,0.94,286.0,1013.28,
2013,8,6,9,29.6,87.31,319.0,42.53,289.0,426.98,1.48,279.0,1012.78,
2013,8,6,10,30.37,80.96,468.0,79.65,400.0,426.45,2.01,272.0,1012.28,
2013,8,6,11,30.33,82.96,495.0,58.85,439.0,427.68,2.39,270.0,1011.81,
2013,8,6,12,30.28,84.97,732.0,230.81,503.0,428.92,2.77,268.0,1011.35,
2013,8,6,13,30.24,86.97,686.0,196.35,495.0,430.15,3.14,266.0,1010.88,
2013,8,6,14,30.13,89.26,876.0,846.15,119.0,431.15,2.93,276.0,1010.51,
2013,8,6,15,30.02,91.55,726.0,805.83,111.0,432.15,2.72,285.0,1010.15,
2013,8,6,16,29.92,93.84,531.0,735.53,99.0,433.15,2.51,294.0,1009.78,
2013,8,6,17,29.21,95.89,308.0,607.2,79.0,433.98,2.14,295.0,1010.25,
2013,8,6,18,28.5,97.95,94.0,339.3,43.0,434.82,1.77,296.0,1010.71,
2013,8,6,19,27.8,100.0,0.0,0.0,0.0,435.65,1.39,297.0,1011.18,
2013,8,6,20,27.52,100.0,0.0,0.0,0.0,436.75,0.99,295.0,1011.45,
2013,8,6,21,27.24,100.0,0.0,0.0,0.0,437.85,0.59,292.0,1011.71,
2013,8,6,22,26.96,100.0,0.0,0.0,0.0,438.95,0.19,289.0,1011.98,
2013,8,6,23,26.68,100.0,0.0,0.0,0.0,438.95,0.42,279.0,1011.61,
2013,8,7,0,26.39,100.0,0.0,0.0,0.0,438.95,0.65,268.0,1011.25,
2013,8,7,1,26.11,100.0,0.0,0.0,0.0,438.95,0.88,257.0,1010.88,
2013,8,7,2,26.08,100.0,0.0,0.0,0.0,437.22,0.95,203.0,1010.68,
2013,8,7,3,26.06,100.0,0.0,0.0,0.0,435.48,1.01,149.0,1010.48,
2013,8,7,4,26.04,100.0,0.0,0.0,0.0,433.75,1.08,95.0,1010.28,
2013,8,7,5,26.63,100.0,0.0,0.0,0.0,433.38,1.49,98.0,1010.88,
2013,8,7,6,27.22,100.0,32.0,129.63,23.0,433.02,1.89,101.0,1011.48,
2013,8,7,7,27.81,100.0,192.0,307.68,100.0,432.65,2.3,104.0,1012.08,
2013,8,7,8,28.6,97.25,349.0,271.47,209.0,433.62,2.26,141.0,1011.78,
2013,8,7,9,29.39,94.5,659.0,783.25,107.0,434.58,2.22,177.0,1011.48,
2013,8,7,10,30.17,91.75,490.0,96.1,408.0,435.55,2.18,214.0,1011.18,
2013,8,7,11,30.22,92.97,830.0,447.9,404.0,434.22,1.75,219.0,1011.08,
2013,8,7,12,30.26,94.18,985.0,867.28,125.0,432.88,1.31,223.0,1010.98,
2013,8,7,13,30.31,95.4,802.0,480.44,335.0,431.55,0.88,228.0,1010.88,
2013,8,7,14,30.07,96.93,873.0,843.69,119.0,435.7,0.68,232.0,1010.78,
2013,8,7,15,29.84,98.47,538.0,238.86,356.0,439.85,0.47,236.0,1010.68,
2013,8,7,16,29.61,100.0,62.0,0.0,62.0,444.0,0.26,241.0,1010.58,
2013,8,7,17,28.9,100.0,68.0,0.0,68.0,440.02,0.6,269.0,1010.21,
2013,8,7,18,28.19,100.0,37.0,0.0,37.0,436.03,0.94,297.0,1009.85,
2013,8,7,19,27.48,100.0,0.0,0.0,0.0,432.05,1.28,325.0,1009.48,
2013,8,7,20,27.21,100.0,0.0,0.0,0.0,431.53,1.27,312.0,1009.68,
2013,8,7,21,26.95,100.0,0.0,0.0,0.0,431.02,1.26,298.0,1009.88,
2013,8,7,22,26.68,100.0,0.0,0.0,0.0,430.5,1.24,284.0,1010.08,
2013,8,7,23,26.45,100.0,0.0,0.0,0.0,430.97,1.25,236.0,1009.98,
2013,8,8,0,26.22,100.0,0.0,0.0,0.0,431.43,1.26,189.0,1009.88,
2013,8,8,1,25.99,100.0,0.0,0.0,0.0,431.9,1.27,141.0,1009.78,
2013,8,8,2,25.99,100.0,0.0,0.0,0.0,433.5,1.43,122.0,1009.72,
2013,8,8,3,26.0,100.0,0.0,0.0,0.0,435.1,1.59,103.0,1009.65,
2013,8,8,4,26.01,100.0,0.0,0.0,0.0,436.7,1.75,84.0,1009.58,
2013,8,8,5,26.48,100.0,0.0,0.0,0.0,433.6,2.01,108.0,1010.45,
2013,8,8,6,26.96,100.0,13.0,0.0,13.0,430.5,2.28,133.0,1011.31,
2013,8,8,7,27.43,100.0,227.0,530.36,69.0,427.4,2.54,157.0,1012.18,
2013,8,8,8,27.99,97.71,249.0,69.92,213.0,427.72,2.04,176.0,1012.08,
2013,8,8,9,28.55,95.41,341.0,56.81,301.0,428.03,1.54,195.0,1011.98,
2013,8,8,10,29.1,93.12,825.0,830.29,117.0,428.35,1.03,213.0,1011.88,
2013,8,8,11,28.94,93.29,682.0,213.55,479.0,430.52,1.09,220.0,1011.65,
2013,8,8,12,28.79,93.45,349.0,19.17,330.0,432.68,1.14,226.0,1011.41,
2013,8,8,13,28.63,93.62,960.0,860.73,124.0,434.85,1.19,233.0,1011.18,
2013,8,8,14,28.51,95.75,871.0,842.39,119.0,439.25,1.26,234.0,1011.08,
2013,8,8,15,28.39,97.87,442.0,111.75,357.0,443.65,1.34,235.0,1010.98,
2013,8,8,16,28.28,100.0,237.0,29.1,220.0,448.05,1.42,236.0,1010.88,
2013,8,8,17,27.82,100.0,7.0,0.0,7.0,449.25,1.3,233.0,1011.18,
2013,8,8,18,27.37,100.0,34.0,0.0,34.0,450.45,1.17,231.0,1011.48,
2013,8,8,19,26.92,100.0,0.0,0.0,0.0,451.65,1.05,228.0,1011.78,
2013,8,8,20,26.71,100.0,0.0,0.0,0.0,449.73,1.07,227.0,1012.01,
2013,8,8,21,26.5,100.0,0.0,0.0,0.0,447.82,1.09,226.0,1012.24,
2013,8,8,22,26.28,100.0,0.0,0.0,0.0,445.9,1.1,226.0,1012.48,
2013,8,8,23,26.0,100.0,0.0,0.0,0.0,444.77,1.09,232.0,1012.11,
2013,8,9,0,25.72,100.0,0.0,0.0,0.0,443.63,1.09,238.0,1011.75,
2013,8,9,1,25.44,100.0,0.0,0.0,0.0,442.5,1.08,244.0,1011.38,
2013,8,9,2,25.44,100.0,0.0,0.0,0.0,443.78,0.93,246.0,1011.25,
2013,8,9,3,25.45,100.0,0.0,0.0,0.0,445.07,0.79,249.0,1011.11,
2013,8,9,4,25.46,100.0,0.0,0.0,0.0,446.35,0.65,251.0,1010.98,
2013,8,9,5,26.1,100.0,0.0,0.0,0.0,440.3,0.64,278.0,1011.68,
2013,8,9,6,26.75,100.0,32.0,150.16,22.0,434.25,0.63,304.0,1012.38,
2013,8,9,7,27.39,100.0,226.0,532.31,68.0,428.2,0.62,331.0,1013.08,
2013,8,9,8,28.25,98.43,317.0,190.65,219.0,428.52,1.16,288.0,1012.91,
2013,8,9,9,29.11,96.85,658.0,783.27,107.0,428.83,1.71,245.0,1012.74,
2013,8,9,10,29.97,95.28,825.0,830.82,117.0,429.15,2.25,202.0,1012.58,
2013,8,9,11,29.95,93.85,489.0,56.84,435.0,429.9,2.3,222.0,1011.91,
2013,8,9,12,29.93,92.41,433.0,31.3,402.0,430.65,2.35,242.0,1011.25,
2013,8,9,13,29.91,90.98,961.0,862.47,124.0,431.4,2.4,261.0,1010.58,
2013,8,9,14,29.85,92.32,871.0,843.38,119.0,433.03,2.65,267.0,1010.31,
2013,8,9,15,29.79,93.67,721.0,803.38,111.0,434.67,2.9,272.0,1010.05,
2013,8,9,16,29.73,95.01,525.0,733.15,98.0,436.3,3.14,277.0,1009.78,
2013,8,9,17,28.92,96.67,302.0,603.86,78.0,435.4,2.69,286.0,1009.78,
2013,8,9,18,28.11,98.34,73.0,181.74,47.0,434.5,2.23,295.0,1009.78,
2013,8,9,19,27.3,100.0,0.0,0.0,0.0,433.6,1.77,304.0,1009.78,
2013,8,9,20,27.01,100.0,0.0,0.0,0.0,432.32,1.55,315.0,1009.95,
2013,8,9,21,26.72,100.0,0.0,0.0,0.0,431.03,1.33,326.0,1010.12,
2013,8,9,22,26.42,100.0,0.0,0.0,0.0,429.75,1.12,337.0,1010.28,
2013,8,9,23,26.17,100.0,0.0,0.0,0.0,429.02,1.06,8.0,1010.02,
2013,8,10,0,25.91,100.0,0.0,0.0,0.0,428.28,1.01,39.0,1009.75,
2013,8,10,1,25.65,100.0,0.0,0.0,0.0,427.55,0.95,70.0,1009.48,
2013,8,10,2,25.67,100.0,0.0,0.0,0.0,427.43,0.99,73.0,1009.45,
2013,8,10,3,25.69,100.0,0.0,0.0,0.0,427.32,1.03,77.0,1009.42,
2013,8,10,4,25.71,100.0,0.0,0.0,0.0,427.2,1.06,80.0,1009.38,
2013,8,10,5,26.35,100.0,0.0,0.0,0.0,426.87,0.87,84.0,1010.15,
2013,8,10,6,26.99,100.0,32.0,153.37,22.0,426.53,0.68,87.0,1010.91,
2013,8,10,7,27.63,100.0,130.0,64.25,111.0,426.2,0.48,91.0,1011.68,
2013,8,10,8,28.36,94.97,379.0,368.27,190.0,425.57,1.05,117.0,1011.28,
2013,8,10,9,29.09,89.93,521.0,304.49,307.0,424.93,1.61,144.0,1010.88,
2013,8,10,10,29.81,84.9,670.0,329.96,389.0,424.3,2.18,170.0,1010.48,
2013,8,10,11,29.81,86.3,556.0,119.01,443.0,424.78,1.59,188.0,1010.08,
2013,8,10,12,29.81,87.7,983.0,866.91,125.0,425.27,0.99,205.0,1009.68,
2013,8,10,13,29.81,89.1,959.0,861.16,124.0,425.75,0.4,223.0,1009.28,
2013,8,10,14,29.66,92.73,771.0,463.76,358.0,431.05,0.44,225.0,1009.32,
2013,8,10,15,29.51,96.37,38.0,0.0,38.0,436.35,0.48,228.0,1009.35,
2013,8,10,16,29.36,100.0,17.0,0.0,17.0,441.65,0.52,230.0,1009.38,
2013,8,10,17,28.77,100.0,15.0,0.0,15.0,442.98,1.2,220.0,1009.88,
2013,8,10,18,28.18,100.0,20.0,0.0,20.0,444.32,1.88,210.0,1010.38,
2013,8,10,19,27.59,100.0,0.0,0.0,0.0,445.65,2.55,200.0,1010.88,
2013,8,10,20,27.16,100.0,0.0,0.0,0.0,446.15,2.49,174.0,1011.25,
2013,8,10,21,26.73,100.0,0.0,0.0,0.0,446.65,2.42,149.0,1011.61,
2013,8,10,22,26.29,100.0,0.0,0.0,0.0,447.15,2.36,123.0,1011.98,
2013,8,10,23,25.81,100.0,0.0,0.0,0.0,444.45,2.39,118.0,1011.78,
2013,8,11,0,25.32,100.0,0.0,0.0,0.0,441.75,2.42,113.0,1011.58,
2013,8,11,1,24.83,100.0,0.0,0.0,0.0,439.05,2.46,108.0,1011.38,
2013,8,11,2,24.59,100.0,0.0,0.0,0.0,435.95,1.87,106.0,1011.25,
2013,8,11,3,24.36,100.0,0.0,0.0,0.0,432.85,1.28,105.0,1011.11,
2013,8,11,4,24.13,100.0,0.0,0.0,0.0,429.75,0.69,103.0,1010.98,
2013,8,11,5,24.92,100.0,0.0,0.0,0.0,427.13,0.89,117.0,1011.61,
2013,8,11,6,25.72,100.0,26.0,78.35,21.0,424.52,1.09,132.0,1012.24,
2013,8,11,7,26.51,100.0,184.0,281.68,101.0,421.9,1.28,146.0,1012.88,
2013,8,11,8,27.4,97.86,313.0,185.41,218.0,422.35,1.53,159.0,1012.88,
2013,8,11,9,28.29,95.71,444.0,166.63,327.0,422.8,1.77,173.0,1012.88,
2013,8,11,10,29.18,93.57,735.0,478.24,328.0,423.25,2.01,186.0,1012.88,
2013,8,11,11,29.14,93.82,835.0,455.27,403.0,425.83,1.62,198.0,1012.61,
2013,8,11,12,29.1,94.08,785.0,306.36,482.0,428.42,1.23,209.0,1012.34,
2013,8,11,13,29.06,94.33,958.0,860.92,124.0,431.0,0.84,221.0,1012.08,
2013,8,11,14,28.95,96.22,866.0,839.91,119.0,433.0,1.11,227.0,1011.98,
2013,8,11,15,28.84,98.11,462.0,136.17,359.0,435.0,1.38,233.0,1011.88,
2013,8,11,16,28.73,100.0,167.0,1.73,166.0,437.0,1.66,239.0,1011.78,
2013,8,11,17,28.18,100.0,176.0,84.59,145.0,440.57,1.51,229.0,1012.01,
2013,8,11,18,27.63,100.0,31.0,0.0,31.0,444.13,1.36,219.0,1012.24,
2013,8,11,19,27.08,100.0,0.0,0.0,0.0,447.7,1.21,209.0,1012.48,
2013,8,11,20,26.81,100.0,0.0,0.0,0.0,446.8,1.23,213.0,1012.78,
2013,8,11,21,26.54,100.0,0.0,0.0,0.0,445.9,1.24,218.0,1013.08,
2013,8,11,22,26.26,100.0,0.0,0.0,0.0,445.0,1.26,223.0,1013.38,
2013,8,11,23,25.96,100.0,0.0,0.0,0.0,444.33,1.31,233.0,1013.01,
2013,8,12,0,25.66,100.0,0.0,0.0,0.0,443.67,1.37,244.0,1012.64,
2013,8,12,1,25.36,100.0,0.0,0.0,0.0,443.0,1.43,254.0,1012.28,
2013,8,12,2,25.34,100.0,0.0,0.0,0.0,441.22,1.31,299.0,1012.08,
2013,8,12,3,25.33,100.0,0.0,0.0,0.0,439.43,1.2,344.0,1011.88,
2013,8,12,4,25.32,100.0,0.0,0.0,0.0,437.65,1.08,29.0,1011.68,
2013,8,12,5,26.16,100.0,0.0,0.0,0.0,434.08,1.03,35.0,1012.01,
2013,8,12,6,27.0,100.0,30.0,144.14,21.0,430.52,0.99,41.0,1012.34,
2013,8,12,7,27.84,100.0,224.0,531.35,68.0,426.95,0.95,47.0,1012.68,
2013,8,12,8,28.79,89.63,450.0,699.82,92.0,426.02,1.31,98.0,1012.38,
2013,8,12,9,29.74,79.27,658.0,785.47,107.0,425.08,1.67,149.0,1012.08,
2013,8,12,10,30.69,68.9,826.0,833.68,117.0,424.15,2.03,200.0,1011.78,
2013,8,12,11,30.81,68.42,938.0,859.46,123.0,424.28,2.12,217.0,1011.28,
2013,8,12,12,30.94,67.93,984.0,869.18,125.0,424.42,2.22,233.0,1010.78,
2013,8,12,13,31.06,67.45,961.0,864.86,124.0,424.55,2.32,249.0,1010.28,
2013,8,12,14,30.82,72.44,869.0,844.44,119.0,426.0,2.49,262.0,1010.05,
2013,8,12,15,30.58,77.44,717.0,802.83,111.0,427.45,2.66,275.0,1009.82,
2013,8,12,16,30.34,82.43,520.0,731.51,98.0,428.9,2.83,288.0,1009.58,
2013,8,12,17,29.63,88.29,296.0,601.47,77.0,429.02,2.53,309.0,1009.55,
2013,8,12,18,28.93,94.14,82.0,310.7,40.0,429.13,2.24,331.0,1009.52,
2013,8,12,19,28.23,100.0,0.0,0.0,0.0,429.25,1.94,352.0,1009.48,
2013,8,12,20,27.9,100.0,0.0,0.0,0.0,428.48,1.64,1.0,1009.72,
2013,8,12,21,27.58,100.0,0.0,0.0,0.0,427.72,1.34,11.0,1009.95,
2013,8,12,22,27.25,100.0,0.0,0.0,0.0,426.95,1.03,20.0,1010.18,
2013,8,12,23,26.97,100.0,0.0,0.0,0.0,427.23,1.03,25.0,1009.95,
2013,8,13,0,26.68,100.0,0.0,0.0,0.0,427.52,1.02,30.0,1009.72,
2013,8,13,1,26.4,100.0,0.0,0.0,0.0,427.8,1.01,35.0,1009.48,
2013,8,13,2,26.38,100.0,0.0,0.0,0.0,426.87,1.09,39.0,1009.38,
2013,8,13,3,26.36,100.0,0.0,0.0,0.0,425.93,1.17,43.0,1009.28,
2013,8,13,4,26.35,100.0,0.0,0.0,0.0,425.0,1.26,47.0,1009.18,
2013,8,13,5,26.97,100.0,0.0,0.0,0.0,426.83,0.98,32.0,1009.82,
2013,8,13,6,27.59,100.0,29.0,130.98,21.0,428.67,0.71,17.0,1010.45,
2013,8,13,7,28.21,100.0,223.0,529.86,68.0,430.5,0.44,2.0,1011.08,
2013,8,13,8,29.07,93.9,450.0,700.95,92.0,428.75,0.74,318.0,1010.81,
2013,8,13,9,29.94,87.79,659.0,786.22,108.0,427.0,1.04,273.0,1010.55,
2013,8,13,10,30.8,81.69,693.0,387.13,364.0,425.25,1.34,229.0,1010.28,
2013,8,13,11,30.74,79.96,726.0,275.43,465.0,422.77,1.97,241.0,1009.55,
2013,8,13,12,30.67,78.23,655.0,149.87,507.0,420.28,2.6,253.0,1008.82,
2013,8,13,13,30.61,76.5,783.0,340.3,454.0,417.8,3.23,265.0,1008.09,
2013,8,13,14,30.44,81.13,727.0,463.42,316.0,418.65,3.33,266.0,1007.75,
2013,8,13,15,30.27,85.77,600.0,422.19,282.0,419.5,3.44,267.0,1007.42,
2013,8,13,16,30.1,90.4,520.0,734.03,98.0,420.35,3.54,268.0,1007.09,
2013,8,13,17,29.43,93.6,295.0,602.73,77.0,423.4,3.04,275.0,1007.65,
2013,8,13,18,28.76,96.8,80.0,302.09,40.0,426.45,2.54,282.0,1008.22,
2013,8,13,19,28.1,100.0,0.0,0.0,0.0,429.5,2.04,289.0,1008.78,
2013,8,13,20,27.81,100.0,0.0,0.0,0.0,435.23,1.86,281.0,1009.22,
2013,8,13,21,27.53,100.0,0.0,0.0,0.0,440.97,1.68,273.0,1009.65,
2013,8,13,22,27.24,100.0,0.0,0.0,0.0,446.7,1.5,265.0,1010.08,
2013,8,13,23,27.0,100.0,0.0,0.0,0.0,446.57,1.6,223.0,1009.98,
2013,8,14,0,26.76,100.0,0.0,0.0,0.0,446.43,1.7,181.0,1009.88,
2013,8,14,1,26.52,100.0,0.0,0.0,0.0,446.3,1.79,139.0,1009.78,
2013,8,14,2,26.51,100.0,0.0,0.0,0.0,445.78,1.53,122.0,1009.92,
2013,8,14,3,26.5,100.0,0.0,0.0,0.0,445.27,1.27,105.0,1010.05,
2013,8,14,4,26.5,100.0,0.0,0.0,0.0,444.75,1.01,88.0,1010.18,
2013,8,14,5,26.76,100.0,0.0,0.0,0.0,440.48,1.23,86.0,1010.75,
2013,8,14,6,27.03,100.0,28.0,133.94,20.0,436.22,1.46,83.0,1011.31,
2013,8,14,7,27.29,100.0,221.0,524.91,68.0,431.95,1.68,81.0,1011.88,
2013,8,14,8,28.12,92.96,447.0,696.19,92.0,429.38,2.09,128.0,1011.45,
2013,8,14,9,28.95,85.91,656.0,784.12,107.0,426.82,2.49,175.0,1011.01,
2013,8,14,10,29.77,78.87,824.0,832.53,117.0,424.25,2.9,222.0,1010.58,
2013,8,14,11,29.89,76.01,936.0,858.54,123.0,422.52,2.6,232.0,1009.75,
2013,8,14,12,30.02,73.16,981.0,867.53,125.0,420.78,2.31,242.0,1008.92,
2013,8,14,13,30.14,70.3,957.0,862.52,124.0,419.05,2.01,251.0,1008.09,
2013,8,14,14,30.02,77.53,866.0,843.53,119.0,420.67,2.45,255.0,1008.05,
2013,8,14,15,29.9,84.76,583.0,388.53,291.0,422.28,2.89,259.0,1008.02,
2013,8,14,16,29.78,91.99,515.0,727.92,98.0,423.9,3.32,263.0,1007.99,
2013,8,14,17,29.09,94.66,291.0,595.77,77.0,427.15,2.63,261.0,1008.65,
2013,8,14,18,28.4,97.33,47.0,30.87,43.0,430.4,1.94,260.0,1009.32,
2013,8,14,19,27.71,100.0,0.0,0.0,0.0,433.65,1.24,258.0,1009.98,
2013,8,14,20,27.45,100.0,0.0,0.0,0.0,438.77,1.24,248.0,1010.48,
2013,8,14,21,27.19,100.0,0.0,0.0,0.0,443.88,1.23,239.0,1010.98,
2013,8,14,22,26.93,100.0,0.0,0.0,0.0,449.0,1.23,229.0,1011.48,
2013,8,14,23,26.59,100.0,0.0,0.0,0.0,448.88,1.41,217.0,1011.28,
2013,8,15,0,26.24,100.0,0.0,0.0,0.0,448.77,1.59,205.0,1011.08,
2013,8,15,1,25.9,100.0,0.0,0.0,0.0,448.65,1.77,193.0,1010.88,
2013,8,15,2,25.93,100.0,0.0,0.0,0.0,448.28,1.78,164.0,1010.98,
2013,8,15,3,25.96,100.0,0.0,0.0,0.0,447.92,1.8,135.0,1011.08,
2013,8,15,4,25.99,100.0,0.0,0.0,0.0,447.55,1.82,106.0,1011.18,
2013,8,15,5,26.43,99.46,0.0,0.0,0.0,445.28,1.42,88.0,1011.58,
2013,8,15,6,26.88,98.91,1.0,0.0,1.0,443.02,1.02,70.0,1011.98,
2013,8,15,7,27.32,98.37,4.0,0.0,4.0,440.75,0.62,52.0,1012.38,
2013,8,15,8,28.24,89.65,82.0,0.0,82.0,435.85,1.06,109.0,1011.81,
2013,8,15,9,29.17,80.92,443.0,167.27,326.0,430.95,1.49,166.0,1011.25,
2013,8,15,10,30.09,72.2,635.0,273.4,403.0,426.05,1.93,222.0,1010.68,
2013,8,15,11,30.17,73.06,768.0,347.68,439.0,427.38,2.33,231.0,1010.21,
2013,8,15,12,30.26,73.93,797.0,328.64,473.0,428.72,2.73,240.0,1009.75,
2013,8,15,13,30.34,74.79,958.0,864.53,124.0,430.05,3.13,249.0,1009.28,
2013,8,15,14,30.16,80.39,741.0,426.39,364.0,430.77,3.08,259.0,1009.22,
2013,8,15,15,29.98,85.99,600.0,376.1,318.0,431.48,3.02,269.0,1009.15,
2013,8,15,16,29.8,91.59,434.0,383.71,215.0,432.2,2.97,279.0,1009.08,
2013,8,15,17,29.03,94.39,289.0,594.43,77.0,430.68,2.47,282.0,1009.48,
2013,8,15,18,28.26,97.2,75.0,292.09,38.0,429.17,1.98,286.0,1009.88,
2013,8,15,19,27.5,100.0,0.0,0.0,0.0,427.65,1.49,290.0,1010.28,
2013,8,15,20,27.23,100.0,0.0,0.0,0.0,430.57,1.26,290.0,1010.45,
2013,8,15,21,26.97,100.0,0.0,0.0,0.0,433.48,1.04,290.0,1010.61,
2013,8,15,22,26.7,100.0,0.0,0.0,0.0,436.4,0.81,290.0,1010.78,
2013,8,15,23,26.44,100.0,0.0,0.0,0.0,435.98,0.87,249.0,1010.58,
2013,8,16,0,26.18,100.0,0.0,0.0,0.0,435.57,0.92,209.0,1010.38,
2013,8,16,1,25.92,100.0,0.0,0.0,0.0,435.15,0.98,169.0,1010.18,
2013,8,16,2,25.92,100.0,0.0,0.0,0.0,431.38,1.01,146.0,1010.31,
2013,8,16,3,25.93,100.0,0.0,0.0,0.0,427.62,1.03,124.0,1010.45,
2013,8,16,4,25.94,100.0,0.0,0.0,0.0,423.85,1.06,102.0,1010.58,
2013,8,16,5,26.61,100.0,0.0,0.0,0.0,424.67,1.03,99.0,1011.01,
2013,8,16,6,27.29,100.0,27.0,140.19,19.0,425.48,1.01,96.0,1011.45,
2013,8,16,7,27.96,100.0,220.0,525.21,68.0,426.3,0.98,94.0,1011.88,
2013,8,16,8,28.81,91.58,446.0,696.46,92.0,423.9,1.06,135.0,1011.51,
2013,8,16,9,29.66,83.15,655.0,784.22,107.0,421.5,1.14,176.0,1011.15,
2013,8,16,10,30.51,74.73,823.0,832.62,117.0,419.1,1.23,217.0,1010.78,
2013,8,16,11,30.58,72.9,935.0,858.77,123.0,420.23,1.66,228.0,1009.95,
2013,8,16,12,30.66,71.08,981.0,869.05,125.0,421.37,2.1,239.0,1009.12,
2013,8,16,13,30.73,69.25,956.0,863.46,124.0,422.5,2.54,250.0,1008.29,
2013,8,16,14,30.53,74.78,864.0,843.97,119.0,424.88,2.78,259.0,1008.09,
2013,8,16,15,30.33,80.31,711.0,802.13,111.0,427.27,3.02,267.0,1007.89,
2013,8,16,16,30.13,85.84,511.0,728.15,97.0,429.65,3.26,276.0,1007.69,
2013,8,16,17,29.38,90.56,286.0,593.19,76.0,427.98,2.7,294.0,1007.99,
2013,8,16,18,28.64,95.28,73.0,291.02,37.0,426.32,2.15,313.0,1008.29,
2013,8,16,19,27.9,100.0,0.0,0.0,0.0,424.65,1.6,331.0,1008.58,
2013,8,16,20,27.64,100.0,0.0,0.0,0.0,429.08,1.26,341.0,1008.95,
2013,8,16,21,27.38,100.0,0.0,0.0,0.0,433.52,0.93,352.0,1009.32,
2013,8,16,22,27.11,100.0,0.0,0.0,0.0,437.95,0.59,2.0,1009.68,
2013,8,16,23,26.85,100.0,0.0,0.0,0.0,439.0,0.65,37.0,1009.68,
2013,8,17,0,26.58,100.0,0.0,0.0,0.0,440.05,0.7,73.0,1009.68,
2013,8,17,1,26.31,100.0,0.0,0.0,0.0,441.1,0.76,108.0,1009.68,
2013,8,17,2,26.38,100.0,0.0,0.0,0.0,440.17,0.99,102.0,1009.95,
2013,8,17,3,26.46,100.0,0.0,0.0,0.0,439.23,1.23,96.0,1010.21,
2013,8,17,4,26.54,100.0,0.0,0.0,0.0,438.3,1.46,89.0,1010.48,
2013,8,17,5,27.07,99.64,0.0,0.0,0.0,433.33,1.52,92.0,1011.28,
2013,8,17,6,27.61,99.27,26.0,125.55,19.0,428.37,1.58,95.0,1012.08,
2013,8,17,7,28.14,98.91,74.0,0.0,74.0,423.4,1.64,98.0,1012.88,
2013,8,17,8,29.0,89.79,447.0,699.55,92.0,421.62,1.73,137.0,1012.51,
2013,8,17,9,29.86,80.67,658.0,789.29,107.0,419.83,1.83,176.0,1012.14,
2013,8,17,10,30.71,71.55,827.0,838.0,117.0,418.05,1.92,215.0,1011.78,
2013,8,17,11,30.68,70.31,939.0,863.68,123.0,419.88,2.31,225.0,1010.88,
2013,8,17,12,30.66,69.07,985.0,873.93,125.0,421.72,2.7,236.0,1009.98,
2013,8,17,13,30.63,67.83,960.0,868.68,124.0,423.55,3.09,247.0,1009.08,
2013,8,17,14,30.35,74.11,866.0,847.68,119.0,425.85,2.8,252.0,1009.02,
2013,8,17,15,30.08,80.4,711.0,805.48,110.0,428.15,2.5,257.0,1008.95,
2013,8,17,16,29.81,86.68,510.0,729.27,97.0,430.45,2.21,262.0,1008.88,
2013,8,17,17,28.95,91.12,242.0,352.95,118.0,426.65,1.99,274.0,1009.38,
2013,8,17,18,28.09,95.56,1.0,0.0,1.0,422.85,1.77,285.0,1009.88,
2013,8,17,19,27.23,100.0,0.0,0.0,0.0,419.05,1.56,297.0,1010.38,
2013,8,17,20,26.96,100.0,0.0,0.0,0.0,424.77,1.36,294.0,1010.91,
2013,8,17,21,26.69,100.0,0.0,0.0,0.0,430.48,1.16,291.0,1011.45,
2013,8,17,22,26.41,100.0,0.0,0.0,0.0,436.2,0.97,289.0,1011.98,
2013,8,17,23,26.19,100.0,0.0,0.0,0.0,438.15,1.21,260.0,1011.81,
2013,8,18,0,25.96,100.0,0.0,0.0,0.0,440.1,1.45,230.0,1011.65,
2013,8,18,1,25.73,100.0,0.0,0.0,0.0,442.05,1.7,201.0,1011.48,
2013,8,18,2,25.77,100.0,0.0,0.0,0.0,439.85,1.51,157.0,1011.45,
2013,8,18,3,25.81,100.0,0.0,0.0,0.0,437.65,1.33,113.0,1011.41,
2013,8,18,4,25.85,100.0,0.0,0.0,0.0,435.45,1.14,69.0,1011.38,
2013,8,18,5,26.42,100.0,0.0,0.0,0.0,432.8,1.05,71.0,1011.68,
2013,8,18,6,26.99,100.0,13.0,0.0,13.0,430.15,0.96,73.0,1011.98,
2013,8,18,7,27.56,100.0,109.0,24.36,102.0,427.5,0.87,75.0,1012.28,
2013,8,18,8,28.22,93.06,393.0,436.19,172.0,426.1,1.06,123.0,1011.91,
2013,8,18,9,28.89,86.12,545.0,367.08,289.0,424.7,1.26,171.0,1011.55,
2013,8,18,10,29.55,79.18,668.0,333.11,386.0,423.3,1.45,219.0,1011.18,
2013,8,18,11,29.6,78.39,947.0,872.87,123.0,420.85,1.18,231.0,1010.25,
2013,8,18,12,29.66,77.59,992.0,881.91,125.0,418.4,0.91,242.0,1009.32,
2013,8,18,13,29.71,76.8,964.0,875.0,123.0,415.95,0.63,253.0,1008.38,
2013,8,18,14,29.59,82.46,867.0,851.46,118.0,418.58,0.89,256.0,1008.19,
2013,8,18,15,29.47,88.13,709.0,804.88,110.0,421.22,1.15,258.0,1007.99,
2013,8,18,16,29.36,93.79,392.0,278.37,235.0,423.85,1.41,261.0,1007.79,
2013,8,18,17,28.81,95.86,281.0,591.0,75.0,427.7,1.19,266.0,1008.19,
2013,8,18,18,28.27,97.93,38.0,0.0,38.0,431.55,0.97,270.0,1008.58,
2013,8,18,19,27.73,100.0,0.0,0.0,0.0,435.4,0.74,275.0,1008.98,
2013,8,18,20,27.46,100.0,0.0,0.0,0.0,436.75,0.87,272.0,1009.35,
2013,8,18,21,27.2,100.0,0.0,0.0,0.0,438.1,0.99,268.0,1009.72,
2013,8,18,22,26.93,100.0,0.0,0.0,0.0,439.45,1.12,264.0,1010.08,
2013,8,18,23,26.7,100.0,0.0,0.0,0.0,439.55,1.15,249.0,1009.78,
2013,8,19,0,26.46,100.0,0.0,0.0,0.0,439.65,1.19,234.0,1009.48,
2013,8,19,1,26.23,100.0,0.0,0.0,0.0,439.75,1.23,218.0,1009.18,
2013,8,19,2,26.16,100.0,0.0,0.0,0.0,438.77,1.45,166.0,1009.12,
2013,8,19,3,26.1,100.0,0.0,0.0,0.0,437.78,1.68,114.0,1009.05,
2013,8,19,4,26.04,100.0,0.0,0.0,0.0,436.8,1.9,62.0,1008.98,
2013,8,19,5,26.34,100.0,0.0,0.0,0.0,433.7,2.13,70.0,1009.62,
2013,8,19,6,26.65,100.0,25.0,131.66,18.0,430.6,2.36,78.0,1010.25,
2013,8,19,7,26.95,100.0,220.0,534.31,67.0,427.5,2.59,87.0,1010.88,
2013,8,19,8,27.4,94.61,111.0,0.0,111.0,429.9,2.84,116.0,1010.71,
2013,8,19,9,27.85,89.23,164.0,1.44,163.0,432.3,3.09,145.0,1010.55,
2013,8,19,10,28.3,83.84,832.0,846.49,116.0,434.7,3.34,174.0,1010.38,
2013,8,19,11,28.54,85.28,449.0,42.41,409.0,436.52,3.32,190.0,1009.75,
2013,8,19,12,28.78,86.72,991.0,882.82,124.0,438.33,3.31,207.0,1009.12,
2013,8,19,13,29.02,88.16,964.0,876.16,123.0,440.15,3.3,223.0,1008.48,
2013,8,19,14,28.99,91.37,868.0,854.17,118.0,441.05,2.8,229.0,1008.52,
2013,8,19,15,28.97,94.58,712.0,812.43,109.0,441.95,2.29,236.0,1008.55,
2013,8,19,16,28.95,97.79,508.0,733.6,96.0,442.85,1.79,242.0,1008.58,
2013,8,19,17,28.44,98.53,277.0,569.8,80.0,439.77,1.6,245.0,1009.02,
2013,8,19,18,27.93,99.26,65.0,244.73,37.0,436.68,1.41,249.0,1009.45,
2013,8,19,19,27.42,100.0,0.0,0.0,0.0,433.6,1.21,253.0,1009.88,
2013,8,19,20,27.17,100.0,0.0,0.0,0.0,435.08,1.5,242.0,1010.35,
2013,8,19,21,26.93,100.0,0.0,0.0,0.0,436.57,1.79,232.0,1010.81,
2013,8,19,22,26.68,100.0,0.0,0.0,0.0,438.05,2.08,221.0,1011.28,
2013,8,19,23,26.4,100.0,0.0,0.0,0.0,437.75,2.15,222.0,1011.11,
2013,8,20,0,26.11,100.0,0.0,0.0,0.0,437.45,2.21,223.0,1010.95,
2013,8,20,1,25.82,100.0,0.0,0.0,0.0,437.15,2.28,224.0,1010.78,
2013,8,20,2,25.8,100.0,0.0,0.0,0.0,436.2,1.92,176.0,1010.81,
2013,8,20,3,25.78,100.0,0.0,0.0,0.0,435.25,1.57,128.0,1010.85,
2013,8,20,4,25.76,100.0,0.0,0.0,0.0,434.3,1.21,81.0,1010.88,
2013,8,20,5,26.13,100.0,0.0,0.0,0.0,436.75,1.26,88.0,1011.61,
2013,8,20,6,26.49,100.0,12.0,0.0,12.0,439.2,1.31,95.0,1012.34,
2013,8,20,7,26.86,100.0,97.0,3.5,96.0,441.65,1.37,103.0,1013.08,
2013,8,20,8,27.77,96.31,387.0,419.78,175.0,435.47,1.35,95.0,1012.94,
2013,8,20,9,28.68,92.61,651.0,770.17,115.0,429.28,1.34,88.0,1012.81,
2013,8,20,10,29.59,88.92,820.0,821.19,126.0,423.1,1.32,81.0,1012.68,
2013,8,20,11,29.65,83.57,932.0,848.94,132.0,422.05,1.81,137.0,1011.68,
2013,8,20,12,29.7,78.22,978.0,860.32,134.0,421.0,2.3,194.0,1010.68,
2013,8,20,13,29.76,72.87,952.0,854.43,133.0,419.95,2.79,251.0,1009.68,
2013,8,20,14,29.6,77.08,858.0,832.98,128.0,419.67,2.37,256.0,1009.38,
2013,8,20,15,29.45,81.3,703.0,790.37,118.0,419.38,1.96,261.0,1009.08,
2013,8,20,16,29.3,85.51,501.0,709.99,104.0,419.1,1.54,266.0,1008.78,
2013,8,20,17,28.71,90.34,275.0,571.69,79.0,420.87,1.59,266.0,1009.48,
2013,8,20,18,28.13,95.17,63.0,242.83,36.0,422.63,1.63,266.0,1010.18,
2013,8,20,19,27.55,100.0,0.0,0.0,0.0,424.4,1.67,266.0,1010.88,
2013,8,20,20,27.28,100.0,0.0,0.0,0.0,424.72,1.14,293.0,1011.41,
2013,8,20,21,27.01,100.0,0.0,0.0,0.0,425.03,0.6,320.0,1011.94,
2013,8,20,22,26.73,100.0,0.0,0.0,0.0,425.35,0.07,347.0,1012.48,
2013,8,20,23,26.51,100.0,0.0,0.0,0.0,426.17,0.66,6.0,1012.24,
2013,8,21,0,26.28,100.0,0.0,0.0,0.0,426.98,1.26,24.0,1012.01,
2013,8,21,1,26.06,100.0,0.0,0.0,0.0,427.8,1.85,43.0,1011.78,
2013,8,21,2,25.85,100.0,0.0,0.0,0.0,427.95,1.88,43.0,1011.51,
2013,8,21,3,25.65,100.0,0.0,0.0,0.0,428.1,1.9,44.0,1011.25,
2013,8,21,4,25.45,100.0,0.0,0.0,0.0,428.25,1.93,44.0,1010.98,
2013,8,21,5,26.14,100.0,0.0,0.0,0.0,426.67,1.92,39.0,1011.38,
2013,8,21,6,26.83,100.0,12.0,0.0,12.0,425.08,1.91,33.0,1011.78,
2013,8,21,7,27.52,100.0,117.0,42.2,105.0,423.5,1.9,28.0,1012.18,
2013,8,21,8,28.43,93.66,441.0,682.26,97.0,423.55,1.84,338.0,1011.98,
2013,8,21,9,29.34,87.32,651.0,772.43,114.0,423.6,1.78,288.0,1011.78,
2013,8,21,10,30.25,80.98,819.0,823.11,124.0,423.65,1.72,238.0,1011.58,
2013,8,21,11,30.24,83.02,930.0,849.73,130.0,425.75,1.57,244.0,1011.11,
2013,8,21,12,30.24,85.05,975.0,859.24,133.0,427.85,1.41,249.0,1010.65,
2013,8,21,13,30.23,87.09,948.0,853.58,131.0,429.95,1.26,255.0,1010.18,
2013,8,21,14,30.04,91.39,853.0,831.21,126.0,432.03,1.3,267.0,1010.02,
2013,8,21,15,29.85,95.7,610.0,448.49,279.0,434.12,1.35,279.0,1009.85,
2013,8,21,16,29.67,100.0,369.0,235.34,238.0,436.2,1.39,291.0,1009.68,
2013,8,21,17,28.93,100.0,131.0,23.54,123.0,436.47,1.48,241.0,1009.88,
2013,8,21,18,28.19,100.0,29.0,0.0,29.0,436.73,1.56,192.0,1010.08,
2013,8,21,19,27.46,100.0,0.0,0.0,0.0,437.0,1.64,142.0,1010.28,
2013,8,21,20,27.12,100.0,0.0,0.0,0.0,437.17,1.52,150.0,1010.75,
2013,8,21,21,26.78,100.0,0.0,0.0,0.0,437.33,1.39,158.0,1011.21,
2013,8,21,22,26.43,100.0,0.0,0.0,0.0,437.5,1.27,166.0,1011.68,
2013,8,21,23,26.07,100.0,0.0,0.0,0.0,435.47,1.19,222.0,1011.25,
2013,8,22,0,25.7,100.0,0.0,0.0,0.0,433.43,1.1,278.0,1010.81,
2013,8,22,1,25.34,100.0,0.0,0.0,0.0,431.4,1.02,334.0,1010.38,
2013,8,22,2,25.29,100.0,0.0,0.0,0.0,431.83,1.1,30.0,1010.18,
2013,8,22,3,25.25,100.0,0.0,0.0,0.0,432.27,1.19,86.0,1009.98,
2013,8,22,4,25.21,100.0,0.0,0.0,0.0,432.7,1.27,142.0,1009.78,
2013,8,22,5,25.8,100.0,0.0,0.0,0.0,433.47,1.29,131.0,1010.15,
2013,8,22,6,26.4,100.0,12.0,0.0,12.0,434.23,1.31,119.0,1010.51,
2013,8,22,7,26.99,100.0,61.0,0.0,61.0,435.0,1.34,108.0,1010.88,
2013,8,22,8,27.8,97.49,136.0,0.0,136.0,434.47,1.7,130.0,1010.95,
2013,8,22,9,28.61,94.97,528.0,332.63,297.0,433.93,2.06,153.0,1011.01,
2013,8,22,10,29.42,92.46,702.0,424.39,344.0,433.4,2.41,175.0,1011.08,
2013,8,22,11,29.57,94.91,359.0,21.26,339.0,437.67,2.21,189.0,1010.81,
2013,8,22,12,29.73,97.35,439.0,33.71,406.0,441.93,2.0,202.0,1010.55,
2013,8,22,13,29.88,99.8,334.0,17.79,317.0,446.2,1.79,215.0,1010.28,
2013,8,22,14,29.52,99.87,298.0,16.04,284.0,445.15,1.24,213.0,1010.12,
2013,8,22,15,29.17,99.93,320.0,33.97,295.0,444.1,0.68,211.0,1009.95,
2013,8,22,16,28.82,100.0,493.0,707.5,101.0,443.05,0.12,209.0,1009.78,
2013,8,22,17,28.24,100.0,270.0,584.79,73.0,443.45,0.43,230.0,1009.95,
2013,8,22,18,27.66,100.0,47.0,114.76,35.0,443.85,0.74,250.0,1010.12,
2013,8,22,19,27.08,100.0,0.0,0.0,0.0,444.25,1.05,271.0,1010.28,
2013,8,22,20,26.81,100.0,0.0,0.0,0.0,443.75,1.14,251.0,1010.51,
2013,8,22,21,26.54,100.0,0.0,0.0,0.0,443.25,1.24,231.0,1010.75,
2013,8,22,22,26.27,100.0,0.0,0.0,0.0,442.75,1.34,211.0,1010.98,
2013,8,22,23,26.0,100.0,0.0,0.0,0.0,440.07,1.31,223.0,1010.58,
2013,8,23,0,25.73,100.0,0.0,0.0,0.0,437.38,1.27,234.0,1010.18,
2013,8,23,1,25.46,100.0,0.0,0.0,0.0,434.7,1.24,246.0,1009.78,
2013,8,23,2,25.47,100.0,0.0,0.0,0.0,433.9,1.3,198.0,1009.65,
2013,8,23,3,25.48,100.0,0.0,0.0,0.0,433.1,1.35,150.0,1009.52,
2013,8,23,4,25.49,100.0,0.0,0.0,0.0,432.3,1.41,103.0,1009.38,
2013,8,23,5,26.1,100.0,0.0,0.0,0.0,431.5,1.02,105.0,1010.05,
2013,8,23,6,26.71,100.0,7.0,0.0,7.0,430.7,0.63,106.0,1010.71,
2013,8,23,7,27.32,100.0,99.0,10.62,96.0,429.9,0.23,108.0,1011.38,
2013,8,23,8,28.19,94.84,330.0,242.76,208.0,429.75,0.51,136.0,1011.41,
2013,8,23,9,29.06,89.69,456.0,193.17,322.0,429.6,0.78,164.0,1011.45,
2013,8,23,10,29.92,84.53,675.0,352.41,378.0,429.45,1.05,192.0,1011.48,
2013,8,23,11,29.91,86.86,541.0,87.27,459.0,429.28,1.28,199.0,1010.98,
2013,8,23,12,29.9,89.2,536.0,69.56,468.0,429.12,1.51,206.0,1010.48,
2013,8,23,13,29.89,91.53,569.0,99.56,474.0,428.95,1.74,214.0,1009.98,
2013,8,23,14,29.68,94.33,752.0,466.14,346.0,431.53,1.5,224.0,1009.82,
2013,8,23,15,29.48,97.14,542.0,287.62,331.0,434.12,1.26,235.0,1009.65,
2013,8,23,16,29.28,99.94,142.0,0.0,142.0,436.7,1.02,246.0,1009.48,
2013,8,23,17,28.63,99.96,55.0,0.0,55.0,438.37,0.93,199.0,1009.82,
2013,8,23,18,27.98,99.98,12.0,0.0,12.0,440.03,0.85,152.0,1010.15,
2013,8,23,19,27.34,100.0,0.0,0.0,0.0,441.7,0.76,104.0,1010.48,
2013,8,23,20,27.05,100.0,0.0,0.0,0.0,442.87,0.73,109.0,1010.88,
2013,8,23,21,26.76,100.0,0.0,0.0,0.0,444.03,0.69,113.0,1011.28,
2013,8,23,22,26.47,100.0,0.0,0.0,0.0,445.2,0.66,117.0,1011.68,
2013,8,23,23,26.16,100.0,0.0,0.0,0.0,444.43,0.83,102.0,1011.51,
2013,8,24,0,25.84,100.0,0.0,0.0,0.0,443.67,1.0,87.0,1011.35,
2013,8,24,1,25.52,100.0,0.0,0.0,0.0,442.9,1.17,72.0,1011.18,
2013,8,24,2,25.46,100.0,0.0,0.0,0.0,440.02,1.15,66.0,1010.91,
2013,8,24,3,25.41,100.0,0.0,0.0,0.0,437.13,1.13,59.0,1010.65,
2013,8,24,4,25.36,100.0,0.0,0.0,0.0,434.25,1.1,52.0,1010.38,
2013,8,24,5,25.97,100.0,0.0,0.0,0.0,434.57,1.03,60.0,1011.11,
2013,8,24,6,26.59,100.0,5.0,0.0,5.0,434.88,0.96,68.0,1011.85,
2013,8,24,7,27.2,100.0,56.0,0.0,56.0,435.2,0.88,76.0,1012.58,
2013,8,24,8,28.16,92.9,163.0,5.98,160.0,434.78,1.26,124.0,1012.21,
2013,8,24,9,29.12,85.79,652.0,790.86,104.0,434.37,1.63,171.0,1011.85,
2013,8,24,10,30.07,78.69,820.0,838.54,114.0,433.95,2.0,218.0,1011.48,
2013,8,24,11,30.21,80.93,369.0,23.44,347.0,430.65,2.16,230.0,1011.08,
2013,8,24,12,30.35,83.17,768.0,294.96,480.0,427.35,2.32,242.0,1010.68,
2013,8,24,13,30.49,85.41,805.0,412.53,412.0,424.05,2.48,254.0,1010.28,
2013,8,24,14,30.35,89.21,694.0,340.6,398.0,426.37,2.55,262.0,1010.25,
2013,8,24,15,30.21,93.02,478.0,180.51,346.0,428.68,2.62,269.0,1010.21,
2013,8,24,16,30.07,96.82,97.0,0.0,97.0,431.0,2.69,277.0,1010.18,
2013,8,24,17,29.44,97.88,163.0,99.8,130.0,433.05,2.37,294.0,1010.28,
2013,8,24,18,28.82,98.94,55.0,255.84,30.0,435.1,2.05,311.0,1010.38,
2013,8,24,19,28.2,100.0,0.0,0.0,0.0,437.15,1.72,328.0,1010.48,
2013,8,24,20,27.89,100.0,0.0,0.0,0.0,434.43,1.69,327.0,1010.58,
2013,8,24,21,27.59,100.0,0.0,0.0,0.0,431.72,1.66,325.0,1010.68,
2013,8,24,22,27.28,100.0,0.0,0.0,0.0,429.0,1.63,323.0,1010.78,
2013,8,24,23,27.03,100.0,0.0,0.0,0.0,429.02,1.58,341.0,1010.55,
2013,8,25,0,26.78,100.0,0.0,0.0,0.0,429.03,1.54,359.0,1010.31,
2013,8,25,1,26.53,100.0,0.0,0.0,0.0,429.05,1.49,17.0,1010.08,
2013,8,25,2,26.5,100.0,0.0,0.0,0.0,431.18,1.39,26.0,1009.78,
2013,8,25,3,26.48,100.0,0.0,0.0,0.0,433.32,1.29,34.0,1009.48,
2013,8,25,4,26.46,100.0,0.0,0.0,0.0,435.45,1.19,43.0,1009.18,
2013,8,25,5,27.04,100.0,0.0,0.0,0.0,430.9,1.27,43.0,1009.62,
2013,8,25,6,27.62,100.0,21.0,0.0,21.0,426.35,1.36,43.0,1010.05,
2013,8,25,7,28.2,100.0,212.0,527.8,64.0,421.8,1.45,42.0,1010.48,
2013,8,25,8,29.11,91.13,439.0,700.75,88.0,421.05,1.69,57.0,1009.88,
2013,8,25,9,30.02,82.26,649.0,790.32,102.0,420.3,1.93,72.0,1009.28,
2013,8,25,10,30.93,73.39,687.0,385.22,363.0,419.55,2.17,86.0,1008.68,
2013,8,25,11,30.89,72.01,771.0,372.23,422.0,420.47,2.57,26.0,1007.75,
2013,8,25,12,30.86,70.62,835.0,537.37,311.0,421.38,2.97,326.0,1006.82,
2013,8,25,13,30.82,69.24,945.0,869.55,118.0,422.3,3.37,266.0,1005.89,
2013,8,25,14,30.57,75.64,848.0,847.67,113.0,424.73,3.38,274.0,1005.79,
2013,8,25,15,30.32,82.04,570.0,355.33,311.0,427.17,3.4,282.0,1005.69,
2013,8,25,16,30.07,88.44,488.0,727.19,91.0,429.6,3.42,291.0,1005.59,
2013,8,25,17,29.41,92.29,251.0,503.89,86.0,430.75,2.69,314.0,1006.02,
2013,8,25,18,28.76,96.15,41.0,106.14,31.0,431.9,1.95,338.0,1006.46,
2013,8,25,19,28.11,100.0,0.0,0.0,0.0,433.05,1.21,2.0,1006.89,
2013,8,25,20,27.82,100.0,0.0,0.0,0.0,434.05,0.85,44.0,1007.32,
2013,8,25,21,27.53,100.0,0.0,0.0,0.0,435.05,0.49,87.0,1007.75,
2013,8,25,22,27.24,100.0,0.0,0.0,0.0,436.05,0.12,130.0,1008.19,
2013,8,25,23,26.93,100.0,0.0,0.0,0.0,434.82,0.47,120.0,1008.15,
2013,8,26,0,26.62,100.0,0.0,0.0,0.0,433.58,0.81,110.0,1008.12,
2013,8,26,1,26.31,100.0,0.0,0.0,0.0,432.35,1.16,100.0,1008.09,
2013,8,26,2,26.17,100.0,0.0,0.0,0.0,431.23,1.19,90.0,1007.95,
2013,8,26,3,26.04,100.0,0.0,0.0,0.0,430.12,1.22,79.0,1007.82,
2013,8,26,4,25.91,100.0,0.0,0.0,0.0,429.0,1.26,68.0,1007.69,
2013,8,26,5,26.38,100.0,0.0,0.0,0.0,428.8,1.47,83.0,1008.25,
2013,8,26,6,26.85,100.0,11.0,0.0,11.0,428.6,1.68,98.0,1008.82,
2013,8,26,7,27.32,100.0,147.0,150.3,105.0,428.4,1.89,113.0,1009.38,
2013,8,26,8,27.85,96.66,193.0,22.0,182.0,429.85,1.72,131.0,1009.42,
2013,8,26,9,28.39,93.31,333.0,53.52,296.0,431.3,1.55,150.0,1009.45,
2013,8,26,10,28.92,89.97,317.0,21.42,299.0,432.75,1.38,168.0,1009.48,
2013,8,26,11,28.88,90.45,317.0,17.08,301.0,435.32,1.71,182.0,1009.18,
2013,8,26,12,28.84,90.92,608.0,117.07,494.0,437.88,2.04,196.0,1008.88,
2013,8,26,13,28.8,91.4,545.0,85.32,464.0,440.45,2.37,211.0,1008.58,
2013,8,26,14,28.39,94.27,503.0,98.26,418.0,439.02,2.11,213.0,1008.75,
2013,8,26,15,27.98,97.13,524.0,264.29,332.0,437.58,1.84,216.0,1008.92,
2013,8,26,16,27.57,100.0,316.0,145.46,237.0,436.15,1.57,219.0,1009.08,
2013,8,26,17,27.18,100.0,177.0,157.31,126.0,439.85,1.4,209.0,1009.25,
2013,8,26,18,26.79,100.0,28.0,0.0,28.0,443.55,1.23,199.0,1009.42,
2013,8,26,19,26.41,100.0,0.0,0.0,0.0,447.25,1.06,189.0,1009.58,
2013,8,26,20,26.11,100.0,0.0,0.0,0.0,446.9,0.91,189.0,1009.88,
2013,8,26,21,25.81,100.0,0.0,0.0,0.0,446.55,0.76,189.0,1010.18,
2013,8,26,22,25.51,100.0,0.0,0.0,0.0,446.2,0.61,189.0,1010.48,
2013,8,26,23,25.18,100.0,0.0,0.0,0.0,443.82,0.92,189.0,1010.28,
2013,8,27,0,24.85,100.0,0.0,0.0,0.0,441.43,1.23,189.0,1010.08,
2013,8,27,1,24.52,100.0,0.0,0.0,0.0,439.05,1.54,189.0,1009.88,
2013,8,27,2,24.45,100.0,0.0,0.0,0.0,435.1,1.8,182.0,1009.82,
2013,8,27,3,24.39,100.0,0.0,0.0,0.0,431.15,2.05,175.0,1009.75,
2013,8,27,4,24.33,100.0,0.0,0.0,0.0,427.2,2.3,168.0,1009.68,
2013,8,27,5,25.08,100.0,0.0,0.0,0.0,423.82,2.63,147.0,1010.25,
2013,8,27,6,25.84,100.0,6.0,0.0,6.0,420.43,2.97,127.0,1010.81,
2013,8,27,7,26.59,100.0,67.0,0.0,67.0,417.05,3.3,106.0,1011.38,
2013,8,27,8,27.62,95.9,347.0,298.48,198.0,418.85,2.85,134.0,1011.65,
2013,8,27,9,28.66,91.79,650.0,797.99,99.0,420.65,2.4,161.0,1011.91,
2013,8,27,10,29.69,87.69,544.0,154.89,414.0,422.45,1.96,188.0,1012.18,
2013,8,27,11,29.83,87.58,777.0,391.26,411.0,421.33,2.22,197.0,1011.88,
2013,8,27,12,29.96,87.47,670.0,174.82,500.0,420.22,2.48,206.0,1011.58,
2013,8,27,13,30.1,87.36,568.0,102.35,471.0,419.1,2.74,215.0,1011.28,
2013,8,27,14,29.86,91.57,589.0,186.57,428.0,422.27,2.34,213.0,1011.48,
2013,8,27,15,29.63,95.79,340.0,46.96,306.0,425.43,1.94,210.0,1011.68,
2013,8,27,16,29.4,100.0,81.0,0.0,81.0,428.6,1.54,207.0,1011.88,
2013,8,27,17,28.61,100.0,109.0,3.12,108.0,429.57,1.41,179.0,1012.18,
2013,8,27,18,27.83,100.0,18.0,0.0,18.0,430.53,1.28,151.0,1012.48,
2013,8,27,19,27.05,100.0,0.0,0.0,0.0,431.5,1.14,123.0,1012.78,
2013,8,27,20,26.84,100.0,0.0,0.0,0.0,430.27,1.1,118.0,1013.08,
2013,8,27,21,26.63,100.0,0.0,0.0,0.0,429.03,1.06,114.0,1013.38,
2013,8,27,22,26.41,100.0,0.0,0.0,0.0,427.8,1.02,109.0,1013.67,
2013,8,27,23,26.12,100.0,0.0,0.0,0.0,428.0,0.95,121.0,1013.58,
2013,8,28,0,25.82,100.0,0.0,0.0,0.0,428.2,0.87,133.0,1013.48,
2013,8,28,1,25.53,100.0,0.0,0.0,0.0,428.4,0.8,144.0,1013.38,
2013,8,28,2,25.35,100.0,0.0,0.0,0.0,426.97,0.8,122.0,1013.24,
2013,8,28,3,25.17,100.0,0.0,0.0,0.0,425.53,0.81,99.0,1013.11,
2013,8,28,4,25.0,100.0,0.0,0.0,0.0,424.1,0.81,76.0,1012.98,
2013,8,28,5,25.48,100.0,0.0,0.0,0.0,424.5,1.11,86.0,1013.48,
2013,8,28,6,25.97,100.0,13.0,0.0,13.0,424.9,1.4,95.0,1013.97,
2013,8,28,7,26.45,100.0,100.0,14.41,96.0,425.3,1.7,104.0,1014.47,
2013,8,28,8,27.3,96.35,356.0,331.1,191.0,423.82,1.69,124.0,1014.44,
2013,8,28,9,28.15,92.7,654.0,816.37,91.0,422.33,1.69,144.0,1014.41,
2013,8,28,10,28.99,89.05,822.0,862.42,99.0,420.85,1.68,164.0,1014.37,
2013,8,28,11,29.0,91.45,933.0,887.29,104.0,421.93,1.31,179.0,1013.87,
2013,8,28,12,29.01,93.84,976.0,895.98,106.0,423.02,0.95,195.0,1013.38,
2013,8,28,13,29.02,96.24,947.0,890.13,105.0,424.1,0.58,211.0,1012.88,
2013,8,28,14,28.93,97.49,850.0,870.12,101.0,426.7,1.09,230.0,1012.81,
2013,8,28,15,28.84,98.75,326.0,40.2,297.0,429.3,1.6,250.0,1012.74,
2013,8,28,16,28.76,100.0,398.0,359.24,205.0,431.9,2.11,269.0,1012.68,
2013,8,28,17,28.05,100.0,257.0,614.16,62.0,435.72,1.91,266.0,1012.64,
2013,8,28,18,27.34,100.0,36.0,107.93,27.0,439.53,1.71,263.0,1012.61,
2013,8,28,19,26.64,100.0,0.0,0.0,0.0,443.35,1.52,260.0,1012.58,
2013,8,28,20,26.33,100.0,0.0,0.0,0.0,442.72,1.47,221.0,1012.84,
2013,8,28,21,26.03,100.0,0.0,0.0,0.0,442.08,1.42,182.0,1013.11,
2013,8,28,22,25.72,100.0,0.0,0.0,0.0,441.45,1.37,143.0,1013.38,
2013,8,28,23,25.34,100.0,0.0,0.0,0.0,439.5,1.36,130.0,1013.14,
2013,8,29,0,24.95,100.0,0.0,0.0,0.0,437.55,1.35,118.0,1012.91,
2013,8,29,1,24.56,100.0,0.0,0.0,0.0,435.6,1.34,105.0,1012.68,
2013,8,29,2,24.55,100.0,0.0,0.0,0.0,434.67,0.97,98.0,1012.48,
2013,8,29,3,24.54,100.0,0.0,0.0,0.0,433.73,0.59,91.0,1012.28,
2013,8,29,4,24.53,100.0,0.0,0.0,0.0,432.8,0.22,84.0,1012.08,
2013,8,29,5,25.24,100.0,0.0,0.0,0.0,426.52,0.46,71.0,1012.44,
2013,8,29,6,25.96,100.0,20.0,0.0,20.0,420.23,0.7,58.0,1012.81,
2013,8,29,7,26.67,100.0,214.0,567.77,57.0,413.95,0.94,45.0,1013.18,
2013,8,29,8,27.59,93.23,444.0,737.72,77.0,412.47,1.25,350.0,1012.94,
2013,8,29,9,28.51,86.47,656.0,821.75,90.0,410.98,1.56,294.0,1012.71,
2013,8,29,10,29.42,79.7,825.0,868.2,98.0,409.5,1.88,239.0,1012.48,
2013,8,29,11,29.48,84.41,820.0,458.67,392.0,412.3,2.13,249.0,1012.08,
2013,8,29,12,29.54,89.13,785.0,326.96,468.0,415.1,2.38,259.0,1011.68,
2013,8,29,13,29.6,93.84,785.0,388.72,418.0,417.9,2.63,269.0,1011.28,
2013,8,29,14,29.46,95.89,851.0,875.86,99.0,422.03,2.82,279.0,1011.15,
2013,8,29,15,29.32,97.94,572.0,381.2,298.0,426.17,3.01,288.0,1011.01,
2013,8,29,16,29.19,99.99,485.0,758.1,80.0,430.3,3.2,298.0,1010.88,
2013,8,29,17,28.49,99.99,254.0,611.3,62.0,429.72,2.63,303.0,1011.31,
2013,8,29,18,27.8,100.0,45.0,250.99,25.0,429.13,2.05,307.0,1011.75,
2013,8,29,19,27.11,100.0,0.0,0.0,0.0,428.55,1.48,311.0,1012.18,
2013,8,29,20,26.78,100.0,0.0,0.0,0.0,432.4,1.42,293.0,1012.48,
2013,8,29,21,26.45,100.0,0.0,0.0,0.0,436.25,1.36,276.0,1012.78,
2013,8,29,22,26.12,100.0,0.0,0.0,0.0,440.1,1.3,258.0,1013.08,
2013,8,29,23,25.83,100.0,0.0,0.0,0.0,441.2,1.25,310.0,1012.94,
2013,8,30,0,25.53,100.0,0.0,0.0,0.0,442.3,1.2,2.0,1012.81,
2013,8,30,1,25.24,100.0,0.0,0.0,0.0,443.4,1.14,54.0,1012.68,
2013,8,30,2,25.19,100.0,0.0,0.0,0.0,439.65,1.17,57.0,1012.38,
2013,8,30,3,25.14,100.0,0.0,0.0,0.0,435.9,1.2,59.0,1012.08,
2013,8,30,4,25.09,100.0,0.0,0.0,0.0,432.15,1.23,62.0,1011.78,
2013,8,30,5,25.54,100.0,0.0,0.0,0.0,430.88,1.56,65.0,1012.08,
2013,8,30,6,25.99,100.0,9.0,0.0,9.0,429.62,1.89,68.0,1012.38,
2013,8,30,7,26.44,100.0,4.0,0.0,4.0,428.35,2.22,70.0,1012.68,
2013,8,30,8,27.22,95.9,52.0,0.0,52.0,427.78,1.9,122.0,1012.54,
2013,8,30,9,28.0,91.81,68.0,0.0,68.0,427.22,1.59,173.0,1012.41,
2013,8,30,10,28.78,87.71,134.0,0.0,134.0,426.65,1.27,225.0,1012.28,
2013,8,30,11,28.92,91.28,334.0,18.24,317.0,426.98,1.5,233.0,1011.88,
2013,8,30,12,29.06,94.85,409.0,27.89,382.0,427.32,1.74,242.0,1011.48,
2013,8,30,13,29.2,98.42,515.0,70.05,449.0,427.65,1.97,250.0,1011.08,
2013,8,30,14,28.98,98.95,498.0,98.1,414.0,431.08,2.01,275.0,1010.88,
2013,8,30,15,28.76,99.47,452.0,159.2,338.0,434.52,2.06,299.0,1010.68,
2013,8,30,16,28.55,100.0,477.0,745.54,81.0,437.95,2.1,323.0,1010.48,
2013,8,30,17,28.02,100.0,249.0,608.48,60.0,443.78,1.63,310.0,1010.55,
2013,8,30,18,27.5,100.0,42.0,250.21,23.0,449.62,1.17,296.0,1010.61,
2013,8,30,19,26.98,100.0,0.0,0.0,0.0,455.45,0.7,282.0,1010.68,
2013,8,30,20,26.42,100.0,0.0,0.0,0.0,455.82,0.64,279.0,1010.88,
2013,8,30,21,25.85,100.0,0.0,0.0,0.0,456.18,0.58,275.0,1011.08,
2013,8,30,22,25.29,100.0,0.0,0.0,0.0,456.55,0.52,272.0,1011.28,
2013,8,30,23,24.81,100.0,0.0,0.0,0.0,456.25,0.75,298.0,1010.98,
2013,8,31,0,24.33,100.0,0.0,0.0,0.0,455.95,0.97,324.0,1010.68,
2013,8,31,1,23.85,100.0,0.0,0.0,0.0,455.65,1.2,349.0,1010.38,
2013,8,31,2,23.77,100.0,0.0,0.0,0.0,455.58,1.03,6.0,1010.12,
2013,8,31,3,23.69,100.0,0.0,0.0,0.0,455.52,0.86,23.0,1009.85,
2013,8,31,4,23.62,100.0,0.0,0.0,0.0,455.45,0.69,40.0,1009.58,
2013,8,31,5,24.72,100.0,0.0,0.0,0.0,450.38,0.76,42.0,1010.18,
2013,8,31,6,25.83,100.0,0.0,0.0,0.0,445.32,0.83,44.0,1010.78,
2013,8,31,7,26.93,100.0,4.0,0.0,4.0,440.25,0.9,47.0,1011.38,
2013,8,31,8,27.75,97.13,29.0,0.0,29.0,440.95,0.93,8.0,1011.21,
2013,8,31,9,30.08,94.24,379.0,96.07,313.0,440.48,1.98,328.0,1011.05,
2013,8,31,10,29.81,94.75,608.0,244.22,404.0,440.07,1.96,289.0,1010.88,
2013,8,31,11,29.54,95.25,538.0,89.18,455.0,439.66,1.94,280.0,1010.15,
2013,8,31,12,29.26,95.76,725.0,245.23,488.0,439.25,1.92,270.0,1009.42,
2013,8,31,13,28.99,96.27,667.0,201.0,478.0,438.84,1.9,260.0,1008.68,
2013,8,31,14,28.71,96.78,542.0,139.35,423.0,438.43,1.88,262.0,1008.62,
2013,8,31,15,28.44,97.28,565.0,375.69,297.0,438.02,1.86,265.0,1008.55,
2013,8,31,16,28.16,97.79,476.0,751.86,79.0,437.61,1.84,267.0,1008.48,
2013,8,31,17,27.89,98.3,247.0,563.4,72.0,437.19,1.82,264.0,1005.09,
2013,8,31,18,27.61,98.81,42.0,210.7,26.0,436.78,1.79,274.0,1005.49,
2013,8,31,19,27.34,99.32,0.0,0.0,0.0,436.37,1.77,284.0,1005.89,
2013,8,31,20,27.06,99.82,0.0,0.0,0.0,435.96,1.75,227.0,1006.32,
2013,8,31,21,26.79,100.0,0.0,0.0,0.0,435.55,1.73,171.0,1006.75,
2013,8,31,22,26.51,100.0,0.0,0.0,0.0,435.14,1.71,114.0,1007.19,
2013,8,31,23,26.24,100.0,0.0,0.0,0.0,434.73,1.69,109.0,1006.99,
2008,9,1,0,25.97,100.0,0.0,0.0,0.0,434.32,1.67,104.0,1006.79,
2008,9,1,1,25.42,100.0,0.0,0.0,0.0,430.65,2.18,99.0,1006.59,
2008,9,1,2,25.27,100.0,0.0,0.0,0.0,429.75,1.93,91.0,1006.59,
2008,9,1,3,25.12,100.0,0.0,0.0,0.0,428.85,1.68,83.0,1006.59,
2008,9,1,4,24.97,100.0,0.0,0.0,0.0,427.95,1.43,74.0,1006.59,
2008,9,1,5,25.26,100.0,0.0,0.0,0.0,427.7,1.21,76.0,1007.12,
2008,9,1,6,25.54,100.0,1.0,0.0,1.0,427.45,0.98,77.0,1007.65,
2008,9,1,7,25.83,100.0,18.0,0.0,18.0,427.2,0.76,78.0,1008.19,
2008,9,1,8,26.7,99.81,84.0,0.0,84.0,426.65,1.08,119.0,1008.19,
2008,9,1,9,27.57,99.61,278.0,26.2,260.0,426.1,1.4,159.0,1008.19,
2008,9,1,10,28.44,99.42,537.0,148.45,413.0,425.55,1.72,200.0,1008.19,
2008,9,1,11,28.55,98.05,526.0,80.59,451.0,427.77,1.55,211.0,1007.65,
2008,9,1,12,28.67,96.68,726.0,244.19,490.0,429.98,1.37,223.0,1007.12,
2008,9,1,13,28.78,95.31,792.0,405.19,411.0,432.2,1.2,234.0,1006.59,
2008,9,1,14,28.6,96.87,634.0,256.45,415.0,435.22,1.57,247.0,1006.42,
2008,9,1,15,28.42,98.44,548.0,332.23,311.0,438.23,1.94,260.0,1006.26,
2008,9,1,16,28.24,100.0,472.0,713.98,95.0,441.25,2.32,273.0,1006.09,
2008,9,1,17,27.64,100.0,244.0,563.36,71.0,436.33,2.19,308.0,1005.96,
2008,9,1,18,27.05,100.0,39.0,194.05,25.0,431.42,2.06,343.0,1005.82,
2008,9,1,19,26.45,100.0,0.0,0.0,0.0,426.5,1.93,18.0,1005.69,
2008,9,1,20,26.28,100.0,0.0,0.0,0.0,426.4,1.76,18.0,1006.02,
2008,9,1,21,26.1,100.0,0.0,0.0,0.0,426.3,1.59,19.0,1006.36,
2008,9,1,22,25.93,100.0,0.0,0.0,0.0,426.2,1.42,20.0,1006.69,
2008,9,1,23,25.74,100.0,0.0,0.0,0.0,427.68,1.38,19.0,1006.52,
2008,9,2,0,25.55,100.0,0.0,0.0,0.0,429.17,1.35,17.0,1006.36,
2008,9,2,1,25.36,100.0,0.0,0.0,0.0,430.65,1.31,16.0,1006.19,
2008,9,2,2,25.28,100.0,0.0,0.0,0.0,431.78,1.05,26.0,1005.99,
2008,9,2,3,25.2,100.0,0.0,0.0,0.0,432.92,0.79,36.0,1005.79,
2008,9,2,4,25.13,100.0,0.0,0.0,0.0,434.05,0.52,46.0,1005.59,
2008,9,2,5,25.87,100.0,0.0,0.0,0.0,430.98,0.52,48.0,1005.99,
2008,9,2,6,26.62,100.0,14.0,0.0,14.0,427.92,0.51,50.0,1006.39,
2008,9,2,7,27.36,100.0,207.0,515.35,66.0,424.85,0.51,53.0,1006.79,
2008,9,2,8,28.25,97.33,436.0,697.23,91.0,424.95,0.89,107.0,1006.92,
2008,9,2,9,29.15,94.67,647.0,787.12,107.0,425.05,1.26,162.0,1007.05,
2008,9,2,10,30.04,92.0,815.0,836.67,117.0,425.15,1.64,217.0,1007.19,
2008,9,2,11,30.02,94.67,925.0,862.97,123.0,427.42,1.46,215.0,1006.99,
2008,9,2,12,30.01,97.33,966.0,872.68,124.0,429.68,1.27,214.0,1006.79,
2008,9,2,13,29.99,100.0,936.0,866.44,123.0,431.95,1.09,213.0,1006.59,
2008,9,2,14,29.52,100.0,836.0,843.13,118.0,436.35,1.04,256.0,1006.59,
2008,9,2,15,29.05,100.0,675.0,796.56,109.0,440.75,1.0,299.0,1006.59,
2008,9,2,16,28.58,100.0,469.0,714.51,94.0,445.15,0.95,342.0,1006.59,
2008,9,2,17,28.01,100.0,241.0,563.4,70.0,444.47,1.24,22.0,1007.02,
2008,9,2,18,27.43,100.0,37.0,190.3,24.0,443.78,1.53,61.0,1007.45,
2008,9,2,19,26.85,100.0,0.0,0.0,0.0,443.1,1.82,101.0,1007.89,
2008,9,2,20,26.51,100.0,0.0,0.0,0.0,442.22,1.79,101.0,1008.22,
2008,9,2,21,26.17,100.0,0.0,0.0,0.0,441.33,1.76,101.0,1008.55,
2008,9,2,22,25.83,100.0,0.0,0.0,0.0,440.45,1.72,102.0,1008.88,
2008,9,2,23,25.51,100.0,0.0,0.0,0.0,438.12,1.73,93.0,1008.55,
2008,9,3,0,25.19,100.0,0.0,0.0,0.0,435.78,1.73,85.0,1008.22,
2008,9,3,1,24.87,100.0,0.0,0.0,0.0,433.45,1.74,76.0,1007.89,
2008,9,3,2,24.89,100.0,0.0,0.0,0.0,435.4,1.77,73.0,1007.75,
2008,9,3,3,24.92,100.0,0.0,0.0,0.0,437.35,1.81,70.0,1007.62,
2008,9,3,4,24.95,100.0,0.0,0.0,0.0,439.3,1.85,67.0,1007.49,
2008,9,3,5,25.53,100.0,0.0,0.0,0.0,438.7,1.97,78.0,1008.15,
2008,9,3,6,26.11,100.0,0.0,0.0,0.0,438.1,2.1,90.0,1008.82,
2008,9,3,7,26.69,100.0,70.0,0.0,70.0,437.5,2.22,101.0,1009.48,
2008,9,3,8,27.59,100.0,382.0,429.23,170.0,436.68,1.99,124.0,1009.65,
2008,9,3,9,28.49,100.0,644.0,785.3,106.0,435.87,1.76,146.0,1009.82,
2008,9,3,10,29.39,100.0,811.0,834.18,116.0,435.05,1.53,168.0,1009.98,
2008,9,3,11,29.43,100.0,767.0,470.9,330.0,431.77,1.4,190.0,1009.45,
2008,9,3,12,29.46,100.0,961.0,869.0,124.0,428.48,1.26,212.0,1008.92,
2008,9,3,13,29.5,100.0,930.0,862.99,122.0,425.2,1.13,234.0,1008.38,
2008,9,3,14,29.02,100.0,612.0,229.64,417.0,430.67,1.05,258.0,1008.35,
2008,9,3,15,28.54,100.0,528.0,336.3,290.0,436.13,0.97,281.0,1008.32,
2008,9,3,16,28.05,100.0,161.0,3.83,159.0,441.6,0.88,304.0,1008.29,
2008,9,3,17,27.52,100.0,73.0,0.0,73.0,440.98,0.96,337.0,1008.42,
2008,9,3,18,26.98,100.0,7.0,0.0,7.0,440.37,1.03,11.0,1008.55,
2008,9,3,19,26.44,100.0,0.0,0.0,0.0,439.75,1.1,44.0,1008.68,
2008,9,3,20,25.89,100.0,0.0,0.0,0.0,440.1,1.14,49.0,1009.08,
2008,9,3,21,25.33,100.0,0.0,0.0,0.0,440.45,1.18,54.0,1009.48,
2008,9,3,22,24.78,100.0,0.0,0.0,0.0,440.8,1.21,59.0,1009.88,
2008,9,3,23,24.31,100.0,0.0,0.0,0.0,440.93,1.42,61.0,1009.52,
2008,9,4,0,23.84,100.0,0.0,0.0,0.0,441.07,1.63,62.0,1009.15,
2008,9,4,1,23.37,100.0,0.0,0.0,0.0,441.2,1.83,63.0,1008.78,
2008,9,4,2,23.53,100.0,0.0,0.0,0.0,440.18,1.74,62.0,1008.65,
2008,9,4,3,23.69,100.0,0.0,0.0,0.0,439.17,1.65,61.0,1008.52,
2008,9,4,4,23.86,100.0,0.0,0.0,0.0,438.15,1.56,59.0,1008.38,
2008,9,4,5,24.48,100.0,0.0,0.0,0.0,438.77,1.66,62.0,1008.92,
2008,9,4,6,25.1,100.0,11.0,0.0,11.0,439.38,1.75,65.0,1009.45,
2008,9,4,7,25.72,100.0,131.0,103.08,103.0,440.0,1.85,67.0,1009.98,
2008,9,4,8,26.36,100.0,433.0,695.77,90.0,436.95,1.39,76.0,1009.82,
2008,9,4,9,26.99,100.0,643.0,784.96,106.0,433.9,0.93,84.0,1009.65,
2008,9,4,10,27.63,100.0,657.0,330.52,382.0,430.85,0.47,93.0,1009.48,
2008,9,4,11,27.83,99.34,713.0,276.28,457.0,432.22,0.71,149.0,1008.78,
2008,9,4,12,28.02,98.69,729.0,252.74,486.0,433.58,0.95,204.0,1008.09,
2008,9,4,13,28.22,98.03,719.0,274.04,463.0,434.95,1.19,260.0,1007.39,
2008,9,4,14,27.74,98.69,830.0,842.16,117.0,439.3,1.26,292.0,1007.22,
2008,9,4,15,27.26,99.34,553.0,360.39,299.0,443.65,1.33,324.0,1007.05,
2008,9,4,16,26.78,100.0,23.0,0.0,23.0,448.0,1.41,355.0,1006.89,
2008,9,4,17,26.66,100.0,46.0,0.0,46.0,446.32,1.59,5.0,1007.09,
2008,9,4,18,26.53,100.0,10.0,0.0,10.0,444.63,1.77,16.0,1007.29,
2008,9,4,19,26.4,100.0,0.0,0.0,0.0,442.95,1.94,26.0,1007.49,
2008,9,4,20,26.19,100.0,0.0,0.0,0.0,442.87,1.65,35.0,1007.79,
2008,9,4,21,25.98,100.0,0.0,0.0,0.0,442.78,1.35,45.0,1008.09,
2008,9,4,22,25.77,100.0,0.0,0.0,0.0,442.7,1.05,54.0,1008.38,
2008,9,4,23,25.43,100.0,0.0,0.0,0.0,441.88,0.87,56.0,1008.12,
2008,9,5,0,25.09,100.0,0.0,0.0,0.0,441.07,0.69,57.0,1007.85,
2008,9,5,1,24.75,100.0,0.0,0.0,0.0,440.25,0.51,58.0,1007.59,
2008,9,5,2,24.67,100.0,0.0,0.0,0.0,440.12,0.55,57.0,1007.42,
2008,9,5,3,24.59,100.0,0.0,0.0,0.0,439.98,0.59,56.0,1007.25,
2008,9,5,4,24.51,100.0,0.0,0.0,0.0,439.85,0.63,56.0,1007.09,
2008,9,5,5,25.41,100.0,0.0,0.0,0.0,439.17,0.57,52.0,1007.32,
2008,9,5,6,26.32,100.0,14.0,0.0,14.0,438.48,0.51,48.0,1007.55,
2008,9,5,7,27.22,100.0,203.0,513.56,64.0,437.8,0.46,44.0,1007.79,
2008,9,5,8,27.95,96.79,431.0,693.04,90.0,437.53,0.63,97.0,1007.65,
2008,9,5,9,28.67,93.59,641.0,784.66,105.0,437.27,0.8,151.0,1007.52,
2008,9,5,10,29.4,90.38,808.0,834.1,115.0,437.0,0.97,204.0,1007.39,
2008,9,5,11,29.39,93.59,916.0,860.38,120.0,435.88,1.34,214.0,1006.85,
2008,9,5,12,29.39,96.79,956.0,869.03,122.0,434.77,1.71,224.0,1006.32,
2008,9,5,13,29.38,100.0,925.0,862.63,121.0,433.65,2.08,234.0,1005.79,
2008,9,5,14,29.13,100.0,825.0,839.97,116.0,438.38,2.2,281.0,1005.66,
2008,9,5,15,28.88,100.0,664.0,793.65,107.0,443.12,2.31,327.0,1005.52,
2008,9,5,16,28.62,100.0,458.0,710.74,92.0,447.85,2.43,14.0,1005.39,
2008,9,5,17,28.18,100.0,200.0,352.11,97.0,445.63,2.45,15.0,1005.29,
2008,9,5,18,27.74,100.0,27.0,106.01,21.0,443.42,2.46,15.0,1005.19,
2008,9,5,19,27.3,100.0,0.0,0.0,0.0,441.2,2.48,15.0,1005.09,
2008,9,5,20,27.08,100.0,0.0,0.0,0.0,441.07,2.19,20.0,1005.29,
2008,9,5,21,26.85,100.0,0.0,0.0,0.0,440.93,1.9,25.0,1005.49,
2008,9,5,22,26.62,100.0,0.0,0.0,0.0,440.8,1.61,30.0,1005.69,
2008,9,5,23,26.36,100.0,0.0,0.0,0.0,441.02,1.37,36.0,1005.42,
2008,9,6,0,26.09,100.0,0.0,0.0,0.0,441.23,1.14,42.0,1005.16,
2008,9,6,1,25.83,100.0,0.0,0.0,0.0,441.45,0.9,49.0,1004.89,
2008,9,6,2,25.71,100.0,0.0,0.0,0.0,441.23,0.75,52.0,1004.86,
2008,9,6,3,25.59,100.0,0.0,0.0,0.0,441.02,0.6,55.0,1004.83,
2008,9,6,4,25.48,100.0,0.0,0.0,0.0,440.8,0.46,58.0,1004.79,
2008,9,6,5,26.17,100.0,0.0,0.0,0.0,439.17,0.63,63.0,1005.32,
2008,9,6,6,26.86,100.0,6.0,0.0,6.0,437.53,0.8,69.0,1005.86,
2008,9,6,7,27.55,100.0,71.0,0.0,71.0,435.9,0.98,75.0,1006.39,
2008,9,6,8,28.26,95.77,339.0,289.16,197.0,433.42,1.06,104.0,1006.32,
2008,9,6,9,28.96,91.54,506.0,302.02,300.0,430.93,1.14,134.0,1006.26,
2008,9,6,10,29.67,87.31,808.0,836.52,114.0,428.45,1.21,164.0,1006.19,
2008,9,6,11,29.72,86.84,916.0,861.75,120.0,424.65,1.42,187.0,1005.66,
2008,9,6,12,29.77,86.38,956.0,870.68,122.0,420.85,1.63,211.0,1005.12,
2008,9,6,13,29.82,85.91,924.0,864.68,120.0,417.05,1.83,235.0,1004.59,
2008,9,6,14,29.56,89.13,823.0,841.4,115.0,418.37,2.28,250.0,1004.46,
2008,9,6,15,29.3,92.36,524.0,306.24,310.0,419.68,2.73,265.0,1004.33,
2008,9,6,16,29.04,95.58,363.0,308.86,205.0,421.0,3.17,280.0,1004.19,
2008,9,6,17,28.45,97.05,101.0,6.93,99.0,424.1,3.01,307.0,1004.49,
2008,9,6,18,27.86,98.53,9.0,0.0,9.0,427.2,2.84,334.0,1004.79,
2008,9,6,19,27.27,100.0,0.0,0.0,0.0,430.3,2.68,1.0,1005.09,
2008,9,6,20,27.01,100.0,0.0,0.0,0.0,433.45,2.11,33.0,1005.46,
2008,9,6,21,26.75,100.0,0.0,0.0,0.0,436.6,1.55,65.0,1005.82,
2008,9,6,22,26.49,100.0,0.0,0.0,0.0,439.75,0.99,97.0,1006.19,
2008,9,6,23,26.21,100.0,0.0,0.0,0.0,436.32,1.13,87.0,1006.09,
2008,9,7,0,25.92,100.0,0.0,0.0,0.0,432.88,1.26,77.0,1005.99,
2008,9,7,1,25.64,100.0,0.0,0.0,0.0,429.45,1.39,68.0,1005.89,
2008,9,7,2,25.64,100.0,0.0,0.0,0.0,429.3,1.39,65.0,1005.79,
2008,9,7,3,25.64,100.0,0.0,0.0,0.0,429.15,1.39,62.0,1005.69,
2008,9,7,4,25.64,100.0,0.0,0.0,0.0,429.0,1.39,59.0,1005.59,
2008,9,7,5,26.2,100.0,0.0,0.0,0.0,425.7,1.35,62.0,1005.99,
2008,9,7,6,26.75,100.0,15.0,0.0,15.0,422.4,1.31,66.0,1006.39,
2008,9,7,7,27.31,100.0,203.0,517.36,64.0,419.1,1.27,70.0,1006.79,
2008,9,7,8,28.14,92.24,432.0,699.86,89.0,415.15,1.19,103.0,1006.65,
2008,9,7,9,28.98,84.48,645.0,792.95,105.0,411.2,1.1,135.0,1006.52,
2008,9,7,10,29.81,76.72,815.0,846.23,114.0,407.25,1.02,168.0,1006.39,
2008,9,7,11,29.82,75.22,926.0,874.02,120.0,407.63,1.86,190.0,1005.69,
2008,9,7,12,29.84,73.73,966.0,882.84,122.0,408.02,2.69,212.0,1004.99,
2008,9,7,13,29.85,72.23,933.0,876.49,120.0,408.4,3.53,235.0,1004.29,
2008,9,7,14,29.46,78.68,542.0,149.03,417.0,411.07,3.71,243.0,1004.19,
2008,9,7,15,29.06,85.13,666.0,804.92,106.0,413.73,3.9,252.0,1004.09,
2008,9,7,16,28.66,91.58,456.0,718.33,91.0,416.4,4.08,261.0,1003.99,
2008,9,7,17,28.09,94.39,223.0,529.84,72.0,419.45,3.55,287.0,1004.56,
2008,9,7,18,27.51,97.19,25.0,123.39,19.0,422.5,3.02,314.0,1005.12,
2008,9,7,19,26.93,100.0,0.0,0.0,0.0,425.55,2.48,340.0,1005.69,
2008,9,7,20,26.74,100.0,0.0,0.0,0.0,429.27,2.29,348.0,1006.09,
2008,9,7,21,26.55,100.0,0.0,0.0,0.0,432.98,2.11,356.0,1006.49,
2008,9,7,22,26.36,100.0,0.0,0.0,0.0,436.7,1.92,5.0,1006.89,
2008,9,7,23,26.16,100.0,0.0,0.0,0.0,436.23,1.98,28.0,1006.79,
2008,9,8,0,25.95,100.0,0.0,0.0,0.0,435.77,2.05,51.0,1006.69,
2008,9,8,1,25.75,100.0,0.0,0.0,0.0,435.3,2.11,74.0,1006.59,
2008,9,8,2,25.83,100.0,0.0,0.0,0.0,434.48,1.95,72.0,1006.56,
2008,9,8,3,25.91,100.0,0.0,0.0,0.0,433.67,1.8,70.0,1006.52,
2008,9,8,4,26.0,100.0,0.0,0.0,0.0,432.85,1.64,67.0,1006.49,
2008,9,8,5,26.43,100.0,0.0,0.0,0.0,432.7,1.31,72.0,1006.95,
2008,9,8,6,26.87,100.0,8.0,0.0,8.0,432.55,0.99,78.0,1007.42,
2008,9,8,7,27.3,100.0,146.0,175.59,99.0,432.4,0.66,83.0,1007.89,
2008,9,8,8,28.12,93.06,426.0,674.7,96.0,428.23,0.61,109.0,1007.55,
2008,9,8,9,28.93,86.12,637.0,769.22,114.0,424.07,0.56,135.0,1007.22,
2008,9,8,10,29.75,79.18,696.0,437.68,334.0,419.9,0.51,161.0,1006.89,
2008,9,8,11,29.87,79.11,716.0,287.86,451.0,418.15,1.56,178.0,1006.26,
2008,9,8,12,29.98,79.05,332.0,17.82,315.0,416.4,2.61,195.0,1005.62,
2008,9,8,13,30.1,78.98,717.0,282.09,456.0,414.65,3.66,212.0,1004.99,
2008,9,8,14,29.73,85.99,674.0,351.65,380.0,421.2,3.84,221.0,1005.12,
2008,9,8,15,29.36,92.99,538.0,349.41,296.0,427.75,4.02,230.0,1005.26,
2008,9,8,16,28.99,100.0,364.0,340.84,192.0,434.3,4.21,239.0,1005.39,
2008,9,8,17,28.33,100.0,201.0,412.57,85.0,437.62,3.62,208.0,1006.29,
2008,9,8,18,27.67,100.0,12.0,0.0,12.0,440.93,3.04,177.0,1007.19,
2008,9,8,19,27.01,100.0,0.0,0.0,0.0,444.25,2.46,145.0,1008.09,
2008,9,8,20,26.8,100.0,0.0,0.0,0.0,444.88,2.56,161.0,1008.48,
2008,9,8,21,26.59,100.0,0.0,0.0,0.0,445.52,2.67,176.0,1008.88,
2008,9,8,22,26.38,100.0,0.0,0.0,0.0,446.15,2.77,192.0,1009.28,
2008,9,8,23,26.29,100.0,0.0,0.0,0.0,446.18,3.14,201.0,1009.05,
2008,9,9,0,26.19,100.0,0.0,0.0,0.0,446.22,3.5,210.0,1008.82,
2008,9,9,1,26.1,100.0,0.0,0.0,0.0,446.25,3.86,220.0,1008.58,
2008,9,9,2,26.27,100.0,0.0,0.0,0.0,444.12,4.13,204.0,1008.38,
2008,9,9,3,26.44,100.0,0.0,0.0,0.0,441.98,4.4,188.0,1008.19,
2008,9,9,4,26.62,100.0,0.0,0.0,0.0,439.85,4.66,172.0,1007.99,
2008,9,9,5,26.73,100.0,0.0,0.0,0.0,433.03,3.69,139.0,1008.72,
2008,9,9,6,26.83,100.0,0.0,0.0,0.0,426.22,2.71,107.0,1009.45,
2008,9,9,7,26.94,100.0,4.0,0.0,4.0,419.4,1.74,74.0,1010.18,
2008,9,9,8,27.74,98.11,88.0,0.0,88.0,416.7,1.89,119.0,1010.12,
2008,9,9,9,28.54,96.21,226.0,10.31,219.0,414.0,2.03,165.0,1010.05,
2008,9,9,10,29.34,94.32,211.0,8.48,204.0,411.3,2.18,210.0,1009.98,
2008,9,9,11,29.52,93.11,391.0,29.38,364.0,415.5,2.44,214.0,1009.32,
2008,9,9,12,29.69,91.91,440.0,36.76,405.0,419.7,2.7,217.0,1008.65,
2008,9,9,13,29.87,90.7,656.0,201.54,470.0,423.9,2.97,221.0,1007.99,
2008,9,9,14,29.46,93.8,386.0,39.6,353.0,427.3,3.07,223.0,1008.02,
2008,9,9,15,29.04,96.9,377.0,89.93,315.0,430.7,3.17,225.0,1008.05,
2008,9,9,16,28.62,100.0,57.0,0.0,57.0,434.1,3.27,228.0,1008.09,
2008,9,9,17,27.82,100.0,148.0,144.24,108.0,437.92,3.48,226.0,1008.62,
2008,9,9,18,27.01,100.0,14.0,0.0,14.0,441.73,3.68,225.0,1009.15,
2008,9,9,19,26.2,100.0,0.0,0.0,0.0,445.55,3.89,223.0,1009.68,
2008,9,9,20,25.75,100.0,0.0,0.0,0.0,445.18,3.99,209.0,1009.98,
2008,9,9,21,25.29,100.0,0.0,0.0,0.0,444.82,4.09,194.0,1010.28,
2008,9,9,22,24.83,100.0,0.0,0.0,0.0,444.45,4.19,180.0,1010.58,
2008,9,9,23,24.5,100.0,0.0,0.0,0.0,445.57,4.05,170.0,1010.25,
2008,9,10,0,24.17,100.0,0.0,0.0,0.0,446.68,3.9,160.0,1009.92,
2008,9,10,1,23.85,100.0,0.0,0.0,0.0,447.8,3.75,149.0,1009.58,
2008,9,10,2,23.92,100.0,0.0,0.0,0.0,449.97,3.57,138.0,1009.45,
2008,9,10,3,24.0,100.0,0.0,0.0,0.0,452.13,3.39,126.0,1009.32,
2008,9,10,4,24.08,100.0,0.0,0.0,0.0,454.3,3.21,115.0,1009.18,
2008,9,10,5,24.54,100.0,0.0,0.0,0.0,452.3,3.18,116.0,1009.75,
2008,9,10,6,25.01,100.0,0.0,0.0,0.0,450.3,3.15,118.0,1010.31,
2008,9,10,7,25.47,100.0,4.0,0.0,4.0,448.3,3.12,120.0,1010.88,
2008,9,10,8,26.27,100.0,28.0,0.0,28.0,448.75,3.23,141.0,1010.88,
2008,9,10,9,27.06,100.0,39.0,0.0,39.0,449.2,3.34,161.0,1010.88,
2008,9,10,10,27.86,100.0,158.0,2.43,156.0,449.65,3.45,181.0,1010.88,
2008,9,10,11,27.63,100.0,152.0,3.27,149.0,450.1,3.62,185.0,1010.35,
2008,9,10,12,27.39,100.0,108.0,0.0,108.0,450.55,3.79,189.0,1009.82,
2008,9,10,13,27.16,100.0,351.0,20.64,332.0,451.0,3.96,193.0,1009.28,
2008,9,10,14,26.84,100.0,566.0,185.44,412.0,451.05,3.93,189.0,1009.25,
2008,9,10,15,26.52,100.0,385.0,99.1,317.0,451.1,3.9,186.0,1009.22,
2008,9,10,16,26.19,100.0,362.0,341.69,192.0,451.15,3.88,182.0,1009.18,
2008,9,10,17,25.84,100.0,165.0,234.07,101.0,447.73,3.51,182.0,1009.48,
2008,9,10,18,25.49,100.0,18.0,0.0,18.0,444.32,3.15,182.0,1009.78,
2008,9,10,19,25.14,100.0,0.0,0.0,0.0,440.9,2.79,182.0,1010.08,
2008,9,10,20,24.68,100.0,0.0,0.0,0.0,442.02,2.86,169.0,1010.45,
2008,9,10,21,24.22,100.0,0.0,0.0,0.0,443.13,2.94,157.0,1010.81,
2008,9,10,22,23.76,100.0,0.0,0.0,0.0,444.25,3.02,144.0,1011.18,
2008,9,10,23,23.37,100.0,0.0,0.0,0.0,444.72,3.05,141.0,1010.78,
2008,9,11,0,22.98,100.0,0.0,0.0,0.0,445.18,3.08,138.0,1010.38,
2008,9,11,1,22.6,100.0,0.0,0.0,0.0,445.65,3.1,134.0,1009.98,
2008,9,11,2,22.8,100.0,0.0,0.0,0.0,444.4,2.93,127.0,1009.82,
2008,9,11,3,23.0,100.0,0.0,0.0,0.0,443.15,2.76,120.0,1009.65,
2008,9,11,4,23.21,100.0,0.0,0.0,0.0,441.9,2.59,113.0,1009.48,
2008,9,11,5,23.88,100.0,0.0,0.0,0.0,443.3,2.84,117.0,1009.92,
2008,9,11,6,24.56,100.0,11.0,0.0,11.0,444.7,3.09,121.0,1010.35,
2008,9,11,7,25.23,100.0,174.0,343.93,83.0,446.1,3.34,125.0,1010.78,
2008,9,11,8,26.17,100.0,378.0,440.34,164.0,445.17,3.35,141.0,1010.81,
2008,9,11,9,27.1,100.0,484.0,264.62,305.0,444.23,3.36,157.0,1010.85,
2008,9,11,10,28.04,100.0,625.0,285.55,390.0,443.3,3.37,174.0,1010.88,
2008,9,11,11,28.15,100.0,607.0,154.0,466.0,444.38,3.54,179.0,1010.38,
2008,9,11,12,28.25,100.0,532.0,75.95,460.0,445.47,3.71,184.0,1009.88,
2008,9,11,13,28.36,100.0,713.0,285.41,451.0,446.55,3.89,189.0,1009.38,
2008,9,11,14,28.1,100.0,808.0,827.74,123.0,449.3,3.72,185.0,1009.42,
2008,9,11,15,27.83,100.0,526.0,341.18,293.0,452.05,3.55,181.0,1009.45,
2008,9,11,16,27.56,100.0,298.0,176.15,211.0,454.8,3.38,177.0,1009.48,
2008,9,11,17,27.05,100.0,137.0,118.74,105.0,454.53,3.26,174.0,1009.72,
2008,9,11,18,26.54,100.0,11.0,0.0,11.0,454.27,3.15,171.0,1009.95,
2008,9,11,19,26.02,100.0,0.0,0.0,0.0,454.0,3.03,169.0,1010.18,
2008,9,11,20,25.69,100.0,0.0,0.0,0.0,452.43,2.98,160.0,1010.41,
2008,9,11,21,25.35,100.0,0.0,0.0,0.0,450.87,2.93,152.0,1010.65,
2008,9,11,22,25.01,100.0,0.0,0.0,0.0,449.3,2.88,143.0,1010.88,
2008,9,11,23,24.72,100.0,0.0,0.0,0.0,448.02,2.85,140.0,1010.51,
2008,9,12,0,24.43,100.0,0.0,0.0,0.0,446.73,2.82,137.0,1010.15,
2008,9,12,1,24.14,100.0,0.0,0.0,0.0,445.45,2.79,135.0,1009.78,
2008,9,12,2,24.19,100.0,0.0,0.0,0.0,444.42,2.72,129.0,1009.65,
2008,9,12,3,24.24,100.0,0.0,0.0,0.0,443.38,2.66,124.0,1009.52,
2008,9,12,4,24.29,100.0,0.0,0.0,0.0,442.35,2.59,118.0,1009.38,
2008,9,12,5,24.89,100.0,0.0,0.0,0.0,440.73,3.14,125.0,1009.58,
2008,9,12,6,25.48,100.0,11.0,0.0,11.0,439.12,3.68,131.0,1009.78,
2008,9,12,7,26.08,100.0,192.0,466.72,69.0,437.5,4.22,138.0,1009.98,
2008,9,12,8,26.92,100.0,355.0,358.83,181.0,437.37,4.34,148.0,1010.05,
2008,9,12,9,27.77,100.0,110.0,0.0,110.0,437.23,4.45,159.0,1010.12,
2008,9,12,10,28.61,100.0,547.0,171.63,406.0,437.1,4.57,169.0,1010.18,
2008,9,12,11,28.59,100.0,605.0,153.2,465.0,435.38,4.68,176.0,1009.68,
2008,9,12,12,28.56,100.0,58.0,0.0,58.0,433.67,4.79,183.0,1009.18,
2008,9,12,13,28.54,100.0,105.0,0.0,105.0,431.95,4.9,190.0,1008.68,
2008,9,12,14,28.13,100.0,385.0,41.23,351.0,434.7,4.57,188.0,1008.72,
2008,9,12,15,27.71,100.0,516.0,323.72,296.0,437.45,4.24,185.0,1008.75,
2008,9,12,16,27.29,100.0,118.0,0.0,118.0,440.2,3.92,182.0,1008.78,
2008,9,12,17,26.55,100.0,151.0,188.29,101.0,442.07,3.49,175.0,1009.22,
2008,9,12,18,25.81,100.0,9.0,0.0,9.0,443.93,3.07,167.0,1009.65,
2008,9,12,19,25.06,100.0,0.0,0.0,0.0,445.8,2.65,159.0,1010.08,
2008,9,12,20,24.7,100.0,0.0,0.0,0.0,446.3,2.48,154.0,1010.38,
2008,9,12,21,24.34,100.0,0.0,0.0,0.0,446.8,2.32,149.0,1010.68,
2008,9,12,22,23.98,100.0,0.0,0.0,0.0,447.3,2.15,145.0,1010.98,
2008,9,12,23,23.74,100.0,0.0,0.0,0.0,446.95,2.07,138.0,1010.55,
2008,9,13,0,23.49,100.0,0.0,0.0,0.0,446.6,1.99,131.0,1010.12,
2008,9,13,1,23.25,100.0,0.0,0.0,0.0,446.25,1.9,124.0,1009.68,
2008,9,13,2,23.27,100.0,0.0,0.0,0.0,445.93,1.81,120.0,1009.45,
2008,9,13,3,23.3,100.0,0.0,0.0,0.0,445.62,1.72,116.0,1009.22,
2008,9,13,4,23.33,100.0,0.0,0.0,0.0,445.3,1.63,113.0,1008.98,
2008,9,13,5,23.85,100.0,0.0,0.0,0.0,444.7,1.39,104.0,1009.22,
2008,9,13,6,24.37,100.0,9.0,0.0,9.0,444.1,1.15,95.0,1009.45,
2008,9,13,7,24.89,100.0,195.0,491.47,66.0,443.5,0.91,87.0,1009.68,
2008,9,13,8,25.87,96.2,424.0,682.09,94.0,438.07,1.03,129.0,1009.38,
2008,9,13,9,26.84,92.4,635.0,777.47,111.0,432.63,1.16,172.0,1009.08,
2008,9,13,10,27.82,88.6,802.0,830.44,121.0,427.2,1.28,214.0,1008.78,
2008,9,13,11,27.9,90.44,909.0,857.42,127.0,429.6,1.54,223.0,1008.15,
2008,9,13,12,27.99,92.29,947.0,866.8,129.0,432.0,1.8,232.0,1007.52,
2008,9,13,13,28.07,94.13,913.0,861.03,127.0,434.4,2.06,241.0,1006.89,
2008,9,13,14,28.01,96.09,808.0,834.92,122.0,435.83,2.06,248.0,1006.82,
2008,9,13,15,27.95,98.04,643.0,786.71,111.0,437.27,2.06,255.0,1006.75,
2008,9,13,16,27.88,100.0,433.0,694.67,95.0,438.7,2.06,263.0,1006.69,
2008,9,13,17,27.2,100.0,205.0,539.03,64.0,439.5,1.95,280.0,1007.15,
2008,9,13,18,26.51,100.0,12.0,0.0,12.0,440.3,1.85,298.0,1007.62,
2008,9,13,19,25.82,100.0,0.0,0.0,0.0,441.1,1.75,315.0,1008.09,
2008,9,13,20,25.56,100.0,0.0,0.0,0.0,443.22,1.59,316.0,1008.25,
2008,9,13,21,25.29,100.0,0.0,0.0,0.0,445.33,1.42,318.0,1008.42,
2008,9,13,22,25.03,100.0,0.0,0.0,0.0,447.45,1.26,320.0,1008.58,
2008,9,13,23,24.77,100.0,0.0,0.0,0.0,444.75,1.17,334.0,1008.35,
2008,9,14,0,24.51,100.0,0.0,0.0,0.0,442.05,1.09,348.0,1008.12,
2008,9,14,1,24.26,100.0,0.0,0.0,0.0,439.35,1.01,2.0,1007.89,
2008,9,14,2,24.29,100.0,0.0,0.0,0.0,439.07,1.22,18.0,1007.65,
2008,9,14,3,24.32,100.0,0.0,0.0,0.0,438.78,1.44,34.0,1007.42,
2008,9,14,4,24.35,100.0,0.0,0.0,0.0,438.5,1.66,49.0,1007.19,
2008,9,14,5,24.86,100.0,0.0,0.0,0.0,439.65,1.64,53.0,1007.59,
2008,9,14,6,25.36,100.0,10.0,0.0,10.0,440.8,1.62,57.0,1007.99,
2008,9,14,7,25.87,100.0,204.0,535.58,64.0,441.95,1.6,61.0,1008.38,
2008,9,14,8,26.77,94.49,438.0,718.91,91.0,437.27,1.76,2.0,1008.22,
2008,9,14,9,27.67,88.98,653.0,813.15,106.0,432.58,1.91,303.0,1008.05,
2008,9,14,10,28.57,83.47,822.0,862.55,116.0,427.9,2.07,243.0,1007.89,
2008,9,14,11,28.67,82.35,929.0,887.74,121.0,427.1,2.71,247.0,1007.35,
2008,9,14,12,28.77,81.23,964.0,893.29,123.0,426.3,3.36,251.0,1006.82,
2008,9,14,13,28.87,80.11,926.0,884.39,121.0,425.5,4.0,256.0,1006.29,
2008,9,14,14,28.53,84.0,818.0,857.56,116.0,425.15,3.86,262.0,1006.42,
2008,9,14,15,28.19,87.88,649.0,807.05,106.0,424.8,3.71,268.0,1006.56,
2008,9,14,16,27.84,91.77,436.0,716.6,90.0,424.45,3.57,274.0,1006.69,
2008,9,14,17,27.11,94.51,203.0,539.63,64.0,420.58,3.43,278.0,1007.05,
2008,9,14,18,26.38,97.26,13.0,0.0,13.0,416.72,3.3,282.0,1007.42,
2008,9,14,19,25.64,100.0,0.0,0.0,0.0,412.85,3.16,285.0,1007.79,
2008,9,14,20,25.41,100.0,0.0,0.0,0.0,412.73,3.05,301.0,1008.25,
2008,9,14,21,25.17,100.0,0.0,0.0,0.0,412.62,2.94,316.0,1008.72,
2008,9,14,22,24.93,100.0,0.0,0.0,0.0,412.5,2.83,332.0,1009.18,
2008,9,14,23,24.71,100.0,0.0,0.0,0.0,415.48,2.66,339.0,1009.08,
2008,9,15,0,24.49,100.0,0.0,0.0,0.0,418.47,2.49,347.0,1008.98,
2008,9,15,1,24.27,100.0,0.0,0.0,0.0,421.45,2.32,355.0,1008.88,
2008,9,15,2,24.32,100.0,0.0,0.0,0.0,422.07,2.12,10.0,1008.78,
2008,9,15,3,24.38,100.0,0.0,0.0,0.0,422.68,1.93,26.0,1008.68,
2008,9,15,4,24.44,100.0,0.0,0.0,0.0,423.3,1.74,41.0,1008.58,
2008,9,15,5,24.9,98.1,0.0,0.0,0.0,422.42,1.43,50.0,1008.98,
2008,9,15,6,25.36,96.2,3.0,0.0,3.0,421.53,1.12,59.0,1009.38,
2008,9,15,7,25.82,94.3,68.0,0.0,68.0,420.65,0.81,68.0,1009.78,
2008,9,15,8,26.8,88.07,306.0,215.98,202.0,417.02,1.33,122.0,1009.48,
2008,9,15,9,27.77,81.83,424.0,177.25,305.0,413.38,1.85,175.0,1009.18,
2008,9,15,10,28.75,75.6,466.0,91.81,391.0,409.75,2.37,229.0,1008.88,
2008,9,15,11,28.86,77.94,911.0,870.88,120.0,410.28,2.99,238.0,1008.19,
2008,9,15,12,28.96,80.29,748.0,306.65,460.0,410.82,3.6,247.0,1007.49,
2008,9,15,13,29.07,82.63,640.0,196.13,462.0,411.35,4.22,256.0,1006.79,
2008,9,15,14,28.69,87.06,626.0,294.29,386.0,414.27,3.97,261.0,1007.05,
2008,9,15,15,28.31,91.48,470.0,243.51,307.0,417.18,3.71,265.0,1007.32,
2008,9,15,16,27.92,95.91,315.0,240.05,200.0,420.1,3.46,270.0,1007.59,
2008,9,15,17,27.18,97.27,112.0,59.16,97.0,422.88,3.03,271.0,1007.92,
2008,9,15,18,26.43,98.64,8.0,0.0,8.0,425.67,2.6,271.0,1008.25,
2008,9,15,19,25.68,100.0,0.0,0.0,0.0,428.45,2.17,271.0,1008.58,
2008,9,15,20,25.38,100.0,0.0,0.0,0.0,430.88,1.97,267.0,1008.85,
2008,9,15,21,25.08,100.0,0.0,0.0,0.0,433.32,1.77,262.0,1009.12,
2008,9,15,22,24.78,100.0,0.0,0.0,0.0,435.75,1.57,258.0,1009.38,
2008,9,15,23,24.51,100.0,0.0,0.0,0.0,436.8,1.69,259.0,1009.18,
2008,9,16,0,24.24,100.0,0.0,0.0,0.0,437.85,1.8,260.0,1008.98,
2008,9,16,1,23.98,100.0,0.0,0.0,0.0,438.9,1.92,261.0,1008.78,
2008,9,16,2,23.8,100.0,0.0,0.0,0.0,439.3,2.08,254.0,1008.72,
2008,9,16,3,23.63,100.0,0.0,0.0,0.0,439.7,2.25,248.0,1008.65,
2008,9,16,4,23.46,100.0,0.0,0.0,0.0,440.1,2.41,242.0,1008.58,
2008,9,16,5,23.85,100.0,0.0,0.0,0.0,440.02,2.88,230.0,1009.25,
2008,9,16,6,24.25,100.0,4.0,0.0,4.0,439.93,3.35,219.0,1009.92,
2008,9,16,7,24.64,100.0,73.0,0.0,73.0,439.85,3.82,207.0,1010.58,
2008,9,16,8,25.31,100.0,43.0,0.0,43.0,440.03,3.74,210.0,1010.81,
2008,9,16,9,25.97,100.0,89.0,0.0,89.0,440.22,3.66,213.0,1011.05,
2008,9,16,10,26.64,100.0,102.0,0.0,102.0,440.4,3.57,215.0,1011.28,
2008,9,16,11,26.42,100.0,403.0,33.1,373.0,440.63,3.18,219.0,1011.15,
2008,9,16,12,26.19,100.0,422.0,34.16,390.0,440.87,2.78,223.0,1011.01,
2008,9,16,13,25.97,100.0,391.0,29.84,364.0,441.1,2.39,226.0,1010.88,
2008,9,16,14,25.75,100.0,383.0,43.08,348.0,440.98,1.91,228.0,1011.08,
2008,9,16,15,25.53,100.0,381.0,109.63,308.0,440.87,1.43,230.0,1011.28,
2008,9,16,16,25.31,100.0,80.0,0.0,80.0,440.75,0.95,231.0,1011.48,
2008,9,16,17,24.39,100.0,57.0,0.0,57.0,439.87,1.19,224.0,1011.75,
2008,9,16,18,23.47,100.0,0.0,0.0,0.0,438.98,1.43,217.0,1012.01,
2008,9,16,19,22.54,100.0,0.0,0.0,0.0,438.1,1.67,210.0,1012.28,
2008,9,16,20,22.24,100.0,0.0,0.0,0.0,437.78,1.96,198.0,1012.84,
2008,9,16,21,21.93,100.0,0.0,0.0,0.0,437.47,2.25,185.0,1013.41,
2008,9,16,22,21.63,100.0,0.0,0.0,0.0,437.15,2.54,173.0,1013.97,
2008,9,16,23,21.52,100.0,0.0,0.0,0.0,437.68,2.55,163.0,1013.87,
2008,9,17,0,21.41,100.0,0.0,0.0,0.0,438.22,2.56,153.0,1013.77,
2008,9,17,1,21.3,100.0,0.0,0.0,0.0,438.75,2.57,143.0,1013.67,
2008,9,17,2,21.52,100.0,0.0,0.0,0.0,438.15,2.05,134.0,1013.54,
2008,9,17,3,21.75,100.0,0.0,0.0,0.0,437.55,1.54,125.0,1013.41,
2008,9,17,4,21.98,100.0,0.0,0.0,0.0,436.95,1.02,116.0,1013.28,
2008,9,17,5,22.79,100.0,0.0,0.0,0.0,435.6,1.59,110.0,1013.71,
2008,9,17,6,23.59,100.0,0.0,0.0,0.0,434.25,2.15,104.0,1014.14,
2008,9,17,7,24.4,100.0,9.0,0.0,9.0,432.9,2.72,98.0,1014.57,
2008,9,17,8,25.22,100.0,95.0,0.0,95.0,434.27,2.63,100.0,1014.87,
2008,9,17,9,26.05,100.0,210.0,7.48,205.0,435.63,2.53,101.0,1015.17,
2008,9,17,10,26.87,100.0,199.0,7.37,193.0,437.0,2.44,103.0,1015.47,
2008,9,17,11,26.97,100.0,272.0,13.27,260.0,436.95,1.9,102.0,1014.94,
2008,9,17,12,27.07,100.0,307.0,16.05,292.0,436.9,1.36,101.0,1014.41,
2008,9,17,13,27.17,100.0,294.0,18.85,277.0,436.85,0.81,100.0,1013.87,
2008,9,17,14,26.87,100.0,311.0,21.01,294.0,435.47,0.74,86.0,1013.74,
2008,9,17,15,26.57,100.0,338.0,75.49,288.0,434.08,0.66,71.0,1013.61,
2008,9,17,16,26.27,100.0,295.0,201.5,200.0,432.7,0.58,56.0,1013.48,
2008,9,17,17,25.79,100.0,113.0,77.4,94.0,433.4,0.73,63.0,1013.67,
2008,9,17,18,25.3,100.0,0.0,0.0,0.0,434.1,0.87,70.0,1013.87,
2008,9,17,19,24.81,100.0,0.0,0.0,0.0,434.8,1.02,77.0,1014.07,
2008,9,17,20,24.52,100.0,0.0,0.0,0.0,433.45,0.78,76.0,1014.54,
2008,9,17,21,24.22,100.0,0.0,0.0,0.0,432.1,0.53,75.0,1015.01,
2008,9,17,22,23.93,100.0,0.0,0.0,0.0,430.75,0.29,75.0,1015.47,
2008,9,17,23,23.76,100.0,0.0,0.0,0.0,430.57,0.53,68.0,1015.07,
2008,9,18,0,23.59,100.0,0.0,0.0,0.0,430.38,0.77,62.0,1014.67,
2008,9,18,1,23.42,100.0,0.0,0.0,0.0,430.2,1.01,56.0,1014.27,
2008,9,18,2,23.58,100.0,0.0,0.0,0.0,430.52,1.19,54.0,1013.97,
2008,9,18,3,23.74,100.0,0.0,0.0,0.0,430.83,1.37,52.0,1013.67,
2008,9,18,4,23.91,100.0,0.0,0.0,0.0,431.15,1.56,50.0,1013.38,
2008,9,18,5,24.5,100.0,0.0,0.0,0.0,426.88,1.29,56.0,1013.64,
2008,9,18,6,25.1,100.0,0.0,0.0,0.0,422.62,1.02,61.0,1013.91,
2008,9,18,7,25.69,100.0,192.0,505.99,62.0,418.35,0.74,66.0,1014.17,
2008,9,18,8,26.59,94.31,420.0,694.74,88.0,418.63,0.88,106.0,1014.11,
2008,9,18,9,27.48,88.61,630.0,789.9,103.0,418.92,1.01,146.0,1014.04,
2008,9,18,10,28.38,82.92,796.0,841.21,113.0,419.2,1.14,186.0,1013.97,
2008,9,18,11,28.49,85.42,901.0,867.81,118.0,419.93,1.7,203.0,1013.41,
2008,9,18,12,28.59,87.93,631.0,163.08,479.0,420.67,2.25,221.0,1012.84,
2008,9,18,13,28.7,90.43,900.0,869.66,118.0,421.4,2.8,238.0,1012.28,
2008,9,18,14,28.43,93.62,428.0,69.48,372.0,420.45,2.9,258.0,1012.11,
2008,9,18,15,28.16,96.81,626.0,793.87,103.0,419.5,3.0,278.0,1011.94,
2008,9,18,16,27.88,100.0,414.0,699.29,87.0,418.55,3.1,298.0,1011.78,
2008,9,18,17,27.26,100.0,185.0,517.78,60.0,417.5,3.05,330.0,1011.68,
2008,9,18,18,26.63,100.0,0.0,0.0,0.0,416.45,3.0,3.0,1011.58,
2008,9,18,19,26.0,100.0,0.0,0.0,0.0,415.4,2.95,36.0,1011.48,
2008,9,18,20,25.73,100.0,0.0,0.0,0.0,414.28,2.54,40.0,1011.55,
2008,9,18,21,25.45,100.0,0.0,0.0,0.0,413.17,2.13,45.0,1011.61,
2008,9,18,22,25.17,100.0,0.0,0.0,0.0,412.05,1.72,50.0,1011.68,
2008,9,18,23,24.92,100.0,0.0,0.0,0.0,410.62,1.6,50.0,1011.38,
2008,9,19,0,24.67,100.0,0.0,0.0,0.0,409.18,1.47,51.0,1011.08,
2008,9,19,1,24.43,100.0,0.0,0.0,0.0,407.75,1.34,52.0,1010.78,
2008,9,19,2,24.51,100.0,0.0,0.0,0.0,407.25,1.46,52.0,1010.71,
2008,9,19,3,24.59,100.0,0.0,0.0,0.0,406.75,1.59,51.0,1010.65,
2008,9,19,4,24.68,100.0,0.0,0.0,0.0,406.25,1.71,51.0,1010.58,
2008,9,19,5,25.17,100.0,0.0,0.0,0.0,408.67,1.59,53.0,1011.11,
2008,9,19,6,25.67,100.0,0.0,0.0,0.0,411.08,1.46,55.0,1011.65,
2008,9,19,7,26.16,100.0,143.0,195.5,93.0,413.5,1.34,57.0,1012.18,
2008,9,19,8,27.19,93.82,323.0,274.86,192.0,413.35,1.54,113.0,1012.14,
2008,9,19,9,28.21,87.64,495.0,306.44,291.0,413.2,1.74,169.0,1012.11,
2008,9,19,10,29.24,81.46,800.0,847.97,113.0,413.05,1.94,225.0,1012.08,
2008,9,19,11,29.26,84.74,906.0,875.39,118.0,413.23,2.34,235.0,1011.58,
2008,9,19,12,29.27,88.02,941.0,883.22,120.0,413.42,2.73,245.0,1011.08,
2008,9,19,13,29.29,91.3,904.0,876.91,118.0,413.6,3.12,255.0,1010.58,
2008,9,19,14,28.99,94.2,796.0,850.83,113.0,416.48,2.97,281.0,1010.51,
2008,9,19,15,28.69,97.1,627.0,799.75,103.0,419.37,2.81,306.0,1010.45,
2008,9,19,16,28.39,100.0,414.0,705.13,87.0,422.25,2.66,331.0,1010.38,
2008,9,19,17,27.55,100.0,183.0,518.25,60.0,422.98,2.49,351.0,1010.55,
2008,9,19,18,26.71,100.0,0.0,0.0,0.0,423.72,2.32,10.0,1010.71,
2008,9,19,19,25.86,100.0,0.0,0.0,0.0,424.45,2.15,30.0,1010.88,
2008,9,19,20,25.64,100.0,0.0,0.0,0.0,420.75,2.03,29.0,1011.15,
2008,9,19,21,25.42,100.0,0.0,0.0,0.0,417.05,1.91,29.0,1011.41,
2008,9,19,22,25.2,100.0,0.0,0.0,0.0,413.35,1.79,28.0,1011.68,
2008,9,19,23,25.0,100.0,0.0,0.0,0.0,412.82,1.86,30.0,1011.51,
2008,9,20,0,24.8,100.0,0.0,0.0,0.0,412.28,1.92,33.0,1011.35,
2008,9,20,1,24.6,100.0,0.0,0.0,0.0,411.75,1.99,35.0,1011.18,
2008,9,20,2,24.61,100.0,0.0,0.0,0.0,412.42,1.84,38.0,1010.91,
2008,9,20,3,24.63,100.0,0.0,0.0,0.0,413.08,1.69,42.0,1010.65,
2008,9,20,4,24.65,100.0,0.0,0.0,0.0,413.75,1.54,45.0,1010.38,
2008,9,20,5,25.03,100.0,0.0,0.0,0.0,413.47,1.28,49.0,1010.88,
2008,9,20,6,25.4,100.0,0.0,0.0,0.0,413.18,1.02,54.0,1011.38,
2008,9,20,7,25.78,100.0,193.0,514.61,62.0,412.9,0.76,58.0,1011.88,
2008,9,20,8,26.8,93.9,424.0,706.93,88.0,412.72,1.23,358.0,1011.71,
2008,9,20,9,27.81,87.81,636.0,802.49,103.0,412.53,1.71,299.0,1011.55,
2008,9,20,10,28.83,81.71,802.0,852.33,113.0,412.35,2.18,239.0,1011.38,
2008,9,20,11,28.86,83.68,553.0,114.7,450.0,414.75,2.5,250.0,1010.75,
2008,9,20,12,28.89,85.64,940.0,884.55,120.0,417.15,2.82,260.0,1010.12,
2008,9,20,13,28.92,87.61,901.0,876.43,118.0,419.55,3.14,271.0,1009.48,
2008,9,20,14,28.63,91.74,792.0,850.58,112.0,420.32,3.1,291.0,1009.52,
2008,9,20,15,28.34,95.87,622.0,798.06,102.0,421.08,3.06,311.0,1009.55,
2008,9,20,16,28.04,100.0,408.0,700.23,86.0,421.85,3.02,331.0,1009.58,
2008,9,20,17,27.33,100.0,40.0,0.0,40.0,424.17,2.64,357.0,1009.75,
2008,9,20,18,26.62,100.0,0.0,0.0,0.0,426.48,2.26,23.0,1009.92,
2008,9,20,19,25.91,100.0,0.0,0.0,0.0,428.8,1.88,48.0,1010.08,
2008,9,20,20,25.62,100.0,0.0,0.0,0.0,425.68,1.43,49.0,1010.31,
2008,9,20,21,25.33,100.0,0.0,0.0,0.0,422.57,0.98,50.0,1010.55,
2008,9,20,22,25.04,100.0,0.0,0.0,0.0,419.45,0.54,50.0,1010.78,
2008,9,20,23,24.83,100.0,0.0,0.0,0.0,419.18,0.71,50.0,1010.58,
2008,9,21,0,24.62,100.0,0.0,0.0,0.0,418.92,0.89,50.0,1010.38,
2008,9,21,1,24.41,100.0,0.0,0.0,0.0,418.65,1.06,50.0,1010.18,
2008,9,21,2,24.35,100.0,0.0,0.0,0.0,418.05,1.1,51.0,1009.92,
2008,9,21,3,24.3,100.0,0.0,0.0,0.0,417.45,1.14,52.0,1009.65,
2008,9,21,4,24.25,100.0,0.0,0.0,0.0,416.85,1.17,54.0,1009.38,
2008,9,21,5,24.74,100.0,0.0,0.0,0.0,416.2,1.07,56.0,1010.02,
2008,9,21,6,25.23,100.0,0.0,0.0,0.0,415.55,0.97,59.0,1010.65,
2008,9,21,7,25.72,100.0,61.0,0.0,61.0,414.9,0.87,61.0,1011.28,
2008,9,21,8,26.74,92.26,106.0,0.0,106.0,413.32,1.13,120.0,1010.95,
2008,9,21,9,27.77,84.51,81.0,0.0,81.0,411.73,1.39,179.0,1010.61,
2008,9,21,10,28.79,76.77,194.0,6.2,189.0,410.15,1.66,238.0,1010.28,
2008,9,21,11,28.92,76.36,533.0,99.35,444.0,413.5,2.28,253.0,1009.48,
2008,9,21,12,29.05,75.95,796.0,431.61,397.0,416.85,2.9,268.0,1008.68,
2008,9,21,13,29.18,75.54,764.0,436.87,375.0,420.2,3.52,283.0,1007.89,
2008,9,21,14,28.93,81.94,781.0,841.58,111.0,422.25,3.68,289.0,1007.92,
2008,9,21,15,28.67,88.33,614.0,791.77,101.0,424.3,3.85,295.0,1007.95,
2008,9,21,16,28.41,94.73,402.0,695.27,85.0,426.35,4.01,301.0,1007.99,
2008,9,21,17,27.77,96.49,174.0,506.18,58.0,427.37,3.5,322.0,1008.25,
2008,9,21,18,27.13,98.24,0.0,0.0,0.0,428.38,2.99,343.0,1008.52,
2008,9,21,19,26.49,100.0,0.0,0.0,0.0,429.4,2.48,4.0,1008.78,
2008,9,21,20,26.3,100.0,0.0,0.0,0.0,427.57,2.4,13.0,1009.02,
2008,9,21,21,26.11,100.0,0.0,0.0,0.0,425.73,2.31,22.0,1009.25,
2008,9,21,22,25.92,100.0,0.0,0.0,0.0,423.9,2.22,31.0,1009.48,
2008,9,21,23,25.68,100.0,0.0,0.0,0.0,422.9,2.08,36.0,1009.18,
2008,9,22,0,25.43,100.0,0.0,0.0,0.0,421.9,1.94,42.0,1008.88,
2008,9,22,1,25.19,100.0,0.0,0.0,0.0,420.9,1.81,47.0,1008.58,
2008,9,22,2,25.21,100.0,0.0,0.0,0.0,417.88,1.7,49.0,1008.48,
2008,9,22,3,25.24,100.0,0.0,0.0,0.0,414.87,1.6,52.0,1008.38,
2008,9,22,4,25.27,100.0,0.0,0.0,0.0,411.85,1.49,54.0,1008.29,
2008,9,22,5,25.8,99.65,0.0,0.0,0.0,412.23,1.21,57.0,1008.85,
2008,9,22,6,26.34,99.3,0.0,0.0,0.0,412.62,0.93,60.0,1009.42,
2008,9,22,7,26.87,98.95,149.0,241.95,88.0,413.0,0.65,62.0,1009.98,
2008,9,22,8,27.86,91.1,416.0,696.17,87.0,410.73,0.93,98.0,1009.78,
2008,9,22,9,28.86,83.26,626.0,792.7,102.0,408.47,1.22,133.0,1009.58,
2008,9,22,10,29.85,75.41,792.0,845.11,112.0,406.2,1.5,169.0,1009.38,
2008,9,22,11,29.89,76.34,897.0,872.9,117.0,406.62,2.16,194.0,1008.82,
2008,9,22,12,29.93,77.27,931.0,881.96,118.0,407.03,2.81,219.0,1008.25,
2008,9,22,13,29.97,78.2,892.0,874.44,116.0,407.45,3.46,244.0,1007.69,
2008,9,22,14,29.59,85.05,782.0,846.43,111.0,409.48,3.71,262.0,1007.85,
2008,9,22,15,29.21,91.9,612.0,793.19,101.0,411.52,3.96,280.0,1008.02,
2008,9,22,16,28.82,98.75,399.0,694.68,85.0,413.55,4.21,298.0,1008.19,
2008,9,22,17,28.16,99.17,170.0,502.06,57.0,416.95,3.48,327.0,1008.75,
2008,9,22,18,27.5,99.58,0.0,0.0,0.0,420.35,2.75,356.0,1009.32,
2008,9,22,19,26.83,100.0,0.0,0.0,0.0,423.75,2.03,25.0,1009.88,
2008,9,22,20,26.59,100.0,0.0,0.0,0.0,425.1,1.43,36.0,1010.15,
2008,9,22,21,26.34,100.0,0.0,0.0,0.0,426.45,0.84,47.0,1010.41,
2008,9,22,22,26.1,100.0,0.0,0.0,0.0,427.8,0.25,57.0,1010.68,
2008,9,22,23,25.83,100.0,0.0,0.0,0.0,425.63,0.29,56.0,1010.38,
2008,9,23,0,25.56,100.0,0.0,0.0,0.0,423.47,0.33,55.0,1010.08,
2008,9,23,1,25.29,100.0,0.0,0.0,0.0,421.3,0.37,54.0,1009.78,
2008,9,23,2,25.25,100.0,0.0,0.0,0.0,419.62,0.57,55.0,1009.75,
2008,9,23,3,25.21,100.0,0.0,0.0,0.0,417.93,0.76,56.0,1009.72,
2008,9,23,4,25.17,100.0,0.0,0.0,0.0,416.25,0.95,56.0,1009.68,
2008,9,23,5,25.65,100.0,0.0,0.0,0.0,415.05,0.8,58.0,1010.21,
2008,9,23,6,26.12,100.0,0.0,0.0,0.0,413.85,0.66,59.0,1010.75,
2008,9,23,7,26.6,100.0,95.0,23.92,89.0,412.65,0.51,61.0,1011.28,
2008,9,23,8,27.49,93.13,380.0,496.63,146.0,411.27,0.87,104.0,1011.21,
2008,9,23,9,28.37,86.25,448.0,218.38,304.0,409.88,1.23,147.0,1011.15,
2008,9,23,10,29.26,79.38,632.0,327.65,369.0,408.5,1.59,191.0,1011.08,
2008,9,23,11,29.15,81.47,892.0,870.66,116.0,411.0,2.17,211.0,1010.48,
2008,9,23,12,29.04,83.57,756.0,349.24,435.0,413.5,2.75,231.0,1009.88,
2008,9,23,13,28.93,85.66,660.0,246.5,442.0,416.0,3.34,252.0,1009.28,
2008,9,23,14,28.69,90.03,641.0,367.4,351.0,418.65,3.34,267.0,1009.38,
2008,9,23,15,28.45,94.39,439.0,246.67,281.0,421.3,3.35,282.0,1009.48,
2008,9,23,16,28.2,98.76,173.0,20.09,164.0,423.95,3.35,297.0,1009.58,
2008,9,23,17,27.6,99.17,68.0,0.0,68.0,426.33,2.71,341.0,1009.95,
2008,9,23,18,27.0,99.59,0.0,0.0,0.0,428.72,2.07,24.0,1010.31,
2008,9,23,19,26.39,100.0,0.0,0.0,0.0,431.1,1.43,68.0,1010.68,
2008,9,23,20,26.13,100.0,0.0,0.0,0.0,430.6,1.22,63.0,1010.95,
2008,9,23,21,25.86,100.0,0.0,0.0,0.0,430.1,1.01,59.0,1011.21,
2008,9,23,22,25.6,100.0,0.0,0.0,0.0,429.6,0.8,54.0,1011.48,
2008,9,23,23,25.36,100.0,0.0,0.0,0.0,428.47,0.71,51.0,1011.11,
2008,9,24,0,25.12,100.0,0.0,0.0,0.0,427.33,0.62,48.0,1010.75,
2008,9,24,1,24.89,100.0,0.0,0.0,0.0,426.2,0.52,45.0,1010.38,
2008,9,24,2,24.87,100.0,0.0,0.0,0.0,425.3,0.49,48.0,1010.25,
2008,9,24,3,24.85,100.0,0.0,0.0,0.0,424.4,0.45,50.0,1010.12,
2008,9,24,4,24.83,100.0,0.0,0.0,0.0,423.5,0.41,52.0,1009.98,
2008,9,24,5,25.44,99.58,0.0,0.0,0.0,422.42,0.33,57.0,1010.51,
2008,9,24,6,26.04,99.16,0.0,0.0,0.0,421.33,0.25,62.0,1011.05,
2008,9,24,7,26.65,98.74,143.0,216.37,89.0,420.25,0.17,67.0,1011.58,
2008,9,24,8,27.47,92.27,413.0,696.14,86.0,421.08,0.41,101.0,1011.45,
2008,9,24,9,28.29,85.8,467.0,258.47,297.0,421.92,0.65,135.0,1011.31,
2008,9,24,10,29.11,79.33,784.0,840.52,111.0,422.75,0.9,169.0,1011.18,
2008,9,24,11,29.07,82.28,656.0,236.24,446.0,423.83,1.14,197.0,1010.51,
2008,9,24,12,29.04,85.23,743.0,330.64,440.0,424.92,1.39,224.0,1009.85,
2008,9,24,13,29.0,88.18,571.0,140.71,447.0,426.0,1.64,252.0,1009.18,
2008,9,24,14,28.7,92.0,586.0,267.21,376.0,427.75,1.89,269.0,1009.05,
2008,9,24,15,28.4,95.83,442.0,260.68,276.0,429.5,2.15,286.0,1008.92,
2008,9,24,16,28.09,99.65,321.0,360.28,161.0,431.25,2.4,303.0,1008.78,
2008,9,24,17,27.5,99.77,137.0,290.47,74.0,431.83,2.25,322.0,1009.12,
2008,9,24,18,26.91,99.88,0.0,0.0,0.0,432.42,2.1,342.0,1009.45,
2008,9,24,19,26.31,100.0,0.0,0.0,0.0,433.0,1.94,2.0,1009.78,
2008,9,24,20,26.09,100.0,0.0,0.0,0.0,434.07,1.69,15.0,1009.85,
2008,9,24,21,25.86,100.0,0.0,0.0,0.0,435.13,1.43,28.0,1009.92,
2008,9,24,22,25.63,100.0,0.0,0.0,0.0,436.2,1.17,41.0,1009.98,
2008,9,24,23,25.43,100.0,0.0,0.0,0.0,435.32,1.03,44.0,1009.72,
2008,9,25,0,25.23,100.0,0.0,0.0,0.0,434.43,0.89,47.0,1009.45,
2008,9,25,1,25.03,100.0,0.0,0.0,0.0,433.55,0.74,50.0,1009.18,
2008,9,25,2,25.08,100.0,0.0,0.0,0.0,431.5,0.64,52.0,1009.05,
2008,9,25,3,25.13,100.0,0.0,0.0,0.0,429.45,0.53,54.0,1008.92,
2008,9,25,4,25.18,100.0,0.0,0.0,0.0,427.4,0.43,56.0,1008.78,
2008,9,25,5,25.58,99.14,0.0,0.0,0.0,422.85,0.74,61.0,1009.25,
2008,9,25,6,25.97,98.29,0.0,0.0,0.0,418.3,1.06,66.0,1009.72,
2008,9,25,7,26.37,97.43,176.0,439.06,67.0,413.75,1.38,71.0,1010.18,
2008,9,25,8,27.35,89.62,397.0,597.96,117.0,412.12,1.34,95.0,1009.85,
2008,9,25,9,28.34,81.82,620.0,791.17,101.0,410.48,1.3,120.0,1009.52,
2008,9,25,10,29.32,74.01,783.0,842.66,110.0,408.85,1.26,144.0,1009.18,
2008,9,25,11,29.38,74.99,886.0,869.67,115.0,408.8,2.17,179.0,1008.35,
2008,9,25,12,29.43,75.96,530.0,87.56,450.0,408.75,3.08,214.0,1007.52,
2008,9,25,13,29.49,76.94,724.0,439.57,338.0,408.7,3.99,249.0,1006.69,
2008,9,25,14,29.15,83.59,615.0,379.59,318.0,412.6,4.02,262.0,1006.69,
2008,9,25,15,28.81,90.23,598.0,788.28,99.0,416.5,4.05,276.0,1006.69,
2008,9,25,16,28.47,96.88,386.0,688.43,83.0,420.4,4.08,289.0,1006.69,
2008,9,25,17,27.94,97.92,159.0,488.72,55.0,423.08,3.41,318.0,1007.49,
2008,9,25,18,27.41,98.96,0.0,0.0,0.0,425.77,2.73,347.0,1008.29,
2008,9,25,19,26.88,100.0,0.0,0.0,0.0,428.45,2.06,15.0,1009.08,
2008,9,25,20,26.62,100.0,0.0,0.0,0.0,427.58,1.64,29.0,1009.28,
2008,9,25,21,26.36,100.0,0.0,0.0,0.0,426.72,1.23,43.0,1009.48,
2008,9,25,22,26.1,100.0,0.0,0.0,0.0,425.85,0.81,58.0,1009.68,
2008,9,25,23,25.79,100.0,0.0,0.0,0.0,424.87,0.91,57.0,1009.32,
2008,9,26,0,25.47,100.0,0.0,0.0,0.0,423.88,1.02,56.0,1008.95,
2008,9,26,1,25.16,100.0,0.0,0.0,0.0,422.9,1.12,56.0,1008.58,
2008,9,26,2,25.2,100.0,0.0,0.0,0.0,420.75,1.4,56.0,1008.45,
2008,9,26,3,25.24,100.0,0.0,0.0,0.0,418.6,1.68,56.0,1008.32,
2008,9,26,4,25.28,100.0,0.0,0.0,0.0,416.45,1.96,56.0,1008.19,
2008,9,26,5,25.89,99.16,0.0,0.0,0.0,416.5,1.76,59.0,1008.82,
2008,9,26,6,26.49,98.32,0.0,0.0,0.0,416.55,1.55,62.0,1009.45,
2008,9,26,7,27.1,97.48,75.0,0.0,75.0,416.6,1.35,65.0,1010.08,
2008,9,26,8,28.12,91.4,410.0,696.31,85.0,414.67,1.4,80.0,1009.88,
2008,9,26,9,29.14,85.33,473.0,276.66,292.0,412.73,1.45,94.0,1009.68,
2008,9,26,10,30.16,79.25,705.0,517.21,293.0,410.8,1.5,108.0,1009.48,
2008,9,26,11,30.25,78.75,664.0,252.23,441.0,413.5,2.3,74.0,1008.85,
2008,9,26,12,30.35,78.25,723.0,305.21,445.0,416.2,3.1,40.0,1008.22,
2008,9,26,13,30.44,77.75,654.0,249.15,436.0,418.9,3.9,6.0,1007.59,
2008,9,26,14,30.1,83.92,560.0,233.66,378.0,420.1,3.73,4.0,1007.62,
2008,9,26,15,29.76,90.08,408.0,184.35,292.0,421.3,3.56,1.0,1007.65,
2008,9,26,16,29.42,96.25,58.0,0.0,58.0,422.5,3.39,359.0,1007.69,
2008,9,26,17,28.77,97.5,90.0,52.7,79.0,424.52,2.91,13.0,1008.38,
2008,9,26,18,28.12,98.75,0.0,0.0,0.0,426.53,2.43,26.0,1009.08,
2008,9,26,19,27.47,100.0,0.0,0.0,0.0,428.55,1.94,40.0,1009.78,
2008,9,26,20,27.17,100.0,0.0,0.0,0.0,430.03,1.42,46.0,1009.98,
2008,9,26,21,26.86,100.0,0.0,0.0,0.0,431.52,0.89,52.0,1010.18,
2008,9,26,22,26.55,100.0,0.0,0.0,0.0,433.0,0.36,57.0,1010.38,
2008,9,26,23,26.24,100.0,0.0,0.0,0.0,432.82,0.46,58.0,1010.21,
2008,9,27,0,25.93,100.0,0.0,0.0,0.0,432.63,0.57,59.0,1010.05,
2008,9,27,1,25.62,100.0,0.0,0.0,0.0,432.45,0.68,60.0,1009.88,
2008,9,27,2,25.66,100.0,0.0,0.0,0.0,428.33,0.93,60.0,1009.92,
2008,9,27,3,25.71,100.0,0.0,0.0,0.0,424.22,1.19,59.0,1009.95,
2008,9,27,4,25.76,100.0,0.0,0.0,0.0,420.1,1.45,59.0,1009.98,
2008,9,27,5,26.4,97.32,0.0,0.0,0.0,418.05,1.59,62.0,1010.48,
2008,9,27,6,27.05,94.65,0.0,0.0,0.0,416.0,1.73,64.0,1010.98,
2008,9,27,7,27.69,91.97,182.0,500.92,59.0,413.95,1.88,67.0,1011.48,
2008,9,27,8,28.65,84.95,409.0,696.48,85.0,413.37,1.72,93.0,1011.21,
2008,9,27,9,29.61,77.93,617.0,792.44,100.0,412.78,1.57,118.0,1010.95,
2008,9,27,10,30.57,70.91,780.0,843.35,110.0,412.2,1.42,143.0,1010.68,
2008,9,27,11,30.45,73.03,882.0,869.99,115.0,412.2,1.97,185.0,1010.08,
2008,9,27,12,30.32,75.14,914.0,878.87,116.0,412.2,2.52,227.0,1009.48,
2008,9,27,13,30.2,77.26,873.0,870.66,114.0,412.2,3.08,269.0,1008.88,
2008,9,27,14,29.84,82.82,763.0,843.45,109.0,414.42,3.08,289.0,1008.88,
2008,9,27,15,29.48,88.39,592.0,788.23,99.0,416.63,3.08,309.0,1008.88,
2008,9,27,16,29.11,93.95,379.0,687.22,82.0,418.85,3.08,329.0,1008.88,
2008,9,27,17,28.39,95.97,119.0,219.89,74.0,418.92,2.87,346.0,1009.35,
2008,9,27,18,27.67,97.98,0.0,0.0,0.0,418.98,2.66,3.0,1009.82,
2008,9,27,19,26.95,100.0,0.0,0.0,0.0,419.05,2.46,20.0,1010.28,
2008,9,27,20,26.69,100.0,0.0,0.0,0.0,419.52,1.94,28.0,1010.35,
2008,9,27,21,26.43,100.0,0.0,0.0,0.0,419.98,1.43,36.0,1010.41,
2008,9,27,22,26.17,100.0,0.0,0.0,0.0,420.45,0.92,44.0,1010.48,
2008,9,27,23,25.89,100.0,0.0,0.0,0.0,419.47,0.89,50.0,1010.25,
2008,9,28,0,25.61,100.0,0.0,0.0,0.0,418.48,0.86,55.0,1010.02,
2008,9,28,1,25.33,100.0,0.0,0.0,0.0,417.5,0.83,60.0,1009.78,
2008,9,28,2,25.38,100.0,0.0,0.0,0.0,419.87,0.97,62.0,1009.78,
2008,9,28,3,25.44,100.0,0.0,0.0,0.0,422.23,1.1,63.0,1009.78,
2008,9,28,4,25.5,100.0,0.0,0.0,0.0,424.6,1.24,64.0,1009.78,
2008,9,28,5,25.92,99.99,0.0,0.0,0.0,421.98,1.27,67.0,1010.35,
2008,9,28,6,26.33,99.98,0.0,0.0,0.0,419.37,1.31,71.0,1010.91,
2008,9,28,7,26.75,99.97,181.0,499.69,59.0,416.75,1.34,75.0,1011.48,
2008,9,28,8,27.68,93.1,409.0,698.87,85.0,417.08,1.56,126.0,1011.41,
2008,9,28,9,28.61,86.23,617.0,794.7,100.0,417.42,1.78,177.0,1011.35,
2008,9,28,10,29.54,79.36,780.0,846.93,109.0,417.75,2.0,228.0,1011.28,
2008,9,28,11,29.41,83.13,881.0,871.36,115.0,422.88,1.96,238.0,1010.75,
2008,9,28,12,29.29,86.89,912.0,879.47,116.0,428.02,1.92,247.0,1010.21,
2008,9,28,13,29.16,90.66,870.0,870.46,114.0,433.15,1.88,257.0,1009.68,
2008,9,28,14,28.69,93.77,758.0,842.16,108.0,432.5,1.58,283.0,1009.68,
2008,9,28,15,28.21,96.89,588.0,788.23,98.0,431.85,1.28,310.0,1009.68,
2008,9,28,16,27.73,100.0,375.0,684.28,82.0,431.2,0.98,337.0,1009.68,
2008,9,28,17,27.35,100.0,148.0,473.6,53.0,428.5,1.41,346.0,1009.95,
2008,9,28,18,26.96,100.0,0.0,0.0,0.0,425.8,1.84,355.0,1010.21,
2008,9,28,19,26.57,100.0,0.0,0.0,0.0,423.1,2.28,5.0,1010.48,
2008,9,28,20,26.39,100.0,0.0,0.0,0.0,424.8,1.94,18.0,1010.68,
2008,9,28,21,26.21,100.0,0.0,0.0,0.0,426.5,1.6,31.0,1010.88,
2008,9,28,22,26.03,100.0,0.0,0.0,0.0,428.2,1.27,44.0,1011.08,
2008,9,28,23,25.74,100.0,0.0,0.0,0.0,428.18,1.03,46.0,1010.61,
2008,9,29,0,25.44,100.0,0.0,0.0,0.0,428.17,0.78,49.0,1010.15,
2008,9,29,1,25.15,100.0,0.0,0.0,0.0,428.15,0.54,51.0,1009.68,
2008,9,29,2,25.22,100.0,0.0,0.0,0.0,426.52,0.6,52.0,1009.52,
2008,9,29,3,25.29,100.0,0.0,0.0,0.0,424.88,0.66,54.0,1009.35,
2008,9,29,4,25.37,100.0,0.0,0.0,0.0,423.25,0.72,55.0,1009.18,
2008,9,29,5,25.58,100.0,0.0,0.0,0.0,423.4,0.81,57.0,1010.05,
2008,9,29,6,25.8,100.0,0.0,0.0,0.0,423.55,0.91,60.0,1010.91,
2008,9,29,7,26.01,100.0,180.0,498.51,59.0,423.7,1.01,62.0,1011.78,
2008,9,29,8,27.01,92.61,256.0,127.71,197.0,423.57,0.91,88.0,1011.48,
2008,9,29,9,28.01,85.21,616.0,795.49,100.0,423.43,0.8,114.0,1011.18,
2008,9,29,10,29.01,77.82,778.0,846.78,109.0,423.3,0.7,141.0,1010.88,
2008,9,29,11,29.11,78.74,710.0,337.7,414.0,423.4,1.18,178.0,1010.05,
2008,9,29,12,29.21,79.67,721.0,313.69,438.0,423.5,1.66,216.0,1009.22,
2008,9,29,13,29.31,80.59,641.0,290.1,390.0,423.6,2.14,253.0,1008.38,
2008,9,29,14,29.07,85.46,754.0,840.88,108.0,423.32,2.09,263.0,1008.35,
2008,9,29,15,28.83,90.34,583.0,785.02,98.0,423.03,2.05,273.0,1008.32,
2008,9,29,16,28.58,95.21,370.0,681.28,81.0,422.75,2.0,282.0,1008.29,
2008,9,29,17,28.04,96.81,144.0,468.08,52.0,423.87,2.1,315.0,1008.62,
2008,9,29,18,27.49,98.4,0.0,0.0,0.0,424.98,2.19,348.0,1008.95,
2008,9,29,19,26.94,100.0,0.0,0.0,0.0,426.1,2.29,21.0,1009.28,
2008,9,29,20,26.74,100.0,0.0,0.0,0.0,425.15,2.06,26.0,1009.38,
2008,9,29,21,26.53,100.0,0.0,0.0,0.0,424.2,1.82,31.0,1009.48,
2008,9,29,22,26.32,100.0,0.0,0.0,0.0,423.25,1.59,35.0,1009.58,
2008,9,29,23,26.07,100.0,0.0,0.0,0.0,423.02,1.26,40.0,1009.35,
2008,9,30,0,25.82,100.0,0.0,0.0,0.0,422.78,0.93,45.0,1009.12,
2008,9,30,1,25.57,100.0,0.0,0.0,0.0,422.55,0.61,49.0,1008.88,
2008,9,30,2,25.57,100.0,0.0,0.0,0.0,424.08,0.62,52.0,1008.85,
2008,9,30,3,25.58,100.0,0.0,0.0,0.0,425.62,0.63,54.0,1008.82,
2008,9,30,4,25.59,100.0,0.0,0.0,0.0,427.15,0.65,57.0,1008.78,
2008,9,30,5,25.73,100.0,0.0,0.0,0.0,421.08,1.08,60.0,1009.52,
2008,9,30,6,25.88,100.0,0.0,0.0,0.0,415.02,1.5,64.0,1010.25,
2008,9,30,7,26.02,100.0,114.0,99.48,90.0,408.95,1.93,67.0,1010.98,
2008,9,30,8,27.18,90.63,359.0,449.7,152.0,407.22,1.72,97.0,1010.71,
2008,9,30,9,30.23,70.95,614.0,796.33,99.0,409.14,2.55,127.0,1010.45,
2008,9,30,10,29.89,73.26,777.0,847.95,109.0,409.65,2.49,157.0,1010.18,
2008,9,30,11,29.54,75.58,609.0,188.81,444.0,410.17,2.43,178.0,1009.42,
2008,9,30,12,29.2,77.89,911.0,884.15,116.0,410.68,2.38,199.0,1008.65,
2008,9,30,13,28.85,80.21,870.0,877.12,114.0,411.19,2.32,220.0,1007.89,
2008,9,30,14,28.51,82.52,758.0,850.08,108.0,411.7,2.27,238.0,1008.09,
2008,9,30,15,28.17,84.84,586.0,794.81,98.0,412.21,2.21,256.0,1008.29,
2008,9,30,16,27.82,87.16,371.0,690.12,81.0,412.72,2.15,274.0,1008.48,
2008,9,30,17,27.48,89.47,140.0,0.0,140.0,413.23,2.1,280.0,1009.62,
2008,9,30,18,27.13,91.79,0.0,0.0,0.0,413.74,2.04,297.0,1010.05,
2008,9,30,19,26.79,94.1,0.0,0.0,0.0,414.25,1.98,313.0,1010.48,
2008,9,30,20,26.45,96.42,0.0,0.0,0.0,414.76,1.93,336.0,1010.51,
2008,9,30,21,26.1,98.73,0.0,0.0,0.0,415.27,1.87,358.0,1010.55,
2008,9,30,22,25.76,100.0,0.0,0.0,0.0,415.78,1.81,21.0,1010.58,
2008,9,30,23,25.41,100.0,0.0,0.0,0.0,416.29,1.76,23.0,1010.18,
2012,10,1,0,25.07,100.0,0.0,0.0,0.0,416.8,1.7,25.0,1009.78,
2012,10,1,1,24.86,100.0,0.0,0.0,0.0,414.1,1.67,27.0,1009.38,
2012,10,1,2,24.98,100.0,0.0,0.0,0.0,414.13,1.58,30.0,1009.32,
2012,10,1,3,25.11,100.0,0.0,0.0,0.0,414.17,1.49,34.0,1009.25,
2012,10,1,4,25.24,100.0,0.0,0.0,0.0,414.2,1.41,37.0,1009.18,
2012,10,1,5,25.74,100.0,0.0,0.0,0.0,415.23,1.54,34.0,1009.88,
2012,10,1,6,26.25,100.0,0.0,0.0,0.0,416.27,1.67,32.0,1010.58,
2012,10,1,7,26.75,100.0,175.0,0.0,175.0,417.3,1.81,29.0,1011.28,
2012,10,1,8,27.74,91.6,402.0,0.0,402.0,417.27,1.75,349.0,1010.81,
2012,10,1,9,28.72,83.2,611.0,0.0,611.0,417.23,1.69,310.0,1010.35,
2012,10,1,10,29.71,74.8,774.0,0.0,774.0,417.2,1.63,270.0,1009.88,
2012,10,1,11,29.77,74.36,875.0,0.0,875.0,418.0,2.18,273.0,1008.95,
2012,10,1,12,29.83,73.91,905.0,0.0,905.0,418.8,2.73,277.0,1008.02,
2012,10,1,13,29.89,73.47,862.0,0.0,862.0,419.6,3.28,280.0,1007.09,
2012,10,1,14,29.58,78.33,749.0,0.0,749.0,421.7,3.36,278.0,1006.99,
2012,10,1,15,29.27,83.19,576.0,0.0,576.0,423.8,3.44,276.0,1006.89,
2012,10,1,16,28.95,88.05,361.0,0.0,361.0,425.9,3.52,274.0,1006.79,
2012,10,1,17,28.11,92.03,136.0,424.37,56.0,424.88,2.9,283.0,1007.35,
2012,10,1,18,27.26,96.02,0.0,0.0,0.0,423.87,2.28,292.0,1007.92,
2012,10,1,19,26.42,100.0,0.0,0.0,0.0,422.85,1.66,301.0,1008.48,
2012,10,1,20,26.09,100.0,0.0,0.0,0.0,422.98,1.61,321.0,1008.68,
2012,10,1,21,25.76,100.0,0.0,0.0,0.0,423.12,1.56,342.0,1008.88,
2012,10,1,22,25.43,100.0,0.0,0.0,0.0,423.25,1.52,2.0,1009.08,
2012,10,1,23,25.18,100.0,0.0,0.0,0.0,424.47,1.48,11.0,1008.92,
2012,10,2,0,24.93,100.0,0.0,0.0,0.0,425.68,1.44,21.0,1008.75,
2012,10,2,1,24.69,100.0,0.0,0.0,0.0,426.9,1.41,30.0,1008.58,
2012,10,2,2,24.86,100.0,0.0,0.0,0.0,426.78,1.43,37.0,1008.48,
2012,10,2,3,25.03,100.0,0.0,0.0,0.0,426.67,1.45,44.0,1008.38,
2012,10,2,4,25.19,100.0,0.0,0.0,0.0,426.55,1.48,51.0,1008.29,
2012,10,2,5,26.04,100.0,0.0,0.0,0.0,428.78,1.13,52.0,1008.82,
2012,10,2,6,26.89,100.0,0.0,0.0,0.0,431.02,0.79,54.0,1009.35,
2012,10,2,7,27.74,100.0,174.0,461.71,64.0,433.25,0.44,56.0,1009.88,
2012,10,2,8,28.85,93.63,401.0,671.99,94.0,436.62,0.65,60.0,1009.72,
2012,10,2,9,29.96,87.26,610.0,776.42,111.0,439.98,0.86,64.0,1009.55,
2012,10,2,10,31.07,80.89,772.0,830.03,122.0,443.35,1.06,68.0,1009.38,
2012,10,2,11,31.2,79.05,874.0,860.09,127.0,440.67,1.55,15.0,1008.45,
2012,10,2,12,31.32,77.2,904.0,867.77,129.0,437.98,2.05,323.0,1007.52,
2012,10,2,13,31.45,75.36,861.0,858.29,127.0,435.3,2.54,271.0,1006.59,
2012,10,2,14,30.81,81.14,747.0,827.88,120.0,431.33,2.64,270.0,1006.59,
2012,10,2,15,30.18,86.92,574.0,768.61,108.0,427.37,2.74,270.0,1006.59,
2012,10,2,16,29.54,92.7,359.0,654.92,89.0,423.4,2.84,270.0,1006.59,
2012,10,2,17,28.75,95.13,134.0,438.95,53.0,418.88,2.49,296.0,1007.09,
2012,10,2,18,27.95,97.57,0.0,0.0,0.0,414.37,2.14,323.0,1007.59,
2012,10,2,19,27.16,100.0,0.0,0.0,0.0,409.85,1.79,350.0,1008.09,
2012,10,2,20,26.84,100.0,0.0,0.0,0.0,410.72,1.73,2.0,1008.48,
2012,10,2,21,26.52,100.0,0.0,0.0,0.0,411.58,1.66,13.0,1008.88,
2012,10,2,22,26.2,100.0,0.0,0.0,0.0,412.45,1.6,25.0,1009.28,
2012,10,2,23,25.79,100.0,0.0,0.0,0.0,415.23,1.37,34.0,1009.28,
2012,10,3,0,25.38,100.0,0.0,0.0,0.0,418.02,1.13,42.0,1009.28,
2012,10,3,1,24.98,100.0,0.0,0.0,0.0,420.8,0.9,50.0,1009.28,
2012,10,3,2,24.82,100.0,0.0,0.0,0.0,421.35,1.1,52.0,1009.45,
2012,10,3,3,24.67,100.0,0.0,0.0,0.0,421.9,1.3,54.0,1009.62,
2012,10,3,4,24.51,100.0,0.0,0.0,0.0,422.45,1.5,56.0,1009.78,
2012,10,3,5,25.29,98.51,0.0,0.0,0.0,420.9,1.31,58.0,1010.38,
2012,10,3,6,26.07,97.01,0.0,0.0,0.0,419.35,1.11,60.0,1010.98,
2012,10,3,7,26.84,95.52,180.0,502.77,61.0,417.8,0.91,62.0,1011.58,
2012,10,3,8,28.16,82.86,413.0,711.98,89.0,409.3,0.94,76.0,1011.38,
2012,10,3,9,29.48,70.21,628.0,816.4,105.0,400.8,0.97,89.0,1011.18,
2012,10,3,10,30.79,57.55,796.0,872.3,115.0,392.3,0.99,102.0,1010.98,
2012,10,3,11,30.88,59.36,900.0,899.79,121.0,390.08,1.8,147.0,1010.08,
2012,10,3,12,30.96,61.18,930.0,907.86,122.0,387.87,2.6,192.0,1009.18,
2012,10,3,13,31.04,62.99,884.0,896.95,120.0,385.65,3.41,236.0,1008.29,
2012,10,3,14,30.46,73.17,766.0,865.07,114.0,385.6,3.12,251.0,1008.42,
2012,10,3,15,29.89,83.34,588.0,805.07,103.0,385.55,2.83,266.0,1008.55,
2012,10,3,16,29.31,93.52,368.0,693.12,85.0,385.5,2.54,281.0,1008.68,
2012,10,3,17,28.55,95.68,136.0,465.19,52.0,387.15,2.37,308.0,1009.12,
2012,10,3,18,27.78,97.84,0.0,0.0,0.0,388.8,2.21,335.0,1009.55,
2012,10,3,19,27.02,100.0,0.0,0.0,0.0,390.45,2.04,2.0,1009.98,
2012,10,3,20,26.66,100.0,0.0,0.0,0.0,398.92,2.04,17.0,1010.31,
2012,10,3,21,26.3,100.0,0.0,0.0,0.0,407.38,2.03,32.0,1010.65,
2012,10,3,22,25.94,100.0,0.0,0.0,0.0,415.85,2.03,47.0,1010.98,
2012,10,3,23,25.55,100.0,0.0,0.0,0.0,415.42,2.0,66.0,1011.15,
2012,10,4,0,25.16,100.0,0.0,0.0,0.0,414.98,1.98,86.0,1011.31,
2012,10,4,1,24.78,100.0,0.0,0.0,0.0,414.55,1.96,105.0,1011.48,
2012,10,4,2,24.86,100.0,0.0,0.0,0.0,413.05,1.83,95.0,1011.78,
2012,10,4,3,24.94,100.0,0.0,0.0,0.0,411.55,1.69,86.0,1012.08,
2012,10,4,4,25.01,100.0,0.0,0.0,0.0,410.05,1.56,76.0,1012.38,
2012,10,4,5,25.55,100.0,0.0,0.0,0.0,416.63,1.55,73.0,1012.98,
2012,10,4,6,26.08,100.0,0.0,0.0,0.0,423.22,1.55,69.0,1013.58,
2012,10,4,7,26.61,100.0,99.0,55.3,86.0,429.8,1.54,66.0,1014.17,
2012,10,4,8,27.52,92.52,408.0,706.03,88.0,423.78,1.29,114.0,1014.11,
2012,10,4,9,28.43,85.05,618.0,806.58,103.0,417.77,1.03,162.0,1014.04,
2012,10,4,10,29.34,77.57,781.0,858.34,113.0,411.75,0.77,209.0,1013.97,
2012,10,4,11,29.64,76.83,882.0,885.32,118.0,406.27,1.23,226.0,1013.21,
2012,10,4,12,29.93,76.09,911.0,891.9,120.0,400.78,1.69,243.0,1012.44,
2012,10,4,13,30.23,75.35,866.0,881.71,118.0,395.3,2.15,260.0,1011.68,
2012,10,4,14,29.71,82.07,751.0,853.31,111.0,394.88,2.41,264.0,1011.78,
2012,10,4,15,29.18,88.79,576.0,793.55,101.0,394.47,2.67,269.0,1011.88,
2012,10,4,16,28.66,95.51,359.0,682.58,83.0,394.05,2.92,273.0,1011.98,
2012,10,4,17,27.99,97.01,131.0,452.91,51.0,396.57,2.62,301.0,1012.51,
2012,10,4,18,27.32,98.5,0.0,0.0,0.0,399.08,2.32,329.0,1013.04,
2012,10,4,19,26.65,100.0,0.0,0.0,0.0,401.6,2.01,357.0,1013.58,
2012,10,4,20,26.24,100.0,0.0,0.0,0.0,406.33,1.94,11.0,1013.77,
2012,10,4,21,25.82,100.0,0.0,0.0,0.0,411.07,1.88,24.0,1013.97,
2012,10,4,22,25.41,100.0,0.0,0.0,0.0,415.8,1.81,38.0,1014.17,
2012,10,4,23,25.06,100.0,0.0,0.0,0.0,417.33,1.51,44.0,1014.14,
2012,10,5,0,24.7,100.0,0.0,0.0,0.0,418.87,1.21,50.0,1014.11,
2012,10,5,1,24.35,100.0,0.0,0.0,0.0,420.4,0.91,55.0,1014.07,
2012,10,5,2,24.36,100.0,0.0,0.0,0.0,418.4,1.05,57.0,1014.07,
2012,10,5,3,24.37,100.0,0.0,0.0,0.0,416.4,1.19,58.0,1014.07,
2012,10,5,4,24.37,100.0,0.0,0.0,0.0,414.4,1.32,59.0,1014.07,
2012,10,5,5,24.97,100.0,0.0,0.0,0.0,419.48,1.18,60.0,1014.67,
2012,10,5,6,25.57,100.0,0.0,0.0,0.0,424.57,1.04,61.0,1015.27,
2012,10,5,7,26.16,100.0,175.0,496.85,59.0,429.65,0.9,63.0,1015.87,
2012,10,5,8,27.35,93.77,403.0,702.31,86.0,425.02,0.88,118.0,1015.67,
2012,10,5,9,28.53,87.55,613.0,803.05,102.0,420.38,0.86,173.0,1015.47,
2012,10,5,10,29.71,81.32,776.0,857.24,111.0,415.75,0.84,229.0,1015.27,
2012,10,5,11,30.04,78.88,876.0,882.43,117.0,409.83,1.39,241.0,1014.37,
2012,10,5,12,30.36,76.45,905.0,890.56,118.0,403.92,1.94,252.0,1013.48,
2012,10,5,13,30.69,74.01,860.0,880.58,116.0,398.0,2.48,264.0,1012.58,
2012,10,5,14,30.19,80.03,745.0,850.83,110.0,399.55,2.69,269.0,1012.38,
2012,10,5,15,29.68,86.05,570.0,791.97,99.0,401.1,2.9,274.0,1012.18,
2012,10,5,16,29.18,92.07,354.0,679.3,82.0,402.65,3.1,279.0,1011.98,
2012,10,5,17,28.36,94.71,126.0,439.98,50.0,404.82,2.79,308.0,1012.31,
2012,10,5,18,27.54,97.36,0.0,0.0,0.0,406.98,2.48,338.0,1012.64,
2012,10,5,19,26.73,100.0,0.0,0.0,0.0,409.15,2.17,7.0,1012.98,
2012,10,5,20,26.36,100.0,0.0,0.0,0.0,413.38,1.84,41.0,1013.21,
2012,10,5,21,26.0,100.0,0.0,0.0,0.0,417.62,1.52,75.0,1013.44,
2012,10,5,22,25.63,100.0,0.0,0.0,0.0,421.85,1.2,109.0,1013.67,
2012,10,5,23,25.2,100.0,0.0,0.0,0.0,423.2,1.41,122.0,1013.77,
2012,10,6,0,24.77,100.0,0.0,0.0,0.0,424.55,1.62,135.0,1013.87,
2012,10,6,1,24.34,100.0,0.0,0.0,0.0,425.9,1.83,148.0,1013.97,
2012,10,6,2,24.47,100.0,0.0,0.0,0.0,429.75,1.75,142.0,1014.04,
2012,10,6,3,24.61,100.0,0.0,0.0,0.0,433.6,1.67,136.0,1014.11,
2012,10,6,4,24.74,100.0,0.0,0.0,0.0,437.45,1.59,130.0,1014.17,
2012,10,6,5,25.49,100.0,0.0,0.0,0.0,431.68,1.62,110.0,1014.67,
2012,10,6,6,26.23,100.0,0.0,0.0,0.0,425.92,1.66,90.0,1015.17,
2012,10,6,7,26.97,100.0,171.0,487.46,58.0,420.15,1.7,70.0,1015.67,
2012,10,6,8,28.04,94.92,398.0,696.4,85.0,419.18,1.72,110.0,1015.31,
2012,10,6,9,29.11,89.85,605.0,796.38,100.0,418.22,1.75,151.0,1014.94,
2012,10,6,10,30.17,84.77,766.0,849.71,109.0,417.25,1.78,191.0,1014.57,
2012,10,6,11,30.33,82.36,865.0,874.89,115.0,413.38,1.98,213.0,1013.54,
2012,10,6,12,30.48,79.95,650.0,233.95,444.0,409.52,2.17,236.0,1012.51,
2012,10,6,13,30.63,77.54,570.0,172.33,425.0,405.65,2.37,259.0,1011.48,
2012,10,6,14,30.1,82.92,734.0,842.96,108.0,406.82,2.42,263.0,1011.35,
2012,10,6,15,29.58,88.31,561.0,785.29,97.0,407.98,2.47,268.0,1011.21,
2012,10,6,16,29.05,93.69,346.0,670.89,80.0,409.15,2.52,273.0,1011.08,
2012,10,6,17,28.19,95.79,121.0,432.3,48.0,411.93,2.26,289.0,1011.48,
2012,10,6,18,27.33,97.9,0.0,0.0,0.0,414.72,1.99,304.0,1011.88,
2012,10,6,19,26.48,100.0,0.0,0.0,0.0,417.5,1.72,320.0,1012.28,
2012,10,6,20,26.12,100.0,0.0,0.0,0.0,420.22,1.58,339.0,1012.28,
2012,10,6,21,25.77,100.0,0.0,0.0,0.0,422.93,1.43,359.0,1012.28,
2012,10,6,22,25.41,100.0,0.0,0.0,0.0,425.65,1.28,18.0,1012.28,
2012,10,6,23,25.07,100.0,0.0,0.0,0.0,426.75,1.39,32.0,1012.04,
2012,10,7,0,24.73,100.0,0.0,0.0,0.0,427.85,1.49,46.0,1011.81,
2012,10,7,1,24.4,100.0,0.0,0.0,0.0,428.95,1.6,60.0,1011.58,
2012,10,7,2,24.5,100.0,0.0,0.0,0.0,430.63,1.63,61.0,1011.45,
2012,10,7,3,24.61,100.0,0.0,0.0,0.0,432.32,1.66,63.0,1011.31,
2012,10,7,4,24.71,100.0,0.0,0.0,0.0,434.0,1.7,65.0,1011.18,
2012,10,7,5,25.43,100.0,0.0,0.0,0.0,430.82,1.43,63.0,1011.75,
2012,10,7,6,26.15,100.0,0.0,0.0,0.0,427.63,1.16,62.0,1012.31,
2012,10,7,7,26.87,100.0,171.0,495.4,57.0,424.45,0.9,60.0,1012.88,
2012,10,7,8,28.0,92.73,398.0,701.67,84.0,423.95,0.91,6.0,1012.24,
2012,10,7,9,29.13,85.47,606.0,802.39,99.0,423.45,0.92,313.0,1011.61,
2012,10,7,10,30.25,78.2,767.0,855.16,108.0,422.95,0.94,259.0,1010.98,
2012,10,7,11,30.48,78.86,376.0,31.6,349.0,419.22,1.62,261.0,1010.08,
2012,10,7,12,30.7,79.53,895.0,890.25,114.0,415.48,2.31,263.0,1009.18,
2012,10,7,13,30.92,80.19,850.0,880.75,112.0,411.75,2.99,266.0,1008.29,
2012,10,7,14,30.42,86.2,735.0,851.25,106.0,412.1,3.14,268.0,1008.25,
2012,10,7,15,29.92,92.21,560.0,790.43,96.0,412.45,3.3,270.0,1008.22,
2012,10,7,16,29.42,98.22,344.0,675.01,79.0,412.8,3.45,272.0,1008.19,
2012,10,7,17,28.47,98.81,120.0,454.47,45.0,415.55,2.86,295.0,1008.72,
2012,10,7,18,27.52,99.41,0.0,0.0,0.0,418.3,2.27,319.0,1009.25,
2012,10,7,19,26.57,100.0,0.0,0.0,0.0,421.05,1.68,342.0,1009.78,
2012,10,7,20,26.25,100.0,0.0,0.0,0.0,424.1,1.64,358.0,1009.85,
2012,10,7,21,25.93,100.0,0.0,0.0,0.0,427.15,1.59,15.0,1009.92,
2012,10,7,22,25.61,100.0,0.0,0.0,0.0,430.2,1.54,31.0,1009.98,
2012,10,7,23,25.3,100.0,0.0,0.0,0.0,430.9,1.55,38.0,1009.78,
2012,10,8,0,24.99,100.0,0.0,0.0,0.0,431.6,1.56,46.0,1009.58,
2012,10,8,1,24.69,100.0,0.0,0.0,0.0,432.3,1.57,54.0,1009.38,
2012,10,8,2,24.8,100.0,0.0,0.0,0.0,430.58,1.44,55.0,1009.32,
2012,10,8,3,24.91,100.0,0.0,0.0,0.0,428.87,1.31,55.0,1009.25,
2012,10,8,4,25.02,100.0,0.0,0.0,0.0,427.15,1.17,56.0,1009.18,
2012,10,8,5,25.88,100.0,0.0,0.0,0.0,424.93,1.13,55.0,1009.85,
2012,10,8,6,26.74,100.0,0.0,0.0,0.0,422.72,1.09,54.0,1010.51,
2012,10,8,7,27.6,100.0,171.0,516.68,53.0,420.5,1.05,53.0,1011.18,
2012,10,8,8,28.69,92.47,399.0,722.77,77.0,418.55,1.18,356.0,1010.85,
2012,10,8,9,29.77,84.95,606.0,818.03,91.0,416.6,1.31,298.0,1010.51,
2012,10,8,10,30.85,77.42,768.0,871.1,99.0,414.65,1.45,241.0,1010.18,
2012,10,8,11,30.98,79.01,867.0,896.2,104.0,411.3,2.05,247.0,1009.45,
2012,10,8,12,31.1,80.59,895.0,903.86,105.0,407.95,2.65,253.0,1008.72,
2012,10,8,13,31.23,82.18,362.0,29.96,337.0,404.6,3.26,259.0,1007.99,
2012,10,8,14,30.71,86.53,734.0,865.07,98.0,408.82,3.24,267.0,1008.15,
2012,10,8,15,30.2,90.88,560.0,809.36,88.0,413.03,3.22,274.0,1008.32,
2012,10,8,16,29.68,95.23,344.0,697.19,73.0,417.25,3.2,282.0,1008.48,
2012,10,8,17,28.75,96.82,118.0,458.98,44.0,416.63,2.79,302.0,1008.82,
2012,10,8,18,27.81,98.41,0.0,0.0,0.0,416.02,2.38,323.0,1009.15,
2012,10,8,19,26.88,100.0,0.0,0.0,0.0,415.4,1.97,343.0,1009.48,
2012,10,8,20,26.54,100.0,0.0,0.0,0.0,416.42,1.8,356.0,1009.72,
2012,10,8,21,26.19,100.0,0.0,0.0,0.0,417.43,1.62,8.0,1009.95,
2012,10,8,22,25.85,100.0,0.0,0.0,0.0,418.45,1.45,20.0,1010.18,
2012,10,8,23,25.56,100.0,0.0,0.0,0.0,420.0,1.51,29.0,1010.18,
2012,10,9,0,25.26,100.0,0.0,0.0,0.0,421.55,1.58,38.0,1010.18,
2012,10,9,1,24.97,100.0,0.0,0.0,0.0,423.1,1.64,47.0,1010.18,
2012,10,9,2,25.07,100.0,0.0,0.0,0.0,421.35,1.51,55.0,1010.38,
2012,10,9,3,25.17,100.0,0.0,0.0,0.0,419.6,1.38,62.0,1010.58,
2012,10,9,4,25.26,100.0,0.0,0.0,0.0,417.85,1.26,70.0,1010.78,
2012,10,9,5,25.95,100.0,0.0,0.0,0.0,422.68,1.35,69.0,1011.61,
2012,10,9,6,26.64,100.0,0.0,0.0,0.0,427.52,1.44,68.0,1012.44,
2012,10,9,7,27.32,100.0,173.0,529.53,53.0,432.35,1.53,68.0,1013.28,
2012,10,9,8,28.23,94.62,403.0,735.11,77.0,428.58,1.54,114.0,1012.98,
2012,10,9,9,29.13,89.24,613.0,832.25,91.0,424.82,1.54,160.0,1012.68,
2012,10,9,10,30.03,83.86,776.0,884.59,99.0,421.05,1.54,207.0,1012.38,
2012,10,9,11,30.17,81.53,876.0,909.96,104.0,417.77,1.96,222.0,1011.71,
2012,10,9,12,30.31,79.2,449.0,56.27,400.0,414.48,2.37,238.0,1011.05,
2012,10,9,13,30.45,76.87,857.0,907.49,103.0,411.2,2.79,253.0,1010.38,
2012,10,9,14,29.87,81.35,740.0,879.05,97.0,414.9,2.94,261.0,1010.55,
2012,10,9,15,29.29,85.84,563.0,819.89,88.0,418.6,3.09,269.0,1010.71,
2012,10,9,16,28.71,90.32,345.0,709.38,72.0,422.3,3.24,277.0,1010.88,
2012,10,9,17,27.89,93.55,116.0,463.59,43.0,414.67,2.8,310.0,1011.15,
2012,10,9,18,27.06,96.77,0.0,0.0,0.0,407.03,2.36,342.0,1011.41,
2012,10,9,19,26.24,100.0,0.0,0.0,0.0,399.4,1.92,14.0,1011.68,
2012,10,9,20,25.79,100.0,0.0,0.0,0.0,398.25,1.83,23.0,1011.71,
2012,10,9,21,25.34,100.0,0.0,0.0,0.0,397.1,1.74,33.0,1011.75,
2012,10,9,22,24.89,100.0,0.0,0.0,0.0,395.95,1.66,42.0,1011.78,
2012,10,9,23,24.51,100.0,0.0,0.0,0.0,399.1,1.5,46.0,1011.58,
2012,10,10,0,24.12,100.0,0.0,0.0,0.0,402.25,1.34,49.0,1011.38,
2012,10,10,1,23.74,100.0,0.0,0.0,0.0,405.4,1.19,53.0,1011.18,
2012,10,10,2,23.78,100.0,0.0,0.0,0.0,407.05,1.29,56.0,1011.38,
2012,10,10,3,23.82,100.0,0.0,0.0,0.0,408.7,1.39,59.0,1011.58,
2012,10,10,4,23.85,100.0,0.0,0.0,0.0,410.35,1.49,62.0,1011.78,
2012,10,10,5,24.45,100.0,0.0,0.0,0.0,411.48,1.14,66.0,1012.31,
2012,10,10,6,25.05,100.0,0.0,0.0,0.0,412.62,0.78,71.0,1012.84,
2012,10,10,7,25.64,100.0,175.0,542.68,53.0,413.75,0.43,75.0,1013.38,
2012,10,10,8,26.79,90.05,408.0,749.9,77.0,408.37,0.64,126.0,1013.34,
2012,10,10,9,27.93,80.11,619.0,846.64,90.0,402.98,0.86,176.0,1013.31,
2012,10,10,10,29.07,70.16,783.0,896.92,99.0,397.6,1.08,226.0,1013.28,
2012,10,10,11,29.33,67.22,882.0,921.5,103.0,394.97,1.71,237.0,1012.54,
2012,10,10,12,29.59,64.27,909.0,928.03,104.0,392.33,2.34,248.0,1011.81,
2012,10,10,13,29.85,61.33,862.0,918.64,102.0,389.7,2.97,258.0,1011.08,
2012,10,10,14,29.33,67.92,743.0,887.66,97.0,391.38,2.81,264.0,1011.11,
2012,10,10,15,28.82,74.52,565.0,830.54,87.0,393.07,2.65,271.0,1011.15,
2012,10,10,16,28.3,81.11,345.0,719.13,71.0,394.75,2.5,277.0,1011.18,
2012,10,10,17,27.42,87.41,115.0,468.3,43.0,392.98,2.3,307.0,1011.58,
2012,10,10,18,26.53,93.7,0.0,0.0,0.0,391.22,2.1,336.0,1011.98,
2012,10,10,19,25.65,100.0,0.0,0.0,0.0,389.45,1.9,5.0,1012.38,
2012,10,10,20,25.28,100.0,0.0,0.0,0.0,393.53,1.7,15.0,1012.48,
2012,10,10,21,24.91,100.0,0.0,0.0,0.0,397.62,1.5,24.0,1012.58,
2012,10,10,22,24.54,100.0,0.0,0.0,0.0,401.7,1.3,34.0,1012.68,
2012,10,10,23,24.23,100.0,0.0,0.0,0.0,404.75,1.3,37.0,1012.44,
2012,10,11,0,23.91,100.0,0.0,0.0,0.0,407.8,1.3,41.0,1012.21,
2012,10,11,1,23.6,100.0,0.0,0.0,0.0,410.85,1.3,44.0,1011.98,
2012,10,11,2,23.63,100.0,0.0,0.0,0.0,411.32,1.14,47.0,1011.91,
2012,10,11,3,23.66,100.0,0.0,0.0,0.0,411.78,0.98,49.0,1011.85,
2012,10,11,4,23.69,100.0,0.0,0.0,0.0,412.25,0.83,51.0,1011.78,
2012,10,11,5,24.28,100.0,0.0,0.0,0.0,409.92,0.8,58.0,1012.28,
2012,10,11,6,24.86,100.0,0.0,0.0,0.0,407.58,0.76,65.0,1012.78,
2012,10,11,7,25.44,100.0,178.0,560.62,53.0,405.25,0.73,72.0,1013.28,
2012,10,11,8,26.7,88.59,415.0,769.46,77.0,402.33,0.92,126.0,1013.08,
2012,10,11,9,27.96,77.17,628.0,864.4,90.0,399.42,1.12,180.0,1012.88,
2012,10,11,10,29.22,65.76,793.0,914.64,98.0,396.5,1.31,234.0,1012.68,
2012,10,11,11,29.41,63.85,893.0,937.91,103.0,396.65,1.78,243.0,1011.91,
2012,10,11,12,29.6,61.95,920.0,944.35,104.0,396.8,2.26,251.0,1011.15,
2012,10,11,13,29.79,60.04,870.0,932.32,102.0,396.95,2.73,260.0,1010.38,
2012,10,11,14,29.22,66.55,749.0,901.9,96.0,399.97,2.69,262.0,1010.31,
2012,10,11,15,28.65,73.05,568.0,843.07,86.0,402.98,2.65,264.0,1010.25,
2012,10,11,16,28.08,79.56,344.0,723.73,71.0,406.0,2.61,266.0,1010.18,
2012,10,11,17,27.43,86.37,112.0,459.78,43.0,401.25,2.48,298.0,1010.28,
2012,10,11,18,26.78,93.19,0.0,0.0,0.0,396.5,2.36,330.0,1010.38,
2012,10,11,19,26.13,100.0,0.0,0.0,0.0,391.75,2.23,2.0,1010.48,
2012,10,11,20,25.77,100.0,0.0,0.0,0.0,395.7,2.12,12.0,1010.61,
2012,10,11,21,25.42,100.0,0.0,0.0,0.0,399.65,2.0,21.0,1010.75,
2012,10,11,22,25.06,100.0,0.0,0.0,0.0,403.6,1.89,31.0,1010.88,
2012,10,11,23,24.69,100.0,0.0,0.0,0.0,406.53,1.72,51.0,1010.85,
2012,10,12,0,24.32,100.0,0.0,0.0,0.0,409.47,1.56,71.0,1010.81,
2012,10,12,1,23.96,100.0,0.0,0.0,0.0,412.4,1.39,92.0,1010.78,
2012,10,12,2,23.98,100.0,0.0,0.0,0.0,412.03,1.54,87.0,1011.01,
2012,10,12,3,24.01,100.0,0.0,0.0,0.0,411.67,1.69,82.0,1011.25,
2012,10,12,4,24.03,100.0,0.0,0.0,0.0,411.3,1.83,77.0,1011.48,
2012,10,12,5,24.94,100.0,0.0,0.0,0.0,407.8,1.67,78.0,1012.04,
2012,10,12,6,25.85,100.0,0.0,0.0,0.0,404.3,1.5,78.0,1012.61,
2012,10,12,7,26.76,100.0,169.0,524.68,53.0,400.8,1.34,79.0,1013.18,
2012,10,12,8,27.89,89.55,399.0,736.66,77.0,401.32,1.09,129.0,1013.04,
2012,10,12,9,29.01,79.09,607.0,832.36,91.0,401.83,0.84,179.0,1012.91,
2012,10,12,10,30.13,68.64,528.0,210.02,369.0,402.35,0.59,230.0,1012.78,
2012,10,12,11,30.3,68.26,611.0,227.6,420.0,406.83,1.14,239.0,1012.04,
2012,10,12,12,30.46,67.89,889.0,910.86,105.0,411.32,1.68,248.0,1011.31,
2012,10,12,13,30.62,67.51,839.0,897.37,103.0,415.8,2.22,257.0,1010.58,
2012,10,12,14,30.02,73.31,720.0,864.91,97.0,416.18,2.27,259.0,1010.65,
2012,10,12,15,29.41,79.12,543.0,802.91,87.0,416.57,2.32,261.0,1010.71,
2012,10,12,16,28.81,84.92,327.0,685.52,71.0,416.95,2.37,263.0,1010.78,
2012,10,12,17,28.18,89.95,103.0,423.38,41.0,413.93,1.88,296.0,1011.01,
2012,10,12,18,27.54,94.97,0.0,0.0,0.0,410.92,1.39,329.0,1011.25,
2012,10,12,19,26.91,100.0,0.0,0.0,0.0,407.9,0.9,2.0,1011.48,
2012,10,12,20,26.52,100.0,0.0,0.0,0.0,408.07,1.07,18.0,1011.71,
2012,10,12,21,26.14,100.0,0.0,0.0,0.0,408.23,1.25,34.0,1011.94,
2012,10,12,22,25.75,100.0,0.0,0.0,0.0,408.4,1.42,50.0,1012.18,
2012,10,12,23,25.33,100.0,0.0,0.0,0.0,408.97,1.37,54.0,1011.98,
2012,10,13,0,24.91,100.0,0.0,0.0,0.0,409.53,1.33,58.0,1011.78,
2012,10,13,1,24.5,100.0,0.0,0.0,0.0,410.1,1.28,61.0,1011.58,
2012,10,13,2,24.56,100.0,0.0,0.0,0.0,409.52,1.3,60.0,1011.65,
2012,10,13,3,24.62,100.0,0.0,0.0,0.0,408.93,1.31,59.0,1011.71,
2012,10,13,4,24.67,100.0,0.0,0.0,0.0,408.35,1.32,58.0,1011.78,
2012,10,13,5,25.37,100.0,0.0,0.0,0.0,410.42,0.92,54.0,1012.41,
2012,10,13,6,26.07,100.0,0.0,0.0,0.0,412.48,0.51,50.0,1013.04,
2012,10,13,7,26.77,100.0,163.0,506.45,52.0,414.55,0.11,46.0,1013.67,
2012,10,13,8,28.1,89.32,388.0,717.4,76.0,414.13,0.57,350.0,1013.71,
2012,10,13,9,29.43,78.63,592.0,814.7,89.0,413.72,1.04,295.0,1013.74,
2012,10,13,10,30.75,67.95,750.0,864.45,98.0,413.3,1.5,240.0,1013.77,
2012,10,13,11,30.97,69.32,845.0,888.67,102.0,417.05,1.69,248.0,1013.28,
2012,10,13,12,31.19,70.69,871.0,895.79,103.0,420.8,1.87,256.0,1012.78,
2012,10,13,13,31.41,72.06,823.0,884.17,101.0,424.55,2.06,263.0,1012.28,
2012,10,13,14,30.82,76.73,707.0,852.65,96.0,425.2,2.6,274.0,1012.21,
2012,10,13,15,30.23,81.4,533.0,792.32,86.0,425.85,3.14,285.0,1012.14,
2012,10,13,16,29.64,86.07,320.0,676.23,70.0,426.5,3.68,296.0,1012.08,
2012,10,13,17,28.79,90.71,72.0,140.0,52.0,425.82,3.08,317.0,1012.08,
2012,10,13,18,27.93,95.36,0.0,0.0,0.0,425.13,2.48,338.0,1012.08,
2012,10,13,19,27.08,100.0,0.0,0.0,0.0,424.45,1.88,360.0,1012.08,
2012,10,13,20,26.75,100.0,0.0,0.0,0.0,425.25,1.58,7.0,1012.31,
2012,10,13,21,26.42,100.0,0.0,0.0,0.0,426.05,1.29,14.0,1012.54,
2012,10,13,22,26.09,100.0,0.0,0.0,0.0,426.85,0.99,21.0,1012.78,
2012,10,13,23,25.73,100.0,0.0,0.0,0.0,426.27,1.25,48.0,1012.58,
2012,10,14,0,25.37,100.0,0.0,0.0,0.0,425.68,1.51,74.0,1012.38,
2012,10,14,1,25.02,100.0,0.0,0.0,0.0,425.1,1.77,101.0,1012.18,
2012,10,14,2,25.04,100.0,0.0,0.0,0.0,424.53,1.78,103.0,1012.31,
2012,10,14,3,25.07,100.0,0.0,0.0,0.0,423.97,1.8,106.0,1012.44,
2012,10,14,4,25.09,100.0,0.0,0.0,0.0,423.4,1.82,108.0,1012.58,
2012,10,14,5,25.87,100.0,0.0,0.0,0.0,424.55,1.77,109.0,1013.14,
2012,10,14,6,26.65,100.0,0.0,0.0,0.0,425.7,1.73,109.0,1013.71,
2012,10,14,7,27.43,100.0,161.0,506.4,51.0,426.85,1.68,110.0,1014.27,
2012,10,14,8,28.43,93.6,384.0,714.18,75.0,427.23,1.69,152.0,1013.94,
2012,10,14,9,29.43,87.2,588.0,811.58,89.0,427.62,1.7,194.0,1013.61,
2012,10,14,10,30.43,80.8,746.0,863.75,97.0,428.0,1.71,236.0,1013.28,
2012,10,14,11,30.54,80.69,842.0,889.64,101.0,426.53,1.71,242.0,1012.44,
2012,10,14,12,30.64,80.59,868.0,895.85,103.0,425.07,1.72,249.0,1011.61,
2012,10,14,13,30.74,80.48,821.0,886.84,100.0,423.6,1.72,255.0,1010.78,
2012,10,14,14,30.11,86.49,704.0,854.28,95.0,427.57,2.14,251.0,1011.05,
2012,10,14,15,29.49,92.5,393.0,262.31,246.0,431.53,2.56,246.0,1011.31,
2012,10,14,16,28.86,98.51,316.0,674.88,69.0,435.5,2.98,241.0,1011.58,
2012,10,14,17,28.18,99.01,96.0,409.11,39.0,433.35,2.54,268.0,1011.75,
2012,10,14,18,27.5,99.5,0.0,0.0,0.0,431.2,2.11,296.0,1011.91,
2012,10,14,19,26.82,100.0,0.0,0.0,0.0,429.05,1.67,323.0,1012.08,
2012,10,14,20,26.44,100.0,0.0,0.0,0.0,429.82,1.55,341.0,1012.21,
2012,10,14,21,26.07,100.0,0.0,0.0,0.0,430.58,1.44,359.0,1012.34,
2012,10,14,22,25.69,100.0,0.0,0.0,0.0,431.35,1.32,17.0,1012.48,
2012,10,14,23,25.35,100.0,0.0,0.0,0.0,430.67,1.08,32.0,1012.14,
2012,10,15,0,25.01,100.0,0.0,0.0,0.0,429.98,0.84,47.0,1011.81,
2012,10,15,1,24.67,100.0,0.0,0.0,0.0,429.3,0.59,62.0,1011.48,
2012,10,15,2,24.76,100.0,0.0,0.0,0.0,430.95,0.86,74.0,1011.55,
2012,10,15,3,24.86,100.0,0.0,0.0,0.0,432.6,1.12,86.0,1011.61,
2012,10,15,4,24.95,100.0,0.0,0.0,0.0,434.25,1.38,97.0,1011.68,
2012,10,15,5,25.81,100.0,0.0,0.0,0.0,435.85,1.47,103.0,1012.34,
2012,10,15,6,26.66,100.0,0.0,0.0,0.0,437.45,1.56,108.0,1013.01,
2012,10,15,7,27.51,100.0,32.0,0.0,32.0,439.05,1.66,114.0,1013.67,
2012,10,15,8,28.48,96.66,88.0,0.0,88.0,440.68,1.47,146.0,1013.48,
2012,10,15,9,29.45,93.31,109.0,0.0,109.0,442.32,1.28,178.0,1013.28,
2012,10,15,10,30.42,89.97,208.0,6.68,203.0,443.95,1.09,209.0,1013.08,
2012,10,15,11,30.38,91.66,178.0,4.82,174.0,441.02,1.12,220.0,1012.44,
2012,10,15,12,30.33,93.36,394.0,37.62,362.0,438.08,1.14,231.0,1011.81,
2012,10,15,13,30.29,95.05,263.0,13.59,252.0,435.15,1.17,242.0,1011.18,
2012,10,15,14,29.6,96.7,165.0,2.82,163.0,438.58,1.36,244.0,1011.15,
2012,10,15,15,28.92,98.35,98.0,0.0,98.0,442.02,1.54,247.0,1011.11,
2012,10,15,16,28.23,100.0,184.0,96.6,149.0,445.45,1.72,249.0,1011.08,
2012,10,15,17,27.78,100.0,60.0,80.97,49.0,442.18,1.71,273.0,1011.28,
2012,10,15,18,27.33,100.0,0.0,0.0,0.0,438.92,1.71,296.0,1011.48,
2012,10,15,19,26.89,100.0,0.0,0.0,0.0,435.65,1.7,320.0,1011.68,
2012,10,15,20,26.54,100.0,0.0,0.0,0.0,433.28,1.59,338.0,1011.65,
2012,10,15,21,26.18,100.0,0.0,0.0,0.0,430.92,1.49,356.0,1011.61,
2012,10,15,22,25.83,100.0,0.0,0.0,0.0,428.55,1.38,14.0,1011.58,
2012,10,15,23,25.49,100.0,0.0,0.0,0.0,429.05,1.28,26.0,1011.25,
2012,10,16,0,25.14,100.0,0.0,0.0,0.0,429.55,1.18,39.0,1010.91,
2012,10,16,1,24.8,100.0,0.0,0.0,0.0,430.05,1.08,51.0,1010.58,
2012,10,16,2,24.94,100.0,0.0,0.0,0.0,431.87,1.06,55.0,1010.68,
2012,10,16,3,25.09,100.0,0.0,0.0,0.0,433.68,1.04,58.0,1010.78,
2012,10,16,4,25.23,100.0,0.0,0.0,0.0,435.5,1.02,62.0,1010.88,
2012,10,16,5,26.08,100.0,0.0,0.0,0.0,435.53,1.17,63.0,1011.18,
2012,10,16,6,26.93,100.0,0.0,0.0,0.0,435.57,1.32,64.0,1011.48,
2012,10,16,7,27.77,100.0,40.0,0.0,40.0,435.6,1.48,66.0,1011.78,
2012,10,16,8,28.66,99.4,160.0,14.02,154.0,435.67,1.44,96.0,1011.85,
2012,10,16,9,29.54,98.8,216.0,13.12,208.0,435.73,1.4,126.0,1011.91,
2012,10,16,10,30.42,98.2,398.0,72.43,344.0,435.8,1.37,155.0,1011.98,
2012,10,16,11,30.15,98.8,370.0,33.88,342.0,433.95,1.55,168.0,1011.35,
2012,10,16,12,29.87,99.4,397.0,38.96,364.0,432.1,1.73,182.0,1010.71,
2012,10,16,13,29.59,100.0,277.0,14.89,265.0,430.25,1.92,195.0,1010.08,
2012,10,16,14,28.65,100.0,240.0,12.76,231.0,435.38,1.73,186.0,1010.15,
2012,10,16,15,27.7,100.0,113.0,0.0,113.0,440.52,1.54,178.0,1010.21,
2012,10,16,16,26.76,100.0,129.0,8.36,126.0,445.65,1.35,170.0,1010.28,
2012,10,16,17,26.37,100.0,23.0,0.0,23.0,442.08,1.5,152.0,1010.45,
2012,10,16,18,25.98,100.0,0.0,0.0,0.0,438.52,1.66,133.0,1010.61,
2012,10,16,19,25.6,100.0,0.0,0.0,0.0,434.95,1.81,115.0,1010.78,
2012,10,16,20,24.93,100.0,0.0,0.0,0.0,434.8,1.87,112.0,1010.91,
2012,10,16,21,24.25,100.0,0.0,0.0,0.0,434.65,1.94,108.0,1011.05,
2012,10,16,22,23.58,100.0,0.0,0.0,0.0,434.5,2.0,105.0,1011.18,
2012,10,16,23,23.27,100.0,0.0,0.0,0.0,432.67,1.9,102.0,1011.05,
2012,10,17,0,22.95,100.0,0.0,0.0,0.0,430.83,1.81,99.0,1010.91,
2012,10,17,1,22.64,100.0,0.0,0.0,0.0,429.0,1.71,96.0,1010.78,
2012,10,17,2,22.57,100.0,0.0,0.0,0.0,428.23,1.79,91.0,1010.51,
2012,10,17,3,22.5,100.0,0.0,0.0,0.0,427.47,1.87,86.0,1010.25,
2012,10,17,4,22.42,100.0,0.0,0.0,0.0,426.7,1.94,81.0,1009.98,
2012,10,17,5,23.74,100.0,0.0,0.0,0.0,425.37,2.24,90.0,1010.25,
2012,10,17,6,25.05,100.0,0.0,0.0,0.0,424.03,2.54,100.0,1010.51,
2012,10,17,7,26.36,100.0,156.0,502.04,50.0,422.7,2.84,109.0,1010.78,
2012,10,17,8,27.46,98.69,379.0,716.49,74.0,422.65,3.34,126.0,1010.88,
2012,10,17,9,28.56,97.39,175.0,3.3,173.0,422.6,3.84,144.0,1010.98,
2012,10,17,10,29.66,96.08,368.0,53.87,328.0,422.55,4.34,162.0,1011.08,
2012,10,17,11,29.41,97.39,190.0,6.07,185.0,423.25,4.12,171.0,1010.58,
2012,10,17,12,29.15,98.69,135.0,0.0,135.0,423.95,3.9,180.0,1010.08,
2012,10,17,13,28.89,100.0,629.0,307.91,382.0,424.65,3.68,190.0,1009.58,
2012,10,17,14,28.28,100.0,433.0,135.36,338.0,428.15,3.45,181.0,1009.75,
2012,10,17,15,27.68,100.0,363.0,212.99,246.0,431.65,3.21,172.0,1009.92,
2012,10,17,16,27.07,100.0,307.0,673.03,68.0,435.15,2.98,163.0,1010.08,
2012,10,17,17,26.53,100.0,68.0,170.48,46.0,432.28,2.48,134.0,1010.38,
2012,10,17,18,25.99,100.0,0.0,0.0,0.0,429.42,1.99,105.0,1010.68,
2012,10,17,19,25.46,100.0,0.0,0.0,0.0,426.55,1.49,77.0,1010.98,
2012,10,17,20,25.15,100.0,0.0,0.0,0.0,424.2,1.41,76.0,1011.21,
2012,10,17,21,24.85,100.0,0.0,0.0,0.0,421.85,1.32,75.0,1011.45,
2012,10,17,22,24.54,100.0,0.0,0.0,0.0,419.5,1.24,74.0,1011.68,
2012,10,17,23,24.12,100.0,0.0,0.0,0.0,418.37,1.54,76.0,1011.65,
2012,10,18,0,23.7,100.0,0.0,0.0,0.0,417.23,1.84,77.0,1011.61,
2012,10,18,1,23.29,100.0,0.0,0.0,0.0,416.1,2.14,79.0,1011.58,
2012,10,18,2,23.32,100.0,0.0,0.0,0.0,416.78,2.09,80.0,1011.58,
2012,10,18,3,23.35,100.0,0.0,0.0,0.0,417.47,2.04,80.0,1011.58,
2012,10,18,4,23.38,100.0,0.0,0.0,0.0,418.15,1.99,81.0,1011.58,
2012,10,18,5,24.22,100.0,0.0,0.0,0.0,417.5,2.14,79.0,1012.04,
2012,10,18,6,25.06,100.0,0.0,0.0,0.0,416.85,2.29,76.0,1012.51,
2012,10,18,7,25.9,100.0,3.0,0.0,3.0,416.2,2.44,74.0,1012.98,
2012,10,18,8,26.85,95.4,6.0,0.0,6.0,418.28,2.5,110.0,1013.04,
2012,10,18,9,27.79,90.8,16.0,0.0,16.0,420.37,2.55,146.0,1013.11,
2012,10,18,10,28.73,86.2,105.0,0.0,105.0,422.45,2.61,183.0,1013.18,
2012,10,18,11,28.81,85.1,314.0,19.51,298.0,424.53,2.16,190.0,1012.58,
2012,10,18,12,28.88,84.0,608.0,219.01,424.0,426.62,1.71,197.0,1011.98,
2012,10,18,13,28.95,82.9,359.0,35.06,331.0,428.7,1.27,205.0,1011.38,
2012,10,18,14,28.46,88.56,325.0,42.97,295.0,429.58,1.21,208.0,1011.45,
2012,10,18,15,27.96,94.22,370.0,234.57,242.0,430.47,1.16,210.0,1011.51,
2012,10,18,16,27.47,99.88,223.0,241.77,138.0,431.35,1.1,213.0,1011.58,
2012,10,18,17,26.71,98.95,68.0,190.87,44.0,427.05,1.09,269.0,1011.81,
2012,10,18,18,25.94,98.03,0.0,0.0,0.0,422.75,1.08,325.0,1012.04,
2012,10,18,19,25.18,97.1,0.0,0.0,0.0,418.45,1.06,21.0,1012.28,
2012,10,18,20,24.88,98.07,0.0,0.0,0.0,416.77,1.18,23.0,1012.34,
2012,10,18,21,24.58,99.03,0.0,0.0,0.0,415.08,1.29,26.0,1012.41,
2012,10,18,22,24.28,100.0,0.0,0.0,0.0,413.4,1.41,28.0,1012.48,
2012,10,18,23,24.02,100.0,0.0,0.0,0.0,413.13,1.48,26.0,1012.44,
2012,10,19,0,23.75,100.0,0.0,0.0,0.0,412.87,1.55,25.0,1012.41,
2012,10,19,1,23.49,100.0,0.0,0.0,0.0,412.6,1.63,23.0,1012.38,
2012,10,19,2,23.64,100.0,0.0,0.0,0.0,414.37,1.6,27.0,1012.21,
2012,10,19,3,23.79,100.0,0.0,0.0,0.0,416.13,1.58,31.0,1012.04,
2012,10,19,4,23.93,100.0,0.0,0.0,0.0,417.9,1.56,35.0,1011.88,
2012,10,19,5,24.85,100.0,0.0,0.0,0.0,414.53,1.44,37.0,1012.08,
2012,10,19,6,25.76,100.0,0.0,0.0,0.0,411.17,1.32,39.0,1012.28,
2012,10,19,7,26.67,100.0,154.0,502.66,50.0,407.8,1.2,41.0,1012.48,
2012,10,19,8,27.92,89.54,378.0,722.36,74.0,405.35,1.4,0.0,1012.11,
2012,10,19,9,29.16,79.09,582.0,821.3,88.0,402.9,1.6,320.0,1011.75,
2012,10,19,10,30.4,68.63,741.0,875.74,96.0,400.45,1.81,280.0,1011.38,
2012,10,19,11,30.46,68.71,837.0,901.14,101.0,398.95,2.22,277.0,1010.55,
2012,10,19,12,30.51,68.78,861.0,907.15,102.0,397.45,2.63,273.0,1009.72,
2012,10,19,13,30.56,68.86,811.0,895.61,99.0,395.95,3.05,270.0,1008.88,
2012,10,19,14,29.88,75.63,692.0,861.04,94.0,395.05,3.21,273.0,1008.75,
2012,10,19,15,29.21,82.39,517.0,798.79,84.0,394.15,3.37,276.0,1008.62,
2012,10,19,16,28.53,89.16,302.0,675.14,67.0,393.25,3.53,279.0,1008.48,
2012,10,19,17,27.75,92.77,83.0,383.72,36.0,394.47,3.1,305.0,1008.72,
2012,10,19,18,26.97,96.39,0.0,0.0,0.0,395.68,2.67,330.0,1008.95,
2012,10,19,19,26.19,100.0,0.0,0.0,0.0,396.9,2.23,355.0,1009.18,
2012,10,19,20,25.79,100.0,0.0,0.0,0.0,397.82,2.17,5.0,1009.22,
2012,10,19,21,25.39,100.0,0.0,0.0,0.0,398.73,2.1,14.0,1009.25,
2012,10,19,22,24.99,100.0,0.0,0.0,0.0,399.65,2.03,24.0,1009.28,
2012,10,19,23,24.6,100.0,0.0,0.0,0.0,403.22,1.88,28.0,1009.02,
2012,10,20,0,24.21,100.0,0.0,0.0,0.0,406.78,1.73,33.0,1008.75,
2012,10,20,1,23.82,100.0,0.0,0.0,0.0,410.35,1.59,37.0,1008.48,
2012,10,20,2,23.97,100.0,0.0,0.0,0.0,410.93,1.54,41.0,1008.35,
2012,10,20,3,24.13,100.0,0.0,0.0,0.0,411.52,1.5,45.0,1008.22,
2012,10,20,4,24.28,100.0,0.0,0.0,0.0,412.1,1.46,49.0,1008.09,
2012,10,20,5,25.06,100.0,0.0,0.0,0.0,404.92,1.08,49.0,1008.58,
2012,10,20,6,25.84,100.0,0.0,0.0,0.0,397.73,0.69,50.0,1009.08,
2012,10,20,7,26.61,100.0,155.0,512.88,50.0,390.55,0.3,50.0,1009.58,
2012,10,20,8,27.77,90.45,167.0,23.9,157.0,390.07,0.52,356.0,1009.42,
2012,10,20,9,28.93,80.89,264.0,36.75,242.0,389.58,0.74,301.0,1009.25,
2012,10,20,10,30.09,71.34,477.0,160.88,359.0,389.1,0.97,247.0,1009.08,
2012,10,20,11,30.17,71.05,840.0,908.49,101.0,389.85,1.2,249.0,1008.42,
2012,10,20,12,30.24,70.76,863.0,913.35,102.0,390.6,1.44,251.0,1007.75,
2012,10,20,13,30.32,70.47,813.0,900.94,100.0,391.35,1.68,254.0,1007.09,
2012,10,20,14,29.7,76.96,694.0,868.46,94.0,393.22,1.84,258.0,1007.19,
2012,10,20,15,29.09,83.45,517.0,804.09,84.0,395.08,2.0,263.0,1007.29,
2012,10,20,16,28.47,89.94,301.0,679.0,67.0,396.95,2.15,268.0,1007.39,
2012,10,20,17,27.54,93.29,81.0,377.22,36.0,398.03,1.89,289.0,1007.89,
2012,10,20,18,26.61,96.65,0.0,0.0,0.0,399.12,1.62,310.0,1008.38,
2012,10,20,19,25.69,100.0,0.0,0.0,0.0,400.2,1.35,330.0,1008.88,
2012,10,20,20,25.3,100.0,0.0,0.0,0.0,403.65,1.39,349.0,1009.22,
2012,10,20,21,24.91,100.0,0.0,0.0,0.0,407.1,1.43,7.0,1009.55,
2012,10,20,22,24.52,100.0,0.0,0.0,0.0,410.55,1.46,26.0,1009.88,
2012,10,20,23,24.17,100.0,0.0,0.0,0.0,414.43,1.61,37.0,1009.78,
2012,10,21,0,23.81,100.0,0.0,0.0,0.0,418.32,1.76,48.0,1009.68,
2012,10,21,1,23.46,100.0,0.0,0.0,0.0,422.2,1.9,60.0,1009.58,
2012,10,21,2,23.56,100.0,0.0,0.0,0.0,421.72,1.89,69.0,1009.42,
2012,10,21,3,23.66,100.0,0.0,0.0,0.0,421.23,1.87,78.0,1009.25,
2012,10,21,4,23.76,100.0,0.0,0.0,0.0,420.75,1.85,88.0,1009.08,
2012,10,21,5,24.35,100.0,0.0,0.0,0.0,417.83,1.71,85.0,1009.72,
2012,10,21,6,24.94,100.0,0.0,0.0,0.0,414.92,1.57,83.0,1010.35,
2012,10,21,7,25.53,100.0,153.0,508.6,50.0,412.0,1.43,80.0,1010.98,
2012,10,21,8,26.77,92.82,378.0,731.05,74.0,411.3,1.66,131.0,1010.58,
2012,10,21,9,28.01,85.64,584.0,832.38,88.0,410.6,1.89,183.0,1010.18,
2012,10,21,10,29.24,78.46,743.0,884.5,97.0,409.9,2.12,234.0,1009.78,
2012,10,21,11,29.4,77.2,838.0,909.75,101.0,409.23,1.93,240.0,1009.02,
2012,10,21,12,29.55,75.94,862.0,915.98,102.0,408.57,1.73,247.0,1008.25,
2012,10,21,13,29.71,74.68,811.0,902.5,100.0,407.9,1.53,253.0,1007.49,
2012,10,21,14,29.09,81.25,691.0,868.64,94.0,408.52,1.71,253.0,1007.65,
2012,10,21,15,28.48,87.82,514.0,803.8,84.0,409.13,1.89,253.0,1007.82,
2012,10,21,16,27.86,94.39,297.0,674.04,67.0,409.75,2.07,253.0,1007.99,
2012,10,21,17,27.01,96.26,79.0,378.77,35.0,408.28,1.87,279.0,1008.52,
2012,10,21,18,26.16,98.13,0.0,0.0,0.0,406.82,1.67,304.0,1009.05,
2012,10,21,19,25.31,100.0,0.0,0.0,0.0,405.35,1.48,330.0,1009.58,
2012,10,21,20,24.97,100.0,0.0,0.0,0.0,411.12,1.47,349.0,1009.72,
2012,10,21,21,24.62,100.0,0.0,0.0,0.0,416.88,1.47,8.0,1009.85,
2012,10,21,22,24.28,100.0,0.0,0.0,0.0,422.65,1.46,27.0,1009.98,
2012,10,21,23,23.94,100.0,0.0,0.0,0.0,423.77,1.42,38.0,1009.92,
2012,10,22,0,23.6,100.0,0.0,0.0,0.0,424.88,1.38,49.0,1009.85,
2012,10,22,1,23.27,100.0,0.0,0.0,0.0,426.0,1.34,60.0,1009.78,
2012,10,22,2,23.36,100.0,0.0,0.0,0.0,425.65,1.4,63.0,1009.68,
2012,10,22,3,23.45,100.0,0.0,0.0,0.0,425.3,1.46,67.0,1009.58,
2012,10,22,4,23.53,100.0,0.0,0.0,0.0,424.95,1.52,71.0,1009.48,
2012,10,22,5,24.35,100.0,0.0,0.0,0.0,427.78,1.09,68.0,1010.15,
2012,10,22,6,25.17,100.0,0.0,0.0,0.0,430.62,0.65,66.0,1010.81,
2012,10,22,7,25.98,100.0,148.0,494.32,49.0,433.45,0.22,64.0,1011.48,
2012,10,22,8,27.17,94.84,370.0,716.2,74.0,430.98,0.56,7.0,1011.15,
2012,10,22,9,28.35,89.68,573.0,817.84,88.0,428.52,0.9,310.0,1010.81,
2012,10,22,10,29.53,84.52,730.0,871.79,96.0,426.05,1.24,254.0,1010.48,
2012,10,22,11,29.67,83.75,825.0,897.4,101.0,425.27,1.49,257.0,1009.75,
2012,10,22,12,29.8,82.97,849.0,904.13,102.0,424.48,1.73,260.0,1009.02,
2012,10,22,13,29.94,82.2,800.0,893.86,99.0,423.7,1.97,263.0,1008.29,
2012,10,22,14,29.33,87.58,682.0,860.03,94.0,424.38,2.25,264.0,1008.45,
2012,10,22,15,28.71,92.97,507.0,795.93,84.0,425.07,2.53,265.0,1008.62,
2012,10,22,16,28.1,98.35,292.0,665.91,67.0,425.75,2.81,265.0,1008.78,
2012,10,22,17,27.25,98.9,76.0,371.34,34.0,422.9,2.48,285.0,1009.05,
2012,10,22,18,26.4,99.45,0.0,0.0,0.0,420.05,2.14,305.0,1009.32,
2012,10,22,19,25.55,100.0,0.0,0.0,0.0,417.2,1.81,326.0,1009.58,
2012,10,22,20,25.2,100.0,0.0,0.0,0.0,422.92,1.7,342.0,1009.58,
2012,10,22,21,24.84,100.0,0.0,0.0,0.0,428.63,1.6,358.0,1009.58,
2012,10,22,22,24.49,100.0,0.0,0.0,0.0,434.35,1.49,14.0,1009.58,
2012,10,22,23,24.22,100.0,0.0,0.0,0.0,434.27,1.49,19.0,1009.15,
2012,10,23,0,23.95,100.0,0.0,0.0,0.0,434.18,1.48,24.0,1008.72,
2012,10,23,1,23.68,100.0,0.0,0.0,0.0,434.1,1.48,29.0,1008.29,
2012,10,23,2,23.89,100.0,0.0,0.0,0.0,430.12,1.2,22.0,1008.32,
2012,10,23,3,24.1,100.0,0.0,0.0,0.0,426.13,0.93,14.0,1008.35,
2012,10,23,4,24.31,100.0,0.0,0.0,0.0,422.15,0.66,6.0,1008.38,
2012,10,23,5,25.09,100.0,0.0,0.0,0.0,419.85,0.57,61.0,1009.28,
2012,10,23,6,25.87,100.0,0.0,0.0,0.0,417.55,0.48,115.0,1010.18,
2012,10,23,7,26.65,100.0,146.0,489.91,49.0,415.25,0.39,170.0,1011.08,
2012,10,23,8,27.73,95.64,368.0,715.85,74.0,417.48,0.73,197.0,1010.88,
2012,10,23,9,28.8,91.27,401.0,225.37,268.0,419.72,1.08,224.0,1010.68,
2012,10,23,10,29.87,86.91,495.0,197.49,352.0,421.95,1.42,251.0,1010.48,
2012,10,23,11,29.82,85.61,406.0,53.52,363.0,423.0,1.82,256.0,1009.68,
2012,10,23,12,29.77,84.32,548.0,159.23,417.0,424.05,2.21,261.0,1008.88,
2012,10,23,13,29.72,83.02,797.0,892.82,100.0,425.1,2.61,266.0,1008.09,
2012,10,23,14,29.12,88.01,679.0,860.11,94.0,426.98,2.8,268.0,1008.25,
2012,10,23,15,28.51,92.99,503.0,793.57,84.0,428.87,3.0,270.0,1008.42,
2012,10,23,16,27.91,97.98,289.0,663.5,67.0,430.75,3.2,271.0,1008.58,
2012,10,23,17,27.05,98.65,73.0,354.21,34.0,424.1,2.75,291.0,1008.95,
2012,10,23,18,26.19,99.33,0.0,0.0,0.0,417.45,2.3,310.0,1009.32,
2012,10,23,19,25.33,100.0,0.0,0.0,0.0,410.8,1.85,330.0,1009.68,
2012,10,23,20,24.95,100.0,0.0,0.0,0.0,416.12,1.75,343.0,1009.58,
2012,10,23,21,24.58,100.0,0.0,0.0,0.0,421.43,1.65,355.0,1009.48,
2012,10,23,22,24.2,100.0,0.0,0.0,0.0,426.75,1.54,8.0,1009.38,
2012,10,23,23,23.92,100.0,0.0,0.0,0.0,426.72,1.55,12.0,1008.85,
2012,10,24,0,23.64,100.0,0.0,0.0,0.0,426.68,1.55,17.0,1008.32,
2012,10,24,1,23.37,100.0,0.0,0.0,0.0,426.65,1.56,22.0,1007.79,
2012,10,24,2,23.57,100.0,0.0,0.0,0.0,424.27,1.4,26.0,1007.65,
2012,10,24,3,23.77,100.0,0.0,0.0,0.0,421.88,1.25,31.0,1007.52,
2012,10,24,4,23.96,100.0,0.0,0.0,0.0,419.5,1.09,35.0,1007.39,
2012,10,24,5,24.82,100.0,0.0,0.0,0.0,420.42,0.89,41.0,1008.02,
2012,10,24,6,25.67,100.0,0.0,0.0,0.0,421.33,0.69,46.0,1008.65,
2012,10,24,7,26.52,100.0,146.0,495.7,49.0,422.25,0.48,51.0,1009.28,
2012,10,24,8,27.62,91.46,369.0,722.9,74.0,420.15,0.78,358.0,1009.12,
2012,10,24,9,28.71,82.91,572.0,824.21,88.0,418.05,1.07,304.0,1008.95,
2012,10,24,10,29.8,74.37,728.0,875.27,97.0,415.95,1.37,250.0,1008.78,
2012,10,24,11,29.9,74.33,821.0,899.95,101.0,418.82,1.72,255.0,1008.02,
2012,10,24,12,29.99,74.28,843.0,904.53,102.0,421.68,2.08,261.0,1007.25,
2012,10,24,13,30.09,74.24,793.0,891.76,100.0,424.55,2.44,266.0,1006.49,
2012,10,24,14,29.49,78.98,674.0,857.2,94.0,423.68,2.46,270.0,1006.52,
2012,10,24,15,28.88,83.71,498.0,791.11,83.0,422.82,2.47,274.0,1006.56,
2012,10,24,16,28.28,88.45,285.0,660.93,66.0,421.95,2.48,278.0,1006.59,
2012,10,24,17,27.45,92.3,70.0,345.23,33.0,417.43,2.25,306.0,1006.89,
2012,10,24,18,26.62,96.15,0.0,0.0,0.0,412.92,2.02,334.0,1007.19,
2012,10,24,19,25.79,100.0,0.0,0.0,0.0,408.4,1.79,2.0,1007.49,
2012,10,24,20,25.43,100.0,0.0,0.0,0.0,410.9,1.49,7.0,1007.55,
2012,10,24,21,25.06,100.0,0.0,0.0,0.0,413.4,1.18,11.0,1007.62,
2012,10,24,22,24.7,100.0,0.0,0.0,0.0,415.9,0.87,16.0,1007.69,
2012,10,24,23,24.41,100.0,0.0,0.0,0.0,415.57,1.23,3.0,1007.72,
2012,10,25,0,24.12,100.0,0.0,0.0,0.0,415.23,1.59,350.0,1007.75,
2012,10,25,1,23.84,100.0,0.0,0.0,0.0,414.9,1.94,337.0,1007.79,
2012,10,25,2,23.93,100.0,0.0,0.0,0.0,415.83,1.84,14.0,1007.99,
2012,10,25,3,24.03,100.0,0.0,0.0,0.0,416.77,1.74,51.0,1008.19,
2012,10,25,4,24.12,100.0,0.0,0.0,0.0,417.7,1.64,88.0,1008.38,
2012,10,25,5,24.87,100.0,0.0,0.0,0.0,417.45,1.55,90.0,1009.05,
2012,10,25,6,25.62,100.0,0.0,0.0,0.0,417.2,1.46,92.0,1009.72,
2012,10,25,7,26.36,100.0,141.0,481.02,48.0,416.95,1.37,93.0,1010.38,
2012,10,25,8,27.39,92.21,361.0,707.9,74.0,414.27,1.33,143.0,1010.08,
2012,10,25,9,28.42,84.43,562.0,811.25,88.0,411.58,1.3,192.0,1009.78,
2012,10,25,10,29.44,76.64,717.0,865.23,96.0,408.9,1.27,241.0,1009.48,
2012,10,25,11,29.54,74.83,811.0,891.21,101.0,408.18,1.61,248.0,1008.68,
2012,10,25,12,29.63,73.02,835.0,898.6,102.0,407.47,1.96,255.0,1007.89,
2012,10,25,13,29.72,71.21,786.0,888.08,99.0,406.75,2.3,262.0,1007.09,
2012,10,25,14,29.11,76.67,669.0,854.22,94.0,408.77,2.37,265.0,1007.29,
2012,10,25,15,28.49,82.14,495.0,790.47,83.0,410.78,2.43,268.0,1007.49,
2012,10,25,16,27.88,87.6,282.0,658.19,66.0,412.8,2.5,271.0,1007.69,
2012,10,25,17,27.03,91.73,68.0,335.52,33.0,408.8,2.28,300.0,1007.92,
2012,10,25,18,26.17,95.87,0.0,0.0,0.0,404.8,2.06,329.0,1008.15,
2012,10,25,19,25.32,100.0,0.0,0.0,0.0,400.8,1.85,358.0,1008.38,
2012,10,25,20,24.94,100.0,0.0,0.0,0.0,402.15,1.78,5.0,1008.25,
2012,10,25,21,24.56,100.0,0.0,0.0,0.0,403.5,1.71,12.0,1008.12,
2012,10,25,22,24.18,100.0,0.0,0.0,0.0,404.85,1.64,19.0,1007.99,
2012,10,25,23,23.92,100.0,0.0,0.0,0.0,405.37,1.6,22.0,1007.82,
2012,10,26,0,23.65,100.0,0.0,0.0,0.0,405.88,1.56,26.0,1007.65,
2012,10,26,1,23.39,100.0,0.0,0.0,0.0,406.4,1.52,29.0,1007.49,
2012,10,26,2,23.57,100.0,0.0,0.0,0.0,405.75,1.45,37.0,1007.55,
2012,10,26,3,23.75,100.0,0.0,0.0,0.0,405.1,1.38,46.0,1007.62,
2012,10,26,4,23.93,100.0,0.0,0.0,0.0,404.45,1.31,54.0,1007.69,
2012,10,26,5,24.41,100.0,0.0,0.0,0.0,404.15,0.92,53.0,1008.38,
2012,10,26,6,24.89,100.0,0.0,0.0,0.0,403.85,0.54,53.0,1009.08,
2012,10,26,7,25.36,100.0,142.0,492.25,48.0,403.55,0.15,52.0,1009.78,
2012,10,26,8,26.48,92.76,364.0,720.07,74.0,400.8,0.52,358.0,1009.58,
2012,10,26,9,27.6,85.51,568.0,825.72,88.0,398.05,0.9,304.0,1009.38,
2012,10,26,10,28.71,78.27,727.0,881.71,97.0,395.3,1.27,250.0,1009.18,
2012,10,26,11,28.66,77.77,822.0,907.63,102.0,397.33,1.68,252.0,1008.45,
2012,10,26,12,28.6,77.27,847.0,916.01,103.0,399.37,2.09,254.0,1007.72,
2012,10,26,13,28.55,76.77,797.0,905.12,100.0,401.4,2.5,256.0,1006.99,
2012,10,26,14,27.93,83.23,678.0,870.58,95.0,400.98,2.48,259.0,1007.12,
2012,10,26,15,27.31,89.69,501.0,805.2,84.0,400.57,2.46,263.0,1007.25,
2012,10,26,16,26.69,96.15,285.0,670.66,67.0,400.15,2.44,266.0,1007.39,
2012,10,26,17,26.13,97.43,68.0,344.74,33.0,397.4,2.31,302.0,1007.75,
2012,10,26,18,25.57,98.72,0.0,0.0,0.0,394.65,2.17,337.0,1008.12,
2012,10,26,19,25.02,100.0,0.0,0.0,0.0,391.9,2.04,12.0,1008.48,
2012,10,26,20,24.63,100.0,0.0,0.0,0.0,397.28,1.89,19.0,1008.48,
2012,10,26,21,24.25,100.0,0.0,0.0,0.0,402.67,1.73,26.0,1008.48,
2012,10,26,22,23.86,100.0,0.0,0.0,0.0,408.05,1.57,32.0,1008.48,
2012,10,26,23,23.57,100.0,0.0,0.0,0.0,406.68,1.41,35.0,1008.35,
2012,10,27,0,23.28,100.0,0.0,0.0,0.0,405.32,1.25,38.0,1008.22,
2012,10,27,1,22.99,100.0,0.0,0.0,0.0,403.95,1.09,41.0,1008.09,
2012,10,27,2,23.08,100.0,0.0,0.0,0.0,403.68,1.09,45.0,1008.09,
2012,10,27,3,23.17,100.0,0.0,0.0,0.0,403.42,1.09,49.0,1008.09,
2012,10,27,4,23.25,100.0,0.0,0.0,0.0,403.15,1.09,53.0,1008.09,
2012,10,27,5,23.99,100.0,0.0,0.0,0.0,401.83,0.76,52.0,1008.78,
2012,10,27,6,24.72,100.0,0.0,0.0,0.0,400.52,0.44,52.0,1009.48,
2012,10,27,7,25.45,100.0,141.0,493.23,48.0,399.2,0.11,52.0,1010.18,
2012,10,27,8,26.59,89.62,363.0,722.47,74.0,397.3,0.44,356.0,1009.88,
2012,10,27,9,27.72,79.24,567.0,826.54,89.0,395.4,0.76,299.0,1009.58,
2012,10,27,10,28.85,68.86,724.0,881.5,97.0,393.5,1.09,242.0,1009.28,
2012,10,27,11,28.93,68.65,819.0,907.73,102.0,393.25,1.59,245.0,1008.45,
2012,10,27,12,29.0,68.44,842.0,913.77,103.0,393.0,2.09,248.0,1007.62,
2012,10,27,13,29.08,68.23,792.0,901.43,101.0,392.75,2.59,251.0,1006.79,
2012,10,27,14,28.45,74.33,673.0,867.55,95.0,392.47,2.45,256.0,1006.92,
2012,10,27,15,27.83,80.43,496.0,800.61,84.0,392.18,2.31,261.0,1007.05,
2012,10,27,16,27.2,86.53,280.0,664.61,66.0,391.9,2.17,266.0,1007.19,
2012,10,27,17,26.32,91.02,65.0,333.98,32.0,386.25,2.1,302.0,1007.69,
2012,10,27,18,25.44,95.51,0.0,0.0,0.0,380.6,2.04,338.0,1008.19,
2012,10,27,19,24.56,100.0,0.0,0.0,0.0,374.95,1.97,14.0,1008.68,
2012,10,27,20,24.15,100.0,0.0,0.0,0.0,377.22,1.95,22.0,1008.68,
2012,10,27,21,23.74,100.0,0.0,0.0,0.0,379.48,1.94,29.0,1008.68,
2012,10,27,22,23.33,100.0,0.0,0.0,0.0,381.75,1.92,36.0,1008.68,
2012,10,27,23,23.05,100.0,0.0,0.0,0.0,384.4,1.74,41.0,1008.38,
2012,10,28,0,22.76,100.0,0.0,0.0,0.0,387.05,1.56,46.0,1008.09,
2012,10,28,1,22.48,100.0,0.0,0.0,0.0,389.7,1.38,50.0,1007.79,
2012,10,28,2,22.62,100.0,0.0,0.0,0.0,390.05,1.14,53.0,1007.95,
2012,10,28,3,22.76,100.0,0.0,0.0,0.0,390.4,0.89,56.0,1008.12,
2012,10,28,4,22.89,100.0,0.0,0.0,0.0,390.75,0.65,58.0,1008.29,
2012,10,28,5,23.52,100.0,0.0,0.0,0.0,387.82,0.52,57.0,1008.98,
2012,10,28,6,24.15,100.0,0.0,0.0,0.0,384.88,0.39,56.0,1009.68,
2012,10,28,7,24.78,100.0,139.0,488.95,48.0,381.95,0.26,55.0,1010.38,
2012,10,28,8,25.94,93.0,361.0,722.43,74.0,383.73,0.54,114.0,1010.28,
2012,10,28,9,27.1,86.01,564.0,825.67,89.0,385.52,0.82,173.0,1010.18,
2012,10,28,10,28.25,79.01,720.0,879.89,97.0,387.3,1.1,232.0,1010.08,
2012,10,28,11,28.5,75.95,814.0,905.3,102.0,387.42,1.51,237.0,1009.35,
2012,10,28,12,28.74,72.88,836.0,910.27,103.0,387.53,1.92,243.0,1008.62,
2012,10,28,13,28.98,69.82,786.0,897.67,101.0,387.65,2.33,248.0,1007.89,
2012,10,28,14,28.45,76.24,666.0,862.94,94.0,391.18,2.28,254.0,1008.19,
2012,10,28,15,27.93,82.66,490.0,793.93,84.0,394.72,2.22,259.0,1008.48,
2012,10,28,16,27.4,89.08,276.0,658.32,66.0,398.25,2.17,265.0,1008.78,
2012,10,28,17,26.53,92.72,62.0,322.37,31.0,394.97,2.06,289.0,1009.42,
2012,10,28,18,25.66,96.36,0.0,0.0,0.0,391.68,1.95,314.0,1010.05,
2012,10,28,19,24.79,100.0,0.0,0.0,0.0,388.4,1.85,338.0,1010.68,
2012,10,28,20,24.41,100.0,0.0,0.0,0.0,388.15,1.81,355.0,1011.08,
2012,10,28,21,24.04,100.0,0.0,0.0,0.0,387.9,1.77,11.0,1011.48,
2012,10,28,22,23.66,100.0,0.0,0.0,0.0,387.65,1.72,28.0,1011.88,
2012,10,28,23,23.34,100.0,0.0,0.0,0.0,388.95,1.75,33.0,1011.68,
2012,10,29,0,23.02,100.0,0.0,0.0,0.0,390.25,1.77,38.0,1011.48,
2012,10,29,1,22.71,100.0,0.0,0.0,0.0,391.55,1.79,43.0,1011.28,
2012,10,29,2,22.81,100.0,0.0,0.0,0.0,392.63,1.46,47.0,1011.25,
2012,10,29,3,22.92,100.0,0.0,0.0,0.0,393.72,1.13,50.0,1011.21,
2012,10,29,4,23.02,100.0,0.0,0.0,0.0,394.8,0.8,54.0,1011.18,
2012,10,29,5,23.61,100.0,0.0,0.0,0.0,395.05,0.74,54.0,1011.68,
2012,10,29,6,24.19,100.0,0.0,0.0,0.0,395.3,0.67,53.0,1012.18,
2012,10,29,7,24.77,100.0,137.0,484.63,48.0,395.55,0.61,53.0,1012.68,
2012,10,29,8,25.79,91.91,358.0,719.91,74.0,396.28,0.77,358.0,1012.64,
2012,10,29,9,26.81,83.83,560.0,823.07,89.0,397.02,0.94,302.0,1012.61,
2012,10,29,10,27.83,75.74,716.0,876.86,98.0,397.75,1.1,246.0,1012.58,
2012,10,29,11,28.09,74.51,809.0,902.85,102.0,396.32,1.71,253.0,1011.68,
2012,10,29,12,28.35,73.28,831.0,907.98,103.0,394.88,2.32,261.0,1010.78,
2012,10,29,13,28.61,72.05,780.0,893.85,101.0,393.45,2.92,268.0,1009.88,
2012,10,29,14,28.2,77.74,661.0,858.23,95.0,391.5,2.9,271.0,1010.12,
2012,10,29,15,27.78,83.42,485.0,789.05,84.0,389.55,2.87,274.0,1010.35,
2012,10,29,16,27.37,89.11,272.0,651.77,66.0,387.6,2.84,277.0,1010.58,
2012,10,29,17,26.65,92.74,60.0,309.85,31.0,385.28,2.54,309.0,1011.15,
2012,10,29,18,25.92,96.37,0.0,0.0,0.0,382.97,2.23,341.0,1011.71,
2012,10,29,19,25.2,100.0,0.0,0.0,0.0,380.65,1.93,13.0,1012.28,
2012,10,29,20,24.83,100.0,0.0,0.0,0.0,380.95,1.88,22.0,1012.61,
2012,10,29,21,24.46,100.0,0.0,0.0,0.0,381.25,1.82,32.0,1012.94,
2012,10,29,22,24.09,100.0,0.0,0.0,0.0,381.55,1.77,41.0,1013.28,
2012,10,29,23,23.72,100.0,0.0,0.0,0.0,380.97,1.77,42.0,1013.11,
2012,10,30,0,23.35,100.0,0.0,0.0,0.0,380.38,1.78,42.0,1012.94,
2012,10,30,1,22.99,100.0,0.0,0.0,0.0,379.8,1.79,42.0,1012.78,
2012,10,30,2,23.14,100.0,0.0,0.0,0.0,378.83,1.54,43.0,1012.71,
2012,10,30,3,23.29,100.0,0.0,0.0,0.0,377.87,1.28,44.0,1012.64,
2012,10,30,4,23.44,100.0,0.0,0.0,0.0,376.9,1.02,45.0,1012.58,
2012,10,30,5,24.34,100.0,0.0,0.0,0.0,379.23,0.82,47.0,1013.31,
2012,10,30,6,25.24,100.0,0.0,0.0,0.0,381.57,0.62,49.0,1014.04,
2012,10,30,7,26.14,100.0,134.0,474.76,48.0,383.9,0.41,51.0,1014.77,
2012,10,30,8,27.34,85.43,354.0,714.84,74.0,381.93,0.56,357.0,1014.71,
2012,10,30,9,28.54,70.85,556.0,820.48,89.0,379.97,0.7,302.0,1014.64,
2012,10,30,10,29.74,56.28,711.0,873.83,98.0,378.0,0.84,248.0,1014.57,
2012,10,30,11,29.81,56.53,804.0,900.38,102.0,378.13,1.43,252.0,1013.67,
2012,10,30,12,29.87,56.79,826.0,905.65,103.0,378.27,2.01,257.0,1012.78,
2012,10,30,13,29.93,57.04,775.0,891.29,101.0,378.4,2.59,262.0,1011.88,
2012,10,30,14,29.25,65.85,657.0,856.46,95.0,379.25,2.47,266.0,1012.04,
2012,10,30,15,28.57,74.65,482.0,787.98,84.0,380.1,2.35,270.0,1012.21,
2012,10,30,16,27.89,83.46,269.0,648.16,66.0,380.95,2.23,274.0,1012.38,
2012,10,30,17,26.95,88.97,59.0,318.34,30.0,382.27,1.68,306.0,1012.81,
2012,10,30,18,26.01,94.49,0.0,0.0,0.0,383.58,1.13,337.0,1013.24,
2012,10,30,19,25.07,100.0,0.0,0.0,0.0,384.9,0.58,8.0,1013.67,
2012,10,30,20,24.63,100.0,0.0,0.0,0.0,385.47,1.01,24.0,1013.94,
2012,10,30,21,24.2,100.0,0.0,0.0,0.0,386.03,1.44,41.0,1014.21,
2012,10,30,22,23.76,100.0,0.0,0.0,0.0,386.6,1.88,57.0,1014.47,
2012,10,30,23,23.37,100.0,0.0,0.0,0.0,387.3,1.79,56.0,1014.27,
2012,10,31,0,22.98,100.0,0.0,0.0,0.0,388.0,1.7,56.0,1014.07,
2012,10,31,1,22.59,100.0,0.0,0.0,0.0,388.7,1.61,55.0,1013.87,
2012,10,31,2,22.46,100.0,0.0,0.0,0.0,393.48,1.49,56.0,1013.74,
2012,10,31,3,22.33,100.0,0.0,0.0,0.0,398.27,1.37,57.0,1013.61,
2012,10,31,4,22.19,100.0,0.0,0.0,0.0,403.05,1.24,57.0,1013.48,
2012,10,31,5,22.9,100.0,0.0,0.0,0.0,400.15,1.02,56.0,1013.94,
2012,10,31,6,23.6,100.0,0.0,0.0,0.0,397.25,0.79,55.0,1014.41,
2012,10,31,7,24.3,100.0,72.0,39.19,65.0,394.35,0.57,54.0,1014.87,
2012,10,31,8,25.52,90.11,358.0,735.47,72.0,391.07,0.8,2.0,1014.61,
2012,10,31,9,29.08,65.91,562.0,839.08,87.0,370.06,2.17,310.0,1014.34,
2012,10,31,10,28.73,68.58,720.0,895.12,95.0,374.48,2.09,258.0,1014.07,
2012,10,31,11,28.38,71.24,814.0,919.79,100.0,378.9,2.01,260.0,1013.11,
2012,10,31,12,28.03,73.91,837.0,925.93,101.0,383.31,1.93,262.0,1012.14,
2012,10,31,13,27.68,76.58,787.0,915.24,98.0,387.73,1.84,264.0,1011.18,
2012,10,31,14,27.33,79.24,667.0,879.12,93.0,392.15,1.76,269.0,1011.18,
2012,10,31,15,26.97,81.91,491.0,814.7,82.0,396.56,1.68,274.0,1011.18,
2012,10,31,16,26.62,84.58,274.0,673.34,65.0,400.98,1.6,280.0,1011.18,
2012,10,31,17,26.27,87.25,31.0,23.16,29.0,405.4,1.52,306.0,1009.32,
2012,10,31,18,25.92,89.91,0.0,0.0,0.0,409.81,1.44,344.0,1009.85,
2012,10,31,19,25.57,92.58,0.0,0.0,0.0,414.23,1.36,23.0,1010.38,
2012,10,31,20,25.22,95.25,0.0,0.0,0.0,418.65,1.27,35.0,1010.35,
2012,10,31,21,24.87,97.92,0.0,0.0,0.0,423.06,1.19,46.0,1010.31,
2012,10,31,22,24.52,100.0,0.0,0.0,0.0,427.48,1.11,58.0,1010.28,
2012,10,31,23,24.17,100.0,0.0,0.0,0.0,431.9,1.03,61.0,1010.21,
2013,11,1,0,23.82,100.0,0.0,0.0,0.0,436.31,0.95,63.0,1010.15,
2013,11,1,1,22.85,100.0,0.0,0.0,0.0,424.1,1.48,66.0,1010.08,
2013,11,1,2,22.83,100.0,0.0,0.0,0.0,423.27,1.5,64.0,1010.18,
2013,11,1,3,22.8,100.0,0.0,0.0,0.0,422.43,1.53,62.0,1010.28,
2013,11,1,4,22.78,100.0,0.0,0.0,0.0,421.6,1.56,59.0,1010.38,
2013,11,1,5,23.6,99.7,0.0,0.0,0.0,420.9,1.31,60.0,1011.08,
2013,11,1,6,24.43,99.41,0.0,0.0,0.0,420.2,1.06,61.0,1011.78,
2013,11,1,7,25.25,99.11,59.0,0.0,59.0,419.5,0.81,62.0,1012.48,
2013,11,1,8,27.02,88.49,341.0,736.02,59.0,418.17,1.2,72.0,1012.11,
2013,11,1,9,28.79,77.87,390.0,255.42,247.0,416.83,1.6,82.0,1011.75,
2013,11,1,10,30.56,67.25,692.0,887.75,78.0,415.5,1.99,92.0,1011.38,
2013,11,1,11,30.62,67.6,783.0,912.32,81.0,416.05,2.32,140.0,1010.38,
2013,11,1,12,30.69,67.95,804.0,916.19,82.0,416.6,2.65,187.0,1009.38,
2013,11,1,13,30.75,68.3,754.0,903.35,80.0,417.15,2.98,235.0,1008.38,
2013,11,1,14,29.78,76.56,638.0,870.81,75.0,419.03,2.82,244.0,1008.52,
2013,11,1,15,28.8,84.83,466.0,804.32,67.0,420.92,2.66,253.0,1008.65,
2013,11,1,16,27.82,93.09,178.0,193.44,119.0,422.8,2.5,261.0,1008.78,
2013,11,1,17,26.82,95.39,35.0,83.26,28.0,422.65,2.09,284.0,1009.55,
2013,11,1,18,25.83,97.7,0.0,0.0,0.0,422.5,1.69,307.0,1010.31,
2013,11,1,19,24.84,100.0,0.0,0.0,0.0,422.35,1.28,329.0,1011.08,
2013,11,1,20,24.37,100.0,0.0,0.0,0.0,422.87,1.45,5.0,1011.18,
2013,11,1,21,23.91,100.0,0.0,0.0,0.0,423.38,1.61,41.0,1011.28,
2013,11,1,22,23.44,100.0,0.0,0.0,0.0,423.9,1.78,77.0,1011.38,
2013,11,1,23,22.99,100.0,0.0,0.0,0.0,424.57,1.83,79.0,1011.08,
2013,11,2,0,22.53,100.0,0.0,0.0,0.0,425.23,1.87,82.0,1010.78,
2013,11,2,1,22.07,100.0,0.0,0.0,0.0,425.9,1.92,85.0,1010.48,
2013,11,2,2,21.93,100.0,0.0,0.0,0.0,424.78,1.4,84.0,1010.31,
2013,11,2,3,21.78,100.0,0.0,0.0,0.0,423.67,0.89,83.0,1010.15,
2013,11,2,4,21.63,100.0,0.0,0.0,0.0,422.55,0.37,82.0,1009.98,
2013,11,2,5,22.49,100.0,0.0,0.0,0.0,421.25,0.49,89.0,1010.61,
2013,11,2,6,23.36,100.0,0.0,0.0,0.0,419.95,0.61,97.0,1011.25,
2013,11,2,7,24.22,100.0,39.0,0.0,39.0,418.65,0.73,104.0,1011.88,
2013,11,2,8,25.57,100.0,99.0,0.0,99.0,417.17,1.25,128.0,1012.04,
2013,11,2,9,26.91,100.0,60.0,0.0,60.0,415.68,1.76,152.0,1012.21,
2013,11,2,10,28.26,100.0,302.0,33.41,279.0,414.2,2.28,175.0,1012.38,
2013,11,2,11,28.36,100.0,38.0,0.0,38.0,418.65,1.81,178.0,1011.68,
2013,11,2,12,28.46,100.0,41.0,0.0,41.0,423.1,1.34,180.0,1010.98,
2013,11,2,13,28.55,100.0,513.0,199.24,365.0,427.55,0.87,183.0,1010.28,
2013,11,2,14,27.63,100.0,426.0,189.62,304.0,429.72,1.44,166.0,1010.08,
2013,11,2,15,26.7,100.0,193.0,20.28,183.0,431.88,2.02,149.0,1009.88,
2013,11,2,16,25.78,100.0,112.0,13.23,108.0,434.05,2.59,132.0,1009.68,
2013,11,2,17,25.06,100.0,21.0,0.0,21.0,436.9,3.62,141.0,1009.58,
2013,11,2,18,24.34,100.0,0.0,0.0,0.0,439.75,4.64,151.0,1009.48,
2013,11,2,19,23.62,100.0,0.0,0.0,0.0,442.6,5.67,161.0,1009.38,
2013,11,2,20,22.91,100.0,0.0,0.0,0.0,443.32,6.08,167.0,1009.35,
2013,11,2,21,22.21,100.0,0.0,0.0,0.0,444.03,6.5,173.0,1009.32,
2013,11,2,22,21.5,100.0,0.0,0.0,0.0,444.75,6.91,179.0,1009.28,
2013,11,2,23,21.04,100.0,0.0,0.0,0.0,443.7,6.88,184.0,1009.05,
2013,11,3,0,20.58,100.0,0.0,0.0,0.0,442.65,6.85,189.0,1008.82,
2013,11,3,1,20.12,100.0,0.0,0.0,0.0,441.6,6.81,194.0,1008.58,
2013,11,3,2,20.14,100.0,0.0,0.0,0.0,440.35,5.1,198.0,1008.48,
2013,11,3,3,20.16,100.0,0.0,0.0,0.0,439.1,3.38,202.0,1008.38,
2013,11,3,4,20.18,100.0,0.0,0.0,0.0,437.85,1.67,206.0,1008.29,
2013,11,3,5,21.51,100.0,0.0,0.0,0.0,440.3,1.96,214.0,1008.88,
2013,11,3,6,22.83,100.0,0.0,0.0,0.0,442.75,2.25,222.0,1009.48,
2013,11,3,7,24.16,100.0,103.0,297.15,53.0,445.2,2.54,231.0,1010.08,
2013,11,3,8,25.68,100.0,86.0,0.0,86.0,443.88,2.09,229.0,1010.61,
2013,11,3,9,27.21,100.0,533.0,838.17,69.0,442.57,1.65,228.0,1011.15,
2013,11,3,10,28.73,100.0,309.0,36.49,284.0,441.25,1.2,227.0,1011.68,
2013,11,3,11,28.57,99.49,208.0,6.56,203.0,439.78,1.05,230.0,1011.15,
2013,11,3,12,28.41,98.99,414.0,65.28,363.0,438.32,0.91,233.0,1010.61,
2013,11,3,13,28.24,98.48,752.0,911.36,78.0,436.85,0.76,236.0,1010.08,
2013,11,3,14,27.34,98.99,636.0,879.25,73.0,440.0,0.97,238.0,1010.21,
2013,11,3,15,26.44,99.49,465.0,815.73,65.0,443.15,1.19,241.0,1010.35,
2013,11,3,16,25.54,100.0,186.0,243.42,113.0,446.3,1.41,243.0,1010.48,
2013,11,3,17,24.75,100.0,38.0,150.39,26.0,443.98,1.37,203.0,1010.81,
2013,11,3,18,23.96,100.0,0.0,0.0,0.0,441.67,1.33,162.0,1011.15,
2013,11,3,19,23.18,100.0,0.0,0.0,0.0,439.35,1.3,122.0,1011.48,
2013,11,3,20,22.68,100.0,0.0,0.0,0.0,437.9,1.3,116.0,1011.71,
2013,11,3,21,22.17,100.0,0.0,0.0,0.0,436.45,1.3,111.0,1011.94,
2013,11,3,22,21.67,100.0,0.0,0.0,0.0,435.0,1.3,105.0,1012.18,
2013,11,3,23,21.08,100.0,0.0,0.0,0.0,435.08,1.27,101.0,1012.01,
2013,11,4,0,20.49,100.0,0.0,0.0,0.0,435.17,1.24,98.0,1011.85,
2013,11,4,1,19.9,100.0,0.0,0.0,0.0,435.25,1.21,94.0,1011.68,
2013,11,4,2,19.84,100.0,0.0,0.0,0.0,434.5,1.24,87.0,1011.65,
2013,11,4,3,19.77,100.0,0.0,0.0,0.0,433.75,1.27,81.0,1011.61,
2013,11,4,4,19.71,100.0,0.0,0.0,0.0,433.0,1.3,74.0,1011.58,
2013,11,4,5,20.72,100.0,0.0,0.0,0.0,429.98,0.98,74.0,1012.21,
2013,11,4,6,21.73,100.0,0.0,0.0,0.0,426.97,0.67,74.0,1012.84,
2013,11,4,7,22.74,100.0,122.0,513.22,37.0,423.95,0.36,74.0,1013.48,
2013,11,4,8,24.38,96.03,338.0,750.54,57.0,423.6,0.45,123.0,1013.34,
2013,11,4,9,26.03,92.06,536.0,850.24,68.0,423.25,0.54,173.0,1013.21,
2013,11,4,10,27.67,88.09,689.0,902.13,74.0,422.9,0.63,222.0,1013.08,
2013,11,4,11,27.91,86.2,781.0,925.82,78.0,420.6,0.9,231.0,1012.28,
2013,11,4,12,28.16,84.32,802.0,930.65,78.0,418.3,1.17,240.0,1011.48,
2013,11,4,13,28.4,82.43,752.0,918.07,76.0,416.0,1.43,250.0,1010.68,
2013,11,4,14,27.6,87.34,635.0,883.42,72.0,416.65,1.81,256.0,1010.68,
2013,11,4,15,26.8,92.24,463.0,818.29,64.0,417.3,2.19,263.0,1010.68,
2013,11,4,16,26.0,97.15,254.0,682.47,51.0,417.95,2.57,270.0,1010.68,
2013,11,4,17,25.33,98.1,48.0,334.31,22.0,413.78,2.43,294.0,1011.08,
2013,11,4,18,24.66,99.05,0.0,0.0,0.0,409.62,2.29,319.0,1011.48,
2013,11,4,19,23.99,100.0,0.0,0.0,0.0,405.45,2.15,343.0,1011.88,
2013,11,4,20,23.56,100.0,0.0,0.0,0.0,406.2,1.94,358.0,1011.94,
2013,11,4,21,23.12,100.0,0.0,0.0,0.0,406.95,1.73,12.0,1012.01,
2013,11,4,22,22.69,100.0,0.0,0.0,0.0,407.7,1.52,27.0,1012.08,
2013,11,4,23,22.24,100.0,0.0,0.0,0.0,406.78,1.51,29.0,1011.78,
2013,11,5,0,21.79,100.0,0.0,0.0,0.0,405.87,1.51,31.0,1011.48,
2013,11,5,1,21.33,100.0,0.0,0.0,0.0,404.95,1.5,33.0,1011.18,
2013,11,5,2,21.42,100.0,0.0,0.0,0.0,404.62,1.47,36.0,1011.18,
2013,11,5,3,21.5,100.0,0.0,0.0,0.0,404.28,1.44,38.0,1011.18,
2013,11,5,4,21.58,100.0,0.0,0.0,0.0,403.95,1.41,41.0,1011.18,
2013,11,5,5,22.59,100.0,0.0,0.0,0.0,403.22,1.03,40.0,1011.65,
2013,11,5,6,23.6,100.0,0.0,0.0,0.0,402.48,0.64,39.0,1012.11,
2013,11,5,7,24.61,100.0,83.0,153.42,58.0,401.75,0.26,38.0,1012.58,
2013,11,5,8,26.36,88.98,160.0,40.38,145.0,402.62,0.43,0.0,1012.58,
2013,11,5,9,28.11,77.96,479.0,588.38,157.0,403.48,0.59,323.0,1012.58,
2013,11,5,10,29.86,66.94,521.0,316.91,306.0,404.35,0.76,285.0,1012.58,
2013,11,5,11,29.95,66.75,591.0,313.5,354.0,404.93,1.38,284.0,1011.81,
2013,11,5,12,30.05,66.57,799.0,932.05,77.0,405.52,2.0,282.0,1011.05,
2013,11,5,13,30.14,66.38,749.0,919.32,75.0,406.1,2.62,280.0,1010.28,
2013,11,5,14,29.18,73.58,633.0,885.98,71.0,406.97,2.4,289.0,1010.25,
2013,11,5,15,28.21,80.78,180.0,14.44,173.0,407.83,2.18,298.0,1010.21,
2013,11,5,16,27.25,87.98,198.0,325.34,102.0,408.7,1.96,306.0,1010.18,
2013,11,5,17,26.23,91.99,37.0,158.24,25.0,410.4,1.52,330.0,1010.81,
2013,11,5,18,25.22,95.99,0.0,0.0,0.0,412.1,1.08,354.0,1011.45,
2013,11,5,19,24.21,100.0,0.0,0.0,0.0,413.8,0.63,18.0,1012.08,
2013,11,5,20,23.79,100.0,0.0,0.0,0.0,414.45,0.96,30.0,1012.28,
2013,11,5,21,23.38,100.0,0.0,0.0,0.0,415.1,1.28,42.0,1012.48,
2013,11,5,22,22.96,100.0,0.0,0.0,0.0,415.75,1.6,53.0,1012.68,
2013,11,5,23,22.61,100.0,0.0,0.0,0.0,415.67,1.66,56.0,1012.61,
2013,11,6,0,22.25,100.0,0.0,0.0,0.0,415.58,1.72,58.0,1012.54,
2013,11,6,1,21.89,100.0,0.0,0.0,0.0,415.5,1.78,60.0,1012.48,
2013,11,6,2,21.89,100.0,0.0,0.0,0.0,414.3,1.69,60.0,1012.58,
2013,11,6,3,21.89,100.0,0.0,0.0,0.0,413.1,1.6,60.0,1012.68,
2013,11,6,4,21.89,100.0,0.0,0.0,0.0,411.9,1.52,60.0,1012.78,
2013,11,6,5,22.53,100.0,0.0,0.0,0.0,415.42,1.21,60.0,1013.54,
2013,11,6,6,23.16,100.0,0.0,0.0,0.0,418.93,0.9,61.0,1014.31,
2013,11,6,7,23.8,100.0,3.0,0.0,3.0,422.45,0.59,62.0,1015.07,
2013,11,6,8,25.62,91.76,27.0,0.0,27.0,416.03,0.57,64.0,1014.91,
2013,11,6,9,27.45,83.52,305.0,110.27,245.0,409.62,0.55,66.0,1014.74,
2013,11,6,10,29.27,75.28,435.0,162.93,325.0,403.2,0.52,68.0,1014.57,
2013,11,6,11,29.51,73.8,438.0,98.32,364.0,401.83,1.3,116.0,1013.74,
2013,11,6,12,29.76,72.31,441.0,89.45,372.0,400.47,2.07,163.0,1012.91,
2013,11,6,13,30.0,70.83,541.0,297.26,324.0,399.1,2.84,211.0,1012.08,
2013,11,6,14,29.01,78.65,249.0,20.59,236.0,403.13,2.5,232.0,1012.08,
2013,11,6,15,28.02,86.46,153.0,0.0,153.0,407.17,2.15,253.0,1012.08,
2013,11,6,16,27.03,94.28,62.0,0.0,62.0,411.2,1.81,274.0,1012.08,
2013,11,6,17,26.04,96.19,13.0,0.0,13.0,416.42,1.38,303.0,1012.68,
2013,11,6,18,25.06,98.09,0.0,0.0,0.0,421.63,0.95,333.0,1013.28,
2013,11,6,19,24.08,100.0,0.0,0.0,0.0,426.85,0.52,2.0,1013.87,
2013,11,6,20,23.84,100.0,0.0,0.0,0.0,428.6,0.91,13.0,1014.07,
2013,11,6,21,23.59,100.0,0.0,0.0,0.0,430.35,1.29,24.0,1014.27,
2013,11,6,22,23.35,100.0,0.0,0.0,0.0,432.1,1.67,34.0,1014.47,
2013,11,6,23,23.07,100.0,0.0,0.0,0.0,433.13,1.67,44.0,1014.31,
2013,11,7,0,22.79,100.0,0.0,0.0,0.0,434.17,1.68,53.0,1014.14,
2013,11,7,1,22.51,100.0,0.0,0.0,0.0,435.2,1.68,63.0,1013.97,
2013,11,7,2,22.3,100.0,0.0,0.0,0.0,433.43,1.6,66.0,1013.84,
2013,11,7,3,22.08,100.0,0.0,0.0,0.0,431.67,1.53,69.0,1013.71,
2013,11,7,4,21.86,100.0,0.0,0.0,0.0,429.9,1.45,73.0,1013.58,
2013,11,7,5,22.56,100.0,0.0,0.0,0.0,427.82,1.69,74.0,1014.07,
2013,11,7,6,23.27,100.0,0.0,0.0,0.0,425.73,1.93,76.0,1014.57,
2013,11,7,7,23.97,100.0,28.0,0.0,28.0,423.65,2.17,77.0,1015.07,
2013,11,7,8,25.62,95.08,98.0,0.0,98.0,419.98,2.17,106.0,1014.87,
2013,11,7,9,27.28,90.15,124.0,0.0,124.0,416.32,2.17,135.0,1014.67,
2013,11,7,10,28.93,85.23,206.0,5.95,202.0,412.65,2.17,163.0,1014.47,
2013,11,7,11,29.13,84.11,220.0,8.01,214.0,412.88,1.98,198.0,1013.71,
2013,11,7,12,29.33,82.98,276.0,15.62,264.0,413.12,1.79,233.0,1012.94,
2013,11,7,13,29.53,81.86,340.0,41.27,310.0,413.35,1.6,268.0,1012.18,
2013,11,7,14,28.66,86.31,295.0,46.14,266.0,410.27,1.71,292.0,1011.98,
2013,11,7,15,27.78,90.76,304.0,198.03,209.0,407.18,1.83,315.0,1011.78,
2013,11,7,16,26.91,95.21,135.0,72.27,114.0,404.1,1.94,339.0,1011.58,
2013,11,7,17,26.01,96.81,23.0,0.0,23.0,402.82,2.03,354.0,1011.85,
2013,11,7,18,25.11,98.4,0.0,0.0,0.0,401.53,2.12,10.0,1012.11,
2013,11,7,19,24.22,100.0,0.0,0.0,0.0,400.25,2.21,26.0,1012.38,
2013,11,7,20,23.77,100.0,0.0,0.0,0.0,399.77,2.09,31.0,1012.34,
2013,11,7,21,23.32,100.0,0.0,0.0,0.0,399.28,1.98,37.0,1012.31,
2013,11,7,22,22.87,100.0,0.0,0.0,0.0,398.8,1.86,42.0,1012.28,
2013,11,7,23,22.49,100.0,0.0,0.0,0.0,396.82,1.83,45.0,1012.11,
2013,11,8,0,22.11,100.0,0.0,0.0,0.0,394.83,1.81,47.0,1011.94,
2013,11,8,1,21.72,100.0,0.0,0.0,0.0,392.85,1.78,50.0,1011.78,
2013,11,8,2,21.74,100.0,0.0,0.0,0.0,392.05,1.66,51.0,1011.75,
2013,11,8,3,21.75,100.0,0.0,0.0,0.0,391.25,1.54,52.0,1011.71,
2013,11,8,4,21.76,100.0,0.0,0.0,0.0,390.45,1.42,53.0,1011.68,
2013,11,8,5,22.68,100.0,0.0,0.0,0.0,390.7,1.14,53.0,1012.41,
2013,11,8,6,23.59,100.0,0.0,0.0,0.0,390.95,0.87,54.0,1013.14,
2013,11,8,7,24.51,100.0,115.0,523.07,34.0,391.2,0.59,55.0,1013.87,
2013,11,8,8,26.38,87.91,330.0,764.06,53.0,389.9,0.78,358.0,1013.64,
2013,11,8,9,28.25,75.81,529.0,866.58,63.0,388.6,0.96,301.0,1013.41,
2013,11,8,10,30.12,63.72,682.0,916.92,69.0,387.3,1.14,244.0,1013.18,
2013,11,8,11,30.32,63.2,773.0,939.65,72.0,386.8,1.62,247.0,1012.41,
2013,11,8,12,30.53,62.68,795.0,943.92,73.0,386.3,2.09,250.0,1011.65,
2013,11,8,13,30.73,62.16,746.0,932.48,71.0,385.8,2.57,253.0,1010.88,
2013,11,8,14,29.78,70.72,629.0,898.11,67.0,385.13,2.39,262.0,1010.98,
2013,11,8,15,28.83,79.28,457.0,831.87,60.0,384.47,2.21,272.0,1011.08,
2013,11,8,16,27.88,87.84,248.0,696.88,47.0,383.8,2.03,282.0,1011.18,
2013,11,8,17,26.73,91.89,44.0,340.38,20.0,386.12,2.05,317.0,1011.55,
2013,11,8,18,25.59,95.95,0.0,0.0,0.0,388.43,2.06,352.0,1011.91,
2013,11,8,19,24.45,100.0,0.0,0.0,0.0,390.75,2.08,27.0,1012.28,
2013,11,8,20,23.95,100.0,0.0,0.0,0.0,391.3,2.09,33.0,1012.34,
2013,11,8,21,23.46,100.0,0.0,0.0,0.0,391.85,2.09,38.0,1012.41,
2013,11,8,22,22.96,100.0,0.0,0.0,0.0,392.4,2.1,44.0,1012.48,
2013,11,8,23,22.58,100.0,0.0,0.0,0.0,391.53,1.89,45.0,1012.14,
2013,11,9,0,22.19,100.0,0.0,0.0,0.0,390.67,1.67,46.0,1011.81,
2013,11,9,1,21.8,100.0,0.0,0.0,0.0,389.8,1.46,47.0,1011.48,
2013,11,9,2,21.8,100.0,0.0,0.0,0.0,388.83,1.41,49.0,1011.38,
2013,11,9,3,21.79,100.0,0.0,0.0,0.0,387.87,1.35,50.0,1011.28,
2013,11,9,4,21.78,100.0,0.0,0.0,0.0,386.9,1.3,51.0,1011.18,
2013,11,9,5,22.57,100.0,0.0,0.0,0.0,388.17,1.06,52.0,1011.98,
2013,11,9,6,23.37,100.0,0.0,0.0,0.0,389.43,0.83,52.0,1012.78,
2013,11,9,7,24.16,100.0,114.0,532.46,33.0,390.7,0.59,53.0,1013.58,
2013,11,9,8,26.12,90.16,329.0,770.42,52.0,389.88,0.72,65.0,1013.24,
2013,11,9,9,28.08,80.32,385.0,291.82,229.0,389.07,0.85,77.0,1012.91,
2013,11,9,10,30.04,70.48,502.0,299.13,303.0,388.25,0.98,90.0,1012.58,
2013,11,9,11,30.25,70.12,772.0,943.79,71.0,390.12,1.44,146.0,1011.71,
2013,11,9,12,30.46,69.76,641.0,404.35,333.0,391.98,1.9,203.0,1010.85,
2013,11,9,13,30.66,69.4,744.0,934.97,70.0,393.85,2.36,260.0,1009.98,
2013,11,9,14,29.68,77.49,628.0,902.05,66.0,395.2,2.17,272.0,1010.08,
2013,11,9,15,28.7,85.57,356.0,366.45,182.0,396.55,1.98,284.0,1010.18,
2013,11,9,16,27.72,93.66,246.0,694.91,47.0,397.9,1.79,295.0,1010.28,
2013,11,9,17,26.67,95.77,43.0,333.81,20.0,399.72,1.89,326.0,1010.85,
2013,11,9,18,25.62,97.89,0.0,0.0,0.0,401.53,1.99,356.0,1011.41,
2013,11,9,19,24.57,100.0,0.0,0.0,0.0,403.35,2.08,27.0,1011.98,
2013,11,9,20,24.08,100.0,0.0,0.0,0.0,403.25,2.05,33.0,1012.01,
2013,11,9,21,23.59,100.0,0.0,0.0,0.0,403.15,2.02,40.0,1012.04,
2013,11,9,22,23.1,100.0,0.0,0.0,0.0,403.05,1.99,46.0,1012.08,
2013,11,9,23,22.69,100.0,0.0,0.0,0.0,401.6,1.71,48.0,1011.78,
2013,11,10,0,22.28,100.0,0.0,0.0,0.0,400.15,1.43,50.0,1011.48,
2013,11,10,1,21.86,100.0,0.0,0.0,0.0,398.7,1.14,52.0,1011.18,
2013,11,10,2,21.82,100.0,0.0,0.0,0.0,397.03,1.22,53.0,1011.08,
2013,11,10,3,21.78,100.0,0.0,0.0,0.0,395.37,1.3,54.0,1010.98,
2013,11,10,4,21.74,100.0,0.0,0.0,0.0,393.7,1.38,55.0,1010.88,
2013,11,10,5,22.53,100.0,0.0,0.0,0.0,394.15,1.07,56.0,1011.68,
2013,11,10,6,23.33,100.0,0.0,0.0,0.0,394.6,0.76,57.0,1012.48,
2013,11,10,7,24.12,100.0,110.0,522.15,32.0,395.05,0.46,58.0,1013.28,
2013,11,10,8,25.95,90.92,322.0,760.07,51.0,394.12,0.51,104.0,1013.08,
2013,11,10,9,27.77,81.83,518.0,860.0,61.0,393.18,0.57,150.0,1012.88,
2013,11,10,10,29.6,72.75,669.0,909.35,67.0,392.25,0.63,195.0,1012.68,
2013,11,10,11,29.8,74.02,760.0,933.07,70.0,394.4,0.97,220.0,1011.85,
2013,11,10,12,30.01,75.28,783.0,939.92,70.0,396.55,1.3,244.0,1011.01,
2013,11,10,13,30.21,76.55,734.0,926.27,69.0,398.7,1.63,268.0,1010.18,
2013,11,10,14,29.32,83.46,619.0,893.04,65.0,399.62,1.97,291.0,1010.38,
2013,11,10,15,28.42,90.36,449.0,827.55,58.0,400.53,2.32,313.0,1010.58,
2013,11,10,16,27.52,97.27,243.0,692.71,46.0,401.45,2.66,335.0,1010.78,
2013,11,10,17,26.45,98.18,41.0,326.51,19.0,401.7,2.41,351.0,1011.18,
2013,11,10,18,25.38,99.09,0.0,0.0,0.0,401.95,2.17,6.0,1011.58,
2013,11,10,19,24.31,100.0,0.0,0.0,0.0,402.2,1.92,22.0,1011.98,
2013,11,10,20,23.83,100.0,0.0,0.0,0.0,401.12,1.92,28.0,1012.11,
2013,11,10,21,23.35,100.0,0.0,0.0,0.0,400.03,1.93,35.0,1012.24,
2013,11,10,22,22.87,100.0,0.0,0.0,0.0,398.95,1.93,41.0,1012.38,
2013,11,10,23,22.48,100.0,0.0,0.0,0.0,399.0,1.85,44.0,1012.11,
2013,11,11,0,22.08,100.0,0.0,0.0,0.0,399.05,1.77,47.0,1011.85,
2013,11,11,1,21.68,100.0,0.0,0.0,0.0,399.1,1.7,49.0,1011.58,
2013,11,11,2,21.68,100.0,0.0,0.0,0.0,397.93,1.52,51.0,1011.65,
2013,11,11,3,21.67,100.0,0.0,0.0,0.0,396.77,1.35,52.0,1011.71,
2013,11,11,4,21.67,100.0,0.0,0.0,0.0,395.6,1.17,54.0,1011.78,
2013,11,11,5,22.43,100.0,0.0,0.0,0.0,396.35,0.91,55.0,1012.48,
2013,11,11,6,23.2,100.0,0.0,0.0,0.0,397.1,0.65,56.0,1013.18,
2013,11,11,7,23.96,100.0,106.0,511.49,31.0,397.85,0.39,57.0,1013.87,
2013,11,11,8,25.82,89.96,317.0,755.21,50.0,396.52,0.51,64.0,1013.61,
2013,11,11,9,27.67,79.92,512.0,855.7,60.0,395.18,0.63,71.0,1013.34,
2013,11,11,10,29.53,69.88,664.0,907.76,66.0,393.85,0.76,78.0,1013.08,
2013,11,11,11,29.77,70.55,755.0,931.71,69.0,395.85,1.06,35.0,1012.31,
2013,11,11,12,30.01,71.21,777.0,937.16,69.0,397.85,1.36,352.0,1011.55,
2013,11,11,13,30.25,71.88,729.0,924.42,68.0,399.85,1.66,310.0,1010.78,
2013,11,11,14,29.38,80.13,614.0,890.34,64.0,401.18,1.93,333.0,1010.91,
2013,11,11,15,28.5,88.39,326.0,278.6,195.0,402.52,2.2,356.0,1011.05,
2013,11,11,16,27.63,96.64,239.0,686.75,45.0,403.85,2.47,20.0,1011.18,
2013,11,11,17,26.64,97.76,40.0,318.46,19.0,403.43,2.25,32.0,1011.78,
2013,11,11,18,25.65,98.88,0.0,0.0,0.0,403.02,2.04,44.0,1012.38,
2013,11,11,19,24.66,100.0,0.0,0.0,0.0,402.6,1.82,56.0,1012.98,
2013,11,11,20,24.27,97.81,0.0,0.0,0.0,402.02,1.9,57.0,1013.24,
2013,11,11,21,23.89,95.62,0.0,0.0,0.0,401.43,1.99,59.0,1013.51,
2013,11,11,22,23.5,93.43,0.0,0.0,0.0,400.85,2.07,61.0,1013.77,
2013,11,11,23,23.28,91.3,0.0,0.0,0.0,397.27,2.23,60.0,1013.64,
2013,11,12,0,23.05,89.16,0.0,0.0,0.0,393.68,2.38,60.0,1013.51,
2013,11,12,1,22.82,87.03,0.0,0.0,0.0,390.1,2.54,59.0,1013.38,
2013,11,12,2,22.88,87.12,0.0,0.0,0.0,387.9,2.41,60.0,1013.28,
2013,11,12,3,22.93,87.2,0.0,0.0,0.0,385.7,2.28,60.0,1013.18,
2013,11,12,4,22.99,87.29,0.0,0.0,0.0,383.5,2.15,60.0,1013.08,
2013,11,12,5,23.72,86.4,0.0,0.0,0.0,385.3,2.05,61.0,1013.48,
2013,11,12,6,24.45,85.52,0.0,0.0,0.0,387.1,1.95,62.0,1013.87,
2013,11,12,7,25.18,84.63,105.0,514.36,31.0,388.9,1.85,63.0,1014.27,
2013,11,12,8,27.17,78.48,317.0,761.69,50.0,388.27,1.39,67.0,1014.04,
2013,11,12,9,29.15,72.32,514.0,866.57,59.0,387.63,0.93,70.0,1013.81,
2013,11,12,10,31.14,66.17,666.0,916.8,65.0,387.0,0.47,74.0,1013.58,
2013,11,12,11,31.47,67.71,759.0,942.59,68.0,391.02,1.04,91.0,1012.81,
2013,11,12,12,31.81,69.25,782.0,947.62,69.0,395.03,1.62,108.0,1012.04,
2013,11,12,13,32.14,70.79,733.0,935.12,67.0,399.05,2.19,125.0,1011.28,
2013,11,12,14,31.18,77.59,618.0,902.14,63.0,400.88,1.84,104.0,1011.55,
2013,11,12,15,30.22,84.38,447.0,835.44,56.0,402.72,1.49,84.0,1011.81,
2013,11,12,16,29.26,91.18,240.0,694.76,45.0,404.55,1.14,63.0,1012.08,
2013,11,12,17,28.31,94.12,40.0,325.14,19.0,402.77,1.46,63.0,1012.31,
2013,11,12,18,27.37,97.06,0.0,0.0,0.0,400.98,1.77,62.0,1012.54,
2013,11,12,19,26.43,100.0,0.0,0.0,0.0,399.2,2.08,62.0,1012.78,
2013,11,12,20,25.73,100.0,0.0,0.0,0.0,396.42,1.74,61.0,1012.81,
2013,11,12,21,25.04,100.0,0.0,0.0,0.0,393.63,1.39,60.0,1012.84,
2013,11,12,22,24.34,100.0,0.0,0.0,0.0,390.85,1.05,58.0,1012.88,
2013,11,12,23,23.76,100.0,0.0,0.0,0.0,390.97,1.13,58.0,1012.74,
2013,11,13,0,23.18,100.0,0.0,0.0,0.0,391.08,1.2,57.0,1012.61,
2013,11,13,1,22.6,100.0,0.0,0.0,0.0,391.2,1.28,56.0,1012.48,
2013,11,13,2,22.39,100.0,0.0,0.0,0.0,390.47,1.38,56.0,1012.34,
2013,11,13,3,22.17,100.0,0.0,0.0,0.0,389.73,1.49,55.0,1012.21,
2013,11,13,4,21.96,100.0,0.0,0.0,0.0,389.0,1.59,54.0,1012.08,
2013,11,13,5,22.87,100.0,0.0,0.0,0.0,395.48,1.12,58.0,1012.71,
2013,11,13,6,23.77,100.0,0.0,0.0,0.0,401.97,0.66,62.0,1013.34,
2013,11,13,7,24.68,100.0,13.0,0.0,13.0,408.45,0.19,67.0,1013.97,
2013,11,13,8,26.36,90.42,246.0,351.05,124.0,405.83,0.56,123.0,1013.91,
2013,11,13,9,28.05,80.83,435.0,490.51,179.0,403.22,0.93,179.0,1013.84,
2013,11,13,10,29.73,71.25,663.0,918.24,64.0,400.6,1.3,235.0,1013.77,
2013,11,13,11,29.94,70.1,650.0,530.19,263.0,399.65,1.66,241.0,1012.84,
2013,11,13,12,30.15,68.96,645.0,457.7,302.0,398.7,2.03,247.0,1011.91,
2013,11,13,13,30.35,67.81,585.0,434.15,277.0,397.75,2.4,252.0,1010.98,
2013,11,13,14,29.46,75.96,405.0,192.58,287.0,397.72,2.22,263.0,1011.08,
2013,11,13,15,28.56,84.1,385.0,508.7,148.0,397.68,2.04,274.0,1011.18,
2013,11,13,16,27.66,92.25,238.0,695.5,44.0,397.65,1.86,284.0,1011.28,
2013,11,13,17,26.62,94.83,38.0,315.85,18.0,398.52,1.88,312.0,1011.75,
2013,11,13,18,25.58,97.42,0.0,0.0,0.0,399.38,1.89,340.0,1012.21,
2013,11,13,19,24.55,100.0,0.0,0.0,0.0,400.25,1.9,7.0,1012.68,
2013,11,13,20,23.97,100.0,0.0,0.0,0.0,401.17,1.92,20.0,1012.64,
2013,11,13,21,23.39,100.0,0.0,0.0,0.0,402.08,1.94,32.0,1012.61,
2013,11,13,22,22.81,100.0,0.0,0.0,0.0,403.0,1.96,44.0,1012.58,
2013,11,13,23,22.41,100.0,0.0,0.0,0.0,399.83,1.75,46.0,1012.11,
2013,11,14,0,22.01,100.0,0.0,0.0,0.0,396.67,1.54,49.0,1011.65,
2013,11,14,1,21.6,100.0,0.0,0.0,0.0,393.5,1.34,51.0,1011.18,
2013,11,14,2,21.57,100.0,0.0,0.0,0.0,392.63,1.35,52.0,1010.98,
2013,11,14,3,21.53,100.0,0.0,0.0,0.0,391.77,1.36,53.0,1010.78,
2013,11,14,4,21.5,100.0,0.0,0.0,0.0,390.9,1.37,55.0,1010.58,
2013,11,14,5,22.38,100.0,0.0,0.0,0.0,397.08,1.08,57.0,1011.21,
2013,11,14,6,23.26,100.0,0.0,0.0,0.0,403.27,0.8,59.0,1011.85,
2013,11,14,7,24.14,100.0,63.0,101.21,49.0,409.45,0.51,61.0,1012.48,
2013,11,14,8,26.0,90.57,227.0,275.74,132.0,407.98,0.53,102.0,1012.24,
2013,11,14,9,27.86,81.15,420.0,443.36,190.0,406.52,0.56,144.0,1012.01,
2013,11,14,10,29.72,71.72,465.0,248.02,304.0,405.05,0.58,186.0,1011.78,
2013,11,14,11,29.91,71.57,513.0,216.01,356.0,404.57,0.95,199.0,1010.98,
2013,11,14,12,30.1,71.42,406.0,73.68,351.0,404.08,1.32,212.0,1010.18,
2013,11,14,13,30.28,71.27,292.0,25.47,274.0,403.6,1.7,225.0,1009.38,
2013,11,14,14,29.3,79.26,195.0,6.55,191.0,406.97,1.43,230.0,1009.38,
2013,11,14,15,28.31,87.26,127.0,0.0,127.0,410.33,1.16,235.0,1009.38,
2013,11,14,16,27.32,95.25,18.0,0.0,18.0,413.7,0.9,240.0,1009.38,
2013,11,14,17,26.35,96.83,15.0,0.0,15.0,419.93,1.17,210.0,1010.15,
2013,11,14,18,25.39,98.42,0.0,0.0,0.0,426.17,1.45,181.0,1010.91,
2013,11,14,19,24.43,100.0,0.0,0.0,0.0,432.4,1.72,152.0,1011.68,
2013,11,14,20,23.51,100.0,0.0,0.0,0.0,433.23,1.73,158.0,1012.14,
2013,11,14,21,22.58,100.0,0.0,0.0,0.0,434.07,1.73,164.0,1012.61,
2013,11,14,22,21.66,100.0,0.0,0.0,0.0,434.9,1.74,170.0,1013.08,
2013,11,14,23,20.66,100.0,0.0,0.0,0.0,435.03,1.8,162.0,1012.84,
2013,11,15,0,19.66,100.0,0.0,0.0,0.0,435.17,1.86,155.0,1012.61,
2013,11,15,1,18.66,100.0,0.0,0.0,0.0,435.3,1.92,147.0,1012.38,
2013,11,15,2,18.73,100.0,0.0,0.0,0.0,435.12,2.21,134.0,1012.18,
2013,11,15,3,18.79,100.0,0.0,0.0,0.0,434.93,2.5,121.0,1011.98,
2013,11,15,4,18.85,100.0,0.0,0.0,0.0,434.75,2.79,107.0,1011.78,
2013,11,15,5,20.01,100.0,0.0,0.0,0.0,433.37,2.72,102.0,1011.75,
2013,11,15,6,21.16,100.0,0.0,0.0,0.0,431.98,2.65,96.0,1011.71,
2013,11,15,7,22.32,100.0,24.0,0.0,24.0,430.6,2.58,90.0,1011.68,
2013,11,15,8,23.82,100.0,64.0,0.0,64.0,431.92,3.2,96.0,1012.04,
2013,11,15,9,25.32,100.0,162.0,1.94,161.0,433.23,3.82,103.0,1012.41,
2013,11,15,10,26.82,100.0,285.0,34.06,263.0,434.55,4.44,109.0,1012.78,
2013,11,15,11,26.46,100.0,394.0,76.0,339.0,437.07,3.52,124.0,1012.01,
2013,11,15,12,26.11,100.0,280.0,17.48,267.0,439.58,2.6,139.0,1011.25,
2013,11,15,13,25.75,100.0,479.0,191.75,344.0,442.1,1.68,154.0,1010.48,
2013,11,15,14,24.73,100.0,422.0,231.91,281.0,441.07,1.47,149.0,1010.55,
2013,11,15,15,23.71,100.0,225.0,64.95,195.0,440.03,1.25,143.0,1010.61,
2013,11,15,16,22.69,100.0,146.0,137.82,108.0,439.0,1.03,138.0,1010.68,
2013,11,15,17,22.42,100.0,29.0,147.44,20.0,438.0,1.01,126.0,1011.25,
2013,11,15,18,22.16,100.0,0.0,0.0,0.0,437.0,0.98,115.0,1011.81,
2013,11,15,19,21.9,100.0,0.0,0.0,0.0,436.0,0.95,103.0,1012.38,
2013,11,15,20,21.54,100.0,0.0,0.0,0.0,433.22,1.15,94.0,1012.48,
2013,11,15,21,21.18,100.0,0.0,0.0,0.0,430.43,1.36,85.0,1012.58,
2013,11,15,22,20.82,100.0,0.0,0.0,0.0,427.65,1.56,76.0,1012.68,
2013,11,15,23,20.33,100.0,0.0,0.0,0.0,426.78,1.51,71.0,1012.54,
2013,11,16,0,19.83,100.0,0.0,0.0,0.0,425.92,1.47,67.0,1012.41,
2013,11,16,1,19.33,100.0,0.0,0.0,0.0,425.05,1.42,62.0,1012.28,
2013,11,16,2,19.5,100.0,0.0,0.0,0.0,425.3,1.42,61.0,1012.21,
2013,11,16,3,19.66,100.0,0.0,0.0,0.0,425.55,1.41,60.0,1012.14,
2013,11,16,4,19.83,100.0,0.0,0.0,0.0,425.8,1.41,58.0,1012.08,
2013,11,16,5,20.68,100.0,0.0,0.0,0.0,423.0,1.16,58.0,1012.74,
2013,11,16,6,21.53,100.0,0.0,0.0,0.0,420.2,0.92,59.0,1013.41,
2013,11,16,7,22.38,100.0,94.0,489.58,29.0,417.4,0.68,59.0,1014.07,
2013,11,16,8,24.16,94.89,300.0,744.38,48.0,419.85,0.94,55.0,1013.91,
2013,11,16,9,25.95,89.79,448.0,591.2,145.0,422.3,1.21,52.0,1013.74,
2013,11,16,10,27.73,84.68,490.0,314.22,288.0,424.75,1.48,49.0,1013.58,
2013,11,16,11,28.05,80.31,733.0,925.52,66.0,417.2,1.9,359.0,1012.64,
2013,11,16,12,28.37,75.94,568.0,333.49,321.0,409.65,2.32,308.0,1011.71,
2013,11,16,13,28.68,71.57,710.0,919.52,65.0,402.1,2.74,258.0,1010.78,
2013,11,16,14,27.84,79.35,598.0,884.88,62.0,401.45,2.73,264.0,1010.91,
2013,11,16,15,26.99,87.14,432.0,819.54,55.0,400.8,2.72,270.0,1011.05,
2013,11,16,16,26.15,94.92,230.0,681.91,43.0,400.15,2.7,276.0,1011.18,
2013,11,16,17,25.1,96.61,35.0,299.86,17.0,396.93,2.46,304.0,1011.75,
2013,11,16,18,24.05,98.31,0.0,0.0,0.0,393.72,2.21,332.0,1012.31,
2013,11,16,19,23.01,100.0,0.0,0.0,0.0,390.5,1.96,0.0,1012.88,
2013,11,16,20,22.61,100.0,0.0,0.0,0.0,391.17,1.94,10.0,1012.84,
2013,11,16,21,22.22,100.0,0.0,0.0,0.0,391.83,1.92,20.0,1012.81,
2013,11,16,22,21.82,100.0,0.0,0.0,0.0,392.5,1.9,30.0,1012.78,
2013,11,16,23,21.5,100.0,0.0,0.0,0.0,392.47,1.8,29.0,1012.48,
2013,11,17,0,21.17,100.0,0.0,0.0,0.0,392.43,1.7,29.0,1012.18,
2013,11,17,1,20.84,100.0,0.0,0.0,0.0,392.4,1.6,29.0,1011.88,
2013,11,17,2,20.95,100.0,0.0,0.0,0.0,393.42,1.5,30.0,1011.75,
2013,11,17,3,21.05,100.0,0.0,0.0,0.0,394.43,1.41,31.0,1011.61,
2013,11,17,4,21.15,100.0,0.0,0.0,0.0,395.45,1.31,33.0,1011.48,
2013,11,17,5,22.02,100.0,0.0,0.0,0.0,399.43,1.02,35.0,1012.18,
2013,11,17,6,22.89,100.0,0.0,0.0,0.0,403.42,0.73,38.0,1012.88,
2013,11,17,7,23.76,100.0,93.0,492.35,29.0,407.4,0.44,41.0,1013.58,
2013,11,17,8,25.46,92.3,300.0,751.0,48.0,403.05,0.88,357.0,1013.41,
2013,11,17,9,27.15,84.59,494.0,855.87,58.0,398.7,1.32,313.0,1013.24,
2013,11,17,10,28.85,76.89,645.0,909.72,63.0,394.35,1.77,269.0,1013.08,
2013,11,17,11,28.92,76.49,737.0,934.97,66.0,392.27,2.29,271.0,1012.41,
2013,11,17,12,29.0,76.08,761.0,940.57,67.0,390.18,2.81,274.0,1011.75,
2013,11,17,13,29.07,75.68,715.0,928.57,66.0,388.1,3.34,276.0,1011.08,
2013,11,17,14,28.13,82.22,603.0,896.37,62.0,389.55,3.39,285.0,1011.18,
2013,11,17,15,27.18,88.77,436.0,831.49,55.0,391.0,3.45,294.0,1011.28,
2013,11,17,16,26.23,95.31,232.0,692.74,43.0,392.45,3.5,303.0,1011.38,
2013,11,17,17,25.2,96.87,36.0,321.47,17.0,393.38,3.06,328.0,1011.55,
2013,11,17,18,24.18,98.44,0.0,0.0,0.0,394.32,2.62,353.0,1011.71,
2013,11,17,19,23.16,100.0,0.0,0.0,0.0,395.25,2.18,18.0,1011.88,
2013,11,17,20,22.72,100.0,0.0,0.0,0.0,394.57,1.97,24.0,1011.68,
2013,11,17,21,22.27,100.0,0.0,0.0,0.0,393.88,1.77,30.0,1011.48,
2013,11,17,22,21.83,100.0,0.0,0.0,0.0,393.2,1.56,37.0,1011.28,
2013,11,17,23,21.46,100.0,0.0,0.0,0.0,391.8,1.43,38.0,1010.98,
2013,11,18,0,21.09,100.0,0.0,0.0,0.0,390.4,1.31,38.0,1010.68,
2013,11,18,1,20.72,100.0,0.0,0.0,0.0,389.0,1.19,39.0,1010.38,
2013,11,18,2,20.74,100.0,0.0,0.0,0.0,388.78,1.17,41.0,1010.08,
2013,11,18,3,20.75,100.0,0.0,0.0,0.0,388.57,1.16,42.0,1009.78,
2013,11,18,4,20.77,100.0,0.0,0.0,0.0,388.35,1.14,44.0,1009.48,
2013,11,18,5,21.57,100.0,0.0,0.0,0.0,390.8,0.89,48.0,1010.18,
2013,11,18,6,22.36,100.0,0.0,0.0,0.0,393.25,0.64,53.0,1010.88,
2013,11,18,7,23.16,100.0,93.0,503.11,29.0,395.7,0.39,57.0,1011.58,
2013,11,18,8,24.89,92.02,302.0,763.74,48.0,391.78,0.7,114.0,1011.25,
2013,11,18,9,26.62,84.03,498.0,868.97,58.0,387.87,1.01,171.0,1010.91,
2013,11,18,10,28.35,76.05,650.0,920.39,64.0,383.95,1.32,227.0,1010.58,
2013,11,18,11,28.44,75.42,743.0,945.84,67.0,382.35,1.62,236.0,1009.52,
2013,11,18,12,28.54,74.8,767.0,952.26,67.0,380.75,1.91,244.0,1008.45,
2013,11,18,13,28.63,74.17,721.0,940.47,66.0,379.15,2.21,252.0,1007.39,
2013,11,18,14,27.65,81.16,608.0,907.83,62.0,381.68,2.26,259.0,1007.45,
2013,11,18,15,26.67,88.15,440.0,843.39,55.0,384.22,2.32,265.0,1007.52,
2013,11,18,16,25.69,95.14,234.0,699.78,44.0,386.75,2.37,272.0,1007.59,
2013,11,18,17,24.63,96.76,36.0,326.11,17.0,391.08,2.36,296.0,1008.38,
2013,11,18,18,23.57,98.38,0.0,0.0,0.0,395.42,2.35,320.0,1009.18,
2013,11,18,19,22.51,100.0,0.0,0.0,0.0,399.75,2.34,344.0,1009.98,
2013,11,18,20,22.09,100.0,0.0,0.0,0.0,401.65,2.1,0.0,1010.15,
2013,11,18,21,21.67,100.0,0.0,0.0,0.0,403.55,1.86,16.0,1010.31,
2013,11,18,22,21.25,100.0,0.0,0.0,0.0,405.45,1.61,32.0,1010.48,
2013,11,18,23,20.84,100.0,0.0,0.0,0.0,412.62,1.27,41.0,1010.38,
2013,11,19,0,20.43,100.0,0.0,0.0,0.0,419.78,0.93,49.0,1010.28,
2013,11,19,1,20.02,100.0,0.0,0.0,0.0,426.95,0.59,57.0,1010.18,
2013,11,19,2,19.96,100.0,0.0,0.0,0.0,428.78,0.83,60.0,1010.18,
2013,11,19,3,19.89,100.0,0.0,0.0,0.0,430.62,1.06,62.0,1010.18,
2013,11,19,4,19.83,100.0,0.0,0.0,0.0,432.45,1.3,64.0,1010.18,
2013,11,19,5,20.61,100.0,0.0,0.0,0.0,429.25,1.14,69.0,1010.85,
2013,11,19,6,21.4,100.0,0.0,0.0,0.0,426.05,0.97,75.0,1011.51,
2013,11,19,7,22.18,100.0,91.0,498.25,29.0,422.85,0.81,80.0,1012.18,
2013,11,19,8,23.86,93.85,301.0,767.57,48.0,414.17,0.99,113.0,1011.88,
2013,11,19,9,25.53,87.7,497.0,872.25,58.0,405.48,1.17,147.0,1011.58,
2013,11,19,10,27.21,81.55,650.0,924.8,64.0,396.8,1.35,181.0,1011.28,
2013,11,19,11,27.42,80.2,743.0,949.71,67.0,397.52,1.65,193.0,1010.48,
2013,11,19,12,27.63,78.86,767.0,954.4,68.0,398.23,1.94,205.0,1009.68,
2013,11,19,13,27.84,77.51,721.0,943.72,66.0,398.95,2.23,217.0,1008.88,
2013,11,19,14,26.9,83.72,608.0,910.91,62.0,398.7,2.3,226.0,1008.98,
2013,11,19,15,25.95,89.94,439.0,842.03,56.0,398.45,2.36,236.0,1009.08,
2013,11,19,16,25.01,96.15,234.0,702.97,44.0,398.2,2.43,246.0,1009.18,
2013,11,19,17,24.31,97.43,35.0,313.0,17.0,396.02,2.37,293.0,1009.85,
2013,11,19,18,23.61,98.72,0.0,0.0,0.0,393.83,2.32,341.0,1010.51,
2013,11,19,19,22.91,100.0,0.0,0.0,0.0,391.65,2.26,28.0,1011.18,
2013,11,19,20,22.52,100.0,0.0,0.0,0.0,390.82,2.17,38.0,1011.45,
2013,11,19,21,22.12,100.0,0.0,0.0,0.0,389.98,2.08,48.0,1011.71,
2013,11,19,22,21.73,100.0,0.0,0.0,0.0,389.15,1.99,58.0,1011.98,
2013,11,19,23,21.23,100.0,0.0,0.0,0.0,389.25,1.64,59.0,1011.85,
2013,11,20,0,20.73,100.0,0.0,0.0,0.0,389.35,1.29,60.0,1011.71,
2013,11,20,1,20.23,100.0,0.0,0.0,0.0,389.45,0.94,60.0,1011.58,
2013,11,20,2,20.17,100.0,0.0,0.0,0.0,390.47,1.05,59.0,1011.51,
2013,11,20,3,20.11,100.0,0.0,0.0,0.0,391.48,1.16,58.0,1011.45,
2013,11,20,4,20.05,100.0,0.0,0.0,0.0,392.5,1.27,57.0,1011.38,
2013,11,20,5,20.94,100.0,0.0,0.0,0.0,394.33,0.98,61.0,1012.31,
2013,11,20,6,21.83,100.0,0.0,0.0,0.0,396.17,0.69,66.0,1013.24,
2013,11,20,7,22.72,100.0,88.0,493.15,28.0,398.0,0.4,71.0,1014.17,
2013,11,20,8,24.6,92.71,295.0,756.13,48.0,398.13,0.63,105.0,1014.01,
2013,11,20,9,26.47,85.43,489.0,861.54,58.0,398.27,0.85,138.0,1013.84,
2013,11,20,10,28.35,78.14,641.0,914.93,64.0,398.4,1.08,172.0,1013.67,
2013,11,20,11,28.4,77.44,732.0,938.04,67.0,399.57,1.46,185.0,1012.88,
2013,11,20,12,28.45,76.73,756.0,942.77,68.0,400.73,1.84,197.0,1012.08,
2013,11,20,13,28.5,76.03,709.0,929.55,66.0,401.9,2.22,210.0,1011.28,
2013,11,20,14,27.61,83.01,597.0,895.49,62.0,401.83,2.04,225.0,1011.38,
2013,11,20,15,26.71,89.99,430.0,825.06,56.0,401.77,1.86,240.0,1011.48,
2013,11,20,16,25.82,96.97,228.0,683.66,44.0,401.7,1.68,255.0,1011.58,
2013,11,20,17,24.95,97.98,34.0,299.1,17.0,400.57,1.82,298.0,1012.18,
2013,11,20,18,24.08,98.99,0.0,0.0,0.0,399.43,1.95,341.0,1012.78,
2013,11,20,19,23.22,100.0,0.0,0.0,0.0,398.3,2.08,23.0,1013.38,
2013,11,20,20,22.71,100.0,0.0,0.0,0.0,397.6,2.09,29.0,1013.38,
2013,11,20,21,22.21,100.0,0.0,0.0,0.0,396.9,2.09,35.0,1013.38,
2013,11,20,22,21.7,100.0,0.0,0.0,0.0,396.2,2.1,40.0,1013.38,
2013,11,20,23,21.33,100.0,0.0,0.0,0.0,395.58,1.99,42.0,1013.11,
2013,11,21,0,20.95,100.0,0.0,0.0,0.0,394.97,1.89,44.0,1012.84,
2013,11,21,1,20.57,100.0,0.0,0.0,0.0,394.35,1.78,46.0,1012.58,
2013,11,21,2,20.5,100.0,0.0,0.0,0.0,395.57,1.69,48.0,1012.54,
2013,11,21,3,20.42,100.0,0.0,0.0,0.0,396.78,1.6,49.0,1012.51,
2013,11,21,4,20.35,100.0,0.0,0.0,0.0,398.0,1.5,51.0,1012.48,
2013,11,21,5,21.26,100.0,0.0,0.0,0.0,398.17,1.15,52.0,1013.31,
2013,11,21,6,22.18,100.0,0.0,0.0,0.0,398.33,0.8,53.0,1014.14,
2013,11,21,7,23.09,100.0,84.0,470.96,28.0,398.5,0.46,54.0,1014.97,
2013,11,21,8,24.88,91.51,289.0,744.45,48.0,398.87,0.31,99.0,1014.81,
2013,11,21,9,26.68,83.03,483.0,854.67,58.0,399.23,0.16,143.0,1014.64,
2013,11,21,10,28.47,74.54,633.0,906.5,64.0,399.6,0.01,187.0,1014.47,
2013,11,21,11,28.69,73.97,725.0,931.86,67.0,401.3,0.78,201.0,1013.51,
2013,11,21,12,28.92,73.41,749.0,936.49,68.0,403.0,1.55,216.0,1012.54,
2013,11,21,13,29.14,72.84,704.0,925.33,66.0,404.7,2.32,230.0,1011.58,
2013,11,21,14,28.17,80.2,593.0,889.92,63.0,403.53,2.63,246.0,1011.78,
2013,11,21,15,27.19,87.55,427.0,821.11,56.0,402.37,2.94,262.0,1011.98,
2013,11,21,16,26.22,94.91,226.0,678.9,44.0,401.2,3.26,278.0,1012.18,
2013,11,21,17,25.27,96.61,33.0,284.43,17.0,400.55,3.01,307.0,1012.58,
2013,11,21,18,24.32,98.3,0.0,0.0,0.0,399.9,2.76,337.0,1012.98,
2013,11,21,19,23.38,100.0,0.0,0.0,0.0,399.25,2.51,6.0,1013.38,
2013,11,21,20,22.88,100.0,0.0,0.0,0.0,399.87,2.34,15.0,1013.54,
2013,11,21,21,22.38,100.0,0.0,0.0,0.0,400.48,2.18,24.0,1013.71,
2013,11,21,22,21.88,100.0,0.0,0.0,0.0,401.1,2.01,33.0,1013.87,
2013,11,21,23,21.53,100.0,0.0,0.0,0.0,400.55,1.87,38.0,1013.58,
2013,11,22,0,21.17,100.0,0.0,0.0,0.0,400.0,1.73,43.0,1013.28,
2013,11,22,1,20.81,100.0,0.0,0.0,0.0,399.45,1.59,48.0,1012.98,
2013,11,22,2,20.81,100.0,0.0,0.0,0.0,398.67,1.56,51.0,1012.81,
2013,11,22,3,20.8,100.0,0.0,0.0,0.0,397.88,1.54,54.0,1012.64,
2013,11,22,4,20.8,100.0,0.0,0.0,0.0,397.1,1.52,56.0,1012.48,
2013,11,22,5,21.61,100.0,0.0,0.0,0.0,397.88,1.3,57.0,1013.08,
2013,11,22,6,22.42,100.0,0.0,0.0,0.0,398.67,1.09,58.0,1013.67,
2013,11,22,7,23.23,100.0,68.0,284.1,35.0,399.45,0.87,59.0,1014.27,
2013,11,22,8,25.08,90.63,240.0,430.15,102.0,397.25,1.18,114.0,1014.11,
2013,11,22,9,26.92,81.27,477.0,847.67,58.0,395.05,1.49,168.0,1013.94,
2013,11,22,10,28.77,71.9,501.0,380.94,263.0,392.85,1.81,223.0,1013.77,
2013,11,22,11,28.87,73.32,506.0,236.01,340.0,395.55,1.94,231.0,1013.21,
2013,11,22,12,28.97,74.74,622.0,452.62,294.0,398.25,2.06,240.0,1012.64,
2013,11,22,13,29.07,76.16,699.0,919.54,67.0,400.95,2.19,248.0,1012.08,
2013,11,22,14,28.12,82.49,417.0,245.89,271.0,402.97,2.51,263.0,1012.21,
2013,11,22,15,27.17,88.81,293.0,224.22,192.0,404.98,2.82,277.0,1012.34,
2013,11,22,16,26.22,95.14,170.0,292.01,92.0,407.0,3.13,291.0,1012.48,
2013,11,22,17,25.42,96.76,25.0,107.62,19.0,405.0,2.87,329.0,1012.74,
2013,11,22,18,24.62,98.38,0.0,0.0,0.0,403.0,2.62,6.0,1013.01,
2013,11,22,19,23.82,100.0,0.0,0.0,0.0,401.0,2.36,44.0,1013.28,
2013,11,22,20,23.25,100.0,0.0,0.0,0.0,399.08,2.21,44.0,1013.41,
2013,11,22,21,22.68,100.0,0.0,0.0,0.0,397.17,2.06,45.0,1013.54,
2013,11,22,22,22.11,100.0,0.0,0.0,0.0,395.25,1.92,46.0,1013.67,
2013,11,22,23,21.74,100.0,0.0,0.0,0.0,394.15,1.58,45.0,1013.44,
2013,11,23,0,21.37,100.0,0.0,0.0,0.0,393.05,1.24,45.0,1013.21,
2013,11,23,1,20.99,100.0,0.0,0.0,0.0,391.95,0.9,44.0,1012.98,
2013,11,23,2,21.02,100.0,0.0,0.0,0.0,391.07,0.8,47.0,1012.81,
2013,11,23,3,21.04,100.0,0.0,0.0,0.0,390.18,0.69,50.0,1012.64,
2013,11,23,4,21.06,100.0,0.0,0.0,0.0,389.3,0.59,53.0,1012.48,
2013,11,23,5,21.89,100.0,0.0,0.0,0.0,391.37,0.91,55.0,1013.08,
2013,11,23,6,22.71,100.0,0.0,0.0,0.0,393.43,1.22,57.0,1013.67,
2013,11,23,7,23.54,100.0,79.0,458.49,27.0,395.5,1.53,59.0,1014.27,
2013,11,23,8,25.41,90.67,282.0,736.03,48.0,393.75,1.52,115.0,1014.14,
2013,11,23,9,27.29,81.34,475.0,846.64,59.0,392.0,1.51,171.0,1014.01,
2013,11,23,10,29.16,72.01,626.0,902.08,65.0,390.25,1.5,227.0,1013.87,
2013,11,23,11,29.3,72.6,719.0,929.15,68.0,390.53,1.95,235.0,1013.21,
2013,11,23,12,29.44,73.2,745.0,937.38,68.0,390.82,2.4,243.0,1012.54,
2013,11,23,13,29.58,73.79,540.0,338.59,308.0,391.1,2.86,251.0,1011.88,
2013,11,23,14,28.6,79.99,443.0,310.79,259.0,392.28,2.57,265.0,1012.04,
2013,11,23,15,27.61,86.2,425.0,821.56,56.0,393.47,2.29,279.0,1012.21,
2013,11,23,16,26.62,92.4,224.0,676.12,44.0,394.65,2.01,294.0,1012.38,
2013,11,23,17,25.6,94.93,32.0,271.05,17.0,395.9,2.08,318.0,1012.81,
2013,11,23,18,24.59,97.47,0.0,0.0,0.0,397.15,2.14,342.0,1013.24,
2013,11,23,19,23.58,100.0,0.0,0.0,0.0,398.4,2.21,6.0,1013.67,
2013,11,23,20,23.04,100.0,0.0,0.0,0.0,398.92,2.22,19.0,1013.74,
2013,11,23,21,22.5,100.0,0.0,0.0,0.0,399.43,2.23,31.0,1013.81,
2013,11,23,22,21.96,100.0,0.0,0.0,0.0,399.95,2.23,44.0,1013.87,
2013,11,23,23,21.5,100.0,0.0,0.0,0.0,402.35,2.22,45.0,1013.54,
2013,11,24,0,21.04,100.0,0.0,0.0,0.0,404.75,2.21,46.0,1013.21,
2013,11,24,1,20.57,100.0,0.0,0.0,0.0,407.15,2.19,47.0,1012.88,
2013,11,24,2,20.58,100.0,0.0,0.0,0.0,406.25,2.12,51.0,1012.68,
2013,11,24,3,20.59,100.0,0.0,0.0,0.0,405.35,2.06,56.0,1012.48,
2013,11,24,4,20.6,100.0,0.0,0.0,0.0,404.45,1.99,60.0,1012.28,
2013,11,24,5,21.23,100.0,0.0,0.0,0.0,404.47,1.98,29.0,1012.88,
2013,11,24,6,21.86,100.0,0.0,0.0,0.0,404.48,1.97,358.0,1013.48,
2013,11,24,7,22.49,100.0,77.0,451.72,27.0,404.5,1.96,327.0,1014.07,
2013,11,24,8,24.11,96.21,19.0,0.0,19.0,405.48,1.98,307.0,1014.21,
2013,11,24,9,25.72,92.43,101.0,0.0,101.0,406.47,2.0,287.0,1014.34,
2013,11,24,10,27.34,88.64,243.0,19.38,231.0,407.45,2.03,266.0,1014.47,
2013,11,24,11,27.46,88.39,149.0,0.0,149.0,411.9,2.37,270.0,1013.84,
2013,11,24,12,27.58,88.13,751.0,947.42,69.0,416.35,2.72,274.0,1013.21,
2013,11,24,13,27.7,87.88,225.0,10.25,218.0,420.8,3.06,277.0,1012.58,
2013,11,24,14,26.72,89.81,428.0,276.08,265.0,422.98,2.6,284.0,1012.54,
2013,11,24,15,25.73,91.75,288.0,214.32,192.0,425.17,2.14,291.0,1012.51,
2013,11,24,16,24.74,93.68,229.0,696.99,44.0,427.35,1.68,298.0,1012.48,
2013,11,24,17,23.83,94.18,33.0,290.86,17.0,423.92,1.96,311.0,1012.88,
2013,11,24,18,22.92,94.67,0.0,0.0,0.0,420.48,2.23,323.0,1013.28,
2013,11,24,19,22.02,95.17,0.0,0.0,0.0,417.05,2.51,335.0,1013.67,
2013,11,24,20,21.46,96.78,0.0,0.0,0.0,413.78,2.52,357.0,1013.84,
2013,11,24,21,20.91,98.39,0.0,0.0,0.0,410.52,2.54,19.0,1014.01,
2013,11,24,22,20.35,100.0,0.0,0.0,0.0,407.25,2.55,41.0,1014.17,
2013,11,24,23,19.86,100.0,0.0,0.0,0.0,403.42,2.32,46.0,1014.01,
2013,11,25,0,19.37,100.0,0.0,0.0,0.0,399.58,2.09,50.0,1013.84,
2013,11,25,1,18.87,100.0,0.0,0.0,0.0,395.75,1.86,54.0,1013.67,
2013,11,25,2,18.74,100.0,0.0,0.0,0.0,393.28,1.84,56.0,1013.54,
2013,11,25,3,18.61,100.0,0.0,0.0,0.0,390.82,1.82,58.0,1013.41,
2013,11,25,4,18.48,100.0,0.0,0.0,0.0,388.35,1.79,60.0,1013.28,
2013,11,25,5,19.14,100.0,0.0,0.0,0.0,391.23,1.52,60.0,1013.97,
2013,11,25,6,19.79,100.0,0.0,0.0,0.0,394.12,1.24,60.0,1014.67,
2013,11,25,7,20.45,100.0,83.0,509.37,28.0,397.0,0.97,60.0,1015.37,
2013,11,25,8,22.18,89.45,298.0,794.34,50.0,393.88,0.76,61.0,1015.04,
2013,11,25,9,23.92,78.91,502.0,910.25,60.0,390.77,0.55,63.0,1014.71,
2013,11,25,10,25.65,68.36,662.0,965.47,67.0,387.65,0.34,65.0,1014.37,
2013,11,25,11,26.17,62.16,760.0,992.24,70.0,375.3,0.9,69.0,1013.24,
2013,11,25,12,26.69,55.96,788.0,999.25,71.0,362.95,1.45,73.0,1012.11,
2013,11,25,13,27.2,49.76,741.0,986.49,69.0,350.6,2.0,77.0,1010.98,
2013,11,25,14,26.54,60.98,626.0,952.69,65.0,350.02,1.91,56.0,1010.91,
2013,11,25,15,25.87,72.2,452.0,881.82,58.0,349.43,1.83,35.0,1010.85,
2013,11,25,16,25.21,83.42,240.0,736.63,45.0,348.85,1.74,14.0,1010.78,
2013,11,25,17,24.31,88.95,35.0,310.42,18.0,349.18,2.19,25.0,1011.31,
2013,11,25,18,23.42,94.47,0.0,0.0,0.0,349.52,2.65,36.0,1011.85,
2013,11,25,19,22.53,100.0,0.0,0.0,0.0,349.85,3.1,47.0,1012.38,
2013,11,25,20,22.11,95.73,0.0,0.0,0.0,350.07,2.9,50.0,1012.98,
2013,11,25,21,21.69,91.47,0.0,0.0,0.0,350.28,2.7,53.0,1013.58,
2013,11,25,22,21.27,87.2,0.0,0.0,0.0,350.5,2.5,56.0,1014.17,
2013,11,25,23,20.67,83.48,0.0,0.0,0.0,349.88,2.68,57.0,1014.07,
2013,11,26,0,20.07,79.75,0.0,0.0,0.0,349.27,2.86,58.0,1013.97,
2013,11,26,1,19.46,76.03,0.0,0.0,0.0,348.65,3.05,59.0,1013.87,
2013,11,26,2,19.26,78.9,0.0,0.0,0.0,347.55,2.6,59.0,1013.81,
2013,11,26,3,19.06,81.77,0.0,0.0,0.0,346.45,2.15,59.0,1013.74,
2013,11,26,4,18.86,84.64,0.0,0.0,0.0,345.35,1.7,59.0,1013.67,
2013,11,26,5,19.47,84.04,0.0,0.0,0.0,345.08,1.69,59.0,1014.11,
2013,11,26,6,20.09,83.45,0.0,0.0,0.0,344.82,1.69,59.0,1014.54,
2013,11,26,7,20.7,82.85,79.0,493.91,27.0,344.55,1.68,59.0,1014.97,
2013,11,26,8,22.66,74.28,290.0,778.95,49.0,343.75,1.32,62.0,1014.27,
2013,11,26,9,24.62,65.72,491.0,892.81,60.0,342.95,0.97,65.0,1013.58,
2013,11,26,10,26.58,57.15,648.0,946.96,67.0,342.15,0.61,68.0,1012.88,
2013,11,26,11,27.13,53.78,744.0,972.78,70.0,342.9,0.7,108.0,1011.85,
2013,11,26,12,27.68,50.41,771.0,978.61,71.0,343.65,0.8,148.0,1010.81,
2013,11,26,13,28.22,47.04,726.0,967.14,69.0,344.4,0.9,188.0,1009.78,
2013,11,26,14,27.33,56.25,613.0,932.94,65.0,345.43,1.12,208.0,1009.82,
2013,11,26,15,26.44,65.46,444.0,865.93,58.0,346.47,1.34,229.0,1009.85,
2013,11,26,16,25.55,74.67,236.0,723.22,45.0,347.5,1.56,250.0,1009.88,
2013,11,26,17,24.44,83.11,35.0,311.34,18.0,349.97,2.09,299.0,1010.51,
2013,11,26,18,23.33,91.56,0.0,0.0,0.0,352.43,2.62,349.0,1011.15,
2013,11,26,19,22.22,100.0,0.0,0.0,0.0,354.9,3.14,39.0,1011.78,
2013,11,26,20,21.7,100.0,0.0,0.0,0.0,356.6,2.65,43.0,1012.04,
2013,11,26,21,21.17,100.0,0.0,0.0,0.0,358.3,2.15,48.0,1012.31,
2013,11,26,22,20.65,100.0,0.0,0.0,0.0,360.0,1.66,53.0,1012.58,
2013,11,26,23,20.13,100.0,0.0,0.0,0.0,361.13,1.71,56.0,1012.54,
2013,11,27,0,19.61,100.0,0.0,0.0,0.0,362.27,1.76,59.0,1012.51,
2013,11,27,1,19.08,100.0,0.0,0.0,0.0,363.4,1.81,62.0,1012.48,
2013,11,27,2,19.14,100.0,0.0,0.0,0.0,365.0,1.59,63.0,1012.54,
2013,11,27,3,19.19,100.0,0.0,0.0,0.0,366.6,1.37,64.0,1012.61,
2013,11,27,4,19.24,100.0,0.0,0.0,0.0,368.2,1.14,65.0,1012.68,
2013,11,27,5,20.14,100.0,0.0,0.0,0.0,372.03,1.46,66.0,1013.34,
2013,11,27,6,21.03,100.0,0.0,0.0,0.0,375.87,1.78,68.0,1014.01,
2013,11,27,7,21.93,100.0,6.0,0.0,6.0,379.7,2.1,69.0,1014.67,
2013,11,27,8,23.8,91.85,133.0,42.4,120.0,379.6,1.89,97.0,1014.84,
2013,11,27,9,25.68,83.69,341.0,291.69,201.0,379.5,1.67,126.0,1015.01,
2013,11,27,10,27.55,75.54,622.0,910.19,66.0,379.4,1.46,154.0,1015.17,
2013,11,27,11,27.67,74.36,542.0,328.8,315.0,377.88,1.73,173.0,1014.47,
2013,11,27,12,27.8,73.18,504.0,217.35,349.0,376.37,2.0,191.0,1013.77,
2013,11,27,13,27.92,72.0,507.0,302.57,302.0,374.85,2.28,210.0,1013.08,
2013,11,27,14,27.02,78.59,401.0,235.49,263.0,374.9,1.94,227.0,1013.21,
2013,11,27,15,26.11,85.18,262.0,152.87,194.0,374.95,1.61,243.0,1013.34,
2013,11,27,16,25.21,91.77,152.0,193.5,101.0,375.0,1.28,260.0,1013.48,
2013,11,27,17,24.17,94.51,33.0,293.45,17.0,375.82,1.71,305.0,1013.91,
2013,11,27,18,23.13,97.26,0.0,0.0,0.0,376.63,2.14,350.0,1014.34,
2013,11,27,19,22.1,100.0,0.0,0.0,0.0,377.45,2.57,35.0,1014.77,
2013,11,27,20,21.56,100.0,0.0,0.0,0.0,376.53,2.54,37.0,1014.87,
2013,11,27,21,21.03,100.0,0.0,0.0,0.0,375.62,2.52,39.0,1014.97,
2013,11,27,22,20.49,100.0,0.0,0.0,0.0,374.7,2.5,41.0,1015.07,
2013,11,27,23,20.14,100.0,0.0,0.0,0.0,373.92,2.45,44.0,1014.91,
2013,11,28,0,19.78,100.0,0.0,0.0,0.0,373.13,2.4,46.0,1014.74,
2013,11,28,1,19.42,100.0,0.0,0.0,0.0,372.35,2.36,48.0,1014.57,
2013,11,28,2,19.38,100.0,0.0,0.0,0.0,373.37,2.05,49.0,1014.54,
2013,11,28,3,19.34,100.0,0.0,0.0,0.0,374.38,1.74,50.0,1014.51,
2013,11,28,4,19.3,100.0,0.0,0.0,0.0,375.4,1.43,51.0,1014.47,
2013,11,28,5,20.21,100.0,0.0,0.0,0.0,375.85,1.08,51.0,1014.94,
2013,11,28,6,21.11,100.0,0.0,0.0,0.0,376.3,0.72,51.0,1015.4,
2013,11,28,7,22.02,100.0,64.0,350.17,29.0,376.75,0.36,51.0,1015.87,
2013,11,28,8,23.98,89.92,274.0,740.52,49.0,374.97,0.68,51.0,1015.8,
2013,11,28,9,25.95,79.85,404.0,530.17,151.0,373.18,1.0,51.0,1015.74,
2013,11,28,10,27.91,69.77,623.0,914.12,67.0,371.4,1.32,50.0,1015.67,
2013,11,28,11,28.11,67.41,718.0,941.88,70.0,371.83,1.72,0.0,1014.77,
2013,11,28,12,28.32,65.05,745.0,947.91,71.0,372.27,2.11,310.0,1013.87,
2013,11,28,13,28.52,62.69,702.0,936.64,69.0,372.7,2.51,260.0,1012.98,
2013,11,28,14,27.57,72.79,441.0,319.81,254.0,373.0,2.54,268.0,1013.08,
2013,11,28,15,26.62,82.88,238.0,103.61,192.0,373.3,2.57,277.0,1013.18,
2013,11,28,16,25.67,92.98,97.0,11.4,94.0,373.6,2.61,286.0,1013.28,
2013,11,28,17,24.57,95.32,14.0,0.0,14.0,376.62,2.57,319.0,1013.51,
2013,11,28,18,23.47,97.66,0.0,0.0,0.0,379.63,2.54,353.0,1013.74,
2013,11,28,19,22.37,100.0,0.0,0.0,0.0,382.65,2.51,27.0,1013.97,
2013,11,28,20,21.93,100.0,0.0,0.0,0.0,381.15,2.43,31.0,1014.21,
2013,11,28,21,21.49,100.0,0.0,0.0,0.0,379.65,2.35,36.0,1014.44,
2013,11,28,22,21.05,100.0,0.0,0.0,0.0,378.15,2.28,41.0,1014.67,
2013,11,28,23,20.71,100.0,0.0,0.0,0.0,376.62,1.69,44.0,1014.61,
2013,11,29,0,20.37,100.0,0.0,0.0,0.0,375.08,1.11,47.0,1014.54,
2013,11,29,1,20.02,100.0,0.0,0.0,0.0,373.55,0.52,50.0,1014.47,
2013,11,29,2,19.98,100.0,0.0,0.0,0.0,373.0,0.97,52.0,1014.37,
2013,11,29,3,19.94,100.0,0.0,0.0,0.0,372.45,1.42,54.0,1014.27,
2013,11,29,4,19.9,100.0,0.0,0.0,0.0,371.9,1.86,57.0,1014.17,
2013,11,29,5,20.66,100.0,0.0,0.0,0.0,372.43,1.89,58.0,1014.67,
2013,11,29,6,21.43,100.0,0.0,0.0,0.0,372.97,1.91,59.0,1015.17,
2013,11,29,7,22.19,100.0,67.0,421.3,26.0,373.5,1.93,60.0,1015.67,
2013,11,29,8,24.05,90.91,269.0,730.61,49.0,371.35,1.8,99.0,1015.6,
2013,11,29,9,25.92,81.81,463.0,849.31,60.0,369.2,1.66,138.0,1015.54,
2013,11,29,10,27.78,72.72,615.0,904.8,67.0,367.05,1.53,176.0,1015.47,
2013,11,29,11,27.92,71.35,710.0,933.42,70.0,366.13,1.57,203.0,1014.54,
2013,11,29,12,28.07,69.97,737.0,939.32,71.0,365.22,1.6,230.0,1013.61,
2013,11,29,13,28.21,68.6,695.0,927.04,70.0,364.3,1.64,257.0,1012.68,
2013,11,29,14,27.3,78.15,587.0,892.87,66.0,364.75,1.88,265.0,1012.61,
2013,11,29,15,26.38,87.71,355.0,464.82,149.0,365.2,2.12,273.0,1012.54,
2013,11,29,16,25.46,97.26,171.0,300.66,92.0,365.65,2.36,282.0,1012.48,
2013,11,29,17,24.25,98.17,33.0,292.96,17.0,366.95,2.41,314.0,1013.04,
2013,11,29,18,23.04,99.09,0.0,0.0,0.0,368.25,2.46,347.0,1013.61,
2013,11,29,19,21.83,100.0,0.0,0.0,0.0,369.55,2.51,20.0,1014.17,
2013,11,29,20,21.42,100.0,0.0,0.0,0.0,369.98,2.09,28.0,1014.44,
2013,11,29,21,21.01,100.0,0.0,0.0,0.0,370.42,1.66,36.0,1014.71,
2013,11,29,22,20.6,100.0,0.0,0.0,0.0,370.85,1.24,44.0,1014.97,
2013,11,29,23,20.17,100.0,0.0,0.0,0.0,370.6,1.22,48.0,1014.81,
2013,11,30,0,19.75,100.0,0.0,0.0,0.0,370.35,1.2,52.0,1014.64,
2013,11,30,1,19.33,100.0,0.0,0.0,0.0,370.1,1.17,57.0,1014.47,
2013,11,30,2,19.19,100.0,0.0,0.0,0.0,370.88,1.21,57.0,1014.54,
2013,11,30,3,19.06,100.0,0.0,0.0,0.0,371.67,1.25,58.0,1014.61,
2013,11,30,4,18.93,100.0,0.0,0.0,0.0,372.45,1.28,59.0,1014.67,
2013,11,30,5,19.22,100.0,0.0,0.0,0.0,372.42,1.14,57.0,1014.84,
2013,11,30,6,19.52,100.0,0.0,0.0,0.0,372.38,1.0,55.0,1015.01,
2013,11,30,7,19.81,100.0,40.0,73.91,33.0,372.35,0.86,54.0,1015.17,
2013,11,30,8,22.16,91.07,248.0,599.81,69.0,370.65,1.0,12.0,1015.24,
2013,11,30,9,28.92,72.95,471.0,868.93,61.0,370.92,1.63,331.0,1015.31,
2013,11,30,10,28.12,75.08,471.0,351.49,259.0,368.14,1.63,289.0,1015.37,
2013,11,30,11,27.32,77.22,618.0,569.23,229.0,365.37,1.63,286.0,1014.67,
2013,11,30,12,26.52,79.36,493.0,206.48,347.0,362.59,1.64,283.0,1013.97,
2013,11,30,13,25.72,81.49,568.0,429.65,279.0,359.82,1.64,280.0,1013.28,
2013,11,30,14,24.92,83.63,514.0,571.78,181.0,357.04,1.64,292.0,1013.31,
2013,11,30,15,24.12,85.76,348.0,436.16,155.0,354.27,1.64,303.0,1013.34,
2013,11,30,16,23.32,87.9,82.0,0.0,82.0,351.49,1.65,314.0,1013.38,
2013,11,30,17,22.52,90.04,34.0,256.34,20.0,348.72,1.65,333.0,1011.65,
2013,11,30,18,21.72,92.17,0.0,0.0,0.0,345.94,1.65,12.0,1011.81,
2013,11,30,19,20.92,94.31,0.0,0.0,0.0,343.17,1.65,51.0,1011.98,
2013,11,30,20,20.11,96.44,0.0,0.0,0.0,340.4,1.65,51.0,1012.14,
2013,11,30,21,19.31,98.58,0.0,0.0,0.0,337.62,1.66,52.0,1012.31,
2013,11,30,22,18.51,100.0,0.0,0.0,0.0,334.85,1.66,52.0,1012.48,
2013,11,30,23,17.71,100.0,0.0,0.0,0.0,332.07,1.66,53.0,1012.34,
2011,12,1,0,16.91,100.0,0.0,0.0,0.0,329.3,1.66,53.0,1012.21,
2011,12,1,1,15.87,100.0,0.0,0.0,0.0,345.9,2.29,54.0,1012.08,
2011,12,1,2,15.7,100.0,0.0,0.0,0.0,347.93,2.31,55.0,1012.18,
2011,12,1,3,15.54,100.0,0.0,0.0,0.0,349.97,2.34,56.0,1012.28,
2011,12,1,4,15.37,100.0,0.0,0.0,0.0,352.0,2.36,57.0,1012.38,
2011,12,1,5,15.96,100.0,0.0,0.0,0.0,353.45,2.19,59.0,1013.18,
2011,12,1,6,16.55,100.0,0.0,0.0,0.0,354.9,2.02,61.0,1013.97,
2011,12,1,7,17.14,100.0,67.0,401.22,29.0,356.35,1.85,64.0,1014.77,
2011,12,1,8,19.72,83.7,272.0,717.09,58.0,350.63,1.82,99.0,1014.84,
2011,12,1,9,22.3,67.4,470.0,843.49,72.0,344.92,1.79,135.0,1014.91,
2011,12,1,10,24.88,51.1,626.0,903.59,81.0,339.2,1.77,171.0,1014.97,
2011,12,1,11,25.35,51.14,721.0,930.66,85.0,338.15,1.83,189.0,1014.24,
2011,12,1,12,25.83,51.18,749.0,937.65,86.0,337.1,1.89,207.0,1013.51,
2011,12,1,13,26.31,51.22,706.0,924.72,84.0,336.05,1.96,225.0,1012.78,
2011,12,1,14,25.26,59.25,596.0,887.72,79.0,336.98,1.85,235.0,1012.84,
2011,12,1,15,24.21,67.27,431.0,815.83,70.0,337.92,1.75,246.0,1012.91,
2011,12,1,16,23.16,75.3,229.0,666.72,54.0,338.85,1.64,256.0,1012.98,
2011,12,1,17,22.13,83.53,33.0,255.55,19.0,339.7,1.18,309.0,1013.41,
2011,12,1,18,21.1,91.77,0.0,0.0,0.0,340.55,0.71,2.0,1013.84,
2011,12,1,19,20.07,100.0,0.0,0.0,0.0,341.4,0.25,55.0,1014.27,
2011,12,1,20,19.41,100.0,0.0,0.0,0.0,341.72,0.51,55.0,1014.24,
2011,12,1,21,18.75,100.0,0.0,0.0,0.0,342.03,0.77,55.0,1014.21,
2011,12,1,22,18.1,100.0,0.0,0.0,0.0,342.35,1.03,55.0,1014.17,
2011,12,1,23,17.73,100.0,0.0,0.0,0.0,341.53,1.0,55.0,1013.87,
2011,12,2,0,17.37,100.0,0.0,0.0,0.0,340.72,0.96,55.0,1013.58,
2011,12,2,1,17.01,100.0,0.0,0.0,0.0,339.9,0.92,55.0,1013.28,
2011,12,2,2,16.83,100.0,0.0,0.0,0.0,341.33,1.29,55.0,1013.14,
2011,12,2,3,16.66,100.0,0.0,0.0,0.0,342.77,1.66,55.0,1013.01,
2011,12,2,4,16.49,100.0,0.0,0.0,0.0,344.2,2.03,55.0,1012.88,
2011,12,2,5,16.85,100.0,0.0,0.0,0.0,346.52,1.86,56.0,1013.51,
2011,12,2,6,17.2,100.0,0.0,0.0,0.0,348.83,1.7,56.0,1014.14,
2011,12,2,7,17.56,100.0,54.0,238.79,32.0,351.15,1.53,57.0,1014.77,
2011,12,2,8,19.61,87.82,81.0,0.0,81.0,351.2,1.45,91.0,1014.71,
2011,12,2,9,21.66,75.65,427.0,681.96,107.0,351.25,1.37,125.0,1014.64,
2011,12,2,10,23.72,63.47,626.0,907.28,81.0,351.3,1.3,160.0,1014.57,
2011,12,2,11,24.14,64.11,721.0,933.67,85.0,350.62,1.63,181.0,1013.87,
2011,12,2,12,24.57,64.74,600.0,429.65,297.0,349.93,1.97,203.0,1013.18,
2011,12,2,13,25.0,65.38,597.0,543.82,232.0,349.25,2.3,225.0,1012.48,
2011,12,2,14,24.05,74.83,438.0,318.22,253.0,349.45,2.02,231.0,1012.78,
2011,12,2,15,23.1,84.27,181.0,24.89,170.0,349.65,1.73,237.0,1013.08,
2011,12,2,16,22.16,93.72,8.0,0.0,8.0,349.85,1.45,244.0,1013.38,
2011,12,2,17,21.35,95.81,1.0,0.0,1.0,353.15,1.68,201.0,1013.84,
2011,12,2,18,20.54,97.91,0.0,0.0,0.0,356.45,1.92,158.0,1014.31,
2011,12,2,19,19.73,100.0,0.0,0.0,0.0,359.75,2.15,115.0,1014.77,
2011,12,2,20,19.3,100.0,0.0,0.0,0.0,359.97,2.11,111.0,1014.81,
2011,12,2,21,18.87,100.0,0.0,0.0,0.0,360.18,2.08,108.0,1014.84,
2011,12,2,22,18.44,100.0,0.0,0.0,0.0,360.4,2.04,104.0,1014.87,
2011,12,2,23,18.07,100.0,0.0,0.0,0.0,360.48,1.78,101.0,1014.64,
2011,12,3,0,17.7,100.0,0.0,0.0,0.0,360.57,1.53,99.0,1014.41,
2011,12,3,1,17.34,100.0,0.0,0.0,0.0,360.65,1.27,96.0,1014.17,
2011,12,3,2,17.25,100.0,0.0,0.0,0.0,361.02,1.35,91.0,1014.07,
2011,12,3,3,17.16,100.0,0.0,0.0,0.0,361.38,1.43,85.0,1013.97,
2011,12,3,4,17.07,100.0,0.0,0.0,0.0,361.75,1.5,80.0,1013.87,
2011,12,3,5,17.66,100.0,0.0,0.0,0.0,363.62,1.17,78.0,1014.44,
2011,12,3,6,18.25,100.0,0.0,0.0,0.0,365.48,0.83,76.0,1015.01,
2011,12,3,7,18.84,100.0,26.0,0.0,26.0,367.35,0.5,74.0,1015.57,
2011,12,3,8,21.17,88.19,97.0,0.0,97.0,364.45,1.19,118.0,1015.74,
2011,12,3,9,23.51,76.37,312.0,233.56,203.0,361.55,1.88,163.0,1015.9,
2011,12,3,10,25.85,64.56,400.0,197.22,282.0,358.65,2.57,207.0,1016.07,
2011,12,3,11,26.06,65.31,551.0,371.1,299.0,359.05,2.21,220.0,1015.27,
2011,12,3,12,26.27,66.06,419.0,110.88,341.0,359.45,1.85,232.0,1014.47,
2011,12,3,13,26.48,66.81,396.0,111.97,321.0,359.85,1.49,244.0,1013.67,
2011,12,3,14,25.4,75.57,198.0,8.61,193.0,360.43,1.26,255.0,1013.77,
2011,12,3,15,24.33,84.32,112.0,0.0,112.0,361.02,1.04,266.0,1013.87,
2011,12,3,16,23.26,93.08,94.0,3.81,93.0,361.6,0.81,277.0,1013.97,
2011,12,3,17,22.14,95.39,11.0,0.0,11.0,363.52,1.24,317.0,1014.34,
2011,12,3,18,21.02,97.69,0.0,0.0,0.0,365.43,1.67,358.0,1014.71,
2011,12,3,19,19.9,100.0,0.0,0.0,0.0,367.35,2.1,38.0,1015.07,
2011,12,3,20,19.44,100.0,0.0,0.0,0.0,369.05,2.11,47.0,1015.01,
2011,12,3,21,18.98,100.0,0.0,0.0,0.0,370.75,2.13,55.0,1014.94,
2011,12,3,22,18.53,100.0,0.0,0.0,0.0,372.45,2.15,63.0,1014.87,
2011,12,3,23,18.19,100.0,0.0,0.0,0.0,372.57,2.15,61.0,1014.44,
2011,12,4,0,17.86,100.0,0.0,0.0,0.0,372.68,2.14,59.0,1014.01,
2011,12,4,1,17.53,100.0,0.0,0.0,0.0,372.8,2.14,58.0,1013.58,
2011,12,4,2,17.54,100.0,0.0,0.0,0.0,371.33,1.97,58.0,1013.38,
2011,12,4,3,17.55,100.0,0.0,0.0,0.0,369.87,1.8,58.0,1013.18,
2011,12,4,4,17.56,100.0,0.0,0.0,0.0,368.4,1.63,57.0,1012.98,
2011,12,4,5,18.19,100.0,0.0,0.0,0.0,369.77,1.75,47.0,1013.51,
2011,12,4,6,18.82,100.0,0.0,0.0,0.0,371.13,1.87,38.0,1014.04,
2011,12,4,7,19.45,100.0,21.0,0.0,21.0,372.5,1.99,28.0,1014.57,
2011,12,4,8,21.6,91.46,136.0,68.82,116.0,371.63,2.24,341.0,1014.57,
2011,12,4,9,23.75,82.93,208.0,40.93,189.0,370.77,2.49,295.0,1014.57,
2011,12,4,10,25.91,74.39,605.0,880.91,80.0,369.9,2.74,249.0,1014.57,
2011,12,4,11,25.93,75.86,701.0,911.36,84.0,371.9,3.19,251.0,1013.87,
2011,12,4,12,25.96,77.33,459.0,159.6,347.0,373.9,3.63,253.0,1013.18,
2011,12,4,13,25.99,78.8,691.0,907.98,84.0,375.9,4.07,256.0,1012.48,
2011,12,4,14,24.76,83.32,584.0,873.06,78.0,374.32,4.05,261.0,1012.54,
2011,12,4,15,23.53,87.85,423.0,802.76,69.0,372.73,4.02,267.0,1012.61,
2011,12,4,16,22.3,92.37,224.0,652.22,53.0,371.15,4.0,272.0,1012.68,
2011,12,4,17,21.07,94.91,33.0,251.0,19.0,368.22,3.53,298.0,1013.08,
2011,12,4,18,19.85,97.46,0.0,0.0,0.0,365.28,3.05,323.0,1013.48,
2011,12,4,19,18.62,100.0,0.0,0.0,0.0,362.35,2.58,349.0,1013.87,
2011,12,4,20,18.17,100.0,0.0,0.0,0.0,362.68,2.49,8.0,1013.81,
2011,12,4,21,17.72,100.0,0.0,0.0,0.0,363.02,2.4,27.0,1013.74,
2011,12,4,22,17.28,100.0,0.0,0.0,0.0,363.35,2.3,46.0,1013.67,
2011,12,4,23,16.83,100.0,0.0,0.0,0.0,360.52,2.23,47.0,1013.04,
2011,12,5,0,16.38,100.0,0.0,0.0,0.0,357.68,2.17,48.0,1012.41,
2011,12,5,1,15.94,100.0,0.0,0.0,0.0,354.85,2.1,49.0,1011.78,
2011,12,5,2,15.78,100.0,0.0,0.0,0.0,357.03,2.08,47.0,1011.58,
2011,12,5,3,15.63,100.0,0.0,0.0,0.0,359.22,2.06,46.0,1011.38,
2011,12,5,4,15.48,100.0,0.0,0.0,0.0,361.4,2.04,44.0,1011.18,
2011,12,5,5,15.92,100.0,0.0,0.0,0.0,363.22,1.96,44.0,1011.91,
2011,12,5,6,16.35,100.0,0.0,0.0,0.0,365.03,1.89,44.0,1012.64,
2011,12,5,7,16.79,100.0,60.0,390.24,27.0,366.85,1.81,45.0,1013.38,
2011,12,5,8,19.03,88.66,266.0,725.53,57.0,361.82,1.91,10.0,1013.34,
2011,12,5,9,21.27,77.31,468.0,857.65,72.0,356.78,2.02,336.0,1013.31,
2011,12,5,10,23.52,65.97,627.0,919.63,81.0,351.75,2.12,302.0,1013.28,
2011,12,5,11,23.99,61.42,727.0,951.07,85.0,345.97,2.46,287.0,1012.41,
2011,12,5,12,24.47,56.86,758.0,958.39,87.0,340.18,2.79,272.0,1011.55,
2011,12,5,13,24.94,52.31,717.0,947.08,85.0,334.4,3.12,258.0,1010.68,
2011,12,5,14,23.9,60.81,607.0,910.48,80.0,334.02,2.88,266.0,1010.88,
2011,12,5,15,22.87,69.31,439.0,837.39,70.0,333.63,2.65,274.0,1011.08,
2011,12,5,16,21.84,77.81,234.0,686.35,54.0,333.25,2.41,282.0,1011.28,
2011,12,5,17,20.72,85.21,35.0,266.58,20.0,333.55,2.41,314.0,1011.78,
2011,12,5,18,19.6,92.6,0.0,0.0,0.0,333.85,2.4,346.0,1012.28,
2011,12,5,19,18.48,100.0,0.0,0.0,0.0,334.15,2.4,18.0,1012.78,
2011,12,5,20,18.09,100.0,0.0,0.0,0.0,334.4,2.34,24.0,1012.84,
2011,12,5,21,17.7,100.0,0.0,0.0,0.0,334.65,2.28,30.0,1012.91,
2011,12,5,22,17.32,100.0,0.0,0.0,0.0,334.9,2.22,37.0,1012.98,
2011,12,5,23,16.98,100.0,0.0,0.0,0.0,333.88,2.16,39.0,1012.54,
2011,12,6,0,16.64,100.0,0.0,0.0,0.0,332.87,2.09,42.0,1012.11,
2011,12,6,1,16.3,100.0,0.0,0.0,0.0,331.85,2.03,44.0,1011.68,
2011,12,6,2,16.12,100.0,0.0,0.0,0.0,331.43,1.68,45.0,1011.38,
2011,12,6,3,15.95,100.0,0.0,0.0,0.0,331.02,1.34,46.0,1011.08,
2011,12,6,4,15.78,100.0,0.0,0.0,0.0,330.6,0.99,47.0,1010.78,
2011,12,6,5,16.18,100.0,0.0,0.0,0.0,332.2,1.09,46.0,1011.78,
2011,12,6,6,16.59,100.0,0.0,0.0,0.0,333.8,1.18,45.0,1012.78,
2011,12,6,7,16.99,100.0,59.0,389.74,27.0,335.4,1.27,44.0,1013.77,
2011,12,6,8,19.35,86.2,267.0,731.83,58.0,330.85,1.58,28.0,1013.84,
2011,12,6,9,21.72,72.39,430.0,742.38,89.0,326.3,1.89,13.0,1013.91,
2011,12,6,10,24.09,58.59,533.0,600.15,178.0,321.75,2.19,357.0,1013.97,
2011,12,6,11,24.65,53.48,738.0,968.61,86.0,320.33,2.43,330.0,1013.14,
2011,12,6,12,25.22,48.37,671.0,671.34,202.0,318.92,2.67,303.0,1012.31,
2011,12,6,13,25.78,43.26,612.0,603.41,210.0,317.5,2.91,275.0,1011.48,
2011,12,6,14,24.69,52.42,517.0,595.01,173.0,318.25,2.57,284.0,1011.71,
2011,12,6,15,23.61,61.58,380.0,590.35,120.0,319.0,2.23,293.0,1011.94,
2011,12,6,16,22.53,70.74,171.0,297.24,93.0,319.75,1.89,302.0,1012.18,
2011,12,6,17,21.27,80.49,24.0,70.38,20.0,322.0,1.94,334.0,1012.88,
2011,12,6,18,20.01,90.25,0.0,0.0,0.0,324.25,2.0,6.0,1013.58,
2011,12,6,19,18.75,100.0,0.0,0.0,0.0,326.5,2.06,37.0,1014.27,
2011,12,6,20,18.17,100.0,0.0,0.0,0.0,326.85,2.13,40.0,1014.21,
2011,12,6,21,17.59,100.0,0.0,0.0,0.0,327.2,2.2,42.0,1014.14,
2011,12,6,22,17.01,100.0,0.0,0.0,0.0,327.55,2.28,45.0,1014.07,
2011,12,6,23,16.62,100.0,0.0,0.0,0.0,325.55,1.97,46.0,1013.58,
2011,12,7,0,16.23,100.0,0.0,0.0,0.0,323.55,1.67,48.0,1013.08,
2011,12,7,1,15.85,100.0,0.0,0.0,0.0,321.55,1.37,50.0,1012.58,
2011,12,7,2,15.59,100.0,0.0,0.0,0.0,322.7,1.51,51.0,1012.41,
2011,12,7,3,15.34,100.0,0.0,0.0,0.0,323.85,1.65,53.0,1012.24,
2011,12,7,4,15.09,100.0,0.0,0.0,0.0,325.0,1.79,54.0,1012.08,
2011,12,7,5,15.38,100.0,0.0,0.0,0.0,328.33,1.6,54.0,1013.11,
2011,12,7,6,15.68,100.0,0.0,0.0,0.0,331.67,1.42,55.0,1014.14,
2011,12,7,7,15.97,100.0,57.0,376.48,27.0,335.0,1.23,55.0,1015.17,
2011,12,7,8,18.51,84.2,218.0,480.31,82.0,330.42,1.19,58.0,1014.97,
2011,12,7,9,21.05,68.4,410.0,656.45,110.0,325.83,1.15,60.0,1014.77,
2011,12,7,10,23.59,52.6,544.0,649.82,161.0,321.25,1.12,63.0,1014.57,
2011,12,7,11,24.14,51.24,733.0,963.78,86.0,321.42,1.47,3.0,1013.61,
2011,12,7,12,24.7,49.87,764.0,971.08,87.0,321.58,1.83,303.0,1012.64,
2011,12,7,13,25.26,48.51,722.0,957.62,85.0,321.75,2.18,244.0,1011.68,
2011,12,7,14,24.28,58.48,612.0,921.1,80.0,323.12,2.04,262.0,1011.75,
2011,12,7,15,23.31,68.45,444.0,847.19,71.0,324.48,1.9,280.0,1011.81,
2011,12,7,16,22.34,78.42,237.0,692.9,55.0,325.85,1.77,298.0,1011.88,
2011,12,7,17,21.19,85.61,28.0,121.77,21.0,328.72,1.99,332.0,1012.21,
2011,12,7,18,20.04,92.81,0.0,0.0,0.0,331.58,2.22,7.0,1012.54,
2011,12,7,19,18.89,100.0,0.0,0.0,0.0,334.45,2.44,41.0,1012.88,
2011,12,7,20,18.37,100.0,0.0,0.0,0.0,336.42,2.24,44.0,1013.08,
2011,12,7,21,17.85,100.0,0.0,0.0,0.0,338.38,2.04,48.0,1013.28,
2011,12,7,22,17.33,100.0,0.0,0.0,0.0,340.35,1.83,51.0,1013.48,
2011,12,7,23,16.76,100.0,0.0,0.0,0.0,343.48,1.54,52.0,1013.38,
2011,12,8,0,16.2,100.0,0.0,0.0,0.0,346.62,1.25,54.0,1013.28,
2011,12,8,1,15.64,100.0,0.0,0.0,0.0,349.75,0.95,55.0,1013.18,
2011,12,8,2,15.57,100.0,0.0,0.0,0.0,351.73,0.91,56.0,1013.24,
2011,12,8,3,15.51,100.0,0.0,0.0,0.0,353.72,0.88,57.0,1013.31,
2011,12,8,4,15.45,100.0,0.0,0.0,0.0,355.7,0.84,57.0,1013.38,
2011,12,8,5,15.85,100.0,0.0,0.0,0.0,357.25,0.76,58.0,1014.27,
2011,12,8,6,16.26,100.0,0.0,0.0,0.0,358.8,0.68,58.0,1015.17,
2011,12,8,7,16.66,100.0,53.0,349.28,26.0,360.35,0.59,59.0,1016.07,
2011,12,8,8,18.87,86.37,256.0,708.78,57.0,359.72,0.81,94.0,1016.14,
2011,12,8,9,21.08,72.74,454.0,840.06,72.0,359.08,1.03,130.0,1016.2,
2011,12,8,10,23.29,59.11,610.0,902.37,80.0,358.45,1.24,165.0,1016.27,
2011,12,8,11,23.84,57.47,707.0,928.95,85.0,357.38,1.56,189.0,1015.5,
2011,12,8,12,24.4,55.82,737.0,935.6,86.0,356.32,1.88,213.0,1014.74,
2011,12,8,13,24.95,54.18,697.0,922.83,84.0,355.25,2.19,237.0,1013.97,
2011,12,8,14,24.07,62.54,590.0,885.48,79.0,354.97,1.99,261.0,1013.84,
2011,12,8,15,23.19,70.89,428.0,813.22,70.0,354.68,1.79,284.0,1013.71,
2011,12,8,16,22.31,79.25,228.0,661.6,54.0,354.4,1.59,308.0,1013.58,
2011,12,8,17,21.21,86.17,35.0,257.68,20.0,352.95,1.8,338.0,1013.94,
2011,12,8,18,20.12,93.08,0.0,0.0,0.0,351.5,2.01,8.0,1014.31,
2011,12,8,19,19.03,100.0,0.0,0.0,0.0,350.05,2.22,38.0,1014.67,
2011,12,8,20,18.56,100.0,0.0,0.0,0.0,351.28,2.16,40.0,1014.64,
2011,12,8,21,18.08,100.0,0.0,0.0,0.0,352.52,2.09,42.0,1014.61,
2011,12,8,22,17.61,100.0,0.0,0.0,0.0,353.75,2.03,45.0,1014.57,
2011,12,8,23,17.25,100.0,0.0,0.0,0.0,352.2,2.08,46.0,1014.21,
2011,12,9,0,16.89,100.0,0.0,0.0,0.0,350.65,2.13,47.0,1013.84,
2011,12,9,1,16.53,100.0,0.0,0.0,0.0,349.1,2.18,48.0,1013.48,
2011,12,9,2,16.52,100.0,0.0,0.0,0.0,348.6,1.77,49.0,1013.28,
2011,12,9,3,16.52,100.0,0.0,0.0,0.0,348.1,1.35,50.0,1013.08,
2011,12,9,4,16.51,100.0,0.0,0.0,0.0,347.6,0.94,51.0,1012.88,
2011,12,9,5,16.58,100.0,0.0,0.0,0.0,353.1,1.05,53.0,1013.84,
2011,12,9,6,16.66,100.0,0.0,0.0,0.0,358.6,1.16,54.0,1014.81,
2011,12,9,7,16.73,100.0,38.0,146.75,27.0,364.1,1.27,56.0,1015.77,
2011,12,9,8,19.02,88.3,152.0,143.66,112.0,361.72,1.37,106.0,1015.77,
2011,12,9,9,21.32,76.6,442.0,819.86,71.0,359.33,1.48,155.0,1015.77,
2011,12,9,10,23.62,64.9,597.0,884.92,79.0,356.95,1.59,205.0,1015.77,
2011,12,9,11,24.16,63.6,696.0,916.29,84.0,354.47,2.0,222.0,1014.94,
2011,12,9,12,24.71,62.3,727.0,924.35,85.0,351.98,2.41,239.0,1014.11,
2011,12,9,13,25.25,61.0,689.0,911.93,84.0,349.5,2.83,256.0,1013.28,
2011,12,9,14,24.27,69.68,584.0,875.68,79.0,349.13,2.69,271.0,1013.41,
2011,12,9,15,23.3,78.35,424.0,804.07,70.0,348.77,2.54,286.0,1013.54,
2011,12,9,16,22.33,87.03,182.0,360.65,87.0,348.4,2.4,302.0,1013.67,
2011,12,9,17,21.21,91.35,25.0,67.78,21.0,349.18,2.37,333.0,1013.91,
2011,12,9,18,20.1,95.68,0.0,0.0,0.0,349.97,2.34,4.0,1014.14,
2011,12,9,19,18.98,100.0,0.0,0.0,0.0,350.75,2.3,35.0,1014.37,
2011,12,9,20,18.53,100.0,0.0,0.0,0.0,351.88,2.34,39.0,1014.37,
2011,12,9,21,18.08,100.0,0.0,0.0,0.0,353.02,2.37,43.0,1014.37,
2011,12,9,22,17.63,100.0,0.0,0.0,0.0,354.15,2.4,47.0,1014.37,
2011,12,9,23,17.29,100.0,0.0,0.0,0.0,353.78,2.36,47.0,1014.04,
2011,12,10,0,16.96,100.0,0.0,0.0,0.0,353.42,2.33,48.0,1013.71,
2011,12,10,1,16.63,100.0,0.0,0.0,0.0,353.05,2.29,48.0,1013.38,
2011,12,10,2,16.62,100.0,0.0,0.0,0.0,352.8,1.69,50.0,1013.21,
2011,12,10,3,16.62,100.0,0.0,0.0,0.0,352.55,1.09,51.0,1013.04,
2011,12,10,4,16.61,100.0,0.0,0.0,0.0,352.3,0.48,53.0,1012.88,
2011,12,10,5,16.91,100.0,0.0,0.0,0.0,354.38,0.56,53.0,1013.91,
2011,12,10,6,17.22,100.0,0.0,0.0,0.0,356.47,0.64,53.0,1014.94,
2011,12,10,7,17.52,100.0,28.0,27.53,26.0,358.55,0.72,52.0,1015.97,
2011,12,10,8,19.66,88.45,242.0,677.18,55.0,356.28,1.03,355.0,1015.9,
2011,12,10,9,21.8,76.9,437.0,814.88,70.0,354.02,1.33,298.0,1015.84,
2011,12,10,10,23.94,65.35,592.0,879.24,79.0,351.75,1.64,240.0,1015.77,
2011,12,10,11,24.43,64.58,690.0,909.45,84.0,349.3,2.07,241.0,1014.71,
2011,12,10,12,24.93,63.8,721.0,917.27,85.0,346.85,2.51,242.0,1013.64,
2011,12,10,13,25.42,63.03,683.0,905.41,83.0,344.4,2.94,243.0,1012.58,
2011,12,10,14,24.35,71.28,580.0,870.92,78.0,345.33,2.67,252.0,1012.58,
2011,12,10,15,23.28,79.53,421.0,799.3,69.0,346.27,2.4,262.0,1012.58,
2011,12,10,16,22.22,87.78,226.0,651.72,54.0,347.2,2.12,272.0,1012.58,
2011,12,10,17,20.95,91.85,35.0,250.45,20.0,348.22,2.23,308.0,1012.81,
2011,12,10,18,19.68,95.93,0.0,0.0,0.0,349.23,2.34,345.0,1013.04,
2011,12,10,19,18.41,100.0,0.0,0.0,0.0,350.25,2.46,21.0,1013.28,
2011,12,10,20,18.0,100.0,0.0,0.0,0.0,351.63,2.37,27.0,1013.44,
2011,12,10,21,17.59,100.0,0.0,0.0,0.0,353.02,2.29,34.0,1013.61,
2011,12,10,22,17.19,100.0,0.0,0.0,0.0,354.4,2.21,40.0,1013.77,
2011,12,10,23,16.83,100.0,0.0,0.0,0.0,354.32,1.72,45.0,1013.48,
2011,12,11,0,16.47,100.0,0.0,0.0,0.0,354.23,1.24,51.0,1013.18,
2011,12,11,1,16.11,100.0,0.0,0.0,0.0,354.15,0.76,56.0,1012.88,
2011,12,11,2,15.89,100.0,0.0,0.0,0.0,354.98,0.76,58.0,1012.71,
2011,12,11,3,15.67,100.0,0.0,0.0,0.0,355.82,0.77,60.0,1012.54,
2011,12,11,4,15.45,100.0,0.0,0.0,0.0,356.65,0.77,62.0,1012.38,
2011,12,11,5,15.74,100.0,0.0,0.0,0.0,359.3,0.84,63.0,1013.01,
2011,12,11,6,16.02,100.0,0.0,0.0,0.0,361.95,0.9,64.0,1013.64,
2011,12,11,7,16.31,100.0,46.0,312.54,24.0,364.6,0.97,65.0,1014.27,
2011,12,11,8,18.61,86.26,242.0,682.69,55.0,361.17,0.97,93.0,1014.27,
2011,12,11,9,20.91,72.51,438.0,818.66,71.0,357.73,0.97,120.0,1014.27,
2011,12,11,10,23.22,58.77,595.0,887.16,79.0,354.3,0.97,147.0,1014.27,
2011,12,11,11,23.7,58.59,694.0,917.5,84.0,353.53,1.52,173.0,1013.48,
2011,12,11,12,24.19,58.41,725.0,924.49,85.0,352.77,2.08,200.0,1012.68,
2011,12,11,13,24.67,58.23,688.0,912.34,84.0,352.0,2.63,226.0,1011.88,
2011,12,11,14,23.64,66.16,584.0,876.44,79.0,352.52,2.57,251.0,1012.01,
2011,12,11,15,22.61,74.1,424.0,803.44,70.0,353.03,2.51,277.0,1012.14,
2011,12,11,16,21.58,82.03,227.0,654.06,54.0,353.55,2.46,302.0,1012.28,
2011,12,11,17,20.56,88.02,36.0,262.97,20.0,352.97,2.38,340.0,1012.61,
2011,12,11,18,19.55,94.01,0.0,0.0,0.0,352.38,2.3,18.0,1012.94,
2011,12,11,19,18.54,100.0,0.0,0.0,0.0,351.8,2.22,56.0,1013.28,
2011,12,11,20,18.03,100.0,0.0,0.0,0.0,352.82,1.82,61.0,1013.44,
2011,12,11,21,17.51,100.0,0.0,0.0,0.0,353.83,1.41,66.0,1013.61,
2011,12,11,22,17.0,100.0,0.0,0.0,0.0,354.85,1.01,70.0,1013.77,
2011,12,11,23,16.67,100.0,0.0,0.0,0.0,354.33,1.03,69.0,1013.61,
2011,12,12,0,16.34,100.0,0.0,0.0,0.0,353.82,1.06,68.0,1013.44,
2011,12,12,1,16.02,100.0,0.0,0.0,0.0,353.3,1.09,67.0,1013.28,
2011,12,12,2,15.93,100.0,0.0,0.0,0.0,354.38,0.99,65.0,1013.18,
2011,12,12,3,15.85,100.0,0.0,0.0,0.0,355.47,0.9,64.0,1013.08,
2011,12,12,4,15.77,100.0,0.0,0.0,0.0,356.55,0.8,63.0,1012.98,
2011,12,12,5,16.29,100.0,0.0,0.0,0.0,355.78,0.95,63.0,1013.81,
2011,12,12,6,16.82,100.0,0.0,0.0,0.0,355.02,1.1,64.0,1014.64,
2011,12,12,7,17.34,100.0,44.0,308.03,23.0,354.25,1.26,64.0,1015.47,
2011,12,12,8,19.67,89.92,239.0,677.1,55.0,351.98,1.44,102.0,1015.57,
2011,12,12,9,22.0,79.85,435.0,817.87,70.0,349.72,1.63,140.0,1015.67,
2011,12,12,10,24.34,69.77,592.0,884.67,79.0,347.45,1.82,179.0,1015.77,
2011,12,12,11,24.64,68.5,691.0,914.92,84.0,347.92,2.02,193.0,1014.97,
2011,12,12,12,24.95,67.23,723.0,922.93,85.0,348.38,2.23,207.0,1014.17,
2011,12,12,13,25.25,65.96,686.0,910.08,84.0,348.85,2.43,221.0,1013.38,
2011,12,12,14,24.18,75.75,583.0,874.87,79.0,350.02,2.06,231.0,1013.64,
2011,12,12,15,23.11,85.53,342.0,412.78,160.0,351.18,1.68,241.0,1013.91,
2011,12,12,16,22.05,95.32,191.0,407.28,83.0,352.35,1.31,250.0,1014.17,
2011,12,12,17,20.98,96.88,37.0,258.61,21.0,353.2,1.64,301.0,1014.54,
2011,12,12,18,19.91,98.44,0.0,0.0,0.0,354.05,1.97,352.0,1014.91,
2011,12,12,19,18.84,100.0,0.0,0.0,0.0,354.9,2.3,43.0,1015.27,
2011,12,12,20,18.27,100.0,0.0,0.0,0.0,355.72,2.05,47.0,1015.5,
2011,12,12,21,17.7,100.0,0.0,0.0,0.0,356.53,1.8,51.0,1015.74,
2011,12,12,22,17.14,100.0,0.0,0.0,0.0,357.35,1.54,55.0,1015.97,
2011,12,12,23,16.76,100.0,0.0,0.0,0.0,357.88,1.37,54.0,1015.77,
2011,12,13,0,16.39,100.0,0.0,0.0,0.0,358.42,1.2,54.0,1015.57,
2011,12,13,1,16.02,100.0,0.0,0.0,0.0,358.95,1.03,53.0,1015.37,
2011,12,13,2,15.86,100.0,0.0,0.0,0.0,360.6,1.12,53.0,1015.24,
2011,12,13,3,15.71,100.0,0.0,0.0,0.0,362.25,1.21,53.0,1015.11,
2011,12,13,4,15.55,100.0,0.0,0.0,0.0,363.9,1.3,53.0,1014.97,
2011,12,13,5,16.31,100.0,0.0,0.0,0.0,364.87,1.2,52.0,1015.64,
2011,12,13,6,17.07,100.0,0.0,0.0,0.0,365.83,1.11,50.0,1016.3,
2011,12,13,7,17.83,100.0,15.0,0.0,15.0,366.8,1.02,49.0,1016.97,
2011,12,13,8,19.81,90.13,83.0,0.0,83.0,367.22,1.14,1.0,1017.04,
2011,12,13,9,21.79,80.26,295.0,234.06,191.0,367.63,1.26,313.0,1017.1,
2011,12,13,10,23.77,70.39,425.0,285.37,260.0,368.05,1.38,264.0,1017.17,
2011,12,13,11,24.0,70.25,524.0,342.84,297.0,368.05,1.96,260.0,1016.27,
2011,12,13,12,24.24,70.11,564.0,373.71,306.0,368.05,2.55,255.0,1015.37,
2011,12,13,13,24.48,69.97,688.0,913.74,84.0,368.05,3.13,250.0,1014.47,
2011,12,13,14,23.38,78.65,585.0,878.37,79.0,367.37,3.15,264.0,1014.51,
2011,12,13,15,22.29,87.32,427.0,808.96,70.0,366.68,3.17,277.0,1014.54,
2011,12,13,16,21.2,96.0,230.0,661.84,54.0,366.0,3.19,290.0,1014.57,
2011,12,13,17,20.28,97.33,38.0,269.97,21.0,363.78,2.86,323.0,1014.74,
2011,12,13,18,19.37,98.67,0.0,0.0,0.0,361.57,2.53,356.0,1014.91,
2011,12,13,19,18.46,100.0,0.0,0.0,0.0,359.35,2.21,28.0,1015.07,
2011,12,13,20,18.03,100.0,0.0,0.0,0.0,358.92,2.17,32.0,1015.07,
2011,12,13,21,17.6,100.0,0.0,0.0,0.0,358.48,2.13,35.0,1015.07,
2011,12,13,22,17.18,100.0,0.0,0.0,0.0,358.05,2.1,39.0,1015.07,
2011,12,13,23,16.88,100.0,0.0,0.0,0.0,357.1,1.79,38.0,1014.94,
2011,12,14,0,16.59,100.0,0.0,0.0,0.0,356.15,1.49,38.0,1014.81,
2011,12,14,1,16.3,100.0,0.0,0.0,0.0,355.2,1.19,38.0,1014.67,
2011,12,14,2,16.29,100.0,0.0,0.0,0.0,354.28,1.03,40.0,1014.41,
2011,12,14,3,16.29,100.0,0.0,0.0,0.0,353.37,0.87,42.0,1014.14,
2011,12,14,4,16.28,100.0,0.0,0.0,0.0,352.45,0.72,45.0,1013.87,
2011,12,14,5,16.56,100.0,0.0,0.0,0.0,354.33,0.53,50.0,1014.67,
2011,12,14,6,16.85,100.0,0.0,0.0,0.0,356.22,0.35,55.0,1015.47,
2011,12,14,7,17.13,100.0,42.0,297.44,23.0,358.1,0.17,60.0,1016.27,
2011,12,14,8,19.28,90.55,239.0,687.66,55.0,356.18,0.57,110.0,1016.2,
2011,12,14,9,21.43,81.09,439.0,831.71,71.0,354.27,0.97,160.0,1016.14,
2011,12,14,10,23.58,71.64,599.0,900.08,80.0,352.35,1.38,209.0,1016.07,
2011,12,14,11,23.99,69.62,702.0,935.1,84.0,349.15,1.82,221.0,1015.11,
2011,12,14,12,24.41,67.6,737.0,944.08,86.0,345.95,2.26,232.0,1014.14,
2011,12,14,13,24.83,65.58,701.0,933.93,84.0,342.75,2.7,244.0,1013.18,
2011,12,14,14,23.73,74.47,598.0,900.82,79.0,342.23,3.06,257.0,1013.21,
2011,12,14,15,22.64,83.35,436.0,828.44,70.0,341.72,3.41,270.0,1013.24,
2011,12,14,16,21.55,92.24,236.0,678.51,55.0,341.2,3.77,283.0,1013.28,
2011,12,14,17,20.43,94.83,40.0,280.63,22.0,342.33,3.41,317.0,1013.64,
2011,12,14,18,19.32,97.41,0.0,0.0,0.0,343.47,3.06,351.0,1014.01,
2011,12,14,19,18.2,100.0,0.0,0.0,0.0,344.6,2.7,26.0,1014.37,
2011,12,14,20,17.76,100.0,0.0,0.0,0.0,345.2,2.54,33.0,1014.37,
2011,12,14,21,17.32,100.0,0.0,0.0,0.0,345.8,2.38,41.0,1014.37,
2011,12,14,22,16.89,100.0,0.0,0.0,0.0,346.4,2.22,48.0,1014.37,
2011,12,14,23,16.48,100.0,0.0,0.0,0.0,346.27,1.97,51.0,1013.97,
2011,12,15,0,16.07,100.0,0.0,0.0,0.0,346.13,1.72,54.0,1013.58,
2011,12,15,1,15.66,100.0,0.0,0.0,0.0,346.0,1.48,57.0,1013.18,
2011,12,15,2,15.53,100.0,0.0,0.0,0.0,348.22,1.53,57.0,1012.88,
2011,12,15,3,15.41,100.0,0.0,0.0,0.0,350.43,1.58,57.0,1012.58,
2011,12,15,4,15.29,100.0,0.0,0.0,0.0,352.65,1.63,57.0,1012.28,
2011,12,15,5,15.79,100.0,0.0,0.0,0.0,352.33,1.54,56.0,1013.18,
2011,12,15,6,16.3,100.0,0.0,0.0,0.0,352.02,1.46,55.0,1014.07,
2011,12,15,7,16.8,100.0,41.0,307.43,22.0,351.7,1.38,54.0,1014.97,
2011,12,15,8,18.96,89.22,238.0,689.05,55.0,349.73,1.52,109.0,1014.84,
2011,12,15,9,21.13,78.44,201.0,45.39,181.0,347.77,1.66,164.0,1014.71,
2011,12,15,10,23.3,67.66,286.0,59.12,252.0,345.8,1.79,219.0,1014.57,
2011,12,15,11,23.65,65.84,417.0,145.51,321.0,344.6,2.08,227.0,1013.67,
2011,12,15,12,24.01,64.02,512.0,264.21,330.0,343.4,2.37,235.0,1012.78,
2011,12,15,13,24.36,62.2,448.0,196.86,318.0,342.2,2.66,243.0,1011.88,
2011,12,15,14,23.29,70.52,595.0,895.34,79.0,342.47,2.69,257.0,1011.81,
2011,12,15,15,22.22,78.83,436.0,827.36,70.0,342.73,2.72,271.0,1011.75,
2011,12,15,16,21.15,87.15,238.0,683.66,55.0,343.0,2.74,286.0,1011.68,
2011,12,15,17,19.84,91.43,41.0,290.59,22.0,341.75,2.54,323.0,1012.01,
2011,12,15,18,18.53,95.72,0.0,0.0,0.0,340.5,2.33,1.0,1012.34,
2011,12,15,19,17.22,100.0,0.0,0.0,0.0,339.25,2.12,38.0,1012.68,
2011,12,15,20,16.84,100.0,0.0,0.0,0.0,339.6,2.11,43.0,1012.74,
2011,12,15,21,16.45,100.0,0.0,0.0,0.0,339.95,2.1,48.0,1012.81,
2011,12,15,22,16.07,100.0,0.0,0.0,0.0,340.3,2.08,52.0,1012.88,
2011,12,15,23,15.73,100.0,0.0,0.0,0.0,340.6,2.03,53.0,1012.58,
2011,12,16,0,15.39,100.0,0.0,0.0,0.0,340.9,1.98,54.0,1012.28,
2011,12,16,1,15.05,100.0,0.0,0.0,0.0,341.2,1.93,55.0,1011.98,
2011,12,16,2,14.98,100.0,0.0,0.0,0.0,343.77,1.7,56.0,1011.78,
2011,12,16,3,14.92,100.0,0.0,0.0,0.0,346.33,1.47,58.0,1011.58,
2011,12,16,4,14.85,100.0,0.0,0.0,0.0,348.9,1.24,59.0,1011.38,
2011,12,16,5,15.02,100.0,0.0,0.0,0.0,352.8,1.16,60.0,1012.24,
2011,12,16,6,15.19,100.0,0.0,0.0,0.0,356.7,1.09,61.0,1013.11,
2011,12,16,7,15.36,100.0,38.0,284.38,21.0,360.6,1.01,62.0,1013.97,
2011,12,16,8,17.86,84.99,106.0,22.76,100.0,356.48,1.15,98.0,1014.11,
2011,12,16,9,20.36,69.98,211.0,59.23,185.0,352.37,1.3,135.0,1014.24,
2011,12,16,10,22.87,54.97,377.0,188.26,269.0,348.25,1.45,171.0,1014.37,
2011,12,16,11,23.35,55.18,684.0,912.4,83.0,348.13,1.66,189.0,1013.61,
2011,12,16,12,23.83,55.38,719.0,921.22,85.0,348.02,1.88,206.0,1012.84,
2011,12,16,13,24.31,55.59,685.0,911.84,83.0,347.9,2.1,224.0,1012.08,
2011,12,16,14,23.32,64.74,584.0,875.86,79.0,348.82,1.99,239.0,1012.21,
2011,12,16,15,22.34,73.89,427.0,805.81,70.0,349.73,1.88,254.0,1012.34,
2011,12,16,16,21.36,83.04,231.0,658.79,54.0,350.65,1.77,269.0,1012.48,
2011,12,16,17,20.17,88.69,40.0,269.88,22.0,350.45,1.84,313.0,1013.14,
2011,12,16,18,18.99,94.35,0.0,0.0,0.0,350.25,1.92,357.0,1013.81,
2011,12,16,19,17.81,100.0,0.0,0.0,0.0,350.05,2.0,40.0,1014.47,
2011,12,16,20,17.33,100.0,0.0,0.0,0.0,350.48,1.88,45.0,1014.61,
2011,12,16,21,16.85,100.0,0.0,0.0,0.0,350.92,1.75,50.0,1014.74,
2011,12,16,22,16.37,100.0,0.0,0.0,0.0,351.35,1.63,54.0,1014.87,
2011,12,16,23,16.05,100.0,0.0,0.0,0.0,350.53,1.68,55.0,1014.71,
2011,12,17,0,15.73,100.0,0.0,0.0,0.0,349.72,1.73,56.0,1014.54,
2011,12,17,1,15.41,100.0,0.0,0.0,0.0,348.9,1.78,56.0,1014.37,
2011,12,17,2,15.42,100.0,0.0,0.0,0.0,348.33,1.83,55.0,1014.34,
2011,12,17,3,15.44,100.0,0.0,0.0,0.0,347.77,1.89,54.0,1014.31,
2011,12,17,4,15.46,100.0,0.0,0.0,0.0,347.2,1.94,53.0,1014.27,
2011,12,17,5,15.81,100.0,0.0,0.0,0.0,349.0,1.91,53.0,1015.31,
2011,12,17,6,16.16,100.0,0.0,0.0,0.0,350.8,1.87,54.0,1016.34,
2011,12,17,7,16.51,100.0,37.0,276.79,21.0,352.6,1.83,54.0,1017.37,
2011,12,17,8,18.95,87.52,228.0,664.67,54.0,349.82,1.57,106.0,1017.37,
2011,12,17,9,21.4,75.04,325.0,352.18,171.0,347.03,1.3,158.0,1017.37,
2011,12,17,10,23.85,62.56,584.0,882.36,79.0,344.25,1.03,211.0,1017.37,
2011,12,17,11,24.24,61.32,605.0,605.1,207.0,343.83,1.81,224.0,1016.5,
2011,12,17,12,24.64,60.07,723.0,927.75,85.0,343.42,2.59,238.0,1015.64,
2011,12,17,13,25.03,58.83,689.0,916.49,84.0,343.0,3.37,251.0,1014.77,
2011,12,17,14,23.94,67.16,589.0,883.98,79.0,343.18,3.23,273.0,1014.91,
2011,12,17,15,22.86,75.49,432.0,815.71,70.0,343.37,3.1,294.0,1015.04,
2011,12,17,16,21.78,83.82,236.0,670.98,55.0,343.55,2.97,315.0,1015.17,
2011,12,17,17,20.62,89.21,42.0,293.78,22.0,344.82,2.81,340.0,1015.47,
2011,12,17,18,19.47,94.61,0.0,0.0,0.0,346.08,2.66,5.0,1015.77,
2011,12,17,19,18.31,100.0,0.0,0.0,0.0,347.35,2.51,30.0,1016.07,
2011,12,17,20,17.85,100.0,0.0,0.0,0.0,348.32,2.47,31.0,1016.17,
2011,12,17,21,17.38,100.0,0.0,0.0,0.0,349.28,2.43,33.0,1016.27,
2011,12,17,22,16.92,100.0,0.0,0.0,0.0,350.25,2.39,35.0,1016.37,
2011,12,17,23,16.6,100.0,0.0,0.0,0.0,349.93,2.11,37.0,1016.07,
2011,12,18,0,16.28,100.0,0.0,0.0,0.0,349.62,1.83,39.0,1015.77,
2011,12,18,1,15.97,100.0,0.0,0.0,0.0,349.3,1.56,41.0,1015.47,
2011,12,18,2,15.95,100.0,0.0,0.0,0.0,348.93,1.67,43.0,1015.24,
2011,12,18,3,15.94,100.0,0.0,0.0,0.0,348.57,1.78,46.0,1015.01,
2011,12,18,4,15.92,100.0,0.0,0.0,0.0,348.2,1.89,48.0,1014.77,
2011,12,18,5,16.56,100.0,0.0,0.0,0.0,348.57,1.72,49.0,1015.54,
2011,12,18,6,17.19,100.0,0.0,0.0,0.0,348.93,1.56,50.0,1016.3,
2011,12,18,7,17.83,100.0,35.0,268.4,20.0,349.3,1.39,50.0,1017.07,
2011,12,18,8,20.11,86.21,194.0,446.19,78.0,347.32,1.63,0.0,1016.94,
2011,12,18,9,22.4,72.42,386.0,635.76,109.0,345.33,1.87,310.0,1016.8,
2011,12,18,10,24.69,58.63,433.0,322.2,249.0,343.35,2.11,260.0,1016.67,
2011,12,18,11,24.86,58.38,687.0,917.99,84.0,342.9,2.74,262.0,1015.74,
2011,12,18,12,25.04,58.13,724.0,929.79,85.0,342.45,3.36,264.0,1014.81,
2011,12,18,13,25.21,57.88,571.0,478.69,255.0,342.0,3.99,266.0,1013.87,
2011,12,18,14,24.06,65.83,527.0,633.89,161.0,343.7,3.94,277.0,1013.94,
2011,12,18,15,22.92,73.79,433.0,816.42,70.0,345.4,3.9,287.0,1014.01,
2011,12,18,16,21.78,81.74,237.0,671.81,55.0,347.1,3.86,297.0,1014.07,
2011,12,18,17,20.61,87.83,43.0,287.65,23.0,348.83,3.45,329.0,1014.37,
2011,12,18,18,19.45,93.91,0.0,0.0,0.0,350.57,3.04,2.0,1014.67,
2011,12,18,19,18.29,100.0,0.0,0.0,0.0,352.3,2.63,34.0,1014.97,
2011,12,18,20,17.84,100.0,0.0,0.0,0.0,352.9,2.62,38.0,1014.87,
2011,12,18,21,17.39,100.0,0.0,0.0,0.0,353.5,2.61,42.0,1014.77,
2011,12,18,22,16.94,100.0,0.0,0.0,0.0,354.1,2.59,46.0,1014.67,
2011,12,18,23,16.56,100.0,0.0,0.0,0.0,353.13,2.51,40.0,1014.24,
2011,12,19,0,16.19,100.0,0.0,0.0,0.0,352.17,2.43,34.0,1013.81,
2011,12,19,1,15.82,100.0,0.0,0.0,0.0,351.2,2.34,27.0,1013.38,
2011,12,19,2,15.82,100.0,0.0,0.0,0.0,350.7,2.14,34.0,1013.14,
2011,12,19,3,15.83,100.0,0.0,0.0,0.0,350.2,1.94,41.0,1012.91,
2011,12,19,4,15.84,100.0,0.0,0.0,0.0,349.7,1.74,48.0,1012.68,
2011,12,19,5,16.23,100.0,0.0,0.0,0.0,353.05,1.83,44.0,1013.28,
2011,12,19,6,16.61,100.0,0.0,0.0,0.0,356.4,1.93,41.0,1013.87,
2011,12,19,7,17.0,100.0,35.0,277.67,20.0,359.75,2.03,38.0,1014.47,
2011,12,19,8,19.22,86.27,232.0,689.27,54.0,353.67,1.92,349.0,1014.47,
2011,12,19,9,21.45,72.55,437.0,845.23,70.0,347.58,1.81,301.0,1014.47,
2011,12,19,10,23.68,58.82,604.0,919.46,80.0,341.5,1.7,252.0,1014.47,
2011,12,19,11,23.9,56.46,713.0,957.18,85.0,338.7,2.25,252.0,1013.54,
2011,12,19,12,24.13,54.11,755.0,973.92,86.0,335.9,2.8,252.0,1012.61,
2011,12,19,13,24.35,51.75,723.0,966.3,85.0,333.1,3.35,252.0,1011.68,
2011,12,19,14,23.25,58.23,621.0,936.11,80.0,331.62,3.16,260.0,1011.75,
2011,12,19,15,22.15,64.71,458.0,868.59,71.0,330.13,2.97,268.0,1011.81,
2011,12,19,16,21.06,71.19,254.0,727.55,56.0,328.65,2.77,276.0,1011.88,
2011,12,19,17,19.92,80.79,48.0,337.82,24.0,327.75,2.64,319.0,1011.98,
2011,12,19,18,18.79,90.4,0.0,0.0,0.0,326.85,2.51,2.0,1012.08,
2011,12,19,19,17.65,100.0,0.0,0.0,0.0,325.95,2.39,45.0,1012.18,
2011,12,19,20,17.17,100.0,0.0,0.0,0.0,326.2,2.4,49.0,1012.21,
2011,12,19,21,16.69,100.0,0.0,0.0,0.0,326.45,2.41,54.0,1012.24,
2011,12,19,22,16.22,100.0,0.0,0.0,0.0,326.7,2.43,58.0,1012.28,
2011,12,19,23,15.75,100.0,0.0,0.0,0.0,326.85,1.98,59.0,1011.88,
2011,12,20,0,15.28,100.0,0.0,0.0,0.0,327.0,1.54,60.0,1011.48,
2011,12,20,1,14.82,100.0,0.0,0.0,0.0,327.15,1.09,61.0,1011.08,
2011,12,20,2,14.64,100.0,0.0,0.0,0.0,330.15,1.2,62.0,1010.95,
2011,12,20,3,14.46,100.0,0.0,0.0,0.0,333.15,1.32,63.0,1010.81,
2011,12,20,4,14.28,100.0,0.0,0.0,0.0,336.15,1.43,64.0,1010.68,
2011,12,20,5,14.41,100.0,0.0,0.0,0.0,338.97,1.1,66.0,1011.51,
2011,12,20,6,14.54,100.0,0.0,0.0,0.0,341.78,0.77,69.0,1012.34,
2011,12,20,7,14.67,100.0,35.0,287.28,20.0,344.6,0.44,71.0,1013.18,
2011,12,20,8,16.93,89.02,233.0,697.65,54.0,341.55,0.73,106.0,1013.18,
2011,12,20,9,19.2,78.05,435.0,843.39,70.0,338.5,1.02,142.0,1013.18,
2011,12,20,10,21.47,67.07,597.0,910.67,79.0,335.45,1.31,177.0,1013.18,
2011,12,20,11,22.03,64.9,701.0,941.39,84.0,333.55,1.61,194.0,1012.38,
2011,12,20,12,22.6,62.72,736.0,948.06,85.0,331.65,1.92,210.0,1011.58,
2011,12,20,13,23.17,60.55,700.0,932.69,84.0,329.75,2.22,227.0,1010.78,
2011,12,20,14,22.16,68.16,597.0,895.32,79.0,329.8,2.1,229.0,1010.95,
2011,12,20,15,21.15,75.78,439.0,826.31,70.0,329.85,1.98,232.0,1011.11,
2011,12,20,16,20.14,83.39,242.0,683.83,55.0,329.9,1.86,234.0,1011.28,
2011,12,20,17,19.08,88.93,46.0,316.69,23.0,330.15,1.99,186.0,1011.35,
2011,12,20,18,18.03,94.46,0.0,0.0,0.0,330.4,2.11,139.0,1011.41,
2011,12,20,19,16.97,100.0,0.0,0.0,0.0,330.65,2.23,92.0,1011.48,
2011,12,20,20,16.58,100.0,0.0,0.0,0.0,331.73,2.22,93.0,1011.61,
2011,12,20,21,16.18,100.0,0.0,0.0,0.0,332.82,2.2,94.0,1011.75,
2011,12,20,22,15.79,100.0,0.0,0.0,0.0,333.9,2.18,95.0,1011.88,
2011,12,20,23,15.36,100.0,0.0,0.0,0.0,334.63,2.11,101.0,1011.71,
2011,12,21,0,14.93,100.0,0.0,0.0,0.0,335.37,2.05,108.0,1011.55,
2011,12,21,1,14.5,100.0,0.0,0.0,0.0,336.1,1.99,114.0,1011.38,
2011,12,21,2,14.52,100.0,0.0,0.0,0.0,336.75,1.98,112.0,1011.38,
2011,12,21,3,14.55,100.0,0.0,0.0,0.0,337.4,1.97,110.0,1011.38,
2011,12,21,4,14.58,100.0,0.0,0.0,0.0,338.05,1.96,109.0,1011.38,
2011,12,21,5,15.11,100.0,0.0,0.0,0.0,344.15,1.86,103.0,1012.08,
2011,12,21,6,15.64,100.0,0.0,0.0,0.0,350.25,1.77,98.0,1012.78,
2011,12,21,7,16.17,100.0,31.0,237.8,19.0,356.35,1.67,92.0,1013.48,
2011,12,21,8,18.46,88.83,155.0,227.47,97.0,354.88,1.73,139.0,1013.44,
2011,12,21,9,20.75,77.66,415.0,801.97,69.0,353.42,1.79,186.0,1013.41,
2011,12,21,10,23.04,66.49,574.0,873.52,78.0,351.95,1.85,232.0,1013.38,
2011,12,21,11,23.21,65.55,677.0,907.12,83.0,350.5,2.12,236.0,1012.61,
2011,12,21,12,23.39,64.6,260.0,16.02,249.0,349.05,2.4,240.0,1011.85,
2011,12,21,13,23.57,63.66,271.0,24.21,255.0,347.6,2.68,244.0,1011.08,
2011,12,21,14,22.42,68.6,253.0,31.07,235.0,347.17,2.69,251.0,1011.28,
2011,12,21,15,21.28,73.53,195.0,35.74,179.0,346.73,2.7,257.0,1011.48,
2011,12,21,16,20.14,78.47,97.0,0.0,97.0,346.3,2.72,264.0,1011.68,
2011,12,21,17,18.96,82.83,46.0,309.67,23.0,353.45,2.46,289.0,1012.28,
2011,12,21,18,17.79,87.18,0.0,0.0,0.0,360.6,2.2,315.0,1012.88,
2011,12,21,19,16.61,91.54,0.0,0.0,0.0,367.75,1.94,340.0,1013.48,
2011,12,21,20,16.25,94.36,0.0,0.0,0.0,362.9,2.03,358.0,1013.48,
2011,12,21,21,15.89,97.18,0.0,0.0,0.0,358.05,2.11,16.0,1013.48,
2011,12,21,22,15.53,100.0,0.0,0.0,0.0,353.2,2.19,35.0,1013.48,
2011,12,21,23,15.2,100.0,0.0,0.0,0.0,349.08,2.23,43.0,1013.08,
2011,12,22,0,14.87,100.0,0.0,0.0,0.0,344.97,2.28,52.0,1012.68,
2011,12,22,1,14.54,100.0,0.0,0.0,0.0,340.85,2.32,60.0,1012.28,
2011,12,22,2,14.42,100.0,0.0,0.0,0.0,338.88,2.31,58.0,1012.28,
2011,12,22,3,14.31,100.0,0.0,0.0,0.0,336.92,2.3,56.0,1012.28,
2011,12,22,4,14.19,100.0,0.0,0.0,0.0,334.95,2.29,53.0,1012.28,
2011,12,22,5,14.19,100.0,0.0,0.0,0.0,342.32,2.16,54.0,1013.11,
2011,12,22,6,14.2,100.0,0.0,0.0,0.0,349.68,2.02,55.0,1013.94,
2011,12,22,7,14.2,100.0,25.0,0.0,25.0,357.05,1.89,56.0,1014.77,
2011,12,22,8,16.32,91.15,175.0,355.1,85.0,357.72,1.88,60.0,1014.71,
2011,12,22,9,18.45,82.3,437.0,860.11,67.0,358.38,1.86,64.0,1014.64,
2011,12,22,10,20.58,73.45,601.0,926.08,76.0,359.05,1.85,68.0,1014.57,
2011,12,22,11,21.44,67.39,639.0,730.53,161.0,347.98,2.1,128.0,1013.51,
2011,12,22,12,22.31,61.33,748.0,970.18,82.0,336.92,2.34,188.0,1012.44,
2011,12,22,13,23.17,55.27,609.0,614.08,203.0,325.85,2.59,248.0,1011.38,
2011,12,22,14,22.29,61.99,518.0,582.65,180.0,324.28,2.61,261.0,1011.55,
2011,12,22,15,21.41,68.7,380.0,536.94,139.0,322.72,2.62,274.0,1011.71,
2011,12,22,16,20.54,75.42,194.0,365.53,93.0,321.15,2.63,286.0,1011.88,
2011,12,22,17,19.4,83.61,44.0,250.06,25.0,322.42,2.51,327.0,1012.44,
2011,12,22,18,18.26,91.81,0.0,0.0,0.0,323.68,2.4,8.0,1013.01,
2011,12,22,19,17.12,100.0,0.0,0.0,0.0,324.95,2.28,49.0,1013.58,
2011,12,22,20,16.62,100.0,0.0,0.0,0.0,325.52,2.29,53.0,1013.91,
2011,12,22,21,16.12,100.0,0.0,0.0,0.0,326.08,2.3,57.0,1014.24,
2011,12,22,22,15.62,100.0,0.0,0.0,0.0,326.65,2.32,61.0,1014.57,
2011,12,22,23,15.28,100.0,0.0,0.0,0.0,326.75,2.27,59.0,1014.34,
2011,12,23,0,14.94,100.0,0.0,0.0,0.0,326.85,2.23,58.0,1014.11,
2011,12,23,1,14.61,100.0,0.0,0.0,0.0,326.95,2.18,56.0,1013.87,
2011,12,23,2,14.59,100.0,0.0,0.0,0.0,326.87,2.15,56.0,1013.84,
2011,12,23,3,14.57,100.0,0.0,0.0,0.0,326.78,2.11,56.0,1013.81,
2011,12,23,4,14.55,100.0,0.0,0.0,0.0,326.7,2.08,56.0,1013.77,
2011,12,23,5,14.84,100.0,0.0,0.0,0.0,329.83,2.09,57.0,1014.64,
2011,12,23,6,15.12,100.0,0.0,0.0,0.0,332.97,2.09,59.0,1015.5,
2011,12,23,7,15.41,100.0,24.0,0.0,24.0,336.1,2.1,60.0,1016.37,
2011,12,23,8,17.77,89.07,173.0,349.22,85.0,332.5,2.16,109.0,1016.3,
2011,12,23,9,20.13,78.15,317.0,349.65,167.0,328.9,2.22,159.0,1016.24,
2011,12,23,10,22.5,67.22,440.0,353.3,240.0,325.3,2.28,208.0,1016.17,
2011,12,23,11,22.96,63.29,705.0,955.77,80.0,324.4,2.42,219.0,1015.21,
2011,12,23,12,23.43,59.35,632.0,589.94,227.0,323.5,2.56,231.0,1014.24,
2011,12,23,13,23.9,55.42,714.0,956.7,81.0,322.6,2.7,242.0,1013.28,
2011,12,23,14,22.81,64.63,615.0,927.69,76.0,323.03,2.86,255.0,1013.38,
2011,12,23,15,21.73,73.84,457.0,864.24,68.0,323.47,3.01,268.0,1013.48,
2011,12,23,16,20.65,83.05,256.0,727.01,54.0,323.9,3.16,281.0,1013.58,
2011,12,23,17,19.43,88.7,53.0,360.12,25.0,324.97,2.96,318.0,1013.84,
2011,12,23,18,18.22,94.35,0.0,0.0,0.0,326.03,2.75,356.0,1014.11,
2011,12,23,19,17.0,100.0,0.0,0.0,0.0,327.1,2.55,33.0,1014.37,
2011,12,23,20,16.53,100.0,0.0,0.0,0.0,328.1,2.4,40.0,1014.51,
2011,12,23,21,16.06,100.0,0.0,0.0,0.0,329.1,2.26,47.0,1014.64,
2011,12,23,22,15.59,100.0,0.0,0.0,0.0,330.1,2.11,54.0,1014.77,
2011,12,23,23,15.19,100.0,0.0,0.0,0.0,330.17,2.1,55.0,1014.51,
2011,12,24,0,14.79,100.0,0.0,0.0,0.0,330.23,2.09,56.0,1014.24,
2011,12,24,1,14.4,100.0,0.0,0.0,0.0,330.3,2.08,57.0,1013.97,
2011,12,24,2,14.29,100.0,0.0,0.0,0.0,327.67,1.98,58.0,1013.94,
2011,12,24,3,14.19,100.0,0.0,0.0,0.0,325.03,1.87,59.0,1013.91,
2011,12,24,4,14.08,100.0,0.0,0.0,0.0,322.4,1.77,60.0,1013.87,
2011,12,24,5,14.36,100.0,0.0,0.0,0.0,325.72,1.64,59.0,1014.54,
2011,12,24,6,14.65,100.0,0.0,0.0,0.0,329.03,1.51,59.0,1015.21,
2011,12,24,7,14.93,100.0,13.0,0.0,13.0,332.35,1.38,58.0,1015.87,
2011,12,24,8,17.18,88.19,97.0,15.96,93.0,328.85,1.33,92.0,1015.7,
2011,12,24,9,19.43,76.38,282.0,231.36,183.0,325.35,1.29,125.0,1015.54,
2011,12,24,10,21.68,64.57,523.0,663.3,148.0,321.85,1.24,159.0,1015.37,
2011,12,24,11,22.31,60.23,571.0,501.83,243.0,319.57,1.79,185.0,1014.47,
2011,12,24,12,22.94,55.9,754.0,978.65,82.0,317.28,2.34,212.0,1013.58,
2011,12,24,13,23.57,51.56,724.0,970.95,81.0,315.0,2.88,238.0,1012.68,
2011,12,24,14,22.53,59.62,625.0,941.56,77.0,315.45,2.76,261.0,1012.68,
2011,12,24,15,21.49,67.67,465.0,877.16,69.0,315.9,2.64,284.0,1012.68,
2011,12,24,16,20.45,75.73,262.0,744.29,54.0,316.35,2.52,306.0,1012.68,
2011,12,24,17,19.21,83.82,55.0,376.96,25.0,317.42,2.42,342.0,1013.01,
2011,12,24,18,17.97,91.91,0.0,0.0,0.0,318.48,2.32,17.0,1013.34,
2011,12,24,19,16.73,100.0,0.0,0.0,0.0,319.55,2.22,53.0,1013.67,
2011,12,24,20,16.25,100.0,0.0,0.0,0.0,320.78,2.18,58.0,1013.81,
2011,12,24,21,15.76,100.0,0.0,0.0,0.0,322.02,2.14,63.0,1013.94,
2011,12,24,22,15.28,100.0,0.0,0.0,0.0,323.25,2.1,69.0,1014.07,
2011,12,24,23,14.75,100.0,0.0,0.0,0.0,325.45,1.94,69.0,1013.84,
2011,12,25,0,14.23,100.0,0.0,0.0,0.0,327.65,1.79,69.0,1013.61,
2011,12,25,1,13.71,100.0,0.0,0.0,0.0,329.85,1.64,69.0,1013.38,
2011,12,25,2,13.53,100.0,0.0,0.0,0.0,333.58,1.82,68.0,1013.18,
2011,12,25,3,13.36,100.0,0.0,0.0,0.0,337.32,1.99,67.0,1012.98,
2011,12,25,4,13.18,100.0,0.0,0.0,0.0,341.05,2.17,67.0,1012.78,
2011,12,25,5,13.69,98.92,0.0,0.0,0.0,337.37,2.07,64.0,1013.61,
2011,12,25,6,14.21,97.84,0.0,0.0,0.0,333.68,1.98,62.0,1014.44,
2011,12,25,7,14.72,96.76,27.0,0.0,27.0,330.0,1.89,60.0,1015.27,
2011,12,25,8,17.28,83.74,116.0,72.2,98.0,328.25,1.83,92.0,1015.31,
2011,12,25,9,19.84,70.72,253.0,154.61,187.0,326.5,1.78,124.0,1015.34,
2011,12,25,10,22.41,57.7,450.0,386.03,232.0,324.75,1.72,155.0,1015.37,
2011,12,25,11,22.79,56.23,568.0,489.75,248.0,326.0,2.0,176.0,1014.51,
2011,12,25,12,23.18,54.75,538.0,318.83,319.0,327.25,2.29,196.0,1013.64,
2011,12,25,13,23.56,53.28,374.0,90.51,314.0,328.5,2.57,216.0,1012.78,
2011,12,25,14,22.49,60.24,322.0,92.61,268.0,329.85,2.45,246.0,1012.81,
2011,12,25,15,21.43,67.2,453.0,850.1,68.0,331.2,2.33,275.0,1012.84,
2011,12,25,16,20.37,74.16,220.0,505.08,78.0,332.55,2.21,305.0,1012.88,
2011,12,25,17,19.16,82.77,46.0,233.2,27.0,335.03,2.28,349.0,1013.21,
2011,12,25,18,17.96,91.39,0.0,0.0,0.0,337.52,2.35,34.0,1013.54,
2011,12,25,19,16.75,100.0,0.0,0.0,0.0,340.0,2.43,78.0,1013.87,
2011,12,25,20,16.26,100.0,0.0,0.0,0.0,340.58,2.38,83.0,1013.94,
2011,12,25,21,15.76,100.0,0.0,0.0,0.0,341.17,2.33,88.0,1014.01,
2011,12,25,22,15.27,100.0,0.0,0.0,0.0,341.75,2.28,93.0,1014.07,
2011,12,25,23,14.93,100.0,0.0,0.0,0.0,341.97,2.24,96.0,1013.94,
2011,12,26,0,14.6,100.0,0.0,0.0,0.0,342.18,2.2,100.0,1013.81,
2011,12,26,1,14.27,100.0,0.0,0.0,0.0,342.4,2.17,103.0,1013.67,
2011,12,26,2,14.27,100.0,0.0,0.0,0.0,343.52,2.0,99.0,1013.77,
2011,12,26,3,14.27,100.0,0.0,0.0,0.0,344.63,1.84,96.0,1013.87,
2011,12,26,4,14.27,100.0,0.0,0.0,0.0,345.75,1.68,92.0,1013.97,
2011,12,26,5,14.8,100.0,0.0,0.0,0.0,344.95,1.43,81.0,1014.71,
2011,12,26,6,15.33,100.0,0.0,0.0,0.0,344.15,1.19,70.0,1015.44,
2011,12,26,7,15.86,100.0,7.0,0.0,7.0,343.35,0.94,59.0,1016.17,
2011,12,26,8,18.31,83.65,113.0,64.5,97.0,341.0,0.95,30.0,1016.2,
2011,12,26,9,20.77,67.31,430.0,854.55,66.0,338.65,0.97,1.0,1016.24,
2011,12,26,10,23.23,50.96,483.0,494.53,204.0,336.3,0.98,331.0,1016.27,
2011,12,26,11,23.64,48.67,711.0,965.89,80.0,335.73,1.5,312.0,1015.34,
2011,12,26,12,24.05,46.37,755.0,979.29,82.0,335.17,2.02,292.0,1014.41,
2011,12,26,13,24.46,44.08,726.0,971.83,81.0,334.6,2.54,273.0,1013.48,
2011,12,26,14,23.36,52.48,627.0,943.04,76.0,335.03,2.35,293.0,1013.64,
2011,12,26,15,22.26,60.89,468.0,880.29,68.0,335.47,2.16,312.0,1013.81,
2011,12,26,16,21.17,69.29,209.0,424.18,89.0,335.9,1.97,332.0,1013.97,
2011,12,26,17,19.82,77.85,59.0,395.57,26.0,336.23,2.17,355.0,1014.44,
2011,12,26,18,18.48,86.4,0.0,0.0,0.0,336.57,2.36,19.0,1014.91,
2011,12,26,19,17.14,94.96,0.0,0.0,0.0,336.9,2.55,42.0,1015.37,
2011,12,26,20,16.67,96.64,0.0,0.0,0.0,337.8,2.51,43.0,1015.47,
2011,12,26,21,16.2,98.32,0.0,0.0,0.0,338.7,2.47,44.0,1015.57,
2011,12,26,22,15.74,100.0,0.0,0.0,0.0,339.6,2.43,45.0,1015.67,
2011,12,26,23,15.42,100.0,0.0,0.0,0.0,338.68,2.29,47.0,1015.47,
2011,12,27,0,15.11,100.0,0.0,0.0,0.0,337.77,2.14,49.0,1015.27,
2011,12,27,1,14.8,100.0,0.0,0.0,0.0,336.85,2.0,50.0,1015.07,
2011,12,27,2,14.71,97.91,0.0,0.0,0.0,335.13,1.74,51.0,1014.91,
2011,12,27,3,14.63,95.81,0.0,0.0,0.0,333.42,1.48,52.0,1014.74,
2011,12,27,4,14.55,93.72,0.0,0.0,0.0,331.7,1.21,52.0,1014.57,
2011,12,27,5,14.86,94.16,0.0,0.0,0.0,330.18,1.15,53.0,1015.11,
2011,12,27,6,15.16,94.61,0.0,0.0,0.0,328.67,1.09,53.0,1015.64,
2011,12,27,7,15.47,95.05,15.0,0.0,15.0,327.15,1.02,54.0,1016.17,
2011,12,27,8,17.93,82.02,148.0,222.75,93.0,326.48,0.92,57.0,1016.2,
2011,12,27,9,20.39,68.99,314.0,350.5,165.0,325.82,0.82,61.0,1016.24,
2011,12,27,10,22.86,55.96,530.0,697.17,137.0,325.15,0.72,65.0,1016.27,
2011,12,27,11,23.31,52.32,732.0,996.54,81.0,326.32,1.36,9.0,1015.17,
2011,12,27,12,23.77,48.68,774.0,1006.31,82.0,327.48,2.0,314.0,1014.07,
2011,12,27,13,24.22,45.04,742.0,994.64,81.0,328.65,2.65,258.0,1012.98,
2011,12,27,14,23.07,53.83,542.0,652.39,160.0,329.85,2.51,278.0,1013.11,
2011,12,27,15,21.93,62.62,320.0,280.71,192.0,331.05,2.37,298.0,1013.24,
2011,12,27,16,20.79,71.41,273.0,765.66,55.0,332.25,2.23,317.0,1013.38,
2011,12,27,17,19.64,78.59,52.0,280.94,28.0,332.53,2.36,343.0,1013.87,
2011,12,27,18,18.49,85.77,0.0,0.0,0.0,332.82,2.48,9.0,1014.37,
2011,12,27,19,17.34,92.95,0.0,0.0,0.0,333.1,2.61,34.0,1014.87,
2011,12,27,20,16.89,95.3,0.0,0.0,0.0,334.68,2.45,39.0,1015.01,
2011,12,27,21,16.44,97.65,0.0,0.0,0.0,336.27,2.29,44.0,1015.14,
2011,12,27,22,15.99,100.0,0.0,0.0,0.0,337.85,2.14,48.0,1015.27,
2011,12,27,23,15.58,100.0,0.0,0.0,0.0,337.3,1.83,51.0,1014.97,
2011,12,28,0,15.18,100.0,0.0,0.0,0.0,336.75,1.53,53.0,1014.67,
2011,12,28,1,14.78,100.0,0.0,0.0,0.0,336.2,1.23,56.0,1014.37,
2011,12,28,2,14.71,100.0,0.0,0.0,0.0,336.0,0.96,56.0,1014.24,
2011,12,28,3,14.64,100.0,0.0,0.0,0.0,335.8,0.69,55.0,1014.11,
2011,12,28,4,14.57,100.0,0.0,0.0,0.0,335.6,0.43,55.0,1013.97,
2011,12,28,5,14.92,100.0,0.0,0.0,0.0,334.1,0.42,56.0,1014.64,
2011,12,28,6,15.28,100.0,0.0,0.0,0.0,332.6,0.41,57.0,1015.31,
2011,12,28,7,15.63,100.0,17.0,0.0,17.0,331.1,0.4,58.0,1015.97,
2011,12,28,8,17.95,84.68,221.0,695.61,50.0,328.77,0.73,78.0,1015.94,
2011,12,28,9,20.27,69.36,425.0,845.99,66.0,326.43,1.05,99.0,1015.9,
2011,12,28,10,22.6,54.04,593.0,921.28,74.0,324.1,1.38,119.0,1015.87,
2011,12,28,11,22.96,52.26,459.0,220.41,315.0,325.73,1.75,160.0,1014.91,
2011,12,28,12,23.32,50.49,602.0,501.32,257.0,327.37,2.12,201.0,1013.94,
2011,12,28,13,23.68,48.71,720.0,961.65,80.0,329.0,2.5,242.0,1012.98,
2011,12,28,14,22.55,55.91,622.0,930.32,76.0,330.0,2.17,258.0,1013.18,
2011,12,28,15,21.42,63.11,466.0,869.65,68.0,331.0,1.85,275.0,1013.38,
2011,12,28,16,20.3,70.31,267.0,743.16,54.0,332.0,1.53,291.0,1013.58,
2011,12,28,17,19.04,80.21,61.0,400.06,26.0,332.17,1.5,331.0,1013.81,
2011,12,28,18,17.78,90.1,0.0,0.0,0.0,332.33,1.47,11.0,1014.04,
2011,12,28,19,16.52,100.0,0.0,0.0,0.0,332.5,1.43,50.0,1014.27,
2011,12,28,20,15.97,100.0,0.0,0.0,0.0,333.35,1.3,52.0,1014.27,
2011,12,28,21,15.42,100.0,0.0,0.0,0.0,334.2,1.17,53.0,1014.27,
2011,12,28,22,14.87,100.0,0.0,0.0,0.0,335.05,1.03,54.0,1014.27,
2011,12,28,23,14.51,100.0,0.0,0.0,0.0,334.82,1.0,54.0,1014.01,
2011,12,29,0,14.15,100.0,0.0,0.0,0.0,334.58,0.97,55.0,1013.74,
2011,12,29,1,13.79,100.0,0.0,0.0,0.0,334.35,0.94,55.0,1013.48,
2011,12,29,2,13.83,100.0,0.0,0.0,0.0,333.68,0.97,56.0,1013.21,
2011,12,29,3,13.88,100.0,0.0,0.0,0.0,333.02,1.01,56.0,1012.94,
2011,12,29,4,13.93,100.0,0.0,0.0,0.0,332.35,1.05,57.0,1012.68,
2011,12,29,5,14.43,98.97,0.0,0.0,0.0,331.47,0.87,57.0,1013.24,
2011,12,29,6,14.94,97.95,0.0,0.0,0.0,330.58,0.69,57.0,1013.81,
2011,12,29,7,15.44,96.92,16.0,0.0,16.0,329.7,0.51,57.0,1014.37,
2011,12,29,8,17.77,83.22,218.0,686.21,50.0,329.17,0.62,88.0,1014.34,
2011,12,29,9,20.11,69.51,421.0,840.26,65.0,328.63,0.72,119.0,1014.31,
2011,12,29,10,22.45,55.81,587.0,911.07,74.0,328.1,0.83,150.0,1014.27,
2011,12,29,11,22.77,55.13,696.0,944.14,79.0,329.87,1.36,178.0,1013.31,
2011,12,29,12,23.1,54.46,629.0,573.46,234.0,331.63,1.89,205.0,1012.34,
2011,12,29,13,23.42,53.78,629.0,667.59,184.0,333.4,2.43,233.0,1011.38,
2011,12,29,14,22.33,60.31,614.0,916.15,75.0,334.37,2.19,245.0,1011.41,
2011,12,29,15,21.24,66.84,308.0,235.09,200.0,335.33,1.95,257.0,1011.45,
2011,12,29,16,20.15,73.37,264.0,727.72,54.0,336.3,1.71,270.0,1011.48,
2011,12,29,17,18.89,82.25,61.0,390.62,26.0,334.75,1.2,319.0,1012.14,
2011,12,29,18,17.64,91.12,0.0,0.0,0.0,333.2,0.69,9.0,1012.81,
2011,12,29,19,16.38,100.0,0.0,0.0,0.0,331.65,0.18,58.0,1013.48,
2011,12,29,20,15.79,100.0,0.0,0.0,0.0,331.95,0.44,57.0,1013.51,
2011,12,29,21,15.2,100.0,0.0,0.0,0.0,332.25,0.69,57.0,1013.54,
2011,12,29,22,14.62,100.0,0.0,0.0,0.0,332.55,0.95,56.0,1013.58,
2011,12,29,23,14.28,100.0,0.0,0.0,0.0,332.38,0.92,56.0,1013.48,
2011,12,30,0,13.95,100.0,0.0,0.0,0.0,332.22,0.89,55.0,1013.38,
2011,12,30,1,13.62,100.0,0.0,0.0,0.0,332.05,0.86,55.0,1013.28,
2011,12,30,2,13.69,100.0,0.0,0.0,0.0,332.15,0.91,56.0,1013.24,
2011,12,30,3,13.76,100.0,0.0,0.0,0.0,332.25,0.97,57.0,1013.21,
2011,12,30,4,13.83,100.0,0.0,0.0,0.0,332.35,1.03,58.0,1013.18,
2011,12,30,5,14.19,99.15,0.0,0.0,0.0,330.68,1.03,58.0,1013.87,
2011,12,30,6,14.56,98.3,0.0,0.0,0.0,329.02,1.03,59.0,1014.57,
2011,12,30,7,14.92,97.45,9.0,0.0,9.0,327.35,1.03,59.0,1015.27,
2011,12,30,8,17.33,82.62,219.0,692.91,50.0,326.8,0.96,83.0,1015.17,
2011,12,30,9,19.75,67.79,425.0,850.87,65.0,326.25,0.88,108.0,1015.07,
2011,12,30,10,22.17,52.96,593.0,922.02,74.0,325.7,0.8,133.0,1014.97,
2011,12,30,11,22.49,53.34,704.0,956.0,79.0,326.22,1.29,166.0,1013.97,
2011,12,30,12,22.81,53.71,747.0,967.34,80.0,326.73,1.78,199.0,1012.98,
2011,12,30,13,23.13,54.09,719.0,958.48,79.0,327.25,2.28,233.0,1011.98,
2011,12,30,14,22.08,62.38,622.0,927.35,75.0,327.35,2.05,245.0,1012.14,
2011,12,30,15,21.03,70.66,466.0,865.09,67.0,327.45,1.82,257.0,1012.31,
2011,12,30,16,19.99,78.95,269.0,739.86,54.0,327.55,1.59,269.0,1012.48,
2011,12,30,17,18.72,85.97,64.0,403.2,27.0,328.23,1.73,314.0,1012.81,
2011,12,30,18,17.46,92.98,0.0,0.0,0.0,328.92,1.88,0.0,1013.14,
2011,12,30,19,16.19,100.0,0.0,0.0,0.0,329.6,2.03,46.0,1013.48,
2011,12,30,20,15.67,100.0,0.0,0.0,0.0,331.13,1.92,48.0,1013.48,
2011,12,30,21,15.14,100.0,0.0,0.0,0.0,332.67,1.82,50.0,1013.48,
2011,12,30,22,14.62,100.0,0.0,0.0,0.0,334.2,1.71,52.0,1013.48,
2011,12,30,23,14.29,100.0,0.0,0.0,0.0,333.55,1.87,52.0,1013.14,
2011,12,31,0,13.96,100.0,0.0,0.0,0.0,332.9,2.03,52.0,1012.81,
2011,12,31,1,13.64,100.0,0.0,0.0,0.0,332.25,2.19,53.0,1012.48,
2011,12,31,2,13.72,100.0,0.0,0.0,0.0,332.08,2.17,53.0,1012.28,
2011,12,31,3,13.81,100.0,0.0,0.0,0.0,331.92,2.16,54.0,1012.08,
2011,12,31,4,13.9,100.0,0.0,0.0,0.0,331.75,2.14,55.0,1011.88,
2011,12,31,5,14.34,100.0,0.0,0.0,0.0,331.2,1.84,55.0,1012.58,
2011,12,31,6,14.79,100.0,0.0,0.0,0.0,330.65,1.54,55.0,1013.28,
2011,12,31,7,15.23,100.0,24.0,0.0,24.0,330.1,1.24,56.0,1013.97,
2011,12,31,8,17.58,85.05,215.0,682.97,49.0,329.6,1.39,84.0,1013.97,
2011,12,31,9,22.93,50.96,418.0,837.68,64.0,324.15,2.18,113.0,1013.97,
2011,12,31,10,22.63,54.71,585.0,909.73,73.0,326.32,2.15,142.0,1013.97,
2011,12,31,11,22.33,58.46,695.0,943.25,78.0,328.5,2.12,174.0,1013.08,
2011,12,31,12,22.03,62.21,738.0,953.17,80.0,330.67,2.09,205.0,1012.18,
2011,12,31,13,21.72,65.96,711.0,946.25,78.0,332.85,2.06,236.0,1011.28,
2011,12,31,14,21.42,69.7,616.0,916.38,74.0,335.02,2.02,257.0,1011.78,
2011,12,31,15,21.12,73.45,463.0,855.07,67.0,337.2,1.99,279.0,1012.28,
2011,12,31,16,20.82,77.2,268.0,731.17,54.0,339.37,1.96,300.0,1012.78,
2011,12,31,17,20.52,80.95,64.0,359.62,30.0,341.55,1.93,329.0,1011.91,
2011,12,31,18,20.21,84.7,0.0,0.0,0.0,343.72,1.9,3.0,1012.04,
2011,12,31,19,19.91,88.45,0.0,0.0,0.0,345.9,1.87,37.0,1012.18,
2011,12,31,20,19.61,92.19,0.0,0.0,0.0,348.07,1.84,41.0,1012.14,
2011,12,31,21,19.31,95.94,0.0,0.0,0.0,350.25,1.81,45.0,1012.11,
2011,12,31,22,19.0,99.69,0.0,0.0,0.0,352.42,1.78,49.0,1012.08,
2011,12,31,23,18.7,100.0,0.0,0.0,0.0,354.6,1.75,50.0,1011.88,
