Source,Location ID,City,Region,Country,Latitude,Longitude,Time Zone,Elevation
PVGIS,1424,Kapiri Mposhi,ZMB,Zambia,-13.9696008109,28.6599971097,2,1248.0
Year,Month,Day,Hour,Tdry,RH,GHI,DNI,DHI,IR,Wspd,Wdir,Pres,
2006,1,1,0,19.76,90.01,0.0,0.0,0.0,383.17,3.14,107.0,873.86,
2006,1,1,1,19.75,90.24,0.0,0.0,0.0,383.59,3.4,108.0,873.72,
2006,1,1,2,19.74,90.46,0.0,0.0,0.0,384.01,3.66,109.0,873.63,
2006,1,1,3,19.74,90.69,0.0,0.0,0.0,384.43,3.92,108.0,873.46,
2006,1,1,4,19.73,90.92,0.0,0.0,0.0,384.85,4.18,108.0,873.29,
2006,1,1,5,19.72,91.14,0.0,0.0,0.0,385.27,4.44,106.0,873.63,
2006,1,1,6,19.71,91.37,4.0,0.0,4.0,385.68,4.7,104.0,873.97,
2006,1,1,7,19.7,91.59,127.0,22.65,120.0,386.1,4.96,102.0,874.32,
2006,1,1,8,19.69,91.82,258.75,176.1,166.1,386.52,5.22,101.0,873.74,
2006,1,1,9,19.68,92.04,208.0,0.0,208.0,386.94,5.48,100.0,873.17,
2006,1,1,10,23.87,74.2,570.5,323.77,292.3,391.95,6.15,98.0,872.6,
2006,1,1,11,24.43,71.66,652.0,156.42,503.0,396.33,5.97,99.0,871.68,
2006,1,1,12,24.99,69.11,444.0,15.19,429.0,400.72,5.79,100.0,870.76,
2006,1,1,13,25.56,66.57,1057.0,964.22,130.0,405.1,5.61,100.0,869.84,
2006,1,1,14,24.93,69.48,739.0,378.87,407.0,403.72,5.32,99.0,869.96,
2006,1,1,15,24.31,72.4,532.0,216.83,372.0,402.33,5.03,98.0,870.07,
2006,1,1,16,23.69,75.31,478.0,471.52,216.0,400.95,4.74,97.0,870.19,
2006,1,1,17,22.73,78.31,234.0,239.79,152.0,395.97,4.03,99.0,870.85,
2006,1,1,18,21.77,81.3,42.0,35.91,38.0,390.98,3.31,101.0,871.51,
2006,1,1,19,20.81,84.3,0.0,0.0,0.0,386.0,2.59,102.0,872.17,
2006,1,1,20,20.41,86.34,0.0,0.0,0.0,383.82,2.41,103.0,872.83,
2006,1,1,21,20.01,88.39,0.0,0.0,0.0,381.63,2.23,104.0,873.49,
2006,1,1,22,19.6,90.43,0.0,0.0,0.0,379.45,2.06,104.0,874.15,
2006,1,1,23,19.23,92.35,0.0,0.0,0.0,377.52,1.96,105.0,874.0,
2006,1,2,0,18.86,94.28,0.0,0.0,0.0,375.58,1.87,107.0,873.86,
2006,1,2,1,18.49,96.2,0.0,0.0,0.0,373.65,1.78,108.0,873.72,
2006,1,2,2,18.32,96.79,0.0,0.0,0.0,371.07,1.84,107.0,873.49,
2006,1,2,3,18.16,97.39,0.0,0.0,0.0,368.48,1.91,105.0,873.26,
2006,1,2,4,18.0,97.98,0.0,0.0,0.0,365.9,1.97,104.0,873.03,
2006,1,2,5,18.94,94.23,0.0,0.0,0.0,368.83,2.71,105.0,873.17,
2006,1,2,6,19.89,90.48,40.0,186.09,26.0,371.77,3.45,107.0,873.31,
2006,1,2,7,20.84,86.73,24.0,0.0,24.0,374.7,4.19,109.0,873.46,
2006,1,2,8,21.69,85.22,288.95,221.62,172.7,380.18,4.26,109.0,872.88,
2006,1,2,9,22.55,83.72,654.0,547.29,264.0,385.67,4.33,109.0,872.31,
2006,1,2,10,23.4,82.21,591.7,316.6,319.9,391.15,4.4,109.0,871.74,
2006,1,2,11,23.82,80.06,872.0,502.99,393.0,393.9,4.26,109.0,870.96,
2006,1,2,12,24.23,77.91,844.0,384.76,464.0,396.65,4.11,108.0,870.19,
2006,1,2,13,24.65,75.76,693.0,194.38,506.0,399.4,3.97,108.0,869.41,
2006,1,2,14,24.22,76.47,555.0,113.99,455.0,397.97,3.84,104.0,869.47,
2006,1,2,15,23.79,77.19,550.0,246.22,368.0,396.53,3.71,101.0,869.53,
2006,1,2,16,23.36,77.9,100.0,0.0,100.0,395.1,3.57,97.0,869.58,
2006,1,2,17,22.36,81.48,136.0,17.47,130.0,394.68,3.04,95.0,870.24,
2006,1,2,18,21.37,85.07,43.0,44.32,38.0,394.27,2.51,94.0,870.9,
2006,1,2,19,20.37,88.65,0.0,0.0,0.0,393.85,1.99,92.0,871.56,
2006,1,2,20,19.82,91.26,0.0,0.0,0.0,389.98,1.85,90.0,871.91,
2006,1,2,21,19.27,93.86,0.0,0.0,0.0,386.12,1.72,87.0,872.25,
2006,1,2,22,18.71,96.47,0.0,0.0,0.0,382.25,1.59,85.0,872.6,
2006,1,2,23,18.38,97.47,0.0,0.0,0.0,379.52,1.48,92.0,872.31,
2006,1,3,0,18.04,98.46,0.0,0.0,0.0,376.78,1.37,100.0,872.02,
2006,1,3,1,17.71,99.46,0.0,0.0,0.0,374.05,1.26,107.0,871.74,
2006,1,3,2,17.7,99.33,0.0,0.0,0.0,377.27,1.44,106.0,871.62,
2006,1,3,3,17.7,99.19,0.0,0.0,0.0,380.48,1.63,106.0,871.51,
2006,1,3,4,17.7,99.06,0.0,0.0,0.0,383.7,1.82,105.0,871.39,
2006,1,3,5,18.2,98.59,0.0,0.0,0.0,392.35,1.93,98.0,871.76,
2006,1,3,6,18.7,98.12,25.0,27.35,23.0,401.0,2.03,92.0,872.14,
2006,1,3,7,19.21,97.65,83.0,0.0,83.0,409.65,2.14,85.0,872.51,
2006,1,3,8,20.05,94.96,296.9,256.61,162.7,412.5,2.15,80.0,872.02,
2006,1,3,9,20.9,92.26,106.0,0.0,106.0,415.35,2.17,74.0,871.54,
2006,1,3,10,21.74,89.57,627.3,352.54,324.9,418.2,2.18,69.0,871.05,
2006,1,3,11,22.13,88.99,714.0,230.03,495.0,416.33,2.01,73.0,870.19,
2006,1,3,12,22.52,88.41,785.0,289.52,499.0,414.47,1.85,76.0,869.33,
2006,1,3,13,22.91,87.83,346.0,2.08,344.0,412.6,1.68,79.0,868.47,
2006,1,3,14,22.43,89.3,633.0,202.66,455.0,413.03,1.62,88.0,868.44,
2006,1,3,15,21.95,90.76,493.0,153.96,379.0,413.47,1.56,97.0,868.41,
2006,1,3,16,21.48,92.23,379.0,187.99,274.0,413.9,1.5,106.0,868.38,
2006,1,3,17,20.76,93.46,124.0,8.7,121.0,403.35,1.41,88.0,868.98,
2006,1,3,18,20.05,94.7,40.0,26.27,37.0,392.8,1.32,70.0,869.58,
2006,1,3,19,19.34,95.93,0.0,0.0,0.0,382.25,1.23,52.0,870.19,
2006,1,3,20,18.88,96.88,0.0,0.0,0.0,376.98,1.3,42.0,870.73,
2006,1,3,21,18.42,97.82,0.0,0.0,0.0,371.72,1.37,32.0,871.28,
2006,1,3,22,17.95,98.77,0.0,0.0,0.0,366.45,1.45,21.0,871.82,
2006,1,3,23,17.76,99.16,0.0,0.0,0.0,364.63,1.33,15.0,871.51,
2006,1,4,0,17.56,99.54,0.0,0.0,0.0,362.82,1.21,9.0,871.19,
2006,1,4,1,17.37,99.93,0.0,0.0,0.0,361.0,1.09,3.0,870.88,
2006,1,4,2,17.43,99.86,0.0,0.0,0.0,369.65,1.01,17.0,870.56,
2006,1,4,3,17.49,99.8,0.0,0.0,0.0,378.3,0.93,31.0,870.24,
2006,1,4,4,17.56,99.73,0.0,0.0,0.0,386.95,0.86,45.0,869.93,
2006,1,4,5,18.26,97.72,0.0,0.0,0.0,395.67,1.24,47.0,870.22,
2006,1,4,6,18.96,95.7,10.0,0.0,10.0,404.38,1.62,49.0,870.5,
2006,1,4,7,19.66,93.69,92.0,3.3,91.0,413.1,2.0,51.0,870.79,
2006,1,4,8,20.96,89.98,319.6,269.47,179.1,414.52,2.0,46.0,870.13,
2006,1,4,9,22.26,86.27,399.0,70.4,349.0,415.93,1.99,40.0,869.47,
2006,1,4,10,23.56,82.56,662.8,371.5,344.4,417.35,1.99,35.0,868.81,
2006,1,4,11,23.47,84.81,758.0,295.23,477.0,413.25,2.03,34.0,868.09,
2006,1,4,12,23.38,87.05,998.0,710.48,296.0,409.15,2.08,34.0,867.38,
2006,1,4,13,23.3,89.3,888.0,515.92,391.0,405.05,2.12,33.0,866.66,
2006,1,4,14,22.71,89.65,706.0,313.88,430.0,402.58,1.98,29.0,866.97,
2006,1,4,15,22.12,90.0,779.0,881.74,125.0,400.12,1.84,24.0,867.29,
2006,1,4,16,21.54,90.35,539.0,703.65,145.0,397.65,1.7,19.0,867.6,
2006,1,4,17,20.82,91.86,277.0,430.2,128.0,392.63,1.61,20.0,868.38,
2006,1,4,18,20.11,93.36,50.0,69.25,42.0,387.62,1.53,20.0,869.15,
2006,1,4,19,19.39,94.87,0.0,0.0,0.0,382.6,1.45,20.0,869.93,
2006,1,4,20,18.81,95.89,0.0,0.0,0.0,377.42,1.58,17.0,870.36,
2006,1,4,21,18.23,96.92,0.0,0.0,0.0,372.23,1.71,14.0,870.79,
2006,1,4,22,17.65,97.94,0.0,0.0,0.0,367.05,1.85,11.0,871.22,
2006,1,4,23,17.47,98.3,0.0,0.0,0.0,364.13,1.69,7.0,870.9,
2006,1,5,0,17.28,98.65,0.0,0.0,0.0,361.22,1.53,4.0,870.59,
2006,1,5,1,17.1,99.01,0.0,0.0,0.0,358.3,1.37,1.0,870.27,
2006,1,5,2,16.92,98.99,0.0,0.0,0.0,357.02,1.32,1.0,870.1,
2006,1,5,3,16.74,98.96,0.0,0.0,0.0,355.73,1.27,1.0,869.93,
2006,1,5,4,16.56,98.94,0.0,0.0,0.0,354.45,1.23,1.0,869.76,
2006,1,5,5,18.0,96.15,0.0,0.0,0.0,358.9,1.48,8.0,870.1,
2006,1,5,6,19.44,93.35,5.0,0.0,5.0,363.35,1.73,15.0,870.44,
2006,1,5,7,20.89,90.56,183.0,152.58,137.0,367.8,1.99,22.0,870.79,
2006,1,5,8,22.08,85.32,314.35,265.37,176.4,376.77,2.17,22.0,870.27,
2006,1,5,9,23.27,80.08,430.0,101.54,358.0,385.73,2.35,21.0,869.76,
2006,1,5,10,24.46,74.84,663.0,378.52,338.85,394.7,2.54,20.0,869.24,
2006,1,5,11,24.65,75.32,1040.0,944.73,141.0,399.95,2.37,21.0,868.52,
2006,1,5,12,24.84,75.79,1122.0,1065.46,69.0,405.2,2.21,21.0,867.81,
2006,1,5,13,25.03,76.27,917.0,578.84,359.0,410.45,2.04,22.0,867.09,
2006,1,5,14,24.53,77.65,342.0,4.54,338.0,404.12,1.68,12.0,867.38,
2006,1,5,15,24.03,79.02,70.0,0.0,70.0,397.78,1.31,2.0,867.66,
2006,1,5,16,23.54,80.4,56.0,0.0,56.0,391.45,0.95,353.0,867.95,
2006,1,5,17,22.74,82.56,46.0,0.0,46.0,388.47,0.84,356.0,868.9,
2006,1,5,18,21.94,84.71,33.0,8.56,32.0,385.48,0.73,358.0,869.84,
2006,1,5,19,21.14,86.87,0.0,0.0,0.0,382.5,0.62,1.0,870.79,
2006,1,5,20,20.54,89.31,0.0,0.0,0.0,379.95,0.73,360.0,871.13,
2006,1,5,21,19.94,91.76,0.0,0.0,0.0,377.4,0.84,359.0,871.48,
2006,1,5,22,19.33,94.2,0.0,0.0,0.0,374.85,0.95,358.0,871.82,
2006,1,5,23,18.92,95.74,0.0,0.0,0.0,372.57,1.03,348.0,871.51,
2006,1,6,0,18.51,97.28,0.0,0.0,0.0,370.28,1.11,339.0,871.19,
2006,1,6,1,18.1,98.82,0.0,0.0,0.0,368.0,1.19,329.0,870.88,
2006,1,6,2,17.83,99.06,0.0,0.0,0.0,371.68,1.28,350.0,870.93,
2006,1,6,3,17.56,99.29,0.0,0.0,0.0,375.37,1.38,12.0,870.99,
2006,1,6,4,17.3,99.53,0.0,0.0,0.0,379.05,1.48,34.0,871.05,
2006,1,6,5,18.53,97.38,0.0,0.0,0.0,383.78,1.78,44.0,871.54,
2006,1,6,6,19.76,95.22,18.0,14.98,17.0,388.52,2.08,55.0,872.02,
2006,1,6,7,20.99,93.07,63.0,0.0,63.0,393.25,2.39,65.0,872.51,
2006,1,6,8,22.02,89.51,291.75,210.31,182.75,400.18,2.53,62.0,871.79,
2006,1,6,9,23.05,85.95,121.0,0.0,121.0,407.12,2.67,58.0,871.08,
2006,1,6,10,24.08,82.39,646.75,372.63,327.9,414.05,2.81,55.0,870.36,
2006,1,6,11,24.55,80.76,319.0,0.0,319.0,408.7,2.62,59.0,869.53,
2006,1,6,12,25.02,79.14,668.0,145.67,524.0,403.35,2.42,63.0,868.69,
2006,1,6,13,25.5,77.51,918.0,579.48,359.0,398.0,2.22,67.0,867.86,
2006,1,6,14,24.8,79.85,271.0,0.0,271.0,397.35,2.11,77.0,868.04,
2006,1,6,15,24.11,82.2,222.0,0.0,222.0,396.7,2.01,87.0,868.21,
2006,1,6,16,23.42,84.54,424.0,287.91,262.0,396.05,1.9,97.0,868.38,
2006,1,6,17,22.35,87.88,126.0,8.59,123.0,390.45,1.77,98.0,869.13,
2006,1,6,18,21.28,91.22,29.0,0.0,29.0,384.85,1.64,99.0,869.87,
2006,1,6,19,20.21,94.56,0.0,0.0,0.0,379.25,1.5,101.0,870.62,
2006,1,6,20,19.78,95.65,0.0,0.0,0.0,377.27,1.57,100.0,871.02,
2006,1,6,21,19.35,96.73,0.0,0.0,0.0,375.28,1.64,100.0,871.42,
2006,1,6,22,18.91,97.82,0.0,0.0,0.0,373.3,1.71,99.0,871.82,
2006,1,6,23,18.55,98.47,0.0,0.0,0.0,370.53,1.75,86.0,871.68,
2006,1,7,0,18.19,99.12,0.0,0.0,0.0,367.77,1.78,73.0,871.54,
2006,1,7,1,17.83,99.77,0.0,0.0,0.0,365.0,1.82,60.0,871.39,
2006,1,7,2,17.46,99.69,0.0,0.0,0.0,361.17,1.73,51.0,871.08,
2006,1,7,3,17.09,99.62,0.0,0.0,0.0,357.33,1.65,41.0,870.76,
2006,1,7,4,16.72,99.54,0.0,0.0,0.0,353.5,1.56,32.0,870.44,
2006,1,7,5,18.16,96.73,0.0,0.0,0.0,358.0,2.08,37.0,870.93,
2006,1,7,6,19.61,93.92,6.0,0.0,6.0,362.5,2.6,43.0,871.42,
2006,1,7,7,21.06,91.11,118.0,20.16,112.0,367.0,3.12,48.0,871.91,
2006,1,7,8,22.23,86.36,281.25,209.59,172.95,377.17,3.15,50.0,871.28,
2006,1,7,9,23.4,81.61,148.0,0.0,148.0,387.33,3.18,53.0,870.65,
2006,1,7,10,24.57,76.86,629.8,393.38,293.45,397.5,3.21,55.0,870.01,
2006,1,7,11,25.11,75.1,780.0,331.16,465.0,396.88,3.22,57.0,869.13,
2006,1,7,12,25.64,73.34,963.0,624.98,345.0,396.27,3.22,60.0,868.24,
2006,1,7,13,26.18,71.58,913.0,566.64,366.0,395.65,3.23,62.0,867.35,
2006,1,7,14,25.32,74.78,379.0,11.33,369.0,396.4,3.09,58.0,867.72,
2006,1,7,15,24.46,77.97,602.0,339.4,349.0,397.15,2.95,55.0,868.09,
2006,1,7,16,23.61,81.17,356.0,138.29,278.0,397.9,2.81,52.0,868.47,
2006,1,7,17,22.57,85.01,62.0,0.0,62.0,394.08,2.57,47.0,869.1,
2006,1,7,18,21.54,88.84,33.0,8.39,32.0,390.27,2.33,43.0,869.73,
2006,1,7,19,20.5,92.68,0.0,0.0,0.0,386.45,2.08,38.0,870.36,
2006,1,7,20,20.28,93.21,0.0,0.0,0.0,386.93,1.86,56.0,870.79,
2006,1,7,21,20.06,93.73,0.0,0.0,0.0,387.42,1.63,73.0,871.22,
2006,1,7,22,19.83,94.26,0.0,0.0,0.0,387.9,1.41,90.0,871.65,
2006,1,7,23,19.67,95.11,0.0,0.0,0.0,389.0,1.37,77.0,871.51,
2006,1,8,0,19.51,95.95,0.0,0.0,0.0,390.1,1.34,63.0,871.36,
2006,1,8,1,19.36,96.8,0.0,0.0,0.0,391.2,1.31,49.0,871.22,
2006,1,8,2,19.15,97.02,0.0,0.0,0.0,386.3,1.38,47.0,870.9,
2006,1,8,3,18.95,97.23,0.0,0.0,0.0,381.4,1.45,44.0,870.59,
2006,1,8,4,18.75,97.45,0.0,0.0,0.0,376.5,1.52,42.0,870.27,
2006,1,8,5,19.57,94.76,0.0,0.0,0.0,376.03,2.07,40.0,870.53,
2006,1,8,6,20.39,92.07,3.0,0.0,3.0,375.57,2.63,37.0,870.79,
2006,1,8,7,21.21,89.38,254.0,564.58,87.0,375.1,3.19,34.0,871.05,
2006,1,8,8,22.02,88.27,278.65,196.92,177.2,378.72,3.28,39.0,870.5,
2006,1,8,9,22.84,87.15,710.0,760.93,173.0,382.33,3.37,43.0,869.96,
2006,1,8,10,23.65,86.04,609.55,376.48,287.9,385.95,3.46,48.0,869.41,
2006,1,8,11,23.98,84.84,966.0,731.84,270.0,390.8,3.41,54.0,868.52,
2006,1,8,12,24.3,83.63,310.0,0.0,310.0,395.65,3.36,60.0,867.63,
2006,1,8,13,24.63,82.43,95.0,0.0,95.0,400.5,3.31,67.0,866.74,
2006,1,8,14,24.29,83.82,405.0,19.25,388.0,400.8,3.26,73.0,866.83,
2006,1,8,15,23.96,85.22,743.0,728.6,199.0,401.1,3.2,79.0,866.92,
2006,1,8,16,23.63,86.61,560.0,778.32,120.0,401.4,3.14,84.0,867.0,
2006,1,8,17,22.64,89.95,144.0,19.9,137.0,398.17,2.82,79.0,867.86,
2006,1,8,18,21.66,93.28,11.0,0.0,11.0,394.93,2.49,73.0,868.72,
2006,1,8,19,20.68,96.62,0.0,0.0,0.0,391.7,2.17,67.0,869.58,
2006,1,8,20,20.47,97.33,0.0,0.0,0.0,392.63,2.05,62.0,870.07,
2006,1,8,21,20.25,98.05,0.0,0.0,0.0,393.57,1.93,56.0,870.56,
2006,1,8,22,20.03,98.76,0.0,0.0,0.0,394.5,1.81,50.0,871.05,
2006,1,8,23,19.88,98.69,0.0,0.0,0.0,392.88,1.77,42.0,870.76,
2006,1,9,0,19.72,98.62,0.0,0.0,0.0,391.27,1.73,34.0,870.47,
2006,1,9,1,19.57,98.55,0.0,0.0,0.0,389.65,1.7,25.0,870.19,
2006,1,9,2,19.54,98.02,0.0,0.0,0.0,392.72,1.86,26.0,870.13,
2006,1,9,3,19.51,97.48,0.0,0.0,0.0,395.78,2.03,26.0,870.07,
2006,1,9,4,19.48,96.95,0.0,0.0,0.0,398.85,2.19,26.0,870.01,
2006,1,9,5,19.94,95.05,0.0,0.0,0.0,402.63,2.82,24.0,870.36,
2006,1,9,6,20.41,93.15,21.0,49.74,18.0,406.42,3.44,21.0,870.7,
2006,1,9,7,20.88,91.25,202.0,248.38,129.0,410.2,4.07,19.0,871.05,
2006,1,9,8,22.18,86.5,299.5,256.68,167.65,407.62,3.93,12.0,870.24,
2006,1,9,9,23.48,81.76,736.0,868.55,124.0,405.03,3.79,6.0,869.44,
2006,1,9,10,24.78,77.01,607.05,382.14,280.8,402.45,3.66,359.0,868.64,
2006,1,9,11,25.04,75.96,1045.0,962.27,130.0,401.97,3.25,354.0,868.15,
2006,1,9,12,25.3,74.91,1052.0,852.03,209.0,401.48,2.85,349.0,867.66,
2006,1,9,13,25.57,73.86,1018.0,829.63,216.0,401.0,2.44,344.0,867.17,
2006,1,9,14,24.86,76.4,493.0,61.07,439.0,397.72,1.77,329.0,867.63,
2006,1,9,15,24.15,78.94,510.9,378.96,227.5,394.43,1.1,314.0,868.09,
2006,1,9,16,23.44,81.48,373.85,307.36,199.7,391.15,0.43,300.0,868.55,
2006,1,9,17,22.32,85.24,139.0,17.0,133.0,386.57,0.59,326.0,869.18,
2006,1,9,18,21.21,89.01,7.0,0.0,7.0,381.98,0.76,352.0,869.81,
2006,1,9,19,20.09,92.77,0.0,0.0,0.0,377.4,0.92,18.0,870.44,
2006,1,9,20,19.66,93.92,0.0,0.0,0.0,374.48,1.05,10.0,870.93,
2006,1,9,21,19.23,95.06,0.0,0.0,0.0,371.57,1.17,2.0,871.42,
2006,1,9,22,18.79,96.21,0.0,0.0,0.0,368.65,1.3,354.0,871.91,
2006,1,9,23,18.49,96.82,0.0,0.0,0.0,367.32,1.26,345.0,871.51,
2006,1,10,0,18.19,97.43,0.0,0.0,0.0,365.98,1.21,335.0,871.1,
2006,1,10,1,17.89,98.04,0.0,0.0,0.0,364.65,1.17,326.0,870.7,
2006,1,10,2,17.75,98.14,0.0,0.0,0.0,365.87,1.17,331.0,870.73,
2006,1,10,3,17.61,98.23,0.0,0.0,0.0,367.08,1.17,337.0,870.76,
2006,1,10,4,17.47,98.33,0.0,0.0,0.0,368.3,1.17,342.0,870.79,
2006,1,10,5,18.41,95.68,0.0,0.0,0.0,369.9,1.25,344.0,871.22,
2006,1,10,6,19.35,93.02,6.0,0.0,6.0,371.5,1.32,347.0,871.65,
2006,1,10,7,20.29,90.37,90.0,3.42,89.0,373.1,1.39,350.0,872.08,
2006,1,10,8,21.11,90.03,299.15,254.61,168.75,381.35,1.44,356.0,871.59,
2006,1,10,9,21.93,89.69,129.0,0.0,129.0,389.6,1.49,2.0,871.1,
2006,1,10,10,22.75,89.35,582.9,339.1,293.6,397.85,1.53,9.0,870.62,
2006,1,10,11,22.95,89.6,482.0,33.66,450.0,399.73,1.4,358.0,869.81,
2006,1,10,12,23.15,89.85,569.0,66.69,503.0,401.62,1.27,347.0,869.01,
2006,1,10,13,23.35,90.1,365.0,3.1,362.0,403.5,1.14,336.0,868.21,
2006,1,10,14,23.46,87.04,417.0,22.59,397.0,402.4,0.98,322.0,868.29,
2006,1,10,15,23.57,83.99,533.0,204.27,380.0,401.3,0.82,309.0,868.38,
2006,1,10,16,23.69,80.93,490.0,477.24,219.0,400.2,0.66,296.0,868.47,
2006,1,10,17,22.8,84.05,229.0,189.19,162.0,398.62,0.69,317.0,869.15,
2006,1,10,18,21.92,87.18,45.0,32.67,41.0,397.03,0.72,338.0,869.84,
2006,1,10,19,21.03,90.3,0.0,0.0,0.0,395.45,0.74,359.0,870.53,
2006,1,10,20,20.38,92.35,0.0,0.0,0.0,391.07,1.03,360.0,870.85,
2006,1,10,21,19.73,94.39,0.0,0.0,0.0,386.68,1.31,0.0,871.16,
2006,1,10,22,19.07,96.44,0.0,0.0,0.0,382.3,1.59,1.0,871.48,
2006,1,10,23,18.73,97.27,0.0,0.0,0.0,379.93,1.47,348.0,871.16,
2006,1,11,0,18.39,98.11,0.0,0.0,0.0,377.57,1.36,335.0,870.85,
2006,1,11,1,18.06,98.94,0.0,0.0,0.0,375.2,1.24,321.0,870.53,
2006,1,11,2,18.0,99.15,0.0,0.0,0.0,375.87,1.09,328.0,870.44,
2006,1,11,3,17.95,99.37,0.0,0.0,0.0,376.53,0.94,335.0,870.36,
2006,1,11,4,17.9,99.58,0.0,0.0,0.0,377.2,0.79,341.0,870.27,
2006,1,11,5,18.33,99.27,0.0,0.0,0.0,382.32,0.93,340.0,870.82,
2006,1,11,6,18.76,98.97,27.0,142.89,19.0,387.43,1.07,338.0,871.36,
2006,1,11,7,19.19,98.66,205.0,282.61,123.0,392.55,1.21,336.0,871.91,
2006,1,11,8,20.05,96.97,288.6,266.23,152.65,399.65,1.38,332.0,871.59,
2006,1,11,9,20.92,95.28,619.0,475.46,285.0,406.75,1.55,327.0,871.28,
2006,1,11,10,21.78,93.59,586.55,353.12,285.5,413.85,1.72,323.0,870.96,
2006,1,11,11,22.13,92.98,448.0,21.04,428.0,414.42,1.77,328.0,870.01,
2006,1,11,12,22.47,92.36,610.0,94.95,516.0,414.98,1.83,333.0,869.07,
2006,1,11,13,22.82,91.75,537.0,55.78,483.0,415.55,1.88,338.0,868.12,
2006,1,11,14,22.87,87.97,288.0,0.0,288.0,410.8,1.74,340.0,868.09,
2006,1,11,15,22.92,84.19,169.0,0.0,169.0,406.05,1.61,342.0,868.06,
2006,1,11,16,22.98,80.41,455.0,358.49,251.0,401.3,1.48,343.0,868.04,
2006,1,11,17,22.08,83.73,97.0,0.0,97.0,399.3,1.42,348.0,868.81,
2006,1,11,18,21.19,87.05,21.0,0.0,21.0,397.3,1.37,353.0,869.58,
2006,1,11,19,20.3,90.37,0.0,0.0,0.0,395.3,1.31,358.0,870.36,
2006,1,11,20,19.92,92.05,0.0,0.0,0.0,395.07,1.6,3.0,870.82,
2006,1,11,21,19.53,93.74,0.0,0.0,0.0,394.83,1.88,8.0,871.28,
2006,1,11,22,19.14,95.42,0.0,0.0,0.0,394.6,2.17,13.0,871.74,
2006,1,11,23,18.96,95.97,0.0,0.0,0.0,399.0,2.22,12.0,871.42,
2006,1,12,0,18.78,96.52,0.0,0.0,0.0,403.4,2.28,10.0,871.1,
2006,1,12,1,18.61,97.07,0.0,0.0,0.0,407.8,2.33,9.0,870.79,
2006,1,12,2,18.53,97.25,0.0,0.0,0.0,406.6,2.35,9.0,870.67,
2006,1,12,3,18.45,97.44,0.0,0.0,0.0,405.4,2.37,9.0,870.56,
2006,1,12,4,18.37,97.62,0.0,0.0,0.0,404.2,2.39,9.0,870.44,
2006,1,12,5,18.59,97.28,0.0,0.0,0.0,405.33,2.7,8.0,870.99,
2006,1,12,6,18.81,96.94,7.0,0.0,7.0,406.47,3.02,7.0,871.54,
2006,1,12,7,19.03,96.6,36.0,0.0,36.0,407.6,3.34,6.0,872.08,
2006,1,12,8,20.13,95.15,270.9,233.52,152.0,406.63,3.82,5.0,871.74,
2006,1,12,9,21.22,93.71,353.0,39.92,325.0,405.67,4.29,3.0,871.39,
2006,1,12,10,22.32,92.26,604.55,350.02,306.35,404.7,4.77,1.0,871.05,
2006,1,12,11,22.51,92.11,791.0,350.34,458.0,405.77,4.43,357.0,870.07,
2006,1,12,12,22.7,91.95,882.0,449.35,437.0,406.83,4.08,353.0,869.1,
2006,1,12,13,22.9,91.8,583.0,85.68,500.0,407.9,3.74,349.0,868.12,
2006,1,12,14,22.5,92.26,649.15,379.56,312.4,410.08,3.48,348.0,868.35,
2006,1,12,15,22.11,92.73,505.2,309.07,273.0,412.27,3.21,346.0,868.58,
2006,1,12,16,21.72,93.19,51.0,0.0,51.0,414.45,2.95,344.0,868.81,
2006,1,12,17,21.01,93.68,29.0,0.0,29.0,408.23,2.6,350.0,869.64,
2006,1,12,18,20.31,94.16,9.0,0.0,9.0,402.02,2.25,355.0,870.47,
2006,1,12,19,19.6,94.65,0.0,0.0,0.0,395.8,1.9,0.0,871.31,
2006,1,12,20,19.34,95.24,0.0,0.0,0.0,393.23,1.82,3.0,871.74,
2006,1,12,21,19.07,95.82,0.0,0.0,0.0,390.67,1.74,5.0,872.17,
2006,1,12,22,18.8,96.41,0.0,0.0,0.0,388.1,1.66,8.0,872.6,
2006,1,12,23,18.58,96.82,0.0,0.0,0.0,385.08,1.64,10.0,872.54,
2006,1,13,0,18.36,97.24,0.0,0.0,0.0,382.07,1.63,13.0,872.48,
2006,1,13,1,18.15,97.65,0.0,0.0,0.0,379.05,1.61,15.0,872.42,
2006,1,13,2,18.24,97.6,0.0,0.0,0.0,382.13,1.52,20.0,872.48,
2006,1,13,3,18.33,97.54,0.0,0.0,0.0,385.22,1.43,25.0,872.54,
2006,1,13,4,18.43,97.49,0.0,0.0,0.0,388.3,1.34,30.0,872.6,
2006,1,13,5,18.99,96.71,0.0,0.0,0.0,391.33,1.84,27.0,872.85,
2006,1,13,6,19.56,95.94,14.0,19.36,13.0,394.37,2.35,24.0,873.11,
2006,1,13,7,20.13,95.16,22.0,0.0,22.0,397.4,2.86,21.0,873.37,
2006,1,13,8,21.09,92.5,259.35,228.38,143.4,399.13,2.87,11.0,873.0,
2006,1,13,9,22.06,89.83,601.0,431.18,299.0,400.87,2.88,2.0,872.63,
2006,1,13,10,23.02,87.17,626.5,379.32,303.55,402.6,2.9,352.0,872.25,
2006,1,13,11,23.29,85.67,751.0,286.2,479.0,402.93,2.65,346.0,871.45,
2006,1,13,12,23.55,84.17,1053.0,851.96,209.0,403.27,2.41,339.0,870.65,
2006,1,13,13,23.82,82.67,1055.0,930.44,153.0,403.6,2.17,333.0,869.84,
2006,1,13,14,23.48,83.59,916.0,790.39,214.0,403.17,1.74,337.0,869.76,
2006,1,13,15,23.15,84.51,775.0,821.37,157.0,402.73,1.31,342.0,869.67,
2006,1,13,16,22.82,85.43,543.0,670.3,160.0,402.3,0.88,347.0,869.58,
2006,1,13,17,21.9,88.09,280.0,391.65,140.0,396.38,1.06,4.0,870.42,
2006,1,13,18,20.99,90.75,66.0,143.77,48.0,390.47,1.23,22.0,871.25,
2006,1,13,19,20.07,93.41,0.0,0.0,0.0,384.55,1.41,39.0,872.08,
2006,1,13,20,19.78,94.44,0.0,0.0,0.0,385.07,1.42,40.0,872.57,
2006,1,13,21,19.49,95.48,0.0,0.0,0.0,385.58,1.43,41.0,873.06,
2006,1,13,22,19.19,96.51,0.0,0.0,0.0,386.1,1.43,42.0,873.54,
2006,1,13,23,18.95,97.05,0.0,0.0,0.0,386.02,1.39,30.0,873.34,
2006,1,14,0,18.71,97.6,0.0,0.0,0.0,385.93,1.34,18.0,873.14,
2006,1,14,1,18.48,98.14,0.0,0.0,0.0,385.85,1.3,6.0,872.94,
2006,1,14,2,18.31,98.28,0.0,0.0,0.0,384.97,1.22,356.0,872.88,
2006,1,14,3,18.15,98.41,0.0,0.0,0.0,384.08,1.14,346.0,872.83,
2006,1,14,4,17.99,98.55,0.0,0.0,0.0,383.2,1.06,336.0,872.77,
2006,1,14,5,18.7,96.81,0.0,0.0,0.0,383.75,1.44,335.0,872.91,
2006,1,14,6,19.41,95.06,4.0,0.0,4.0,384.3,1.82,334.0,873.06,
2006,1,14,7,20.13,93.32,113.0,21.08,107.0,384.85,2.19,332.0,873.2,
2006,1,14,8,21.27,90.96,245.8,196.94,146.1,389.27,2.11,332.0,872.42,
2006,1,14,9,22.42,88.59,525.0,257.37,345.0,393.68,2.04,331.0,871.65,
2006,1,14,10,23.56,86.23,598.8,346.65,303.85,398.1,1.96,331.0,870.88,
2006,1,14,11,24.22,82.04,891.0,551.4,367.0,398.52,1.56,328.0,869.96,
2006,1,14,12,24.88,77.85,994.0,696.28,304.0,398.93,1.17,325.0,869.04,
2006,1,14,13,25.55,73.66,745.0,254.61,498.0,399.35,0.77,322.0,868.12,
2006,1,14,14,25.31,73.56,798.0,478.01,373.0,400.73,0.91,289.0,868.41,
2006,1,14,15,25.07,73.46,811.0,952.91,93.0,402.12,1.05,257.0,868.69,
2006,1,14,16,24.84,73.36,476.0,415.72,238.0,403.5,1.19,225.0,868.98,
2006,1,14,17,23.49,79.48,175.0,53.0,156.0,399.07,1.36,178.0,869.87,
2006,1,14,18,22.15,85.59,38.0,7.94,37.0,394.63,1.54,130.0,870.76,
2006,1,14,19,20.8,91.71,0.0,0.0,0.0,390.2,1.71,83.0,871.65,
2006,1,14,20,20.32,92.91,0.0,0.0,0.0,387.42,1.59,65.0,872.14,
2006,1,14,21,19.84,94.1,0.0,0.0,0.0,384.63,1.46,48.0,872.63,
2006,1,14,22,19.35,95.3,0.0,0.0,0.0,381.85,1.34,30.0,873.11,
2006,1,14,23,19.13,95.8,0.0,0.0,0.0,381.98,1.4,20.0,872.91,
2006,1,15,0,18.91,96.29,0.0,0.0,0.0,382.12,1.46,11.0,872.71,
2006,1,15,1,18.69,96.79,0.0,0.0,0.0,382.25,1.52,1.0,872.51,
2006,1,15,2,18.5,97.27,0.0,0.0,0.0,380.53,1.34,0.0,872.34,
2006,1,15,3,18.32,97.76,0.0,0.0,0.0,378.82,1.16,359.0,872.17,
2006,1,15,4,18.14,98.24,0.0,0.0,0.0,377.1,0.98,358.0,871.99,
2006,1,15,5,18.92,96.23,0.0,0.0,0.0,376.48,1.15,351.0,872.4,
2006,1,15,6,19.71,94.21,12.0,21.13,11.0,375.87,1.32,344.0,872.8,
2006,1,15,7,20.5,92.2,69.0,0.0,69.0,375.25,1.49,337.0,873.2,
2006,1,15,8,21.22,91.03,248.05,204.94,144.6,381.63,1.36,321.0,872.6,
2006,1,15,9,21.94,89.85,297.0,12.89,288.0,388.02,1.22,306.0,871.99,
2006,1,15,10,22.66,88.68,566.45,326.17,289.1,394.4,1.09,290.0,871.39,
2006,1,15,11,22.79,89.06,655.0,162.07,501.0,398.33,1.14,284.0,870.62,
2006,1,15,12,22.92,89.44,658.0,135.17,524.0,402.27,1.2,278.0,869.84,
2006,1,15,13,23.06,89.82,780.0,304.91,484.0,406.2,1.26,272.0,869.07,
2006,1,15,14,22.58,91.49,92.0,0.0,92.0,408.8,1.35,257.0,869.27,
2006,1,15,15,22.1,93.16,71.0,0.0,71.0,411.4,1.45,241.0,869.47,
2006,1,15,16,21.62,94.83,80.0,0.0,80.0,414.0,1.54,226.0,869.67,
2006,1,15,17,21.0,95.75,64.0,0.0,64.0,410.17,1.34,221.0,870.44,
2006,1,15,18,20.39,96.68,25.0,0.0,25.0,406.33,1.13,215.0,871.22,
2006,1,15,19,19.77,97.6,0.0,0.0,0.0,402.5,0.92,210.0,871.99,
2006,1,15,20,19.61,98.06,0.0,0.0,0.0,400.67,0.88,191.0,872.22,
2006,1,15,21,19.45,98.52,0.0,0.0,0.0,398.83,0.83,171.0,872.45,
2006,1,15,22,19.29,98.98,0.0,0.0,0.0,397.0,0.79,152.0,872.68,
2006,1,15,23,19.1,99.05,0.0,0.0,0.0,397.22,0.78,101.0,872.17,
2006,1,16,0,18.9,99.11,0.0,0.0,0.0,397.43,0.77,49.0,871.65,
2006,1,16,1,18.71,99.18,0.0,0.0,0.0,397.65,0.76,358.0,871.13,
2006,1,16,2,18.84,98.84,0.0,0.0,0.0,402.8,0.75,40.0,870.99,
2006,1,16,3,18.97,98.5,0.0,0.0,0.0,407.95,0.75,81.0,870.85,
2006,1,16,4,19.1,98.16,0.0,0.0,0.0,413.1,0.74,122.0,870.7,
2006,1,16,5,19.44,96.94,0.0,0.0,0.0,411.95,0.99,122.0,871.02,
2006,1,16,6,19.78,95.73,3.0,0.0,3.0,410.8,1.23,121.0,871.33,
2006,1,16,7,20.13,94.51,48.0,0.0,48.0,409.65,1.48,121.0,871.65,
2006,1,16,8,20.77,94.01,265.75,200.95,164.6,408.95,1.5,119.0,871.28,
2006,1,16,9,21.42,93.5,457.0,146.26,355.0,408.25,1.53,117.0,870.9,
2006,1,16,10,22.06,93.0,561.25,301.31,305.2,407.55,1.56,115.0,870.53,
2006,1,16,11,22.28,91.98,167.0,0.0,167.0,408.9,1.66,109.0,869.81,
2006,1,16,12,22.5,90.96,133.0,0.0,133.0,410.25,1.75,103.0,869.1,
2006,1,16,13,22.72,89.94,160.0,0.0,160.0,411.6,1.85,96.0,868.38,
2006,1,16,14,22.68,88.76,145.0,0.0,145.0,413.67,2.37,99.0,868.29,
2006,1,16,15,22.64,87.57,269.0,2.65,267.0,415.73,2.89,101.0,868.21,
2006,1,16,16,22.6,86.39,66.0,0.0,66.0,417.8,3.41,104.0,868.12,
2006,1,16,17,21.82,88.7,101.0,0.0,101.0,410.3,3.1,97.0,869.04,
2006,1,16,18,21.05,91.01,47.0,31.39,43.0,402.8,2.8,90.0,869.96,
2006,1,16,19,20.27,93.32,0.0,0.0,0.0,395.3,2.5,83.0,870.88,
2006,1,16,20,19.87,94.61,0.0,0.0,0.0,395.47,2.24,81.0,871.48,
2006,1,16,21,19.47,95.89,0.0,0.0,0.0,395.63,1.98,78.0,872.08,
2006,1,16,22,19.06,97.18,0.0,0.0,0.0,395.8,1.72,76.0,872.68,
2006,1,16,23,18.92,97.5,0.0,0.0,0.0,396.78,1.9,71.0,872.25,
2006,1,17,0,18.78,97.83,0.0,0.0,0.0,397.77,2.07,66.0,871.82,
2006,1,17,1,18.65,98.15,0.0,0.0,0.0,398.75,2.25,62.0,871.39,
2006,1,17,2,18.63,98.25,0.0,0.0,0.0,400.87,2.55,64.0,871.19,
2006,1,17,3,18.62,98.35,0.0,0.0,0.0,402.98,2.85,66.0,870.99,
2006,1,17,4,18.61,98.45,0.0,0.0,0.0,405.1,3.14,68.0,870.79,
2006,1,17,5,18.88,97.75,0.0,0.0,0.0,405.73,3.41,64.0,871.16,
2006,1,17,6,19.15,97.04,14.0,46.48,12.0,406.37,3.68,60.0,871.54,
2006,1,17,7,19.42,96.34,109.0,17.92,104.0,407.0,3.94,56.0,871.91,
2006,1,17,8,20.49,93.75,259.05,182.19,167.6,407.43,4.04,52.0,871.25,
2006,1,17,9,21.57,91.17,499.0,213.94,350.0,407.87,4.13,48.0,870.59,
2006,1,17,10,22.64,88.58,573.95,282.94,333.65,408.3,4.22,44.0,869.93,
2006,1,17,11,22.74,88.55,784.0,339.96,461.0,410.45,4.16,46.0,869.24,
2006,1,17,12,22.84,88.53,611.0,94.76,517.0,412.6,4.1,49.0,868.55,
2006,1,17,13,22.94,88.5,315.0,0.0,315.0,414.75,4.04,51.0,867.86,
2006,1,17,14,22.51,90.42,342.0,4.49,338.0,414.97,3.82,50.0,868.01,
2006,1,17,15,22.08,92.34,368.0,30.4,345.0,415.18,3.6,49.0,868.15,
2006,1,17,16,21.65,94.26,265.0,27.8,249.0,415.4,3.38,47.0,868.29,
2006,1,17,17,20.98,95.2,62.0,0.0,62.0,410.18,3.33,52.0,869.24,
2006,1,17,18,20.32,96.13,20.0,0.0,20.0,404.97,3.28,56.0,870.19,
2006,1,17,19,19.65,97.07,0.0,0.0,0.0,399.75,3.23,60.0,871.13,
2006,1,17,20,19.45,97.08,0.0,0.0,0.0,399.57,3.16,56.0,871.54,
2006,1,17,21,19.25,97.09,0.0,0.0,0.0,399.38,3.09,52.0,871.94,
2006,1,17,22,19.04,97.1,0.0,0.0,0.0,399.2,3.02,48.0,872.34,
2006,1,17,23,18.88,96.9,0.0,0.0,0.0,400.38,2.71,44.0,872.08,
2006,1,18,0,18.72,96.71,0.0,0.0,0.0,401.57,2.4,40.0,871.82,
2006,1,18,1,18.57,96.51,0.0,0.0,0.0,402.75,2.08,36.0,871.56,
2006,1,18,2,18.53,96.64,0.0,0.0,0.0,403.52,2.1,31.0,871.59,
2006,1,18,3,18.49,96.78,0.0,0.0,0.0,404.28,2.12,27.0,871.62,
2006,1,18,4,18.45,96.91,0.0,0.0,0.0,405.05,2.14,23.0,871.65,
2006,1,18,5,18.5,96.9,0.0,0.0,0.0,400.53,2.16,21.0,872.31,
2006,1,18,6,18.55,96.88,2.0,0.0,2.0,396.02,2.18,19.0,872.97,
2006,1,18,7,18.61,96.87,21.0,0.0,21.0,391.5,2.21,17.0,873.63,
2006,1,18,8,19.35,95.83,243.45,139.14,173.8,393.92,2.26,8.0,873.34,
2006,1,18,9,20.1,94.78,118.0,0.0,118.0,396.33,2.32,358.0,873.06,
2006,1,18,10,20.84,93.74,353.0,9.42,345.0,398.75,2.37,348.0,872.77,
2006,1,18,11,21.49,90.63,170.0,0.0,170.0,400.17,2.45,357.0,871.82,
2006,1,18,12,22.14,87.53,108.0,0.0,108.0,401.58,2.52,6.0,870.88,
2006,1,18,13,22.79,84.42,263.0,0.0,263.0,403.0,2.59,14.0,869.93,
2006,1,18,14,22.59,83.64,650.0,210.6,462.0,403.38,2.5,19.0,869.7,
2006,1,18,15,22.4,82.86,587.0,289.1,368.0,403.77,2.41,23.0,869.47,
2006,1,18,16,22.21,82.08,518.0,546.37,203.0,404.15,2.32,27.0,869.24,
2006,1,18,17,21.37,85.08,311.0,541.4,115.0,400.05,2.08,28.0,869.96,
2006,1,18,18,20.54,88.08,66.0,132.18,49.0,395.95,1.84,29.0,870.67,
2006,1,18,19,19.71,91.08,0.0,0.0,0.0,391.85,1.6,30.0,871.39,
2006,1,18,20,19.38,92.57,0.0,0.0,0.0,390.38,1.56,26.0,871.99,
2006,1,18,21,19.05,94.07,0.0,0.0,0.0,388.92,1.53,21.0,872.6,
2006,1,18,22,18.72,95.56,0.0,0.0,0.0,387.45,1.49,16.0,873.2,
2006,1,18,23,18.45,96.16,0.0,0.0,0.0,386.25,1.43,12.0,872.97,
2006,1,19,0,18.18,96.77,0.0,0.0,0.0,385.05,1.37,7.0,872.74,
2006,1,19,1,17.91,97.37,0.0,0.0,0.0,383.85,1.31,2.0,872.51,
2006,1,19,2,17.76,97.4,0.0,0.0,0.0,381.57,1.24,7.0,872.37,
2006,1,19,3,17.62,97.43,0.0,0.0,0.0,379.28,1.16,12.0,872.22,
2006,1,19,4,17.48,97.46,0.0,0.0,0.0,377.0,1.09,18.0,872.08,
2006,1,19,5,18.25,95.85,0.0,0.0,0.0,377.93,1.41,15.0,872.42,
2006,1,19,6,19.03,94.23,2.0,0.0,2.0,378.87,1.73,12.0,872.77,
2006,1,19,7,19.81,92.62,21.0,0.0,21.0,379.8,2.06,10.0,873.11,
2006,1,19,8,20.94,89.46,227.1,121.9,166.25,387.07,2.06,1.0,872.65,
2006,1,19,9,22.07,86.29,138.0,0.0,138.0,394.33,2.06,353.0,872.19,
2006,1,19,10,23.2,83.13,412.0,28.29,388.0,401.6,2.06,345.0,871.74,
2006,1,19,11,23.62,81.45,801.0,369.46,450.0,402.85,1.97,354.0,870.93,
2006,1,19,12,24.03,79.78,972.0,638.67,338.0,404.1,1.89,3.0,870.13,
2006,1,19,13,24.45,78.1,1104.0,1071.48,61.0,405.35,1.81,12.0,869.33,
2006,1,19,14,24.22,78.21,999.0,1040.81,69.0,403.58,1.56,38.0,869.35,
2006,1,19,15,23.99,78.32,730.0,648.67,238.0,401.82,1.31,63.0,869.38,
2006,1,19,16,23.76,78.43,595.0,884.94,84.0,400.05,1.06,89.0,869.41,
2006,1,19,17,22.55,82.65,320.0,598.16,103.0,395.55,1.31,80.0,869.99,
2006,1,19,18,21.35,86.88,80.0,263.33,46.0,391.05,1.57,72.0,870.56,
2006,1,19,19,20.14,91.1,0.0,0.0,0.0,386.55,1.82,63.0,871.13,
2006,1,19,20,19.62,92.47,0.0,0.0,0.0,382.58,1.83,58.0,871.71,
2006,1,19,21,19.1,93.84,0.0,0.0,0.0,378.62,1.85,53.0,872.28,
2006,1,19,22,18.58,95.21,0.0,0.0,0.0,374.65,1.86,48.0,872.85,
2006,1,19,23,18.23,96.06,0.0,0.0,0.0,372.57,1.71,39.0,872.54,
2006,1,20,0,17.88,96.92,0.0,0.0,0.0,370.48,1.57,30.0,872.22,
2006,1,20,1,17.53,97.77,0.0,0.0,0.0,368.4,1.42,21.0,871.91,
2006,1,20,2,17.4,98.09,0.0,0.0,0.0,367.58,1.53,29.0,871.79,
2006,1,20,3,17.27,98.42,0.0,0.0,0.0,366.77,1.63,38.0,871.68,
2006,1,20,4,17.14,98.74,0.0,0.0,0.0,365.95,1.74,46.0,871.56,
2006,1,20,5,18.59,96.28,0.0,0.0,0.0,365.97,1.93,55.0,872.02,
2006,1,20,6,20.04,93.81,0.0,0.0,0.0,365.98,2.11,63.0,872.48,
2006,1,20,7,21.49,91.35,229.0,529.73,84.0,366.0,2.3,72.0,872.94,
2006,1,20,8,23.03,83.48,251.45,154.97,174.3,375.18,2.87,71.0,872.28,
2006,1,20,9,24.58,75.62,726.0,877.94,117.0,384.37,3.43,69.0,871.62,
2006,1,20,10,26.12,67.75,908.0,908.13,138.0,393.55,4.0,68.0,870.96,
2006,1,20,11,26.35,67.72,1020.0,890.52,174.0,394.25,3.96,71.0,870.3,
2006,1,20,12,26.58,67.68,1055.0,851.93,209.0,394.95,3.93,74.0,869.64,
2006,1,20,13,26.82,67.65,1025.0,830.55,216.0,395.65,3.89,77.0,868.98,
2006,1,20,14,25.85,72.52,682.0,254.93,454.0,394.65,3.59,89.0,869.24,
2006,1,20,15,24.89,77.4,564.6,374.52,280.2,393.65,3.29,100.0,869.5,
2006,1,20,16,23.93,82.27,60.0,0.0,60.0,392.65,2.99,112.0,869.76,
2006,1,20,17,22.86,85.94,84.0,0.0,84.0,389.72,2.63,123.0,870.53,
2006,1,20,18,21.79,89.6,57.0,69.47,48.0,386.78,2.27,134.0,871.31,
2006,1,20,19,20.72,93.27,0.0,0.0,0.0,383.85,1.9,145.0,872.08,
2006,1,20,20,20.22,94.5,0.0,0.0,0.0,380.6,2.03,141.0,872.57,
2006,1,20,21,19.71,95.74,0.0,0.0,0.0,377.35,2.15,137.0,873.06,
2006,1,20,22,19.2,96.97,0.0,0.0,0.0,374.1,2.28,134.0,873.54,
2006,1,20,23,18.83,97.66,0.0,0.0,0.0,371.13,2.3,136.0,873.2,
2006,1,21,0,18.45,98.34,0.0,0.0,0.0,368.17,2.33,138.0,872.85,
2006,1,21,1,18.08,99.03,0.0,0.0,0.0,365.2,2.36,140.0,872.51,
2006,1,21,2,18.3,99.01,0.0,0.0,0.0,366.68,2.14,127.0,872.4,
2006,1,21,3,18.52,98.99,0.0,0.0,0.0,368.17,1.92,115.0,872.28,
2006,1,21,4,18.75,98.97,0.0,0.0,0.0,369.65,1.7,102.0,872.17,
2006,1,21,5,19.52,97.77,0.0,0.0,0.0,374.83,2.33,97.0,872.48,
2006,1,21,6,20.29,96.56,0.0,0.0,0.0,380.02,2.97,91.0,872.8,
2006,1,21,7,21.06,95.36,57.0,0.0,57.0,385.2,3.6,86.0,873.11,
2006,1,21,8,22.5,87.87,281.45,210.88,176.75,389.97,3.85,81.0,872.6,
2006,1,21,9,23.94,80.37,724.0,877.63,116.0,394.73,4.11,76.0,872.08,
2006,1,21,10,25.38,72.88,893.0,857.86,166.0,399.5,4.36,71.0,871.56,
2006,1,21,11,26.19,68.4,1047.0,977.91,118.0,401.55,4.24,74.0,870.65,
2006,1,21,12,26.99,63.91,967.0,625.14,346.0,403.6,4.12,77.0,869.73,
2006,1,21,13,27.8,59.43,980.0,705.88,292.0,405.65,4.0,80.0,868.81,
2006,1,21,14,27.35,61.54,850.0,589.84,322.0,402.78,4.05,87.0,868.78,
2006,1,21,15,26.91,63.64,689.0,520.89,293.0,399.92,4.1,93.0,868.75,
2006,1,21,16,26.47,65.75,423.0,252.11,277.0,397.05,4.15,100.0,868.72,
2006,1,21,17,25.12,70.48,116.0,2.75,115.0,394.08,3.63,108.0,869.79,
2006,1,21,18,23.78,75.2,46.0,23.09,43.0,391.12,3.11,116.0,870.85,
2006,1,21,19,22.43,79.93,0.0,0.0,0.0,388.15,2.59,124.0,871.91,
2006,1,21,20,21.91,82.67,0.0,0.0,0.0,386.02,2.42,121.0,872.68,
2006,1,21,21,21.38,85.42,0.0,0.0,0.0,383.88,2.24,119.0,873.46,
2006,1,21,22,20.85,88.16,0.0,0.0,0.0,381.75,2.07,117.0,874.23,
2006,1,21,23,20.45,90.25,0.0,0.0,0.0,381.03,1.94,117.0,873.83,
2006,1,22,0,20.05,92.33,0.0,0.0,0.0,380.32,1.82,116.0,873.43,
2006,1,22,1,19.66,94.42,0.0,0.0,0.0,379.6,1.7,115.0,873.03,
2006,1,22,2,19.43,95.68,0.0,0.0,0.0,378.07,1.76,108.0,872.85,
2006,1,22,3,19.2,96.94,0.0,0.0,0.0,376.53,1.83,101.0,872.68,
2006,1,22,4,18.98,98.2,0.0,0.0,0.0,375.0,1.89,94.0,872.51,
2006,1,22,5,19.72,94.83,0.0,0.0,0.0,383.57,2.67,91.0,872.77,
2006,1,22,6,20.47,91.46,0.0,0.0,0.0,392.13,3.44,88.0,873.03,
2006,1,22,7,21.22,88.09,68.0,0.0,68.0,400.7,4.22,85.0,873.29,
2006,1,22,8,22.88,81.19,279.05,220.03,170.1,400.28,4.1,83.0,872.71,
2006,1,22,9,24.53,74.29,708.0,813.7,145.0,399.87,3.98,82.0,872.14,
2006,1,22,10,26.19,67.39,445.0,44.86,407.0,399.45,3.86,80.0,871.56,
2006,1,22,11,26.86,64.2,213.0,0.0,213.0,403.2,3.88,82.0,870.27,
2006,1,22,12,27.52,61.01,353.0,1.01,352.0,406.95,3.9,83.0,868.98,
2006,1,22,13,28.19,57.82,391.0,6.15,385.0,410.7,3.92,85.0,867.69,
2006,1,22,14,27.76,57.74,731.0,332.62,433.0,409.12,3.68,94.0,867.83,
2006,1,22,15,27.33,57.66,789.0,839.62,150.0,407.53,3.45,102.0,867.98,
2006,1,22,16,26.9,57.58,593.0,860.54,94.0,405.95,3.21,111.0,868.12,
2006,1,22,17,25.51,63.36,340.0,715.65,79.0,403.42,2.75,112.0,869.1,
2006,1,22,18,24.13,69.13,87.0,337.87,43.0,400.88,2.29,113.0,870.07,
2006,1,22,19,22.75,74.91,0.0,0.0,0.0,398.35,1.82,114.0,871.05,
2006,1,22,20,21.98,79.52,0.0,0.0,0.0,390.47,1.85,106.0,871.68,
2006,1,22,21,21.21,84.14,0.0,0.0,0.0,382.58,1.88,97.0,872.31,
2006,1,22,22,20.43,88.75,0.0,0.0,0.0,374.7,1.9,88.0,872.94,
2006,1,22,23,20.06,90.95,0.0,0.0,0.0,372.17,1.89,85.0,872.57,
2006,1,23,0,19.69,93.16,0.0,0.0,0.0,369.63,1.88,82.0,872.19,
2006,1,23,1,19.33,95.36,0.0,0.0,0.0,367.1,1.86,78.0,871.82,
2006,1,23,2,19.12,96.29,0.0,0.0,0.0,364.85,1.91,81.0,871.82,
2006,1,23,3,18.91,97.21,0.0,0.0,0.0,362.6,1.95,83.0,871.82,
2006,1,23,4,18.7,98.14,0.0,0.0,0.0,360.35,2.0,86.0,871.82,
2006,1,23,5,19.87,94.33,0.0,0.0,0.0,362.17,2.45,85.0,872.34,
2006,1,23,6,21.04,90.51,0.0,0.0,0.0,363.98,2.89,85.0,872.85,
2006,1,23,7,22.22,86.7,98.0,11.17,95.0,365.8,3.34,84.0,873.37,
2006,1,23,8,22.75,86.07,274.3,231.74,159.85,373.6,3.41,81.0,872.74,
2006,1,23,9,23.28,85.44,586.0,418.2,297.0,381.4,3.48,77.0,872.11,
2006,1,23,10,23.81,84.81,670.0,301.2,415.0,389.2,3.54,74.0,871.48,
2006,1,23,11,23.84,86.96,609.0,116.85,498.0,391.77,3.33,71.0,870.79,
2006,1,23,12,23.86,89.1,772.0,264.57,509.0,394.33,3.12,69.0,870.1,
2006,1,23,13,23.89,91.25,923.0,567.7,369.0,396.9,2.91,66.0,869.41,
2006,1,23,14,23.8,88.75,789.0,444.98,390.0,396.18,2.85,67.0,869.44,
2006,1,23,15,23.71,86.25,742.0,675.99,227.0,395.47,2.79,67.0,869.47,
2006,1,23,16,23.63,83.75,531.0,583.89,192.0,394.75,2.73,68.0,869.5,
2006,1,23,17,22.61,86.78,29.0,0.0,29.0,391.05,2.54,77.0,870.27,
2006,1,23,18,21.59,89.8,32.0,0.0,32.0,387.35,2.35,87.0,871.05,
2006,1,23,19,20.57,92.83,0.0,0.0,0.0,383.65,2.17,96.0,871.82,
2006,1,23,20,20.09,93.94,0.0,0.0,0.0,379.33,2.22,99.0,872.22,
2006,1,23,21,19.61,95.05,0.0,0.0,0.0,375.02,2.28,101.0,872.63,
2006,1,23,22,19.12,96.16,0.0,0.0,0.0,370.7,2.33,103.0,873.03,
2006,1,23,23,18.86,96.93,0.0,0.0,0.0,368.25,2.26,112.0,872.74,
2006,1,24,0,18.59,97.71,0.0,0.0,0.0,365.8,2.18,121.0,872.45,
2006,1,24,1,18.33,98.48,0.0,0.0,0.0,363.35,2.11,130.0,872.17,
2006,1,24,2,18.3,98.46,0.0,0.0,0.0,363.28,2.14,120.0,872.22,
2006,1,24,3,18.28,98.43,0.0,0.0,0.0,363.22,2.17,110.0,872.28,
2006,1,24,4,18.26,98.41,0.0,0.0,0.0,363.15,2.19,100.0,872.34,
2006,1,24,5,19.21,96.95,0.0,0.0,0.0,366.37,2.61,97.0,872.74,
2006,1,24,6,20.16,95.48,0.0,0.0,0.0,369.58,3.03,93.0,873.14,
2006,1,24,7,21.12,94.02,132.0,67.46,114.0,372.8,3.45,89.0,873.54,
2006,1,24,8,22.09,91.42,259.0,206.46,157.3,379.52,3.59,87.0,873.11,
2006,1,24,9,23.06,88.83,682.0,724.42,182.0,386.23,3.73,85.0,872.68,
2006,1,24,10,24.03,86.23,832.0,674.77,261.0,392.95,3.88,83.0,872.25,
2006,1,24,11,24.32,85.62,648.0,155.8,500.0,395.63,3.93,84.0,871.48,
2006,1,24,12,24.6,85.02,683.0,157.89,526.0,398.32,3.99,84.0,870.7,
2006,1,24,13,24.89,84.41,993.0,736.34,274.0,401.0,4.04,85.0,869.93,
2006,1,24,14,24.16,85.79,159.0,0.0,159.0,404.1,3.88,86.0,870.19,
2006,1,24,15,23.43,87.18,138.0,0.0,138.0,407.2,3.72,88.0,870.44,
2006,1,24,16,22.71,88.56,168.0,0.0,168.0,410.3,3.56,90.0,870.7,
2006,1,24,17,21.93,89.76,135.0,10.94,131.0,398.13,2.99,89.0,871.28,
2006,1,24,18,21.16,90.95,46.0,22.96,43.0,385.97,2.43,88.0,871.85,
2006,1,24,19,20.38,92.15,0.0,0.0,0.0,373.8,1.86,87.0,872.42,
2006,1,24,20,19.84,93.37,0.0,0.0,0.0,369.3,2.02,93.0,872.85,
2006,1,24,21,19.3,94.6,0.0,0.0,0.0,364.8,2.17,100.0,873.29,
2006,1,24,22,18.76,95.82,0.0,0.0,0.0,360.3,2.33,106.0,873.72,
2006,1,24,23,18.57,96.4,0.0,0.0,0.0,358.55,2.22,111.0,873.46,
2006,1,25,0,18.37,96.97,0.0,0.0,0.0,356.8,2.11,115.0,873.2,
2006,1,25,1,18.18,97.55,0.0,0.0,0.0,355.05,2.0,120.0,872.94,
2006,1,25,2,18.19,97.89,0.0,0.0,0.0,355.27,1.96,116.0,872.94,
2006,1,25,3,18.2,98.23,0.0,0.0,0.0,355.48,1.92,112.0,872.94,
2006,1,25,4,18.22,98.57,0.0,0.0,0.0,355.7,1.88,108.0,872.94,
2006,1,25,5,19.02,97.87,0.0,0.0,0.0,358.73,2.63,104.0,873.26,
2006,1,25,6,19.83,97.18,0.0,0.0,0.0,361.77,3.39,100.0,873.57,
2006,1,25,7,20.64,96.48,185.0,279.1,111.0,364.8,4.15,96.0,873.89,
2006,1,25,8,21.55,91.93,235.25,186.53,143.6,372.43,4.12,90.0,873.46,
2006,1,25,9,22.46,87.37,700.0,797.8,150.0,380.07,4.09,84.0,873.03,
2006,1,25,10,23.37,82.82,895.0,873.71,156.0,387.7,4.06,79.0,872.6,
2006,1,25,11,23.98,81.35,1007.0,855.83,194.0,391.6,3.83,80.0,871.85,
2006,1,25,12,24.58,79.88,1103.0,990.25,118.0,395.5,3.6,81.0,871.1,
2006,1,25,13,25.19,78.41,1040.0,862.84,197.0,399.4,3.37,82.0,870.36,
2006,1,25,14,25.02,76.83,968.0,923.08,139.0,396.63,3.37,85.0,870.16,
2006,1,25,15,24.85,75.26,774.0,778.2,180.0,393.87,3.37,87.0,869.96,
2006,1,25,16,24.68,73.68,564.0,714.96,148.0,391.1,3.37,90.0,869.76,
2006,1,25,17,23.52,77.45,315.0,543.56,116.0,387.18,2.83,90.0,870.59,
2006,1,25,18,22.36,81.22,76.0,206.5,49.0,383.27,2.29,90.0,871.42,
2006,1,25,19,21.2,84.99,0.0,0.0,0.0,379.35,1.75,90.0,872.25,
2006,1,25,20,20.62,87.42,0.0,0.0,0.0,377.1,1.78,93.0,872.91,
2006,1,25,21,20.04,89.84,0.0,0.0,0.0,374.85,1.81,97.0,873.57,
2006,1,25,22,19.45,92.27,0.0,0.0,0.0,372.6,1.83,101.0,874.23,
2006,1,25,23,19.11,93.72,0.0,0.0,0.0,372.22,1.75,103.0,874.09,
2006,1,26,0,18.77,95.16,0.0,0.0,0.0,371.83,1.67,106.0,873.94,
2006,1,26,1,18.44,96.61,0.0,0.0,0.0,371.45,1.59,109.0,873.8,
2006,1,26,2,18.29,97.2,0.0,0.0,0.0,369.92,1.76,102.0,873.74,
2006,1,26,3,18.15,97.8,0.0,0.0,0.0,368.38,1.93,96.0,873.69,
2006,1,26,4,18.01,98.39,0.0,0.0,0.0,366.85,2.1,89.0,873.63,
2006,1,26,5,19.07,96.59,0.0,0.0,0.0,368.03,2.41,85.0,873.97,
2006,1,26,6,20.14,94.78,0.0,0.0,0.0,369.22,2.72,80.0,874.32,
2006,1,26,7,21.21,92.98,23.0,0.0,23.0,370.4,3.03,75.0,874.66,
2006,1,26,8,22.34,88.76,234.25,177.21,147.4,378.4,3.39,73.0,874.12,
2006,1,26,9,23.46,84.53,514.0,255.59,338.0,386.4,3.74,71.0,873.57,
2006,1,26,10,24.59,80.31,816.0,632.81,281.0,394.4,4.1,69.0,873.03,
2006,1,26,11,25.0,78.51,923.0,629.5,325.0,395.77,3.96,73.0,872.08,
2006,1,26,12,25.41,76.71,1074.0,902.5,176.0,397.13,3.83,77.0,871.13,
2006,1,26,13,25.83,74.91,976.0,691.53,300.0,398.5,3.7,81.0,870.19,
2006,1,26,14,25.62,74.7,922.0,776.65,224.0,397.05,3.58,86.0,870.07,
2006,1,26,15,25.41,74.5,90.0,0.0,90.0,395.6,3.47,90.0,869.96,
2006,1,26,16,25.2,74.29,52.0,0.0,52.0,394.15,3.35,95.0,869.84,
2006,1,26,17,23.9,79.16,139.0,10.92,135.0,390.63,2.79,91.0,870.79,
2006,1,26,18,22.61,84.03,35.0,7.65,34.0,387.12,2.22,88.0,871.74,
2006,1,26,19,21.32,88.9,0.0,0.0,0.0,383.6,1.66,84.0,872.68,
2006,1,26,20,20.8,91.1,0.0,0.0,0.0,380.97,1.69,82.0,873.29,
2006,1,26,21,20.28,93.3,0.0,0.0,0.0,378.33,1.73,79.0,873.89,
2006,1,26,22,19.76,95.5,0.0,0.0,0.0,375.7,1.77,77.0,874.49,
2006,1,26,23,19.48,96.37,0.0,0.0,0.0,374.93,1.77,85.0,874.15,
2006,1,27,0,19.2,97.24,0.0,0.0,0.0,374.17,1.77,92.0,873.8,
2006,1,27,1,18.92,98.11,0.0,0.0,0.0,373.4,1.78,100.0,873.46,
2006,1,27,2,18.62,98.48,0.0,0.0,0.0,371.47,1.83,101.0,873.29,
2006,1,27,3,18.33,98.86,0.0,0.0,0.0,369.53,1.88,101.0,873.11,
2006,1,27,4,18.04,99.23,0.0,0.0,0.0,367.6,1.93,102.0,872.94,
2006,1,27,5,19.02,97.41,0.0,0.0,0.0,371.03,2.16,98.0,873.4,
2006,1,27,6,20.0,95.6,0.0,0.0,0.0,374.47,2.38,94.0,873.86,
2006,1,27,7,20.99,93.78,215.0,504.1,83.0,377.9,2.61,90.0,874.32,
2006,1,27,8,21.66,93.13,264.05,236.15,148.6,388.5,2.54,82.0,873.97,
2006,1,27,9,22.32,92.49,264.0,5.82,260.0,399.1,2.47,74.0,873.63,
2006,1,27,10,22.99,91.84,167.0,0.0,167.0,409.7,2.4,67.0,873.29,
2006,1,27,11,23.02,90.96,631.0,137.9,500.0,413.47,2.34,57.0,872.57,
2006,1,27,12,23.05,90.08,156.0,0.0,156.0,417.23,2.28,48.0,871.85,
2006,1,27,13,23.08,89.2,311.0,0.0,311.0,421.0,2.22,39.0,871.13,
2006,1,27,14,22.78,89.1,240.0,0.0,240.0,416.7,1.89,38.0,871.31,
2006,1,27,15,22.48,89.0,141.0,0.0,141.0,412.4,1.56,37.0,871.48,
2006,1,27,16,22.18,88.9,122.0,0.0,122.0,408.1,1.23,35.0,871.65,
2006,1,27,17,21.5,90.95,117.0,2.73,116.0,402.43,1.13,37.0,872.42,
2006,1,27,18,20.83,92.99,27.0,0.0,27.0,396.77,1.03,40.0,873.2,
2006,1,27,19,20.15,95.04,0.0,0.0,0.0,391.1,0.94,42.0,873.97,
2006,1,27,20,19.92,95.58,0.0,0.0,0.0,389.42,0.98,29.0,874.26,
2006,1,27,21,19.68,96.13,0.0,0.0,0.0,387.73,1.03,17.0,874.55,
2006,1,27,22,19.44,96.67,0.0,0.0,0.0,386.05,1.08,4.0,874.83,
2006,1,27,23,19.3,97.26,0.0,0.0,0.0,387.15,0.93,329.0,874.38,
2006,1,28,0,19.15,97.86,0.0,0.0,0.0,388.25,0.78,293.0,873.92,
2006,1,28,1,19.01,98.45,0.0,0.0,0.0,389.35,0.63,258.0,873.46,
2006,1,28,2,18.95,98.62,0.0,0.0,0.0,390.5,0.71,210.0,873.37,
2006,1,28,3,18.89,98.78,0.0,0.0,0.0,391.65,0.78,161.0,873.29,
2006,1,28,4,18.84,98.95,0.0,0.0,0.0,392.8,0.86,113.0,873.2,
2006,1,28,5,19.37,98.0,0.0,0.0,0.0,392.73,1.09,103.0,873.37,
2006,1,28,6,19.9,97.05,0.0,0.0,0.0,392.67,1.32,93.0,873.54,
2006,1,28,7,20.44,96.1,130.0,73.01,111.0,392.6,1.56,83.0,873.72,
2006,1,28,8,22.45,86.61,280.25,242.57,161.95,402.03,1.4,66.0,872.88,
2006,1,28,9,24.47,77.11,263.0,5.82,259.0,411.47,1.25,50.0,872.05,
2006,1,28,10,26.48,67.62,497.0,81.68,428.0,420.9,1.09,33.0,871.22,
2006,1,28,11,27.41,60.55,480.0,33.69,448.0,414.85,0.82,358.0,870.3,
2006,1,28,12,28.34,53.48,176.0,0.0,176.0,408.8,0.56,323.0,869.38,
2006,1,28,13,29.28,46.41,357.0,2.04,355.0,402.75,0.29,288.0,868.47,
2006,1,28,14,28.41,50.71,823.0,514.48,360.0,402.12,0.74,270.0,868.72,
2006,1,28,15,27.54,55.02,715.0,582.89,269.0,401.48,1.19,253.0,868.98,
2006,1,28,16,26.67,59.32,549.0,647.98,171.0,400.85,1.64,235.0,869.24,
2006,1,28,17,25.54,63.3,305.0,482.37,128.0,395.55,1.75,214.0,869.99,
2006,1,28,18,24.41,67.28,87.0,321.45,45.0,390.25,1.86,192.0,870.73,
2006,1,28,19,23.28,71.26,0.0,0.0,0.0,384.95,1.97,171.0,871.48,
2006,1,28,20,22.75,73.76,0.0,0.0,0.0,384.2,1.93,142.0,872.05,
2006,1,28,21,22.22,76.27,0.0,0.0,0.0,383.45,1.88,114.0,872.63,
2006,1,28,22,21.68,78.77,0.0,0.0,0.0,382.7,1.83,85.0,873.2,
2006,1,28,23,21.27,81.75,0.0,0.0,0.0,387.02,1.43,138.0,872.85,
2006,1,29,0,20.86,84.72,0.0,0.0,0.0,391.33,1.03,191.0,872.51,
2006,1,29,1,20.45,87.7,0.0,0.0,0.0,395.65,0.62,244.0,872.17,
2006,1,29,2,19.97,88.48,0.0,0.0,0.0,385.43,0.69,250.0,871.88,
2006,1,29,3,19.49,89.25,0.0,0.0,0.0,375.22,0.76,256.0,871.59,
2006,1,29,4,19.01,90.03,0.0,0.0,0.0,365.0,0.83,262.0,871.31,
2006,1,29,5,20.02,88.51,0.0,0.0,0.0,367.25,0.69,287.0,871.74,
2006,1,29,6,21.03,87.0,0.0,0.0,0.0,369.5,0.55,311.0,872.17,
2006,1,29,7,22.04,85.48,212.0,502.6,82.0,371.75,0.41,335.0,872.6,
2006,1,29,8,23.02,82.58,267.85,215.92,162.8,378.78,0.43,323.0,871.99,
2006,1,29,9,24.0,79.67,661.0,665.9,204.0,385.82,0.44,310.0,871.39,
2006,1,29,10,24.98,76.77,882.0,839.68,173.0,392.85,0.46,298.0,870.79,
2006,1,29,11,25.43,75.65,933.0,656.87,309.0,393.93,0.62,271.0,869.7,
2006,1,29,12,25.88,74.54,1021.0,755.1,269.0,395.02,0.79,244.0,868.61,
2006,1,29,13,26.33,73.42,908.0,529.1,390.0,396.1,0.95,218.0,867.52,
2006,1,29,14,26.13,71.48,860.0,604.11,316.0,394.02,1.27,198.0,867.63,
2006,1,29,15,25.93,69.53,446.0,82.28,383.0,391.93,1.6,178.0,867.75,
2006,1,29,16,25.74,67.59,402.0,198.72,286.0,389.85,1.92,158.0,867.86,
2006,1,29,17,24.43,73.43,30.0,0.0,30.0,386.48,1.92,132.0,868.38,
2006,1,29,18,23.13,79.28,64.0,107.29,50.0,383.12,1.93,106.0,868.9,
2006,1,29,19,21.82,85.12,0.0,0.0,0.0,379.75,1.93,80.0,869.41,
2006,1,29,20,21.3,87.06,0.0,0.0,0.0,378.82,1.9,73.0,870.07,
2006,1,29,21,20.77,88.99,0.0,0.0,0.0,377.88,1.87,66.0,870.73,
2006,1,29,22,20.24,90.93,0.0,0.0,0.0,376.95,1.83,60.0,871.39,
2006,1,29,23,20.01,91.94,0.0,0.0,0.0,377.9,1.74,45.0,871.13,
2006,1,30,0,19.78,92.96,0.0,0.0,0.0,378.85,1.64,30.0,870.88,
2006,1,30,1,19.55,93.97,0.0,0.0,0.0,379.8,1.54,16.0,870.62,
2006,1,30,2,19.4,94.28,0.0,0.0,0.0,379.85,1.51,12.0,870.53,
2006,1,30,3,19.25,94.59,0.0,0.0,0.0,379.9,1.47,8.0,870.44,
2006,1,30,4,19.1,94.9,0.0,0.0,0.0,379.95,1.43,4.0,870.36,
2006,1,30,5,19.96,92.62,0.0,0.0,0.0,377.78,1.57,7.0,870.7,
2006,1,30,6,20.83,90.35,0.0,0.0,0.0,375.62,1.71,11.0,871.05,
2006,1,30,7,21.7,88.07,77.0,3.89,76.0,373.45,1.85,14.0,871.39,
2006,1,30,8,22.91,83.58,257.05,188.21,165.7,380.02,1.96,19.0,870.65,
2006,1,30,9,24.13,79.1,515.0,262.56,335.0,386.58,2.07,24.0,869.9,
2006,1,30,10,25.34,74.61,823.0,658.75,267.0,393.15,2.18,30.0,869.15,
2006,1,30,11,25.28,75.81,989.0,806.35,223.0,395.47,2.28,38.0,868.35,
2006,1,30,12,25.22,77.01,950.0,583.24,369.0,397.78,2.37,47.0,867.55,
2006,1,30,13,25.17,78.21,1030.0,830.05,217.0,400.1,2.47,56.0,866.74,
2006,1,30,14,24.63,81.63,818.0,502.77,365.0,404.0,2.24,53.0,867.17,
2006,1,30,15,24.1,85.04,102.0,0.0,102.0,407.9,2.02,51.0,867.6,
2006,1,30,16,23.57,88.46,52.0,0.0,52.0,411.8,1.79,48.0,868.04,
2006,1,30,17,22.76,90.56,59.0,0.0,59.0,405.45,1.54,51.0,868.81,
2006,1,30,18,21.96,92.66,22.0,0.0,22.0,399.1,1.3,54.0,869.58,
2006,1,30,19,21.16,94.76,0.0,0.0,0.0,392.75,1.05,57.0,870.36,
2006,1,30,20,20.65,95.78,0.0,0.0,0.0,389.88,1.19,63.0,870.88,
2006,1,30,21,20.13,96.81,0.0,0.0,0.0,387.02,1.32,70.0,871.39,
2006,1,30,22,19.61,97.83,0.0,0.0,0.0,384.15,1.46,76.0,871.91,
2006,1,30,23,19.26,98.27,0.0,0.0,0.0,381.78,1.33,57.0,871.68,
2006,1,31,0,18.91,98.71,0.0,0.0,0.0,379.42,1.2,38.0,871.45,
2006,1,31,1,18.56,99.15,0.0,0.0,0.0,377.05,1.08,18.0,871.22,
2006,1,31,2,18.34,98.62,0.0,0.0,0.0,377.27,0.85,36.0,871.08,
2006,1,31,3,18.12,98.1,0.0,0.0,0.0,377.48,0.62,54.0,870.93,
2006,1,31,4,17.91,97.57,0.0,0.0,0.0,377.7,0.39,72.0,870.79,
2006,1,31,5,18.29,96.9,0.0,0.0,0.0,380.33,0.96,78.0,871.28,
2006,1,31,6,18.67,96.24,0.0,0.0,0.0,382.97,1.53,85.0,871.76,
2006,1,31,7,19.06,95.57,27.0,0.0,27.0,385.6,2.1,92.0,872.25,
2006,1,31,8,20.47,92.55,270.8,233.66,157.65,388.32,2.6,91.0,871.88,
2006,1,31,9,21.89,89.53,426.0,118.27,345.0,391.03,3.11,90.0,871.51,
2006,1,31,10,23.3,86.51,715.0,393.51,383.0,393.75,3.61,89.0,871.13,
2006,1,31,11,23.55,86.33,457.0,25.26,433.0,394.25,3.79,88.0,870.13,
2006,1,31,12,23.79,86.15,672.0,145.52,527.0,394.75,3.96,86.0,869.13,
2006,1,31,13,24.04,85.97,757.0,262.28,500.0,395.25,4.14,85.0,868.12,
2006,1,31,14,24.3,82.51,871.0,630.08,303.0,393.22,4.06,86.0,868.04,
2006,1,31,15,24.56,79.05,429.0,67.84,377.0,391.18,3.97,87.0,867.95,
2006,1,31,16,24.82,75.59,440.0,284.09,274.0,389.15,3.89,88.0,867.86,
2006,1,31,17,23.57,78.97,230.0,166.13,169.0,384.87,3.31,77.0,868.52,
2006,1,31,18,20.13,86.65,84.0,292.44,46.0,361.21,2.31,66.0,869.18,
2006,1,31,19,20.04,87.57,0.0,0.0,0.0,364.37,2.31,56.0,869.84,
2006,1,31,20,19.95,88.49,0.0,0.0,0.0,367.53,2.31,53.0,870.42,
2006,1,31,21,19.85,89.41,0.0,0.0,0.0,370.7,2.32,50.0,870.99,
2006,1,31,22,19.76,90.33,0.0,0.0,0.0,373.86,2.32,48.0,871.56,
2006,1,31,23,19.67,91.25,0.0,0.0,0.0,377.02,2.32,43.0,871.19,
2016,2,1,0,19.57,92.17,0.0,0.0,0.0,380.18,2.33,39.0,870.82,
2016,2,1,1,19.48,93.09,0.0,0.0,0.0,383.34,2.33,34.0,870.44,
2016,2,1,2,19.38,94.01,0.0,0.0,0.0,386.5,2.33,49.0,872.6,
2016,2,1,3,19.29,94.93,0.0,0.0,0.0,389.67,2.34,69.0,872.42,
2016,2,1,4,19.2,95.85,0.0,0.0,0.0,392.83,2.34,89.0,872.25,
2016,2,1,5,19.1,96.77,0.0,0.0,0.0,395.99,2.34,87.0,872.83,
2016,2,1,6,19.01,97.69,0.0,0.0,0.0,399.15,2.35,85.0,873.4,
2016,2,1,7,18.92,98.62,100.0,31.49,92.0,402.31,2.35,84.0,873.97,
2016,2,1,8,18.82,99.54,324.0,206.98,224.0,405.48,2.35,81.0,873.54,
2016,2,1,9,18.73,100.0,578.0,435.58,280.0,408.64,2.35,79.0,873.11,
2016,2,1,10,21.89,92.19,725.0,430.42,362.0,415.35,3.2,77.0,872.68,
2016,2,1,11,22.25,90.39,814.0,406.33,428.0,415.92,3.03,83.0,871.88,
2016,2,1,12,22.62,88.6,886.0,457.53,430.0,416.48,2.85,88.0,871.08,
2016,2,1,13,22.99,86.8,739.0,240.75,503.0,417.05,2.68,94.0,870.27,
2016,2,1,14,22.84,85.09,985.0,967.95,112.0,409.02,2.25,93.0,870.16,
2016,2,1,15,22.68,83.37,799.0,851.44,146.0,400.98,1.83,91.0,870.04,
2016,2,1,16,22.52,81.66,580.0,769.85,130.0,392.95,1.41,89.0,869.93,
2016,2,1,17,21.7,85.27,324.0,577.44,112.0,393.37,1.28,76.0,870.73,
2016,2,1,18,20.88,88.88,83.0,262.42,49.0,393.78,1.16,63.0,871.54,
2016,2,1,19,20.05,92.49,0.0,0.0,0.0,394.2,1.03,49.0,872.34,
2016,2,1,20,19.62,93.84,0.0,0.0,0.0,390.42,1.07,51.0,872.85,
2016,2,1,21,19.18,95.19,0.0,0.0,0.0,386.63,1.1,54.0,873.37,
2016,2,1,22,18.75,96.54,0.0,0.0,0.0,382.85,1.13,56.0,873.89,
2016,2,1,23,18.54,97.42,0.0,0.0,0.0,382.32,1.14,60.0,873.72,
2016,2,2,0,18.33,98.3,0.0,0.0,0.0,381.78,1.15,64.0,873.54,
2016,2,2,1,18.13,99.18,0.0,0.0,0.0,381.25,1.16,67.0,873.37,
2016,2,2,2,18.11,98.96,0.0,0.0,0.0,386.87,0.98,83.0,873.29,
2016,2,2,3,18.09,98.73,0.0,0.0,0.0,392.48,0.8,98.0,873.2,
2016,2,2,4,18.08,98.51,0.0,0.0,0.0,398.1,0.62,114.0,873.11,
2016,2,2,5,18.3,98.04,0.0,0.0,0.0,400.95,0.66,121.0,873.6,
2016,2,2,6,18.53,97.56,0.0,0.0,0.0,403.8,0.69,129.0,874.09,
2016,2,2,7,18.75,97.09,69.0,3.96,68.0,406.65,0.73,136.0,874.58,
2016,2,2,8,19.54,95.13,48.0,0.0,48.0,406.2,0.68,122.0,874.38,
2016,2,2,9,20.33,93.16,297.0,17.56,285.0,405.75,0.62,107.0,874.17,
2016,2,2,10,21.13,91.2,515.0,104.38,427.0,405.3,0.57,92.0,873.97,
2016,2,2,11,21.23,91.47,545.0,71.58,477.0,408.32,0.72,35.0,873.17,
2016,2,2,12,21.34,91.73,1049.0,839.63,212.0,411.33,0.88,338.0,872.37,
2016,2,2,13,21.44,92.0,317.0,0.0,317.0,414.35,1.03,281.0,871.56,
2016,2,2,14,21.38,92.31,730.0,324.73,437.0,412.65,1.21,251.0,871.28,
2016,2,2,15,21.31,92.63,510.0,152.49,393.0,410.95,1.39,221.0,870.99,
2016,2,2,16,21.24,92.94,98.0,0.0,98.0,409.25,1.57,191.0,870.7,
2016,2,2,17,20.64,93.94,94.0,0.0,94.0,403.55,1.43,205.0,871.48,
2016,2,2,18,20.04,94.95,39.0,7.75,38.0,397.85,1.28,220.0,872.25,
2016,2,2,19,19.44,95.95,0.0,0.0,0.0,392.15,1.13,234.0,873.03,
2016,2,2,20,19.2,96.57,0.0,0.0,0.0,389.32,1.07,250.0,873.46,
2016,2,2,21,18.96,97.19,0.0,0.0,0.0,386.48,1.0,267.0,873.89,
2016,2,2,22,18.73,97.81,0.0,0.0,0.0,383.65,0.94,283.0,874.32,
2016,2,2,23,18.51,98.27,0.0,0.0,0.0,380.77,1.05,282.0,873.97,
2016,2,3,0,18.29,98.74,0.0,0.0,0.0,377.88,1.16,281.0,873.63,
2016,2,3,1,18.08,99.2,0.0,0.0,0.0,375.0,1.27,280.0,873.29,
2016,2,3,2,18.16,98.84,0.0,0.0,0.0,380.7,1.57,274.0,873.37,
2016,2,3,3,18.23,98.47,0.0,0.0,0.0,386.4,1.87,267.0,873.46,
2016,2,3,4,18.31,98.11,0.0,0.0,0.0,392.1,2.17,260.0,873.54,
2016,2,3,5,18.63,97.21,0.0,0.0,0.0,390.07,2.45,257.0,873.97,
2016,2,3,6,18.95,96.31,0.0,0.0,0.0,388.03,2.74,253.0,874.4,
2016,2,3,7,19.27,95.41,56.0,0.0,56.0,386.0,3.02,249.0,874.83,
2016,2,3,8,20.27,94.01,176.0,8.32,172.0,387.15,3.11,251.0,874.38,
2016,2,3,9,21.27,92.61,595.0,489.16,261.0,388.3,3.2,254.0,873.92,
2016,2,3,10,22.27,91.21,866.0,819.94,175.0,389.45,3.3,256.0,873.46,
2016,2,3,11,22.64,87.86,1039.0,975.86,112.0,393.88,3.35,255.0,872.6,
2016,2,3,12,23.02,84.5,1014.0,746.19,270.0,398.32,3.41,254.0,871.74,
2016,2,3,13,23.39,81.15,917.0,551.51,376.0,402.75,3.46,253.0,870.88,
2016,2,3,14,23.36,79.33,1001.0,1021.45,79.0,399.88,2.84,234.0,870.65,
2016,2,3,15,23.33,77.5,830.0,968.07,87.0,397.02,2.21,215.0,870.42,
2016,2,3,16,23.29,75.68,587.0,798.63,120.0,394.15,1.59,196.0,870.19,
2016,2,3,17,22.07,80.39,327.0,602.46,106.0,385.73,1.57,247.0,870.56,
2016,2,3,18,20.85,85.1,20.0,0.0,20.0,377.32,1.55,297.0,870.93,
2016,2,3,19,19.63,89.81,0.0,0.0,0.0,368.9,1.53,348.0,871.31,
2016,2,3,20,19.06,92.06,0.0,0.0,0.0,364.48,1.62,337.0,871.76,
2016,2,3,21,18.49,94.32,0.0,0.0,0.0,360.07,1.71,327.0,872.22,
2016,2,3,22,17.93,96.57,0.0,0.0,0.0,355.65,1.79,317.0,872.68,
2016,2,3,23,17.74,97.35,0.0,0.0,0.0,354.03,1.75,314.0,872.48,
2016,2,4,0,17.55,98.12,0.0,0.0,0.0,352.42,1.71,312.0,872.28,
2016,2,4,1,17.36,98.9,0.0,0.0,0.0,350.8,1.67,310.0,872.08,
2016,2,4,2,17.42,98.83,0.0,0.0,0.0,353.03,1.61,306.0,872.05,
2016,2,4,3,17.47,98.75,0.0,0.0,0.0,355.27,1.56,303.0,872.02,
2016,2,4,4,17.53,98.68,0.0,0.0,0.0,357.5,1.5,300.0,871.99,
2016,2,4,5,18.51,96.26,0.0,0.0,0.0,359.67,1.73,298.0,872.42,
2016,2,4,6,19.5,93.85,0.0,0.0,0.0,361.83,1.95,296.0,872.85,
2016,2,4,7,20.49,91.43,51.0,0.0,51.0,364.0,2.18,294.0,873.29,
2016,2,4,8,21.53,88.21,159.0,4.17,157.0,371.57,1.95,286.0,873.0,
2016,2,4,9,22.57,84.98,498.0,250.68,327.0,379.13,1.72,279.0,872.71,
2016,2,4,10,23.61,81.76,790.0,592.33,291.0,386.7,1.49,272.0,872.42,
2016,2,4,11,24.08,78.49,988.0,824.29,205.0,389.48,1.35,270.0,871.31,
2016,2,4,12,24.55,75.22,1066.0,889.44,179.0,392.27,1.21,269.0,870.19,
2016,2,4,13,25.02,71.95,1055.0,903.97,168.0,395.05,1.08,267.0,869.07,
2016,2,4,14,25.51,67.97,413.0,18.83,396.0,393.48,0.9,218.0,868.75,
2016,2,4,15,25.99,63.99,163.0,0.0,163.0,391.92,0.73,169.0,868.44,
2016,2,4,16,26.47,60.01,436.0,270.19,278.0,390.35,0.55,120.0,868.12,
2016,2,4,17,24.93,65.96,309.0,493.77,128.0,387.02,0.9,82.0,868.98,
2016,2,4,18,23.39,71.91,70.0,148.45,51.0,383.68,1.24,44.0,869.84,
2016,2,4,19,21.85,77.86,0.0,0.0,0.0,380.35,1.59,6.0,870.7,
2016,2,4,20,20.95,82.35,0.0,0.0,0.0,377.5,1.77,1.0,871.31,
2016,2,4,21,20.05,86.85,0.0,0.0,0.0,374.65,1.94,356.0,871.91,
2016,2,4,22,19.15,91.34,0.0,0.0,0.0,371.8,2.12,351.0,872.51,
2016,2,4,23,18.8,93.0,0.0,0.0,0.0,368.77,2.09,343.0,872.17,
2016,2,5,0,18.45,94.65,0.0,0.0,0.0,365.73,2.05,334.0,871.82,
2016,2,5,1,18.1,96.31,0.0,0.0,0.0,362.7,2.01,326.0,871.48,
2016,2,5,2,18.27,96.68,0.0,0.0,0.0,369.32,1.91,321.0,871.74,
2016,2,5,3,18.43,97.04,0.0,0.0,0.0,375.93,1.81,316.0,871.99,
2016,2,5,4,18.6,97.41,0.0,0.0,0.0,382.55,1.71,311.0,872.25,
2016,2,5,5,19.27,95.89,0.0,0.0,0.0,383.88,1.93,311.0,872.57,
2016,2,5,6,19.95,94.37,0.0,0.0,0.0,385.22,2.14,312.0,872.88,
2016,2,5,7,20.63,92.85,73.0,4.03,72.0,386.55,2.36,312.0,873.2,
2016,2,5,8,21.38,91.76,89.0,0.0,89.0,390.12,1.92,318.0,872.85,
2016,2,5,9,22.13,90.67,146.0,0.0,146.0,393.68,1.49,323.0,872.51,
2016,2,5,10,22.89,89.58,249.0,0.0,249.0,397.25,1.05,328.0,872.17,
2016,2,5,11,22.7,90.69,402.0,10.53,392.0,399.2,0.82,20.0,871.48,
2016,2,5,12,22.51,91.81,572.0,69.18,503.0,401.15,0.59,72.0,870.79,
2016,2,5,13,22.32,92.92,409.0,8.15,401.0,403.1,0.36,124.0,870.1,
2016,2,5,14,22.97,88.64,424.0,22.14,404.0,401.03,0.75,132.0,869.99,
2016,2,5,15,23.62,84.37,674.0,464.93,317.0,398.97,1.14,140.0,869.87,
2016,2,5,16,24.27,80.09,465.0,343.76,264.0,396.9,1.53,149.0,869.76,
2016,2,5,17,23.01,84.76,302.0,455.98,135.0,393.83,1.6,144.0,870.67,
2016,2,5,18,21.74,89.44,84.0,282.74,48.0,390.77,1.67,140.0,871.59,
2016,2,5,19,20.47,94.11,0.0,0.0,0.0,387.7,1.74,136.0,872.51,
2016,2,5,20,20.07,95.12,0.0,0.0,0.0,384.57,1.61,118.0,872.88,
2016,2,5,21,19.67,96.14,0.0,0.0,0.0,381.43,1.49,100.0,873.26,
2016,2,5,22,19.28,97.15,0.0,0.0,0.0,378.3,1.37,82.0,873.63,
2016,2,5,23,19.05,97.96,0.0,0.0,0.0,378.65,1.26,70.0,873.49,
2016,2,6,0,18.82,98.77,0.0,0.0,0.0,379.0,1.16,57.0,873.34,
2016,2,6,1,18.6,99.58,0.0,0.0,0.0,379.35,1.06,45.0,873.2,
2016,2,6,2,18.61,99.5,0.0,0.0,0.0,386.45,1.5,49.0,873.37,
2016,2,6,3,18.61,99.41,0.0,0.0,0.0,393.55,1.94,53.0,873.54,
2016,2,6,4,18.62,99.33,0.0,0.0,0.0,400.65,2.37,57.0,873.72,
2016,2,6,5,18.81,98.65,0.0,0.0,0.0,404.85,2.34,54.0,874.35,
2016,2,6,6,19.01,97.96,0.0,0.0,0.0,409.05,2.32,50.0,874.98,
2016,2,6,7,19.2,97.28,101.0,36.45,92.0,413.25,2.29,47.0,875.61,
2016,2,6,8,20.11,94.45,376.0,387.05,191.0,412.43,2.11,45.0,875.24,
2016,2,6,9,21.02,91.63,369.0,66.09,324.0,411.62,1.93,43.0,874.86,
2016,2,6,10,21.93,88.8,518.0,108.1,427.0,410.8,1.75,41.0,874.49,
2016,2,6,11,22.38,87.67,807.0,395.85,431.0,413.7,1.77,51.0,873.46,
2016,2,6,12,22.84,86.54,1072.0,906.22,168.0,416.6,1.8,61.0,872.42,
2016,2,6,13,23.29,85.41,780.0,297.44,488.0,419.5,1.82,71.0,871.39,
2016,2,6,14,23.37,83.34,116.0,0.0,116.0,411.95,2.15,86.0,871.25,
2016,2,6,15,23.45,81.28,295.0,5.21,291.0,404.4,2.47,101.0,871.1,
2016,2,6,16,23.53,79.21,367.0,133.42,289.0,396.85,2.8,116.0,870.96,
2016,2,6,17,22.52,82.92,236.0,177.67,171.0,393.6,2.44,117.0,871.79,
2016,2,6,18,21.51,86.64,17.0,0.0,17.0,390.35,2.08,119.0,872.63,
2016,2,6,19,20.5,90.35,0.0,0.0,0.0,387.1,1.72,120.0,873.46,
2016,2,6,20,20.06,92.13,0.0,0.0,0.0,382.87,1.63,109.0,874.03,
2016,2,6,21,19.61,93.9,0.0,0.0,0.0,378.63,1.54,98.0,874.6,
2016,2,6,22,19.17,95.68,0.0,0.0,0.0,374.4,1.45,86.0,875.18,
2016,2,6,23,18.85,96.67,0.0,0.0,0.0,373.55,1.44,86.0,874.86,
2016,2,7,0,18.54,97.65,0.0,0.0,0.0,372.7,1.43,85.0,874.55,
2016,2,7,1,18.23,98.64,0.0,0.0,0.0,371.85,1.42,85.0,874.23,
2016,2,7,2,17.96,98.87,0.0,0.0,0.0,371.43,1.39,38.0,874.12,
2016,2,7,3,17.69,99.1,0.0,0.0,0.0,371.02,1.37,351.0,874.0,
2016,2,7,4,17.42,99.33,0.0,0.0,0.0,370.6,1.34,304.0,873.89,
2016,2,7,5,18.42,96.89,0.0,0.0,0.0,372.93,1.37,299.0,874.32,
2016,2,7,6,19.43,94.45,0.0,0.0,0.0,375.27,1.39,294.0,874.75,
2016,2,7,7,20.44,92.01,50.0,0.0,50.0,377.6,1.42,288.0,875.18,
2016,2,7,8,21.47,88.83,224.0,39.83,205.0,386.25,1.16,279.0,874.69,
2016,2,7,9,22.49,85.65,610.0,543.89,240.0,394.9,0.91,269.0,874.2,
2016,2,7,10,23.52,82.47,798.0,617.91,278.0,403.55,0.65,259.0,873.72,
2016,2,7,11,23.75,81.89,900.0,592.76,337.0,404.9,0.71,234.0,872.77,
2016,2,7,12,23.98,81.31,1054.0,854.99,201.0,406.25,0.77,209.0,871.82,
2016,2,7,13,24.21,80.73,1037.0,853.45,199.0,407.6,0.83,184.0,870.88,
2016,2,7,14,24.73,72.82,913.0,740.41,244.0,402.53,1.26,170.0,870.65,
2016,2,7,15,25.24,64.92,666.0,442.72,326.0,397.47,1.68,156.0,870.42,
2016,2,7,16,25.75,57.01,495.0,439.75,238.0,392.4,2.11,142.0,870.19,
2016,2,7,17,24.1,63.53,331.0,634.97,99.0,381.5,2.2,137.0,870.65,
2016,2,7,18,22.44,70.05,82.0,278.28,47.0,370.6,2.29,132.0,871.1,
2016,2,7,19,20.78,76.57,0.0,0.0,0.0,359.7,2.37,127.0,871.56,
2016,2,7,20,20.16,79.04,0.0,0.0,0.0,356.63,2.29,120.0,872.31,
2016,2,7,21,19.54,81.51,0.0,0.0,0.0,353.57,2.21,113.0,873.06,
2016,2,7,22,18.93,83.98,0.0,0.0,0.0,350.5,2.12,106.0,873.8,
2016,2,7,23,18.86,84.14,0.0,0.0,0.0,349.9,1.8,84.0,873.51,
2016,2,8,0,18.79,84.31,0.0,0.0,0.0,349.3,1.47,62.0,873.23,
2016,2,8,1,18.73,84.47,0.0,0.0,0.0,348.7,1.14,41.0,872.94,
2016,2,8,2,18.21,86.79,0.0,0.0,0.0,351.68,1.08,27.0,872.88,
2016,2,8,3,17.68,89.12,0.0,0.0,0.0,354.67,1.01,13.0,872.83,
2016,2,8,4,17.16,91.44,0.0,0.0,0.0,357.65,0.94,359.0,872.77,
2016,2,8,5,18.69,87.97,0.0,0.0,0.0,357.43,0.97,2.0,873.17,
2016,2,8,6,20.23,84.51,0.0,0.0,0.0,357.22,1.0,5.0,873.57,
2016,2,8,7,21.77,81.04,55.0,0.0,55.0,357.0,1.03,8.0,873.97,
2016,2,8,8,23.36,74.36,341.0,273.07,211.0,364.4,0.86,47.0,873.43,
2016,2,8,9,24.95,67.67,639.0,642.94,202.0,371.8,0.69,86.0,872.88,
2016,2,8,10,26.55,60.99,863.0,817.83,175.0,379.2,0.52,125.0,872.34,
2016,2,8,11,26.96,58.75,922.0,646.49,308.0,389.2,1.0,125.0,871.31,
2016,2,8,12,27.37,56.5,1019.0,760.71,260.0,399.2,1.47,125.0,870.27,
2016,2,8,13,27.78,54.26,923.0,564.13,369.0,409.2,1.94,124.0,869.24,
2016,2,8,14,26.84,61.57,871.0,627.45,304.0,403.82,2.11,122.0,869.5,
2016,2,8,15,25.9,68.87,696.0,520.87,296.0,398.43,2.27,119.0,869.76,
2016,2,8,16,24.95,76.18,498.0,450.21,235.0,393.05,2.43,117.0,870.01,
2016,2,8,17,23.73,81.32,270.0,309.73,157.0,388.78,2.25,113.0,871.02,
2016,2,8,18,22.51,86.47,62.0,104.09,49.0,384.52,2.07,109.0,872.02,
2016,2,8,19,21.29,91.61,0.0,0.0,0.0,380.25,1.89,105.0,873.03,
2016,2,8,20,20.79,93.01,0.0,0.0,0.0,379.08,1.89,85.0,873.49,
2016,2,8,21,20.28,94.42,0.0,0.0,0.0,377.92,1.9,66.0,873.94,
2016,2,8,22,19.78,95.82,0.0,0.0,0.0,376.75,1.9,46.0,874.4,
2016,2,8,23,19.4,96.48,0.0,0.0,0.0,374.82,1.75,30.0,874.09,
2016,2,9,0,19.02,97.14,0.0,0.0,0.0,372.88,1.59,14.0,873.77,
2016,2,9,1,18.65,97.8,0.0,0.0,0.0,370.95,1.43,358.0,873.46,
2016,2,9,2,18.52,97.98,0.0,0.0,0.0,368.87,1.5,3.0,873.54,
2016,2,9,3,18.39,98.17,0.0,0.0,0.0,366.78,1.56,8.0,873.63,
2016,2,9,4,18.27,98.35,0.0,0.0,0.0,364.7,1.63,14.0,873.72,
2016,2,9,5,18.91,97.24,0.0,0.0,0.0,372.33,1.62,19.0,874.17,
2016,2,9,6,19.55,96.13,0.0,0.0,0.0,379.97,1.61,25.0,874.63,
2016,2,9,7,20.19,95.02,51.0,0.0,51.0,387.6,1.6,30.0,875.09,
2016,2,9,8,21.09,93.74,220.0,37.88,202.0,390.1,1.77,39.0,874.55,
2016,2,9,9,21.98,92.46,407.0,108.97,333.0,392.6,1.95,48.0,874.0,
2016,2,9,10,22.88,91.18,787.0,590.99,290.0,395.1,2.12,57.0,873.46,
2016,2,9,11,23.23,88.54,905.0,605.48,330.0,398.98,2.21,64.0,872.54,
2016,2,9,12,23.58,85.91,792.0,297.65,495.0,402.87,2.3,72.0,871.62,
2016,2,9,13,23.93,83.27,1037.0,853.23,199.0,406.75,2.39,79.0,870.7,
2016,2,9,14,23.88,81.91,959.0,880.81,163.0,401.88,2.18,88.0,870.67,
2016,2,9,15,23.82,80.56,540.0,195.35,390.0,397.02,1.98,97.0,870.65,
2016,2,9,16,23.76,79.2,158.0,0.0,158.0,392.15,1.78,106.0,870.62,
2016,2,9,17,22.64,83.23,183.0,60.4,161.0,385.98,1.84,108.0,871.22,
2016,2,9,18,21.52,87.27,8.0,0.0,8.0,379.82,1.91,110.0,871.82,
2016,2,9,19,20.39,91.3,0.0,0.0,0.0,373.65,1.97,111.0,872.42,
2016,2,9,20,19.92,92.66,0.0,0.0,0.0,371.5,1.94,107.0,873.06,
2016,2,9,21,19.45,94.03,0.0,0.0,0.0,369.35,1.92,102.0,873.69,
2016,2,9,22,18.98,95.39,0.0,0.0,0.0,367.2,1.89,97.0,874.32,
2016,2,9,23,18.78,96.14,0.0,0.0,0.0,366.72,1.72,70.0,874.12,
2016,2,10,0,18.58,96.9,0.0,0.0,0.0,366.23,1.55,44.0,873.92,
2016,2,10,1,18.39,97.65,0.0,0.0,0.0,365.75,1.38,17.0,873.72,
2016,2,10,2,18.11,97.97,0.0,0.0,0.0,363.58,1.48,13.0,873.63,
2016,2,10,3,17.83,98.28,0.0,0.0,0.0,361.42,1.58,10.0,873.54,
2016,2,10,4,17.55,98.6,0.0,0.0,0.0,359.25,1.68,6.0,873.46,
2016,2,10,5,18.79,95.62,0.0,0.0,0.0,361.08,1.71,5.0,873.86,
2016,2,10,6,20.04,92.65,0.0,0.0,0.0,362.92,1.74,3.0,874.26,
2016,2,10,7,21.29,89.67,23.0,0.0,23.0,364.75,1.77,2.0,874.66,
2016,2,10,8,22.19,87.59,182.0,12.65,176.0,374.52,1.55,16.0,874.15,
2016,2,10,9,23.09,85.52,272.0,10.32,265.0,384.28,1.34,30.0,873.63,
2016,2,10,10,23.99,83.44,716.0,417.52,365.0,394.05,1.13,43.0,873.11,
2016,2,10,11,24.2,82.83,801.0,385.43,435.0,397.62,1.12,60.0,872.11,
2016,2,10,12,24.42,82.23,676.0,153.33,523.0,401.18,1.11,76.0,871.1,
2016,2,10,13,24.63,81.62,96.0,0.0,96.0,404.75,1.1,93.0,870.1,
2016,2,10,14,24.83,76.23,263.0,0.0,263.0,400.62,1.4,94.0,869.79,
2016,2,10,15,25.03,70.85,163.0,0.0,163.0,396.48,1.7,95.0,869.47,
2016,2,10,16,25.22,65.46,74.0,0.0,74.0,392.35,2.0,96.0,869.15,
2016,2,10,17,23.95,71.11,38.0,0.0,38.0,388.0,2.02,94.0,869.84,
2016,2,10,18,22.68,76.76,41.0,16.27,39.0,383.65,2.04,93.0,870.53,
2016,2,10,19,21.4,82.41,0.0,0.0,0.0,379.3,2.06,91.0,871.22,
2016,2,10,20,20.75,85.26,0.0,0.0,0.0,376.02,2.02,66.0,871.71,
2016,2,10,21,20.1,88.12,0.0,0.0,0.0,372.73,1.98,42.0,872.19,
2016,2,10,22,19.46,90.97,0.0,0.0,0.0,369.45,1.94,17.0,872.68,
2016,2,10,23,19.17,91.86,0.0,0.0,0.0,367.53,1.99,4.0,872.4,
2016,2,11,0,18.88,92.74,0.0,0.0,0.0,365.62,2.03,352.0,872.11,
2016,2,11,1,18.6,93.63,0.0,0.0,0.0,363.7,2.07,339.0,871.82,
2016,2,11,2,18.21,93.93,0.0,0.0,0.0,359.7,2.1,338.0,871.99,
2016,2,11,3,17.82,94.22,0.0,0.0,0.0,355.7,2.13,337.0,872.17,
2016,2,11,4,17.44,94.52,0.0,0.0,0.0,351.7,2.17,336.0,872.34,
2016,2,11,5,18.7,91.06,0.0,0.0,0.0,353.23,2.16,333.0,872.88,
2016,2,11,6,19.97,87.61,0.0,0.0,0.0,354.77,2.15,331.0,873.43,
2016,2,11,7,21.24,84.15,53.0,0.0,53.0,356.3,2.14,329.0,873.97,
2016,2,11,8,22.71,79.2,102.0,0.0,102.0,365.72,2.01,334.0,873.34,
2016,2,11,9,24.18,74.24,217.0,1.47,216.0,375.13,1.89,339.0,872.71,
2016,2,11,10,25.65,69.29,262.0,0.0,262.0,384.55,1.77,343.0,872.08,
2016,2,11,11,26.03,66.63,707.0,235.92,483.0,388.35,1.49,8.0,871.22,
2016,2,11,12,26.41,63.96,949.0,590.26,360.0,392.15,1.2,32.0,870.36,
2016,2,11,13,26.79,61.3,985.0,713.67,284.0,395.95,0.92,56.0,869.5,
2016,2,11,14,25.69,69.17,129.0,0.0,129.0,399.3,0.94,42.0,869.5,
2016,2,11,15,24.58,77.04,77.0,0.0,77.0,402.65,0.96,27.0,869.5,
2016,2,11,16,23.47,84.91,80.0,0.0,80.0,406.0,0.98,12.0,869.5,
2016,2,11,17,22.51,88.13,89.0,0.0,89.0,398.42,1.12,8.0,870.33,
2016,2,11,18,21.55,91.35,61.0,98.51,49.0,390.83,1.26,4.0,871.16,
2016,2,11,19,20.58,94.57,0.0,0.0,0.0,383.25,1.39,0.0,871.99,
2016,2,11,20,20.32,95.09,0.0,0.0,0.0,382.48,1.6,355.0,872.45,
2016,2,11,21,20.06,95.61,0.0,0.0,0.0,381.72,1.82,350.0,872.91,
2016,2,11,22,19.81,96.13,0.0,0.0,0.0,380.95,2.03,345.0,873.37,
2016,2,11,23,19.54,96.51,0.0,0.0,0.0,377.88,1.98,340.0,873.11,
2016,2,12,0,19.27,96.9,0.0,0.0,0.0,374.82,1.93,335.0,872.85,
2016,2,12,1,19.0,97.28,0.0,0.0,0.0,371.75,1.88,330.0,872.6,
2016,2,12,2,18.54,97.77,0.0,0.0,0.0,369.75,1.75,328.0,872.51,
2016,2,12,3,18.07,98.25,0.0,0.0,0.0,367.75,1.63,325.0,872.42,
2016,2,12,4,17.61,98.74,0.0,0.0,0.0,365.75,1.5,322.0,872.34,
2016,2,12,5,18.57,95.98,0.0,0.0,0.0,367.58,1.6,321.0,872.77,
2016,2,12,6,19.54,93.21,0.0,0.0,0.0,369.42,1.69,320.0,873.2,
2016,2,12,7,20.51,90.45,114.0,75.21,96.0,371.25,1.78,319.0,873.63,
2016,2,12,8,21.96,85.16,277.0,120.62,220.0,379.25,1.61,332.0,873.11,
2016,2,12,9,23.4,79.86,584.0,475.31,262.0,387.25,1.44,345.0,872.6,
2016,2,12,10,24.85,74.57,724.0,438.05,356.0,395.25,1.27,359.0,872.08,
2016,2,12,11,25.29,71.59,893.0,579.33,343.0,396.43,1.3,12.0,871.22,
2016,2,12,12,25.74,68.6,937.0,564.21,374.0,397.62,1.32,25.0,870.36,
2016,2,12,13,26.18,65.62,363.0,2.04,361.0,398.8,1.35,38.0,869.5,
2016,2,12,14,25.66,67.8,392.0,13.28,380.0,397.97,1.13,46.0,869.35,
2016,2,12,15,25.13,69.97,686.0,497.91,304.0,397.13,0.91,54.0,869.21,
2016,2,12,16,24.6,72.15,478.0,389.72,251.0,396.3,0.69,62.0,869.07,
2016,2,12,17,23.52,78.03,113.0,2.76,112.0,394.92,0.99,55.0,869.96,
2016,2,12,18,22.44,83.9,17.0,0.0,17.0,393.53,1.29,49.0,870.85,
2016,2,12,19,21.35,89.78,0.0,0.0,0.0,392.15,1.59,42.0,871.74,
2016,2,12,20,20.8,91.52,0.0,0.0,0.0,387.92,1.59,25.0,872.17,
2016,2,12,21,20.24,93.27,0.0,0.0,0.0,383.68,1.6,9.0,872.6,
2016,2,12,22,19.69,95.01,0.0,0.0,0.0,379.45,1.6,352.0,873.03,
2016,2,12,23,19.42,96.2,0.0,0.0,0.0,376.97,1.51,337.0,872.8,
2016,2,13,0,19.16,97.39,0.0,0.0,0.0,374.48,1.42,323.0,872.57,
2016,2,13,1,18.9,98.58,0.0,0.0,0.0,372.0,1.32,308.0,872.34,
2016,2,13,2,18.83,98.28,0.0,0.0,0.0,372.57,1.37,322.0,872.25,
2016,2,13,3,18.75,97.99,0.0,0.0,0.0,373.13,1.42,335.0,872.17,
2016,2,13,4,18.68,97.69,0.0,0.0,0.0,373.7,1.46,348.0,872.08,
2016,2,13,5,19.29,95.68,0.0,0.0,0.0,378.67,1.69,345.0,872.45,
2016,2,13,6,19.91,93.67,0.0,0.0,0.0,383.63,1.92,341.0,872.83,
2016,2,13,7,20.53,91.66,89.0,25.19,83.0,388.6,2.15,338.0,873.2,
2016,2,13,8,21.63,88.95,309.0,192.91,218.0,391.8,2.23,342.0,872.65,
2016,2,13,9,22.73,86.24,620.0,590.91,220.0,395.0,2.3,347.0,872.11,
2016,2,13,10,23.83,83.53,827.0,712.08,229.0,398.2,2.37,351.0,871.56,
2016,2,13,11,23.81,83.96,914.0,631.03,315.0,401.05,2.18,347.0,870.53,
2016,2,13,12,23.8,84.39,1029.0,789.74,241.0,403.9,1.99,343.0,869.5,
2016,2,13,13,23.79,84.82,899.0,513.15,395.0,406.75,1.79,339.0,868.47,
2016,2,13,14,23.83,80.67,968.0,914.33,142.0,403.47,1.75,17.0,868.55,
2016,2,13,15,23.87,76.53,801.0,865.86,137.0,400.18,1.71,55.0,868.64,
2016,2,13,16,23.91,72.38,545.0,632.43,177.0,396.9,1.67,93.0,868.72,
2016,2,13,17,22.92,77.05,208.0,110.79,168.0,394.52,1.58,86.0,869.47,
2016,2,13,18,21.93,81.72,75.0,242.88,46.0,392.13,1.49,79.0,870.22,
2016,2,13,19,20.93,86.39,0.0,0.0,0.0,389.75,1.41,72.0,870.96,
2016,2,13,20,20.64,87.55,0.0,0.0,0.0,387.5,1.48,58.0,871.54,
2016,2,13,21,20.35,88.72,0.0,0.0,0.0,385.25,1.55,44.0,872.11,
2016,2,13,22,20.06,89.88,0.0,0.0,0.0,383.0,1.63,29.0,872.68,
2016,2,13,23,19.88,90.85,0.0,0.0,0.0,382.22,1.65,17.0,872.4,
2016,2,14,0,19.7,91.83,0.0,0.0,0.0,381.43,1.66,6.0,872.11,
2016,2,14,1,19.52,92.8,0.0,0.0,0.0,380.65,1.68,354.0,871.82,
2016,2,14,2,19.15,94.3,0.0,0.0,0.0,375.53,1.66,354.0,871.68,
2016,2,14,3,18.77,95.79,0.0,0.0,0.0,370.42,1.64,355.0,871.54,
2016,2,14,4,18.4,97.29,0.0,0.0,0.0,365.3,1.61,356.0,871.39,
2016,2,14,5,19.5,93.7,0.0,0.0,0.0,366.7,1.61,6.0,871.71,
2016,2,14,6,20.6,90.1,0.0,0.0,0.0,368.1,1.6,17.0,872.02,
2016,2,14,7,21.7,86.51,136.0,168.74,96.0,369.5,1.6,27.0,872.34,
2016,2,14,8,22.88,82.39,271.0,112.55,218.0,380.48,1.92,41.0,871.88,
2016,2,14,9,24.06,78.26,579.0,464.22,265.0,391.47,2.24,55.0,871.42,
2016,2,14,10,25.24,74.14,360.0,14.29,348.0,402.45,2.57,69.0,870.96,
2016,2,14,11,25.32,73.76,673.0,193.87,489.0,403.25,2.82,72.0,870.07,
2016,2,14,12,25.41,73.37,867.0,422.97,445.0,404.05,3.07,75.0,869.18,
2016,2,14,13,25.5,72.99,1018.0,803.42,229.0,404.85,3.32,78.0,868.29,
2016,2,14,14,24.96,76.69,957.0,880.23,162.0,403.03,3.36,85.0,868.35,
2016,2,14,15,24.42,80.38,268.0,1.3,267.0,401.22,3.4,93.0,868.41,
2016,2,14,16,23.88,84.08,566.0,724.35,145.0,399.4,3.43,100.0,868.47,
2016,2,14,17,22.91,87.27,221.0,147.2,168.0,397.38,3.31,101.0,869.35,
2016,2,14,18,21.93,90.46,43.0,25.4,40.0,395.37,3.2,101.0,870.24,
2016,2,14,19,20.95,93.65,0.0,0.0,0.0,393.35,3.08,102.0,871.13,
2016,2,14,20,20.69,94.24,0.0,0.0,0.0,393.22,3.44,94.0,871.51,
2016,2,14,21,20.43,94.82,0.0,0.0,0.0,393.08,3.81,87.0,871.88,
2016,2,14,22,20.17,95.41,0.0,0.0,0.0,392.95,4.18,80.0,872.25,
2016,2,14,23,19.96,95.45,0.0,0.0,0.0,392.78,4.39,71.0,871.97,
2016,2,15,0,19.75,95.48,0.0,0.0,0.0,392.62,4.59,62.0,871.68,
2016,2,15,1,19.55,95.52,0.0,0.0,0.0,392.45,4.8,53.0,871.39,
2016,2,15,2,19.42,94.32,0.0,0.0,0.0,390.0,4.65,44.0,871.39,
2016,2,15,3,19.28,93.13,0.0,0.0,0.0,387.55,4.5,34.0,871.39,
2016,2,15,4,19.15,91.93,0.0,0.0,0.0,385.1,4.34,25.0,871.39,
2016,2,15,5,19.5,90.37,0.0,0.0,0.0,385.07,4.92,22.0,871.94,
2016,2,15,6,19.86,88.82,0.0,0.0,0.0,385.03,5.5,18.0,872.48,
2016,2,15,7,20.22,87.26,16.0,0.0,16.0,385.0,6.08,15.0,873.03,
2016,2,15,8,21.67,81.63,75.0,0.0,75.0,390.0,6.46,10.0,872.8,
2016,2,15,9,23.12,76.0,137.0,0.0,137.0,395.0,6.85,5.0,872.57,
2016,2,15,10,24.57,70.37,164.0,0.0,164.0,400.0,7.23,360.0,872.34,
2016,2,15,11,25.16,67.82,259.0,0.0,259.0,402.55,6.8,357.0,871.45,
2016,2,15,12,25.76,65.28,293.0,0.0,293.0,405.1,6.36,355.0,870.56,
2016,2,15,13,26.35,62.73,227.0,0.0,227.0,407.65,5.93,353.0,869.67,
2016,2,15,14,25.88,62.83,272.0,0.0,272.0,406.42,4.92,359.0,869.64,
2016,2,15,15,25.4,62.92,272.0,2.61,270.0,405.18,3.92,4.0,869.61,
2016,2,15,16,24.92,63.02,302.0,55.13,270.0,403.95,2.91,10.0,869.58,
2016,2,15,17,23.81,67.55,83.0,0.0,83.0,400.62,2.51,13.0,870.36,
2016,2,15,18,22.7,72.07,39.0,17.14,37.0,397.28,2.1,16.0,871.13,
2016,2,15,19,21.59,76.6,0.0,0.0,0.0,393.95,1.7,20.0,871.91,
2016,2,15,20,21.05,79.58,0.0,0.0,0.0,389.82,1.74,16.0,872.6,
2016,2,15,21,20.51,82.55,0.0,0.0,0.0,385.68,1.78,13.0,873.29,
2016,2,15,22,19.97,85.53,0.0,0.0,0.0,381.55,1.82,10.0,873.97,
2016,2,15,23,19.74,87.36,0.0,0.0,0.0,380.07,1.84,1.0,873.83,
2016,2,16,0,19.51,89.2,0.0,0.0,0.0,378.58,1.86,353.0,873.69,
2016,2,16,1,19.29,91.03,0.0,0.0,0.0,377.1,1.88,345.0,873.54,
2016,2,16,2,19.08,92.11,0.0,0.0,0.0,376.37,1.8,345.0,873.4,
2016,2,16,3,18.87,93.18,0.0,0.0,0.0,375.63,1.73,346.0,873.26,
2016,2,16,4,18.67,94.26,0.0,0.0,0.0,374.9,1.66,347.0,873.11,
2016,2,16,5,19.26,93.62,0.0,0.0,0.0,376.3,1.92,346.0,873.77,
2016,2,16,6,19.86,92.97,0.0,0.0,0.0,377.7,2.19,345.0,874.43,
2016,2,16,7,20.46,92.33,120.0,106.44,95.0,379.1,2.46,344.0,875.09,
2016,2,16,8,21.33,91.41,96.0,0.0,96.0,386.05,2.37,337.0,874.78,
2016,2,16,9,22.2,90.48,154.0,0.0,154.0,393.0,2.28,331.0,874.46,
2016,2,16,10,23.08,89.56,440.0,48.87,399.0,399.95,2.19,325.0,874.15,
2016,2,16,11,22.91,90.89,222.0,0.0,222.0,404.92,1.93,326.0,873.46,
2016,2,16,12,22.75,92.22,148.0,0.0,148.0,409.88,1.66,326.0,872.77,
2016,2,16,13,22.59,93.55,259.0,0.0,259.0,414.85,1.39,327.0,872.08,
2016,2,16,14,22.71,89.26,946.0,846.47,182.0,413.05,1.14,273.0,872.11,
2016,2,16,15,22.83,84.96,572.0,250.84,380.0,411.25,0.88,220.0,872.14,
2016,2,16,16,22.95,80.67,459.0,343.3,260.0,409.45,0.62,167.0,872.17,
2016,2,16,17,22.16,84.48,314.0,572.79,109.0,403.07,0.87,129.0,873.03,
2016,2,16,18,21.36,88.29,61.0,130.14,46.0,396.68,1.12,91.0,873.89,
2016,2,16,19,20.56,92.1,0.0,0.0,0.0,390.3,1.37,53.0,874.75,
2016,2,16,20,20.17,93.37,0.0,0.0,0.0,389.48,1.42,33.0,875.06,
2016,2,16,21,19.78,94.63,0.0,0.0,0.0,388.67,1.47,12.0,875.38,
2016,2,16,22,19.4,95.9,0.0,0.0,0.0,387.85,1.52,352.0,875.69,
2016,2,16,23,19.0,96.68,0.0,0.0,0.0,385.95,1.59,332.0,875.24,
2016,2,17,0,18.61,97.46,0.0,0.0,0.0,384.05,1.66,313.0,874.78,
2016,2,17,1,18.22,98.24,0.0,0.0,0.0,382.15,1.72,294.0,874.32,
2016,2,17,2,18.26,98.04,0.0,0.0,0.0,379.75,1.38,264.0,874.38,
2016,2,17,3,18.3,97.85,0.0,0.0,0.0,377.35,1.04,234.0,874.43,
2016,2,17,4,18.34,97.65,0.0,0.0,0.0,374.95,0.7,204.0,874.49,
2016,2,17,5,19.29,95.55,0.0,0.0,0.0,376.77,1.01,177.0,874.95,
2016,2,17,6,20.25,93.45,0.0,0.0,0.0,378.58,1.32,151.0,875.41,
2016,2,17,7,21.21,91.35,59.0,0.0,59.0,380.4,1.63,125.0,875.87,
2016,2,17,8,22.23,86.72,228.0,49.08,205.0,389.95,2.26,123.0,875.47,
2016,2,17,9,23.25,82.08,635.0,651.95,195.0,399.5,2.9,121.0,875.06,
2016,2,17,10,24.28,77.45,877.0,878.87,140.0,409.05,3.53,119.0,874.66,
2016,2,17,11,24.07,80.31,989.0,837.08,195.0,406.97,3.72,118.0,873.89,
2016,2,17,12,23.86,83.16,1033.0,804.2,231.0,404.88,3.91,117.0,873.11,
2016,2,17,13,23.65,86.02,948.0,627.64,332.0,402.8,4.1,117.0,872.34,
2016,2,17,14,23.93,81.28,929.0,798.07,209.0,402.92,4.07,117.0,871.97,
2016,2,17,15,24.2,76.54,657.0,430.16,328.0,403.03,4.04,118.0,871.59,
2016,2,17,16,24.47,71.8,150.0,0.0,150.0,403.15,4.01,118.0,871.22,
2016,2,17,17,23.34,76.59,91.0,0.0,91.0,395.2,3.35,115.0,871.76,
2016,2,17,18,22.2,81.39,45.0,43.96,40.0,387.25,2.68,112.0,872.31,
2016,2,17,19,21.06,86.18,0.0,0.0,0.0,379.3,2.01,109.0,872.85,
2016,2,17,20,20.64,88.32,0.0,0.0,0.0,375.03,1.98,100.0,873.4,
2016,2,17,21,20.22,90.46,0.0,0.0,0.0,370.77,1.95,91.0,873.94,
2016,2,17,22,19.8,92.6,0.0,0.0,0.0,366.5,1.92,82.0,874.49,
2016,2,17,23,19.44,93.69,0.0,0.0,0.0,365.27,1.99,86.0,874.2,
2016,2,18,0,19.08,94.77,0.0,0.0,0.0,364.03,2.06,91.0,873.92,
2016,2,18,1,18.73,95.86,0.0,0.0,0.0,362.8,2.14,95.0,873.63,
2016,2,18,2,18.68,95.78,0.0,0.0,0.0,363.93,2.19,97.0,873.4,
2016,2,18,3,18.63,95.69,0.0,0.0,0.0,365.07,2.25,99.0,873.17,
2016,2,18,4,18.58,95.61,0.0,0.0,0.0,366.2,2.3,100.0,872.94,
2016,2,18,5,19.48,93.19,0.0,0.0,0.0,365.02,3.22,101.0,873.37,
2016,2,18,6,20.39,90.78,0.0,0.0,0.0,363.83,4.14,102.0,873.8,
2016,2,18,7,21.3,88.36,179.0,493.89,64.0,362.65,5.06,102.0,874.23,
2016,2,18,8,22.82,79.93,416.0,606.95,132.0,369.38,5.27,103.0,873.77,
2016,2,18,9,24.34,71.5,670.0,790.32,137.0,376.12,5.48,104.0,873.31,
2016,2,18,10,25.87,63.07,871.0,861.3,149.0,382.85,5.68,104.0,872.85,
2016,2,18,11,26.37,59.58,906.0,616.89,321.0,386.0,5.64,107.0,871.65,
2016,2,18,12,26.88,56.1,888.0,467.38,422.0,389.15,5.6,109.0,870.44,
2016,2,18,13,27.39,52.61,1033.0,851.03,198.0,392.3,5.56,112.0,869.24,
2016,2,18,14,27.1,53.01,923.0,782.94,217.0,394.55,5.3,113.0,868.92,
2016,2,18,15,26.81,53.41,758.0,726.29,203.0,396.8,5.04,114.0,868.61,
2016,2,18,16,26.51,53.81,574.0,778.77,124.0,399.05,4.79,116.0,868.29,
2016,2,18,17,25.11,58.66,291.0,450.14,131.0,390.27,4.2,115.0,869.15,
2016,2,18,18,23.71,63.52,67.0,205.07,44.0,381.48,3.62,115.0,870.01,
2016,2,18,19,22.3,68.37,0.0,0.0,0.0,372.7,3.03,114.0,870.88,
2016,2,18,20,21.75,71.4,0.0,0.0,0.0,369.08,2.85,107.0,871.45,
2016,2,18,21,21.2,74.42,0.0,0.0,0.0,365.47,2.67,99.0,872.02,
2016,2,18,22,20.65,77.45,0.0,0.0,0.0,361.85,2.48,92.0,872.6,
2016,2,18,23,20.32,79.68,0.0,0.0,0.0,361.2,2.32,82.0,872.34,
2016,2,19,0,19.99,81.91,0.0,0.0,0.0,360.55,2.15,72.0,872.08,
2016,2,19,1,19.67,84.14,0.0,0.0,0.0,359.9,1.99,63.0,871.82,
2016,2,19,2,19.28,86.76,0.0,0.0,0.0,359.85,1.94,60.0,871.68,
2016,2,19,3,18.89,89.39,0.0,0.0,0.0,359.8,1.9,57.0,871.54,
2016,2,19,4,18.51,92.01,0.0,0.0,0.0,359.75,1.86,54.0,871.39,
2016,2,19,5,19.47,90.04,0.0,0.0,0.0,360.95,2.42,56.0,871.76,
2016,2,19,6,20.44,88.06,0.0,0.0,0.0,362.15,2.98,58.0,872.14,
2016,2,19,7,21.4,86.09,144.0,232.88,90.0,363.35,3.54,60.0,872.51,
2016,2,19,8,22.23,86.31,436.0,719.16,100.0,372.75,3.71,64.0,872.19,
2016,2,19,9,23.05,86.53,662.0,761.21,149.0,382.15,3.89,67.0,871.88,
2016,2,19,10,23.88,86.75,885.0,910.57,122.0,391.55,4.06,71.0,871.56,
2016,2,19,11,23.67,88.21,704.0,235.22,481.0,399.57,3.95,70.0,870.93,
2016,2,19,12,23.46,89.66,1003.0,728.34,277.0,407.58,3.84,70.0,870.3,
2016,2,19,13,23.25,91.12,976.0,697.38,292.0,415.6,3.74,69.0,869.67,
2016,2,19,14,23.31,89.41,602.0,148.69,468.0,413.63,3.59,65.0,869.35,
2016,2,19,15,23.36,87.71,723.0,616.97,252.0,411.67,3.44,60.0,869.04,
2016,2,19,16,23.41,86.0,183.0,0.0,183.0,409.7,3.3,56.0,868.72,
2016,2,19,17,22.46,88.72,328.0,686.22,85.0,402.18,2.73,53.0,869.38,
2016,2,19,18,21.5,91.45,21.0,0.0,21.0,394.67,2.16,51.0,870.04,
2016,2,19,19,20.54,94.17,0.0,0.0,0.0,387.15,1.59,48.0,870.7,
2016,2,19,20,20.17,95.15,0.0,0.0,0.0,380.9,1.64,42.0,871.36,
2016,2,19,21,19.79,96.14,0.0,0.0,0.0,374.65,1.69,37.0,872.02,
2016,2,19,22,19.42,97.12,0.0,0.0,0.0,368.4,1.74,31.0,872.68,
2016,2,19,23,19.16,97.62,0.0,0.0,0.0,366.58,1.66,19.0,872.63,
2016,2,20,0,18.91,98.11,0.0,0.0,0.0,364.77,1.59,7.0,872.57,
2016,2,20,1,18.66,98.61,0.0,0.0,0.0,362.95,1.52,356.0,872.51,
2016,2,20,2,18.33,99.03,0.0,0.0,0.0,361.67,1.6,359.0,872.19,
2016,2,20,3,17.99,99.45,0.0,0.0,0.0,360.38,1.68,2.0,871.88,
2016,2,20,4,17.66,99.87,0.0,0.0,0.0,359.1,1.77,5.0,871.56,
2016,2,20,5,19.0,96.47,0.0,0.0,0.0,361.1,2.04,11.0,871.99,
2016,2,20,6,20.34,93.06,0.0,0.0,0.0,363.1,2.31,16.0,872.42,
2016,2,20,7,21.68,89.66,153.0,294.46,85.0,365.1,2.58,22.0,872.85,
2016,2,20,8,22.69,87.42,419.0,630.18,125.0,375.48,2.33,21.0,872.48,
2016,2,20,9,23.7,85.18,647.0,703.83,173.0,385.87,2.08,21.0,872.11,
2016,2,20,10,24.72,82.94,795.0,627.98,269.0,396.25,1.83,21.0,871.74,
2016,2,20,11,24.91,81.32,1031.0,970.68,111.0,401.57,1.78,23.0,870.93,
2016,2,20,12,25.11,79.7,1117.0,1057.7,63.0,406.88,1.72,25.0,870.13,
2016,2,20,13,25.3,78.08,1020.0,817.0,219.0,412.2,1.67,28.0,869.33,
2016,2,20,14,25.59,73.37,937.0,829.41,190.0,409.8,1.74,26.0,869.15,
2016,2,20,15,25.88,68.65,799.0,878.57,129.0,407.4,1.81,25.0,868.98,
2016,2,20,16,26.17,63.94,544.0,653.1,168.0,405.0,1.88,23.0,868.81,
2016,2,20,17,25.03,68.19,294.0,476.32,126.0,398.8,1.77,9.0,869.41,
2016,2,20,18,23.89,72.44,21.0,0.0,21.0,392.6,1.67,355.0,870.01,
2016,2,20,19,22.75,76.69,0.0,0.0,0.0,386.4,1.57,341.0,870.62,
2016,2,20,20,21.88,81.13,0.0,0.0,0.0,381.55,1.7,333.0,871.33,
2016,2,20,21,21.01,85.57,0.0,0.0,0.0,376.7,1.82,324.0,872.05,
2016,2,20,22,20.15,90.01,0.0,0.0,0.0,371.85,1.94,316.0,872.77,
2016,2,20,23,19.67,92.01,0.0,0.0,0.0,368.9,1.94,316.0,872.63,
2016,2,21,0,19.19,94.01,0.0,0.0,0.0,365.95,1.93,316.0,872.48,
2016,2,21,1,18.71,96.01,0.0,0.0,0.0,363.0,1.92,315.0,872.34,
2016,2,21,2,18.46,96.67,0.0,0.0,0.0,360.85,1.83,316.0,872.14,
2016,2,21,3,18.21,97.32,0.0,0.0,0.0,358.7,1.73,316.0,871.94,
2016,2,21,4,17.97,97.98,0.0,0.0,0.0,356.55,1.64,316.0,871.74,
2016,2,21,5,18.87,96.13,0.0,0.0,0.0,361.88,1.8,317.0,872.14,
2016,2,21,6,19.78,94.27,0.0,0.0,0.0,367.22,1.95,317.0,872.54,
2016,2,21,7,20.69,92.42,150.0,273.89,87.0,372.55,2.11,318.0,872.94,
2016,2,21,8,22.54,85.7,427.0,678.3,111.0,380.62,1.81,323.0,872.65,
2016,2,21,9,24.39,78.99,683.0,849.94,111.0,388.68,1.51,328.0,872.37,
2016,2,21,10,26.25,72.27,864.0,844.42,157.0,396.75,1.21,333.0,872.08,
2016,2,21,11,27.01,67.65,991.0,851.72,184.0,400.97,1.22,6.0,870.9,
2016,2,21,12,27.77,63.03,1008.0,742.85,268.0,405.18,1.22,39.0,869.73,
2016,2,21,13,28.53,58.41,1082.0,1005.13,97.0,409.4,1.23,72.0,868.55,
2016,2,21,14,28.75,56.31,957.0,894.44,152.0,412.03,1.5,84.0,868.26,
2016,2,21,15,28.97,54.22,776.0,799.5,167.0,414.67,1.78,96.0,867.98,
2016,2,21,16,29.19,52.12,567.0,762.34,129.0,417.3,2.06,109.0,867.69,
2016,2,21,17,27.3,61.41,304.0,546.64,112.0,410.97,2.21,116.0,868.35,
2016,2,21,18,25.41,70.7,67.0,243.0,41.0,404.63,2.37,124.0,869.01,
2016,2,21,19,23.51,79.99,0.0,0.0,0.0,398.3,2.52,131.0,869.67,
2016,2,21,20,23.23,80.11,0.0,0.0,0.0,394.73,2.27,125.0,870.19,
2016,2,21,21,22.95,80.23,0.0,0.0,0.0,391.17,2.01,119.0,870.7,
2016,2,21,22,22.67,80.35,0.0,0.0,0.0,387.6,1.75,113.0,871.22,
2016,2,21,23,22.18,82.6,0.0,0.0,0.0,385.1,1.5,71.0,871.1,
2016,2,22,0,21.7,84.85,0.0,0.0,0.0,382.6,1.26,29.0,870.99,
2016,2,22,1,21.22,87.1,0.0,0.0,0.0,380.1,1.01,348.0,870.88,
2016,2,22,2,20.48,89.8,0.0,0.0,0.0,379.68,1.35,348.0,870.82,
2016,2,22,3,19.74,92.5,0.0,0.0,0.0,379.27,1.7,349.0,870.76,
2016,2,22,4,19.01,95.2,0.0,0.0,0.0,378.85,2.04,350.0,870.7,
2016,2,22,5,20.23,92.26,0.0,0.0,0.0,381.43,2.02,350.0,871.28,
2016,2,22,6,21.46,89.33,0.0,0.0,0.0,384.02,2.0,350.0,871.85,
2016,2,22,7,22.68,86.39,162.0,366.6,78.0,386.6,1.97,350.0,872.42,
2016,2,22,8,24.07,81.43,397.0,526.63,152.0,393.08,1.7,8.0,872.22,
2016,2,22,9,25.46,76.46,660.0,759.82,149.0,399.57,1.43,26.0,872.02,
2016,2,22,10,26.85,71.5,868.0,860.31,148.0,406.05,1.16,44.0,871.82,
2016,2,22,11,26.89,71.01,1018.0,935.42,132.0,407.1,1.47,54.0,870.82,
2016,2,22,12,26.94,70.52,1100.0,1007.24,97.0,408.15,1.78,64.0,869.81,
2016,2,22,13,26.98,70.03,985.0,725.9,274.0,409.2,2.1,75.0,868.81,
2016,2,22,14,27.25,66.51,873.0,651.61,287.0,409.88,2.19,91.0,868.52,
2016,2,22,15,27.51,62.99,716.0,603.33,257.0,410.57,2.29,108.0,868.24,
2016,2,22,16,27.77,59.47,483.0,436.06,233.0,411.25,2.39,124.0,867.95,
2016,2,22,17,26.37,64.45,291.0,474.71,125.0,407.17,2.2,123.0,868.75,
2016,2,22,18,24.96,69.43,50.0,85.59,41.0,403.08,2.02,122.0,869.56,
2016,2,22,19,23.55,74.41,0.0,0.0,0.0,399.0,1.83,121.0,870.36,
2016,2,22,20,22.83,78.96,0.0,0.0,0.0,396.52,1.77,111.0,871.28,
2016,2,22,21,22.11,83.5,0.0,0.0,0.0,394.03,1.7,101.0,872.19,
2016,2,22,22,21.39,88.05,0.0,0.0,0.0,391.55,1.63,91.0,873.11,
2016,2,22,23,20.95,90.26,0.0,0.0,0.0,389.53,1.69,80.0,872.97,
2016,2,23,0,20.52,92.47,0.0,0.0,0.0,387.52,1.76,70.0,872.83,
2016,2,23,1,20.09,94.68,0.0,0.0,0.0,385.5,1.82,59.0,872.68,
2016,2,23,2,19.77,95.85,0.0,0.0,0.0,383.62,1.69,79.0,872.63,
2016,2,23,3,19.45,97.03,0.0,0.0,0.0,381.73,1.55,99.0,872.57,
2016,2,23,4,19.14,98.2,0.0,0.0,0.0,379.85,1.42,118.0,872.51,
2016,2,23,5,19.96,96.88,0.0,0.0,0.0,379.22,2.23,113.0,873.06,
2016,2,23,6,20.78,95.57,0.0,0.0,0.0,378.58,3.05,109.0,873.6,
2016,2,23,7,21.6,94.25,15.0,0.0,15.0,377.95,3.86,104.0,874.15,
2016,2,23,8,22.63,88.58,115.0,0.0,115.0,381.75,4.21,97.0,874.0,
2016,2,23,9,23.66,82.9,623.0,623.45,204.0,385.55,4.55,91.0,873.86,
2016,2,23,10,24.69,77.23,498.0,94.44,419.0,389.35,4.9,85.0,873.72,
2016,2,23,11,25.21,74.1,339.0,2.11,337.0,393.72,4.69,85.0,872.74,
2016,2,23,12,25.73,70.96,97.0,0.0,97.0,398.08,4.49,85.0,871.76,
2016,2,23,13,26.25,67.83,122.0,0.0,122.0,402.45,4.29,86.0,870.79,
2016,2,23,14,25.91,67.75,117.0,0.0,117.0,400.63,4.06,95.0,871.02,
2016,2,23,15,25.56,67.66,235.0,0.0,235.0,398.82,3.84,105.0,871.25,
2016,2,23,16,25.21,67.58,497.0,487.76,218.0,397.0,3.61,114.0,871.48,
2016,2,23,17,24.01,72.31,274.0,390.72,138.0,390.52,3.08,115.0,872.05,
2016,2,23,18,22.8,77.05,70.0,319.65,37.0,384.03,2.54,116.0,872.63,
2016,2,23,19,21.59,81.78,0.0,0.0,0.0,377.55,2.0,116.0,873.2,
2016,2,23,20,21.0,85.04,0.0,0.0,0.0,373.68,1.94,116.0,873.8,
2016,2,23,21,20.41,88.31,0.0,0.0,0.0,369.82,1.89,115.0,874.4,
2016,2,23,22,19.83,91.57,0.0,0.0,0.0,365.95,1.83,114.0,875.01,
2016,2,23,23,19.53,93.11,0.0,0.0,0.0,364.73,1.79,113.0,874.81,
2016,2,24,0,19.23,94.66,0.0,0.0,0.0,363.52,1.75,112.0,874.6,
2016,2,24,1,18.94,96.2,0.0,0.0,0.0,362.3,1.71,111.0,874.4,
2016,2,24,2,18.53,96.58,0.0,0.0,0.0,360.47,1.73,109.0,874.38,
2016,2,24,3,18.12,96.95,0.0,0.0,0.0,358.63,1.76,108.0,874.35,
2016,2,24,4,17.72,97.33,0.0,0.0,0.0,356.8,1.78,106.0,874.32,
2016,2,24,5,18.79,93.94,0.0,0.0,0.0,360.38,2.6,103.0,874.66,
2016,2,24,6,19.87,90.54,0.0,0.0,0.0,363.97,3.43,100.0,875.01,
2016,2,24,7,20.95,87.15,146.0,268.19,85.0,367.55,4.25,96.0,875.35,
2016,2,24,8,22.48,81.65,368.0,407.34,179.0,378.3,4.06,93.0,875.04,
2016,2,24,9,24.0,76.14,597.0,539.0,235.0,389.05,3.86,90.0,874.72,
2016,2,24,10,25.53,70.64,843.0,780.95,190.0,399.8,3.67,88.0,874.4,
2016,2,24,11,25.56,70.59,951.0,741.72,249.0,402.67,3.53,94.0,873.51,
2016,2,24,12,25.6,70.55,1017.0,771.92,249.0,405.53,3.38,100.0,872.63,
2016,2,24,13,25.64,70.5,1074.0,985.37,110.0,408.4,3.24,106.0,871.74,
2016,2,24,14,25.46,71.85,881.0,678.37,272.0,404.73,3.22,107.0,871.42,
2016,2,24,15,25.27,73.2,793.0,876.52,128.0,401.07,3.2,108.0,871.1,
2016,2,24,16,25.08,74.55,565.0,774.58,123.0,397.4,3.17,110.0,870.79,
2016,2,24,17,24.01,78.91,292.0,502.31,118.0,394.37,2.97,116.0,871.51,
2016,2,24,18,22.93,83.28,55.0,148.13,40.0,391.33,2.78,121.0,872.22,
2016,2,24,19,21.85,87.64,0.0,0.0,0.0,388.3,2.58,127.0,872.94,
2016,2,24,20,21.4,90.27,0.0,0.0,0.0,385.58,2.66,127.0,873.37,
2016,2,24,21,20.95,92.9,0.0,0.0,0.0,382.87,2.74,126.0,873.8,
2016,2,24,22,20.5,95.53,0.0,0.0,0.0,380.15,2.83,126.0,874.23,
2016,2,24,23,20.38,96.35,0.0,0.0,0.0,380.98,2.68,125.0,874.2,
2016,2,25,0,20.26,97.18,0.0,0.0,0.0,381.82,2.53,124.0,874.17,
2016,2,25,1,20.15,98.0,0.0,0.0,0.0,382.65,2.39,123.0,874.15,
2016,2,25,2,20.21,97.73,0.0,0.0,0.0,386.2,2.55,118.0,873.92,
2016,2,25,3,20.27,97.45,0.0,0.0,0.0,389.75,2.71,112.0,873.69,
2016,2,25,4,20.34,97.18,0.0,0.0,0.0,393.3,2.87,107.0,873.46,
2016,2,25,5,20.64,96.07,0.0,0.0,0.0,394.1,3.15,103.0,873.83,
2016,2,25,6,20.94,94.96,0.0,0.0,0.0,394.9,3.43,99.0,874.2,
2016,2,25,7,21.24,93.85,172.0,476.49,64.0,395.7,3.71,95.0,874.58,
2016,2,25,8,22.8,86.18,417.0,638.76,121.0,397.58,3.72,92.0,874.17,
2016,2,25,9,24.35,78.51,672.0,816.5,124.0,399.47,3.74,88.0,873.77,
2016,2,25,10,25.91,70.84,567.0,171.1,424.0,401.35,3.75,85.0,873.37,
2016,2,25,11,26.44,67.98,398.0,10.57,388.0,405.13,3.5,88.0,872.31,
2016,2,25,12,26.98,65.12,1085.0,969.4,121.0,408.92,3.26,92.0,871.25,
2016,2,25,13,27.52,62.26,845.0,420.39,434.0,412.7,3.01,95.0,870.19,
2016,2,25,14,27.04,65.23,444.0,32.34,415.0,411.0,2.48,100.0,869.9,
2016,2,25,15,26.56,68.2,766.0,781.48,174.0,409.3,1.96,104.0,869.61,
2016,2,25,16,26.08,71.17,400.0,217.85,276.0,407.6,1.43,109.0,869.33,
2016,2,25,17,24.97,75.62,309.0,618.01,96.0,402.3,1.35,107.0,869.9,
2016,2,25,18,23.86,80.08,65.0,292.25,36.0,397.0,1.26,104.0,870.47,
2016,2,25,19,22.75,84.53,0.0,0.0,0.0,391.7,1.17,102.0,871.05,
2016,2,25,20,22.14,87.28,0.0,0.0,0.0,388.57,1.42,100.0,871.56,
2016,2,25,21,21.53,90.03,0.0,0.0,0.0,385.43,1.67,97.0,872.08,
2016,2,25,22,20.92,92.78,0.0,0.0,0.0,382.3,1.92,94.0,872.6,
2016,2,25,23,20.51,94.16,0.0,0.0,0.0,381.45,1.87,92.0,872.54,
2016,2,26,0,20.11,95.54,0.0,0.0,0.0,380.6,1.82,89.0,872.48,
2016,2,26,1,19.71,96.92,0.0,0.0,0.0,379.75,1.77,86.0,872.42,
2016,2,26,2,19.43,97.51,0.0,0.0,0.0,377.93,1.7,70.0,872.22,
2016,2,26,3,19.14,98.11,0.0,0.0,0.0,376.12,1.64,54.0,872.02,
2016,2,26,4,18.86,98.7,0.0,0.0,0.0,374.3,1.57,38.0,871.82,
2016,2,26,5,19.89,96.07,0.0,0.0,0.0,374.27,1.88,36.0,872.25,
2016,2,26,6,20.93,93.44,0.0,0.0,0.0,374.23,2.19,34.0,872.68,
2016,2,26,7,21.96,90.81,158.0,358.59,77.0,374.2,2.5,32.0,873.11,
2016,2,26,8,23.27,85.99,310.0,213.91,211.0,382.17,2.23,36.0,872.68,
2016,2,26,9,24.57,81.18,650.0,729.09,161.0,390.13,1.95,40.0,872.25,
2016,2,26,10,25.88,76.36,692.0,384.26,371.0,398.1,1.68,43.0,871.82,
2016,2,26,11,26.54,71.38,965.0,785.74,222.0,401.42,1.44,43.0,870.7,
2016,2,26,12,27.21,66.41,819.0,350.14,471.0,404.73,1.2,43.0,869.58,
2016,2,26,13,27.88,61.43,635.0,130.0,508.0,408.05,0.95,43.0,868.47,
2016,2,26,14,26.8,68.65,791.0,463.22,376.0,409.22,0.99,70.0,868.69,
2016,2,26,15,25.72,75.86,756.0,751.01,188.0,410.38,1.03,97.0,868.92,
2016,2,26,16,24.63,83.08,311.0,72.22,270.0,411.55,1.08,125.0,869.15,
2016,2,26,17,23.75,85.38,185.0,84.59,156.0,408.07,0.92,114.0,869.99,
2016,2,26,18,22.87,87.67,43.0,72.06,36.0,404.58,0.77,104.0,870.82,
2016,2,26,19,21.98,89.97,0.0,0.0,0.0,401.1,0.62,94.0,871.65,
2016,2,26,20,21.55,92.31,0.0,0.0,0.0,400.65,0.66,56.0,872.17,
2016,2,26,21,21.12,94.65,0.0,0.0,0.0,400.2,0.69,18.0,872.68,
2016,2,26,22,20.69,96.99,0.0,0.0,0.0,399.75,0.73,341.0,873.2,
2016,2,26,23,20.63,97.48,0.0,0.0,0.0,399.12,1.01,338.0,872.97,
2016,2,27,0,20.57,97.96,0.0,0.0,0.0,398.48,1.28,335.0,872.74,
2016,2,27,1,20.51,98.45,0.0,0.0,0.0,397.85,1.56,332.0,872.51,
2016,2,27,2,20.08,98.83,0.0,0.0,0.0,393.1,1.54,336.0,872.02,
2016,2,27,3,19.65,99.22,0.0,0.0,0.0,388.35,1.51,341.0,871.54,
2016,2,27,4,19.22,99.6,0.0,0.0,0.0,383.6,1.49,346.0,871.05,
2016,2,27,5,20.03,97.41,0.0,0.0,0.0,387.65,1.43,356.0,871.36,
2016,2,27,6,20.85,95.22,0.0,0.0,0.0,391.7,1.37,6.0,871.68,
2016,2,27,7,21.66,93.03,119.0,124.37,91.0,395.75,1.31,17.0,871.99,
2016,2,27,8,23.1,86.57,144.0,2.16,143.0,403.03,1.16,9.0,871.62,
2016,2,27,9,24.54,80.12,170.0,0.0,170.0,410.32,1.02,1.0,871.25,
2016,2,27,10,25.98,73.66,468.0,70.66,409.0,417.6,0.87,353.0,870.88,
2016,2,27,11,26.12,74.09,738.0,289.9,464.0,415.95,0.74,1.0,869.96,
2016,2,27,12,26.27,74.52,1089.0,986.6,109.0,414.3,0.6,8.0,869.04,
2016,2,27,13,26.42,74.95,1075.0,1001.87,97.0,412.65,0.47,15.0,868.12,
2016,2,27,14,25.75,78.08,724.9,489.22,287.1,411.45,0.73,9.0,868.35,
2016,2,27,15,25.07,81.21,721.0,639.71,238.0,410.25,0.98,3.0,868.58,
2016,2,27,16,24.39,84.34,550.0,729.56,137.0,409.05,1.24,358.0,868.81,
2016,2,27,17,23.57,87.4,135.0,17.6,129.0,407.3,1.18,4.0,869.56,
2016,2,27,18,22.75,90.45,45.0,84.22,37.0,405.55,1.12,11.0,870.3,
2016,2,27,19,21.92,93.51,0.0,0.0,0.0,403.8,1.06,18.0,871.05,
2016,2,27,20,21.54,94.0,0.0,0.0,0.0,400.33,0.92,38.0,871.85,
2016,2,27,21,21.15,94.5,0.0,0.0,0.0,396.87,0.79,57.0,872.65,
2016,2,27,22,20.77,94.99,0.0,0.0,0.0,393.4,0.65,77.0,873.46,
2016,2,27,23,20.55,95.83,0.0,0.0,0.0,394.33,0.9,81.0,873.31,
2016,2,28,0,20.33,96.67,0.0,0.0,0.0,395.27,1.14,84.0,873.17,
2016,2,28,1,20.12,97.51,0.0,0.0,0.0,396.2,1.39,88.0,873.03,
2016,2,28,2,19.9,98.05,0.0,0.0,0.0,401.08,1.81,81.0,872.85,
2016,2,28,3,19.68,98.59,0.0,0.0,0.0,405.97,2.23,73.0,872.68,
2016,2,28,4,19.46,99.13,0.0,0.0,0.0,410.85,2.65,66.0,872.51,
2016,2,28,5,19.69,98.05,0.0,0.0,0.0,412.47,2.79,64.0,873.0,
2016,2,28,6,19.92,96.98,0.0,0.0,0.0,414.08,2.92,62.0,873.49,
2016,2,28,7,20.15,95.9,47.0,0.0,47.0,415.7,3.06,61.0,873.97,
2016,2,28,8,21.15,92.57,94.0,0.0,94.0,414.98,2.77,58.0,873.94,
2016,2,28,9,22.15,89.23,248.0,5.97,244.0,414.27,2.48,56.0,873.92,
2016,2,28,10,23.15,85.9,514.0,112.64,420.0,413.55,2.19,53.0,873.89,
2016,2,28,11,23.17,86.2,710.0,249.83,474.0,416.52,1.99,53.0,872.91,
2016,2,28,12,23.2,86.51,542.0,55.41,487.0,419.48,1.79,53.0,871.94,
2016,2,28,13,23.22,86.81,893.0,521.86,384.0,422.45,1.59,53.0,870.96,
2016,2,28,14,23.95,81.18,708.85,493.89,267.4,421.9,1.68,58.0,870.79,
2016,2,28,15,24.67,75.56,669.0,492.25,298.0,421.35,1.78,63.0,870.62,
2016,2,28,16,25.39,69.93,426.0,288.78,263.0,420.8,1.88,69.0,870.44,
2016,2,28,17,24.26,75.92,186.0,91.44,155.0,418.03,1.91,77.0,871.51,
2016,2,28,18,20.99,95.46,49.0,129.34,37.0,419.56,2.3,86.0,872.57,
2016,2,28,19,20.94,94.52,0.0,0.0,0.0,414.77,2.34,95.0,873.63,
2016,2,28,20,20.89,93.59,0.0,0.0,0.0,409.98,2.38,87.0,874.35,
2016,2,28,21,20.83,92.65,0.0,0.0,0.0,405.2,2.41,80.0,875.06,
2016,2,28,22,20.78,91.72,0.0,0.0,0.0,400.41,2.45,73.0,875.78,
2016,2,28,23,20.72,90.79,0.0,0.0,0.0,395.63,2.49,71.0,875.58,
2005,3,1,0,20.67,89.85,0.0,0.0,0.0,390.84,2.53,69.0,875.38,
2005,3,1,1,20.62,88.92,0.0,0.0,0.0,386.06,2.57,67.0,875.18,
2005,3,1,2,20.56,87.98,0.0,0.0,0.0,381.27,2.6,88.0,872.88,
2005,3,1,3,20.51,87.05,0.0,0.0,0.0,376.49,2.64,92.0,872.83,
2005,3,1,4,20.45,86.11,0.0,0.0,0.0,371.7,2.68,97.0,872.77,
2005,3,1,5,20.4,85.18,0.0,0.0,0.0,366.91,2.72,100.0,873.29,
2005,3,1,6,20.35,84.24,0.0,0.0,0.0,362.13,2.76,104.0,873.8,
2005,3,1,7,20.29,83.31,44.0,17.93,40.0,357.34,2.79,108.0,874.32,
2005,3,1,8,20.24,82.37,198.0,69.47,166.0,352.56,2.83,109.0,873.86,
2005,3,1,9,20.18,81.44,495.0,384.23,238.0,347.77,2.87,109.0,873.4,
2005,3,1,10,25.83,60.23,674.0,425.87,319.0,382.55,3.53,109.0,872.94,
2005,3,1,11,26.09,59.25,515.0,65.71,453.0,388.03,3.82,116.0,871.88,
2005,3,1,12,26.35,58.26,937.0,591.15,351.0,393.52,4.11,122.0,870.82,
2005,3,1,13,26.62,57.28,789.0,305.07,492.0,399.0,4.4,128.0,869.76,
2005,3,1,14,25.49,63.97,639.0,169.38,488.0,399.02,4.18,127.0,869.93,
2005,3,1,15,24.37,70.66,844.0,893.74,173.0,399.03,3.97,126.0,870.1,
2005,3,1,16,23.25,77.35,641.0,873.53,151.0,399.05,3.75,125.0,870.27,
2005,3,1,17,22.33,81.16,324.0,400.06,190.0,394.2,3.14,120.0,871.25,
2005,3,1,18,21.41,84.98,144.0,907.07,64.0,389.35,2.52,115.0,872.22,
2005,3,1,19,20.49,88.79,0.0,0.0,0.0,384.5,1.9,110.0,873.2,
2005,3,1,20,19.98,91.07,0.0,0.0,0.0,377.85,1.9,104.0,873.89,
2005,3,1,21,19.48,93.35,0.0,0.0,0.0,371.2,1.9,99.0,874.58,
2005,3,1,22,18.98,95.63,0.0,0.0,0.0,364.55,1.9,94.0,875.26,
2005,3,1,23,18.76,96.34,0.0,0.0,0.0,361.48,2.02,89.0,875.12,
2005,3,2,0,18.54,97.06,0.0,0.0,0.0,358.42,2.13,84.0,874.98,
2005,3,2,1,18.32,97.77,0.0,0.0,0.0,355.35,2.25,79.0,874.83,
2005,3,2,2,18.05,98.25,0.0,0.0,0.0,354.52,2.23,79.0,874.69,
2005,3,2,3,17.78,98.73,0.0,0.0,0.0,353.68,2.22,79.0,874.55,
2005,3,2,4,17.51,99.21,0.0,0.0,0.0,352.85,2.21,79.0,874.4,
2005,3,2,5,18.6,95.06,0.0,0.0,0.0,359.92,2.35,83.0,874.83,
2005,3,2,6,19.7,90.9,0.0,0.0,0.0,366.98,2.5,88.0,875.26,
2005,3,2,7,20.8,86.75,39.0,8.99,37.0,374.05,2.65,92.0,875.69,
2005,3,2,8,22.26,79.38,78.0,0.0,78.0,382.85,3.16,94.0,875.29,
2005,3,2,9,23.72,72.0,379.0,134.65,289.0,391.65,3.67,96.0,874.89,
2005,3,2,10,25.17,64.63,695.0,478.94,296.0,400.45,4.18,98.0,874.49,
2005,3,2,11,25.85,60.26,806.0,453.89,378.0,397.23,4.38,103.0,873.37,
2005,3,2,12,26.53,55.9,732.0,230.18,504.0,394.02,4.57,108.0,872.25,
2005,3,2,13,27.21,51.53,1040.0,852.4,211.0,390.8,4.77,113.0,871.13,
2005,3,2,14,26.56,52.78,1022.0,1024.44,110.0,389.7,4.79,114.0,871.22,
2005,3,2,15,25.92,54.03,747.0,587.27,307.0,388.6,4.81,115.0,871.31,
2005,3,2,16,25.27,55.28,631.0,838.85,162.0,387.5,4.83,116.0,871.39,
2005,3,2,17,23.96,60.09,329.0,432.66,185.0,380.97,4.09,116.0,872.19,
2005,3,2,18,22.65,64.91,136.0,780.64,69.0,374.43,3.36,116.0,873.0,
2005,3,2,19,21.35,69.72,0.0,0.0,0.0,367.9,2.62,117.0,873.8,
2005,3,2,20,20.69,72.35,0.0,0.0,0.0,363.43,2.61,112.0,874.55,
2005,3,2,21,20.03,74.99,0.0,0.0,0.0,358.97,2.6,107.0,875.29,
2005,3,2,22,19.38,77.62,0.0,0.0,0.0,354.5,2.59,102.0,876.04,
2005,3,2,23,18.92,79.32,0.0,0.0,0.0,351.7,2.67,101.0,875.67,
2005,3,3,0,18.47,81.03,0.0,0.0,0.0,348.9,2.75,100.0,875.29,
2005,3,3,1,18.02,82.73,0.0,0.0,0.0,346.1,2.83,98.0,874.92,
2005,3,3,2,17.63,83.77,0.0,0.0,0.0,344.4,2.89,98.0,874.75,
2005,3,3,3,17.24,84.8,0.0,0.0,0.0,342.7,2.95,98.0,874.58,
2005,3,3,4,16.86,85.84,0.0,0.0,0.0,341.0,3.01,98.0,874.4,
2005,3,3,5,18.18,82.01,0.0,0.0,0.0,340.92,3.01,99.0,874.86,
2005,3,3,6,19.5,78.18,0.0,0.0,0.0,340.83,3.02,101.0,875.32,
2005,3,3,7,20.82,74.35,66.0,99.19,44.0,340.75,3.02,103.0,875.78,
2005,3,3,8,22.59,66.96,295.0,352.48,133.0,348.4,3.66,101.0,875.41,
2005,3,3,9,24.36,59.56,388.0,149.72,288.0,356.05,4.3,100.0,875.04,
2005,3,3,10,26.12,52.17,681.0,445.6,310.0,363.7,4.94,98.0,874.66,
2005,3,3,11,26.55,50.19,863.0,584.71,312.0,371.83,4.84,100.0,873.54,
2005,3,3,12,26.98,48.21,928.0,577.94,356.0,379.97,4.74,102.0,872.42,
2005,3,3,13,27.42,46.23,874.0,458.05,429.0,388.1,4.63,104.0,871.31,
2005,3,3,14,26.8,47.73,921.0,718.85,282.0,387.22,4.68,107.0,871.22,
2005,3,3,15,26.19,49.24,755.0,613.96,296.0,386.33,4.73,110.0,871.13,
2005,3,3,16,25.57,50.74,537.0,473.81,273.0,385.45,4.77,114.0,871.05,
2005,3,3,17,24.28,57.11,349.0,547.42,168.0,382.88,4.02,116.0,871.91,
2005,3,3,18,22.99,63.48,111.0,395.64,78.0,380.32,3.26,118.0,872.77,
2005,3,3,19,21.71,69.85,0.0,0.0,0.0,377.75,2.51,120.0,873.63,
2005,3,3,20,20.92,74.9,0.0,0.0,0.0,371.07,2.5,116.0,874.35,
2005,3,3,21,20.13,79.94,0.0,0.0,0.0,364.38,2.49,112.0,875.06,
2005,3,3,22,19.34,84.99,0.0,0.0,0.0,357.7,2.48,108.0,875.78,
2005,3,3,23,19.0,87.13,0.0,0.0,0.0,355.08,2.43,107.0,875.55,
2005,3,4,0,18.66,89.27,0.0,0.0,0.0,352.47,2.38,105.0,875.32,
2005,3,4,1,18.32,91.41,0.0,0.0,0.0,349.85,2.33,103.0,875.09,
2005,3,4,2,18.08,92.46,0.0,0.0,0.0,349.53,2.34,103.0,874.95,
2005,3,4,3,17.84,93.52,0.0,0.0,0.0,349.22,2.34,102.0,874.81,
2005,3,4,4,17.61,94.57,0.0,0.0,0.0,348.9,2.34,102.0,874.66,
2005,3,4,5,18.6,90.51,0.0,0.0,0.0,348.27,2.59,99.0,875.09,
2005,3,4,6,19.59,86.44,0.0,0.0,0.0,347.63,2.83,96.0,875.52,
2005,3,4,7,20.59,82.38,65.0,94.94,44.0,347.0,3.08,93.0,875.95,
2005,3,4,8,22.35,74.73,314.0,442.17,111.0,357.52,3.21,91.0,875.61,
2005,3,4,9,24.11,67.09,562.0,614.28,152.0,368.03,3.35,88.0,875.26,
2005,3,4,10,25.87,59.44,799.0,788.41,143.0,378.55,3.49,86.0,874.92,
2005,3,4,11,26.42,55.96,910.0,707.25,244.0,383.3,3.32,93.0,873.66,
2005,3,4,12,26.97,52.47,997.0,747.32,258.0,388.05,3.15,101.0,872.4,
2005,3,4,13,27.53,48.99,937.0,595.63,359.0,392.8,2.98,108.0,871.13,
2005,3,4,14,27.15,50.06,908.0,688.42,297.0,390.77,3.27,114.0,870.62,
2005,3,4,15,26.77,51.14,879.0,1055.06,92.0,388.73,3.56,120.0,870.1,
2005,3,4,16,26.39,52.21,655.0,976.2,113.0,386.7,3.85,126.0,869.58,
2005,3,4,17,24.9,58.43,399.0,898.29,104.0,381.97,3.35,125.0,870.47,
2005,3,4,18,23.41,64.64,130.0,765.99,68.0,377.23,2.85,124.0,871.36,
2005,3,4,19,21.93,70.86,0.0,0.0,0.0,372.5,2.34,122.0,872.25,
2005,3,4,20,21.13,75.14,0.0,0.0,0.0,367.38,2.4,117.0,873.17,
2005,3,4,21,20.33,79.41,0.0,0.0,0.0,362.27,2.45,112.0,874.09,
2005,3,4,22,19.54,83.69,0.0,0.0,0.0,357.15,2.5,108.0,875.01,
2005,3,4,23,19.18,85.42,0.0,0.0,0.0,355.32,2.18,102.0,874.72,
2005,3,5,0,18.82,87.15,0.0,0.0,0.0,353.48,1.86,97.0,874.43,
2005,3,5,1,18.47,88.88,0.0,0.0,0.0,351.65,1.54,92.0,874.15,
2005,3,5,2,18.17,90.27,0.0,0.0,0.0,351.77,1.39,91.0,873.89,
2005,3,5,3,17.87,91.66,0.0,0.0,0.0,351.88,1.23,90.0,873.63,
2005,3,5,4,17.58,93.05,0.0,0.0,0.0,352.0,1.08,90.0,873.37,
2005,3,5,5,18.79,89.6,0.0,0.0,0.0,360.35,1.24,89.0,873.86,
2005,3,5,6,20.01,86.16,0.0,0.0,0.0,368.7,1.41,89.0,874.35,
2005,3,5,7,21.23,82.71,69.0,122.38,42.0,377.05,1.57,89.0,874.83,
2005,3,5,8,22.51,78.75,320.0,477.53,101.0,385.03,1.73,81.0,874.43,
2005,3,5,9,23.8,74.79,577.0,676.2,126.0,393.02,1.89,73.0,874.03,
2005,3,5,10,25.08,70.83,798.0,787.74,143.0,401.0,2.04,65.0,873.63,
2005,3,5,11,25.51,68.07,967.0,876.74,142.0,397.97,1.8,73.0,872.54,
2005,3,5,12,25.94,65.32,960.0,657.92,310.0,394.93,1.55,81.0,871.45,
2005,3,5,13,26.38,62.56,877.0,469.44,422.0,391.9,1.31,88.0,870.36,
2005,3,5,14,25.72,66.05,950.0,812.55,230.0,391.68,1.56,105.0,870.36,
2005,3,5,15,25.06,69.54,793.0,744.44,239.0,391.47,1.81,121.0,870.36,
2005,3,5,16,24.4,73.03,628.0,853.24,156.0,391.25,2.06,138.0,870.36,
2005,3,5,17,23.24,78.31,305.0,349.58,191.0,386.55,2.11,134.0,871.1,
2005,3,5,18,22.08,83.58,133.0,879.8,64.0,381.85,2.17,130.0,871.85,
2005,3,5,19,20.92,88.86,0.0,0.0,0.0,377.15,2.22,126.0,872.6,
2005,3,5,20,20.4,90.51,0.0,0.0,0.0,372.5,1.87,117.0,873.17,
2005,3,5,21,19.89,92.15,0.0,0.0,0.0,367.85,1.52,107.0,873.74,
2005,3,5,22,19.38,93.8,0.0,0.0,0.0,363.2,1.17,98.0,874.32,
2005,3,5,23,19.02,94.91,0.0,0.0,0.0,360.03,1.01,85.0,873.83,
2005,3,6,0,18.67,96.01,0.0,0.0,0.0,356.87,0.85,72.0,873.34,
2005,3,6,1,18.32,97.12,0.0,0.0,0.0,353.7,0.69,60.0,872.85,
2005,3,6,2,18.16,97.35,0.0,0.0,0.0,352.17,0.8,47.0,872.65,
2005,3,6,3,17.99,97.57,0.0,0.0,0.0,350.63,0.92,35.0,872.45,
2005,3,6,4,17.83,97.8,0.0,0.0,0.0,349.1,1.03,23.0,872.25,
2005,3,6,5,19.23,94.37,0.0,0.0,0.0,348.73,1.1,21.0,872.71,
2005,3,6,6,20.63,90.95,0.0,0.0,0.0,348.37,1.17,19.0,873.17,
2005,3,6,7,22.04,87.52,59.0,72.71,43.0,348.0,1.24,16.0,873.63,
2005,3,6,8,23.42,80.65,273.0,272.85,148.0,357.28,1.2,10.0,873.14,
2005,3,6,9,24.8,73.78,491.0,382.61,236.0,366.57,1.15,4.0,872.65,
2005,3,6,10,26.17,66.91,722.0,558.42,258.0,375.85,1.1,358.0,872.17,
2005,3,6,11,26.81,62.98,797.0,441.37,382.0,381.2,0.92,42.0,871.08,
2005,3,6,12,27.44,59.06,999.0,760.88,248.0,386.55,0.74,87.0,869.99,
2005,3,6,13,28.08,55.13,963.0,664.23,320.0,391.9,0.55,132.0,868.9,
2005,3,6,14,27.91,54.1,834.0,510.97,382.0,391.1,1.01,124.0,868.64,
2005,3,6,15,27.74,53.06,809.0,806.86,210.0,390.3,1.47,116.0,868.38,
2005,3,6,16,27.57,52.03,590.0,696.8,206.0,389.5,1.93,107.0,868.12,
2005,3,6,17,25.84,59.14,316.0,407.72,184.0,383.08,1.98,97.0,868.9,
2005,3,6,18,24.11,66.26,124.0,751.3,67.0,376.67,2.03,87.0,869.67,
2005,3,6,19,22.39,73.37,0.0,0.0,0.0,370.25,2.08,77.0,870.44,
2005,3,6,20,21.73,77.18,0.0,0.0,0.0,367.33,2.06,65.0,871.08,
2005,3,6,21,21.08,80.99,0.0,0.0,0.0,364.42,2.03,54.0,871.71,
2005,3,6,22,20.43,84.8,0.0,0.0,0.0,361.5,2.0,43.0,872.34,
2005,3,6,23,20.07,87.32,0.0,0.0,0.0,359.0,1.93,34.0,872.17,
2005,3,7,0,19.71,89.83,0.0,0.0,0.0,356.5,1.86,25.0,871.99,
2005,3,7,1,19.36,92.35,0.0,0.0,0.0,354.0,1.79,16.0,871.82,
2005,3,7,2,19.15,93.78,0.0,0.0,0.0,352.62,1.74,13.0,871.88,
2005,3,7,3,18.93,95.2,0.0,0.0,0.0,351.23,1.69,10.0,871.94,
2005,3,7,4,18.72,96.63,0.0,0.0,0.0,349.85,1.64,7.0,871.99,
2005,3,7,5,19.54,94.21,0.0,0.0,0.0,356.17,1.85,8.0,872.63,
2005,3,7,6,20.36,91.79,0.0,0.0,0.0,362.48,2.06,9.0,873.26,
2005,3,7,7,21.18,89.37,68.0,118.44,42.0,368.8,2.26,10.0,873.89,
2005,3,7,8,23.09,81.47,312.0,439.21,111.0,376.28,2.27,13.0,873.23,
2005,3,7,9,25.0,73.57,576.0,674.2,127.0,383.77,2.27,16.0,872.57,
2005,3,7,10,26.91,65.67,796.0,786.45,143.0,391.25,2.28,19.0,871.91,
2005,3,7,11,27.59,61.13,938.0,796.19,190.0,395.02,2.41,34.0,870.73,
2005,3,7,12,28.27,56.59,1033.0,856.98,188.0,398.78,2.55,50.0,869.56,
2005,3,7,13,28.96,52.05,862.0,445.82,431.0,402.55,2.69,65.0,868.38,
2005,3,7,14,28.64,51.16,647.0,187.99,481.0,400.55,2.86,73.0,868.38,
2005,3,7,15,28.32,50.28,742.0,598.23,299.0,398.55,3.02,81.0,868.38,
2005,3,7,16,28.0,49.39,538.0,508.26,259.0,396.55,3.19,89.0,868.38,
2005,3,7,17,26.3,55.84,389.0,880.66,106.0,390.05,2.91,86.0,869.24,
2005,3,7,18,24.59,62.29,33.0,0.0,33.0,383.55,2.63,83.0,870.1,
2005,3,7,19,22.89,68.74,0.0,0.0,0.0,377.05,2.36,80.0,870.96,
2005,3,7,20,22.15,72.68,0.0,0.0,0.0,373.45,2.33,71.0,871.54,
2005,3,7,21,21.41,76.61,0.0,0.0,0.0,369.85,2.3,62.0,872.11,
2005,3,7,22,20.68,80.55,0.0,0.0,0.0,366.25,2.28,53.0,872.68,
2005,3,7,23,20.29,83.58,0.0,0.0,0.0,363.67,2.21,45.0,872.42,
2005,3,8,0,19.91,86.6,0.0,0.0,0.0,361.08,2.15,37.0,872.17,
2005,3,8,1,19.53,89.63,0.0,0.0,0.0,358.5,2.08,29.0,871.91,
2005,3,8,2,19.22,91.47,0.0,0.0,0.0,359.03,2.1,25.0,871.82,
2005,3,8,3,18.9,93.3,0.0,0.0,0.0,359.57,2.11,22.0,871.74,
2005,3,8,4,18.59,95.14,0.0,0.0,0.0,360.1,2.12,18.0,871.65,
2005,3,8,5,19.96,91.86,0.0,0.0,0.0,359.97,2.02,21.0,872.34,
2005,3,8,6,21.34,88.59,0.0,0.0,0.0,359.83,1.91,25.0,873.03,
2005,3,8,7,22.72,85.31,72.0,146.12,40.0,359.7,1.81,28.0,873.72,
2005,3,8,8,24.35,77.86,318.0,474.67,101.0,370.18,2.4,40.0,873.31,
2005,3,8,9,25.98,70.41,575.0,674.72,126.0,380.67,3.0,52.0,872.91,
2005,3,8,10,27.6,62.96,795.0,785.83,143.0,391.15,3.6,63.0,872.51,
2005,3,8,11,27.83,60.82,963.0,874.64,142.0,394.32,3.69,66.0,871.68,
2005,3,8,12,28.05,58.69,1088.0,1031.5,72.0,397.48,3.78,69.0,870.85,
2005,3,8,13,28.28,56.55,1081.0,1006.8,109.0,400.65,3.88,71.0,870.01,
2005,3,8,14,27.78,58.33,987.0,946.22,153.0,400.18,3.58,73.0,869.64,
2005,3,8,15,27.29,60.11,881.0,1103.46,66.0,399.72,3.28,75.0,869.27,
2005,3,8,16,26.8,61.89,484.0,343.87,296.0,399.25,2.98,77.0,868.9,
2005,3,8,17,25.36,67.81,386.0,881.16,105.0,393.28,2.94,73.0,869.58,
2005,3,8,18,23.92,73.72,118.0,736.29,66.0,387.32,2.91,70.0,870.27,
2005,3,8,19,22.49,79.64,0.0,0.0,0.0,381.35,2.87,66.0,870.96,
2005,3,8,20,21.81,82.39,0.0,0.0,0.0,378.32,2.81,64.0,871.59,
2005,3,8,21,21.14,85.14,0.0,0.0,0.0,375.28,2.75,61.0,872.22,
2005,3,8,22,20.47,87.89,0.0,0.0,0.0,372.25,2.69,58.0,872.85,
2005,3,8,23,20.2,88.68,0.0,0.0,0.0,369.43,2.62,49.0,872.63,
2005,3,9,0,19.94,89.47,0.0,0.0,0.0,366.62,2.54,40.0,872.4,
2005,3,9,1,19.68,90.26,0.0,0.0,0.0,363.8,2.47,32.0,872.17,
2005,3,9,2,19.23,91.18,0.0,0.0,0.0,362.68,2.58,38.0,871.97,
2005,3,9,3,18.78,92.09,0.0,0.0,0.0,361.57,2.69,45.0,871.76,
2005,3,9,4,18.34,93.01,0.0,0.0,0.0,360.45,2.8,52.0,871.56,
2005,3,9,5,19.96,87.94,0.0,0.0,0.0,361.13,2.78,58.0,872.05,
2005,3,9,6,21.58,82.88,0.0,0.0,0.0,361.82,2.76,65.0,872.54,
2005,3,9,7,23.2,77.81,76.0,183.07,36.0,362.5,2.74,71.0,873.03,
2005,3,9,8,24.72,70.66,322.0,501.44,93.0,369.93,3.22,73.0,872.8,
2005,3,9,9,26.24,63.51,580.0,699.32,115.0,377.37,3.69,75.0,872.57,
2005,3,9,10,27.75,56.36,798.0,799.72,135.0,384.8,4.17,77.0,872.34,
2005,3,9,11,27.94,55.17,961.0,874.36,141.0,389.2,4.29,78.0,871.45,
2005,3,9,12,28.13,53.97,954.0,656.58,308.0,393.6,4.41,79.0,870.56,
2005,3,9,13,28.33,52.78,1039.0,882.73,188.0,398.0,4.54,80.0,869.67,
2005,3,9,14,27.82,54.0,974.0,910.52,173.0,395.98,4.16,85.0,869.53,
2005,3,9,15,27.31,55.22,723.0,557.97,312.0,393.97,3.78,91.0,869.38,
2005,3,9,16,26.8,56.44,620.0,866.92,148.0,391.95,3.41,97.0,869.24,
2005,3,9,17,25.41,61.7,284.0,293.94,191.0,386.28,3.11,104.0,869.96,
2005,3,9,18,24.01,66.97,105.0,515.14,70.0,380.62,2.81,111.0,870.67,
2005,3,9,19,22.62,72.23,0.0,0.0,0.0,374.95,2.51,118.0,871.39,
2005,3,9,20,22.0,74.88,0.0,0.0,0.0,372.05,2.67,119.0,872.05,
2005,3,9,21,21.39,77.53,0.0,0.0,0.0,369.15,2.83,119.0,872.71,
2005,3,9,22,20.78,80.18,0.0,0.0,0.0,366.25,2.99,120.0,873.37,
2005,3,9,23,20.46,81.72,0.0,0.0,0.0,363.67,2.86,114.0,873.08,
2005,3,10,0,20.14,83.25,0.0,0.0,0.0,361.08,2.73,109.0,872.8,
2005,3,10,1,19.83,84.79,0.0,0.0,0.0,358.5,2.59,103.0,872.51,
2005,3,10,2,19.46,85.48,0.0,0.0,0.0,357.08,2.5,93.0,872.42,
2005,3,10,3,19.09,86.17,0.0,0.0,0.0,355.67,2.4,83.0,872.34,
2005,3,10,4,18.73,86.86,0.0,0.0,0.0,354.25,2.3,72.0,872.25,
2005,3,10,5,20.14,83.13,0.0,0.0,0.0,355.9,2.5,70.0,872.77,
2005,3,10,6,21.55,79.39,0.0,0.0,0.0,357.55,2.69,68.0,873.29,
2005,3,10,7,22.96,75.66,75.0,178.89,36.0,359.2,2.88,66.0,873.8,
2005,3,10,8,24.39,71.22,329.0,539.22,83.0,365.58,3.31,72.0,873.51,
2005,3,10,9,25.82,66.78,579.0,698.38,115.0,371.97,3.74,78.0,873.23,
2005,3,10,10,27.24,62.34,797.0,799.17,135.0,378.35,4.17,84.0,872.94,
2005,3,10,11,27.19,63.41,960.0,874.12,141.0,382.4,4.18,87.0,871.94,
2005,3,10,12,27.14,64.49,1084.0,1029.78,72.0,386.45,4.19,89.0,870.93,
2005,3,10,13,27.09,65.56,1071.0,987.93,120.0,390.5,4.21,91.0,869.93,
2005,3,10,14,27.18,61.44,890.0,670.86,301.0,388.78,4.13,99.0,869.87,
2005,3,10,15,27.28,57.32,785.0,756.92,229.0,387.07,4.05,108.0,869.81,
2005,3,10,16,27.37,53.2,593.0,752.58,185.0,385.35,3.97,116.0,869.76,
2005,3,10,17,25.95,59.29,378.0,860.3,108.0,384.82,3.54,125.0,870.53,
2005,3,10,18,24.53,65.37,113.0,751.25,64.0,384.28,3.1,134.0,871.31,
2005,3,10,19,23.12,71.46,0.0,0.0,0.0,383.75,2.66,142.0,872.08,
2005,3,10,20,22.38,75.33,0.0,0.0,0.0,378.38,2.72,141.0,872.8,
2005,3,10,21,21.64,79.2,0.0,0.0,0.0,373.02,2.78,139.0,873.51,
2005,3,10,22,20.91,83.07,0.0,0.0,0.0,367.65,2.84,138.0,874.23,
2005,3,10,23,20.55,84.49,0.0,0.0,0.0,364.73,2.8,132.0,873.83,
2005,3,11,0,20.19,85.91,0.0,0.0,0.0,361.82,2.77,126.0,873.43,
2005,3,11,1,19.83,87.33,0.0,0.0,0.0,358.9,2.73,120.0,873.03,
2005,3,11,2,19.67,87.52,0.0,0.0,0.0,357.97,2.61,120.0,872.91,
2005,3,11,3,19.51,87.71,0.0,0.0,0.0,357.03,2.48,119.0,872.8,
2005,3,11,4,19.35,87.9,0.0,0.0,0.0,356.1,2.36,119.0,872.68,
2005,3,11,5,20.39,84.74,0.0,0.0,0.0,357.45,2.97,115.0,873.29,
2005,3,11,6,21.43,81.59,0.0,0.0,0.0,358.8,3.59,110.0,873.89,
2005,3,11,7,22.48,78.43,74.0,174.68,36.0,360.15,4.21,106.0,874.49,
2005,3,11,8,23.16,77.06,328.0,539.78,82.0,368.57,4.39,101.0,874.32,
2005,3,11,9,23.85,75.68,95.0,0.0,95.0,376.98,4.57,96.0,874.15,
2005,3,11,10,24.53,74.31,791.0,784.14,142.0,385.4,4.74,91.0,873.97,
2005,3,11,11,24.58,74.08,869.0,620.71,288.0,392.62,4.81,92.0,873.06,
2005,3,11,12,24.63,73.85,1014.0,821.15,208.0,399.83,4.87,94.0,872.14,
2005,3,11,13,24.69,73.62,1052.0,933.27,155.0,407.05,4.94,95.0,871.22,
2005,3,11,14,23.98,77.28,802.0,461.1,398.0,402.93,4.86,102.0,871.39,
2005,3,11,15,23.28,80.94,714.0,543.38,316.0,398.82,4.79,109.0,871.56,
2005,3,11,16,22.57,84.6,546.0,568.77,239.0,394.7,4.72,116.0,871.74,
2005,3,11,17,21.57,87.89,344.0,636.15,146.0,390.4,4.44,116.0,872.42,
2005,3,11,18,20.56,91.17,126.0,1200.55,51.0,386.1,4.17,117.0,873.11,
2005,3,11,19,19.56,94.46,0.0,0.0,0.0,381.8,3.89,118.0,873.8,
2005,3,11,20,19.36,94.98,0.0,0.0,0.0,380.15,3.97,115.0,874.29,
2005,3,11,21,19.17,95.5,0.0,0.0,0.0,378.5,4.05,112.0,874.78,
2005,3,11,22,18.98,96.02,0.0,0.0,0.0,376.85,4.12,109.0,875.26,
2005,3,11,23,19.06,95.83,0.0,0.0,0.0,380.38,4.17,107.0,875.01,
2005,3,12,0,19.14,95.63,0.0,0.0,0.0,383.92,4.21,106.0,874.75,
2005,3,12,1,19.23,95.44,0.0,0.0,0.0,387.45,4.25,105.0,874.49,
2005,3,12,2,19.07,96.07,0.0,0.0,0.0,391.88,4.44,105.0,874.32,
2005,3,12,3,18.91,96.7,0.0,0.0,0.0,396.32,4.63,106.0,874.15,
2005,3,12,4,18.76,97.33,0.0,0.0,0.0,400.75,4.83,107.0,873.97,
2005,3,12,5,18.79,96.9,0.0,0.0,0.0,402.88,5.11,105.0,874.46,
2005,3,12,6,18.83,96.48,0.0,0.0,0.0,405.02,5.4,103.0,874.95,
2005,3,12,7,18.87,96.05,70.0,142.81,39.0,407.15,5.68,101.0,875.44,
2005,3,12,8,19.69,92.98,221.0,123.0,165.0,406.65,5.6,100.0,875.29,
2005,3,12,9,20.51,89.92,427.0,230.67,274.0,406.15,5.53,99.0,875.15,
2005,3,12,10,21.33,86.85,595.0,276.93,366.0,405.65,5.45,98.0,875.01,
2005,3,12,11,21.86,84.56,836.0,543.28,328.0,404.6,5.44,98.0,873.94,
2005,3,12,12,22.39,82.27,669.0,167.29,505.0,403.55,5.43,99.0,872.88,
2005,3,12,13,22.92,79.98,686.0,185.5,508.0,402.5,5.42,99.0,871.82,
2005,3,12,14,22.26,82.39,666.0,223.03,471.0,400.28,5.15,100.0,871.88,
2005,3,12,15,21.61,84.81,602.0,286.19,393.0,398.07,4.89,100.0,871.94,
2005,3,12,16,20.96,87.22,625.0,932.37,124.0,395.85,4.62,101.0,871.99,
2005,3,12,17,20.35,88.68,370.0,842.49,110.0,388.62,3.93,101.0,872.48,
2005,3,12,18,19.73,90.15,102.0,619.91,65.0,381.38,3.23,102.0,872.97,
2005,3,12,19,19.12,91.61,0.0,0.0,0.0,374.15,2.54,102.0,873.46,
2005,3,12,20,18.83,92.09,0.0,0.0,0.0,369.72,2.56,99.0,873.89,
2005,3,12,21,18.55,92.57,0.0,0.0,0.0,365.28,2.58,97.0,874.32,
2005,3,12,22,18.27,93.05,0.0,0.0,0.0,360.85,2.61,94.0,874.75,
2005,3,12,23,18.14,93.17,0.0,0.0,0.0,358.6,2.55,94.0,874.55,
2005,3,13,0,18.02,93.29,0.0,0.0,0.0,356.35,2.49,94.0,874.35,
2005,3,13,1,17.9,93.41,0.0,0.0,0.0,354.1,2.43,94.0,874.15,
2005,3,13,2,17.57,93.72,0.0,0.0,0.0,351.02,2.41,95.0,874.06,
2005,3,13,3,17.24,94.03,0.0,0.0,0.0,347.93,2.4,96.0,873.97,
2005,3,13,4,16.92,94.34,0.0,0.0,0.0,344.85,2.39,97.0,873.89,
2005,3,13,5,17.77,91.12,0.0,0.0,0.0,343.67,3.09,96.0,874.2,
2005,3,13,6,18.62,87.91,0.0,0.0,0.0,342.48,3.79,94.0,874.52,
2005,3,13,7,19.48,84.69,37.0,9.23,35.0,341.3,4.5,93.0,874.83,
2005,3,13,8,21.17,77.2,215.0,112.14,164.0,352.63,4.91,91.0,874.52,
2005,3,13,9,22.86,69.7,555.0,609.63,151.0,363.97,5.32,89.0,874.2,
2005,3,13,10,24.55,62.21,698.0,508.37,278.0,375.3,5.74,88.0,873.89,
2005,3,13,11,24.76,60.84,725.0,320.11,426.0,384.03,5.44,91.0,872.94,
2005,3,13,12,24.97,59.47,588.0,92.95,497.0,392.77,5.15,95.0,871.99,
2005,3,13,13,25.18,58.1,892.0,527.15,387.0,401.5,4.86,99.0,871.05,
2005,3,13,14,24.91,58.7,653.0,208.62,471.0,401.32,4.85,100.0,870.85,
2005,3,13,15,24.65,59.29,818.0,902.38,161.0,401.13,4.84,101.0,870.65,
2005,3,13,16,24.39,59.89,581.0,736.63,187.0,400.95,4.83,102.0,870.44,
2005,3,13,17,23.38,63.52,359.0,777.96,121.0,395.17,4.23,105.0,871.16,
2005,3,13,18,22.36,67.15,123.0,1244.94,52.2,389.38,3.62,107.0,871.88,
2005,3,13,19,21.35,70.78,0.0,0.0,0.0,383.6,3.02,109.0,872.6,
2005,3,13,20,20.82,72.39,0.0,0.0,0.0,377.33,2.83,105.0,873.26,
2005,3,13,21,20.3,74.0,0.0,0.0,0.0,371.07,2.63,100.0,873.92,
2005,3,13,22,19.78,75.61,0.0,0.0,0.0,364.8,2.44,96.0,874.58,
2005,3,13,23,19.43,76.8,0.0,0.0,0.0,360.42,2.46,92.0,874.26,
2005,3,14,0,19.08,78.0,0.0,0.0,0.0,356.03,2.48,88.0,873.94,
2005,3,14,1,18.73,79.19,0.0,0.0,0.0,351.65,2.5,85.0,873.63,
2005,3,14,2,18.41,79.73,0.0,0.0,0.0,348.82,2.49,82.0,873.29,
2005,3,14,3,18.08,80.26,0.0,0.0,0.0,345.98,2.49,79.0,872.94,
2005,3,14,4,17.76,80.8,0.0,0.0,0.0,343.15,2.48,77.0,872.6,
2005,3,14,5,18.84,77.86,0.0,0.0,0.0,342.8,2.81,79.0,872.94,
2005,3,14,6,19.93,74.92,0.0,0.0,0.0,342.45,3.14,81.0,873.29,
2005,3,14,7,21.02,71.98,32.0,4.63,31.0,342.1,3.46,83.0,873.63,
2005,3,14,8,22.91,65.65,161.0,28.61,148.0,348.27,3.81,86.0,873.29,
2005,3,14,9,24.81,59.33,454.0,296.03,258.0,354.43,4.16,88.0,872.94,
2005,3,14,10,26.7,53.0,580.0,253.22,371.0,360.6,4.51,91.0,872.6,
2005,3,14,11,26.97,51.16,709.0,293.67,435.0,370.07,4.55,95.0,871.56,
2005,3,14,12,27.24,49.31,740.0,259.8,486.0,379.53,4.59,99.0,870.53,
2005,3,14,13,27.51,47.47,723.0,235.27,498.0,389.0,4.63,103.0,869.5,
2005,3,14,14,26.93,49.05,460.0,37.91,427.0,394.02,4.53,105.0,869.35,
2005,3,14,15,26.36,50.64,318.0,8.27,312.0,399.03,4.43,107.0,869.21,
2005,3,14,16,25.79,52.22,446.0,279.89,297.0,404.05,4.33,110.0,869.07,
2005,3,14,17,24.64,56.1,33.0,0.0,33.0,398.48,3.81,111.0,869.84,
2005,3,14,18,23.48,59.98,14.0,0.0,14.0,392.92,3.29,112.0,870.62,
2005,3,14,19,22.33,63.86,0.0,0.0,0.0,387.35,2.77,113.0,871.39,
2005,3,14,20,21.79,65.81,0.0,0.0,0.0,383.2,2.7,111.0,872.05,
2005,3,14,21,21.25,67.77,0.0,0.0,0.0,379.05,2.63,110.0,872.71,
2005,3,14,22,20.72,69.72,0.0,0.0,0.0,374.9,2.57,108.0,873.37,
2005,3,14,23,20.42,70.75,0.0,0.0,0.0,371.2,2.53,107.0,873.11,
2005,3,15,0,20.12,71.78,0.0,0.0,0.0,367.5,2.49,106.0,872.85,
2005,3,15,1,19.82,72.81,0.0,0.0,0.0,363.8,2.46,104.0,872.6,
2005,3,15,2,19.33,74.08,0.0,0.0,0.0,360.63,2.46,103.0,872.65,
2005,3,15,3,18.83,75.34,0.0,0.0,0.0,357.47,2.46,101.0,872.71,
2005,3,15,4,18.34,76.61,0.0,0.0,0.0,354.3,2.47,100.0,872.77,
2005,3,15,5,19.22,74.7,0.0,0.0,0.0,353.58,3.01,99.0,873.29,
2005,3,15,6,20.11,72.79,0.0,0.0,0.0,352.87,3.55,98.0,873.8,
2005,3,15,7,21.0,70.88,55.0,60.25,42.0,352.15,4.1,96.0,874.32,
2005,3,15,8,22.71,64.73,332.0,572.89,72.0,357.27,4.41,95.0,874.12,
2005,3,15,9,24.42,58.57,587.0,748.31,92.0,362.38,4.72,94.0,873.92,
2005,3,15,10,26.12,52.42,777.0,751.92,157.0,367.5,5.03,92.0,873.72,
2005,3,15,11,26.44,50.72,884.0,673.87,256.0,376.85,4.91,97.0,872.68,
2005,3,15,12,26.76,49.01,836.0,418.93,427.0,386.2,4.79,101.0,871.65,
2005,3,15,13,27.08,47.31,968.0,718.6,282.0,395.55,4.66,105.0,870.62,
2005,3,15,14,26.35,50.21,867.0,639.1,312.0,397.38,4.78,108.0,870.44,
2005,3,15,15,25.63,53.1,681.0,479.62,334.0,399.22,4.89,112.0,870.27,
2005,3,15,16,24.91,56.0,629.0,1000.42,99.0,401.05,5.01,115.0,870.1,
2005,3,15,17,23.86,59.9,372.0,941.91,89.0,393.73,4.22,116.0,871.02,
2005,3,15,18,22.81,63.8,108.0,1055.6,54.0,386.42,3.43,118.0,871.94,
2005,3,15,19,21.77,67.7,0.0,0.0,0.0,379.1,2.63,119.0,872.85,
2005,3,15,20,21.2,69.65,0.0,0.0,0.0,374.7,2.61,116.0,873.37,
2005,3,15,21,20.63,71.6,0.0,0.0,0.0,370.3,2.59,113.0,873.89,
2005,3,15,22,20.07,73.55,0.0,0.0,0.0,365.9,2.57,111.0,874.4,
2005,3,15,23,19.69,74.62,0.0,0.0,0.0,362.82,2.54,112.0,874.15,
2005,3,16,0,19.31,75.7,0.0,0.0,0.0,359.73,2.51,114.0,873.89,
2005,3,16,1,18.94,76.77,0.0,0.0,0.0,356.65,2.48,116.0,873.63,
2005,3,16,2,18.55,77.79,0.0,0.0,0.0,352.78,2.5,112.0,873.57,
2005,3,16,3,18.16,78.81,0.0,0.0,0.0,348.92,2.51,108.0,873.51,
2005,3,16,4,17.77,79.83,0.0,0.0,0.0,345.05,2.52,104.0,873.46,
2005,3,16,5,18.74,77.21,0.0,0.0,0.0,344.37,3.02,104.0,873.92,
2005,3,16,6,19.71,74.6,0.0,0.0,0.0,343.68,3.51,103.0,874.38,
2005,3,16,7,20.68,71.98,68.0,134.67,39.0,343.0,4.0,103.0,874.83,
2005,3,16,8,22.45,65.25,318.0,496.3,93.0,349.05,4.54,103.0,874.52,
2005,3,16,9,24.22,58.52,574.0,694.55,115.0,355.1,5.08,103.0,874.2,
2005,3,16,10,25.98,51.79,780.0,766.05,149.0,361.15,5.61,104.0,873.89,
2005,3,16,11,26.35,50.17,950.0,870.21,140.0,370.27,5.55,105.0,872.83,
2005,3,16,12,26.72,48.55,1021.0,867.81,175.0,379.38,5.49,107.0,871.76,
2005,3,16,13,27.09,46.93,811.0,377.8,451.0,388.5,5.42,109.0,870.7,
2005,3,16,14,26.6,47.67,722.0,323.2,442.0,393.93,5.23,112.0,870.62,
2005,3,16,15,26.11,48.41,584.0,269.02,390.0,399.37,5.04,115.0,870.53,
2005,3,16,16,25.62,49.15,452.0,303.51,292.0,404.8,4.86,119.0,870.44,
2005,3,16,17,24.47,53.18,250.0,221.73,184.0,396.27,4.2,119.0,871.22,
2005,3,16,18,23.32,57.22,100.0,890.98,57.0,387.73,3.54,119.0,871.99,
2005,3,16,19,22.17,61.25,0.0,0.0,0.0,379.2,2.88,119.0,872.77,
2005,3,16,20,21.46,64.18,0.0,0.0,0.0,372.12,2.77,116.0,873.43,
2005,3,16,21,20.75,67.12,0.0,0.0,0.0,365.03,2.65,113.0,874.09,
2005,3,16,22,20.05,70.05,0.0,0.0,0.0,357.95,2.54,110.0,874.75,
2005,3,16,23,19.74,71.52,0.0,0.0,0.0,357.57,2.52,110.0,874.46,
2005,3,17,0,19.44,73.0,0.0,0.0,0.0,357.18,2.5,110.0,874.17,
2005,3,17,1,19.14,74.47,0.0,0.0,0.0,356.8,2.48,110.0,873.89,
2005,3,17,2,18.77,76.1,0.0,0.0,0.0,356.37,2.52,108.0,873.8,
2005,3,17,3,18.4,77.72,0.0,0.0,0.0,355.93,2.57,107.0,873.72,
2005,3,17,4,18.04,79.35,0.0,0.0,0.0,355.5,2.61,105.0,873.63,
2005,3,17,5,18.98,77.64,0.0,0.0,0.0,352.23,3.25,104.0,874.03,
2005,3,17,6,19.92,75.93,0.0,0.0,0.0,348.97,3.89,104.0,874.43,
2005,3,17,7,20.87,74.22,67.0,134.93,38.0,345.7,4.52,103.0,874.83,
2005,3,17,8,22.46,67.98,317.0,496.84,92.0,354.5,4.87,103.0,874.52,
2005,3,17,9,24.05,61.73,569.0,681.61,119.0,363.3,5.21,102.0,874.2,
2005,3,17,10,25.64,55.49,745.0,653.84,207.0,372.1,5.56,102.0,873.89,
2005,3,17,11,25.92,53.72,549.0,101.11,455.0,381.12,5.38,104.0,872.94,
2005,3,17,12,26.19,51.94,934.0,637.98,313.0,390.13,5.21,107.0,871.99,
2005,3,17,13,26.47,50.17,883.0,524.68,384.0,399.15,5.03,109.0,871.05,
2005,3,17,14,26.1,50.88,841.0,583.2,337.0,397.6,5.04,110.0,870.9,
2005,3,17,15,25.73,51.59,452.0,87.66,389.0,396.05,5.05,112.0,870.76,
2005,3,17,16,25.36,52.3,612.0,943.74,117.0,394.5,5.06,113.0,870.62,
2005,3,17,17,24.17,56.81,364.0,922.54,92.0,387.48,4.29,114.0,871.28,
2005,3,17,18,22.98,61.33,97.0,882.1,57.0,380.47,3.51,115.0,871.94,
2005,3,17,19,21.79,65.84,0.0,0.0,0.0,373.45,2.73,116.0,872.6,
2005,3,17,20,21.23,68.35,0.0,0.0,0.0,370.3,2.6,114.0,873.43,
2005,3,17,21,20.67,70.86,0.0,0.0,0.0,367.15,2.47,112.0,874.26,
2005,3,17,22,20.11,73.37,0.0,0.0,0.0,364.0,2.34,109.0,875.09,
2005,3,17,23,19.93,74.24,0.0,0.0,0.0,364.45,2.42,107.0,874.92,
2005,3,18,0,19.75,75.11,0.0,0.0,0.0,364.9,2.5,105.0,874.75,
2005,3,18,1,19.58,75.98,0.0,0.0,0.0,365.35,2.58,103.0,874.58,
2005,3,18,2,19.14,77.54,0.0,0.0,0.0,362.27,2.64,101.0,874.38,
2005,3,18,3,18.7,79.1,0.0,0.0,0.0,359.18,2.71,99.0,874.17,
2005,3,18,4,18.27,80.66,0.0,0.0,0.0,356.1,2.77,97.0,873.97,
2005,3,18,5,19.18,78.22,0.0,0.0,0.0,353.62,3.38,97.0,874.43,
2005,3,18,6,20.09,75.77,0.0,0.0,0.0,351.13,3.99,97.0,874.89,
2005,3,18,7,21.0,73.33,62.0,102.56,40.0,348.65,4.59,97.0,875.35,
2005,3,18,8,22.6,67.23,316.0,495.18,92.0,357.2,4.76,100.0,875.01,
2005,3,18,9,24.21,61.12,568.0,680.79,119.0,365.75,4.92,102.0,874.66,
2005,3,18,10,25.81,55.02,778.0,765.28,149.0,374.3,5.09,104.0,874.32,
2005,3,18,11,26.2,52.73,889.0,700.09,239.0,381.0,5.05,109.0,873.14,
2005,3,18,12,26.58,50.43,1005.0,833.45,195.0,387.7,5.02,114.0,871.97,
2005,3,18,13,26.97,48.14,1000.0,825.96,216.0,394.4,4.98,119.0,870.79,
2005,3,18,14,26.48,48.82,733.0,351.5,430.0,393.53,5.08,121.0,870.62,
2005,3,18,15,26.0,49.5,686.0,515.19,317.0,392.67,5.18,123.0,870.44,
2005,3,18,16,25.52,50.18,453.0,321.95,285.0,391.8,5.28,126.0,870.27,
2005,3,18,17,24.28,54.63,263.0,291.11,178.0,385.75,4.45,124.0,870.88,
2005,3,18,18,23.03,59.09,94.0,895.97,56.0,379.7,3.61,121.0,871.48,
2005,3,18,19,21.79,63.54,0.0,0.0,0.0,373.65,2.77,119.0,872.08,
2005,3,18,20,21.1,66.58,0.0,0.0,0.0,367.63,2.6,115.0,872.85,
2005,3,18,21,20.41,69.63,0.0,0.0,0.0,361.62,2.43,110.0,873.63,
2005,3,18,22,19.72,72.67,0.0,0.0,0.0,355.6,2.26,106.0,874.4,
2005,3,18,23,19.42,74.27,0.0,0.0,0.0,354.77,2.33,105.0,874.17,
2005,3,19,0,19.12,75.87,0.0,0.0,0.0,353.93,2.39,104.0,873.94,
2005,3,19,1,18.82,77.47,0.0,0.0,0.0,353.1,2.46,104.0,873.72,
2005,3,19,2,18.51,79.65,0.0,0.0,0.0,354.52,2.61,104.0,873.66,
2005,3,19,3,18.2,81.83,0.0,0.0,0.0,355.93,2.77,105.0,873.6,
2005,3,19,4,17.89,84.01,0.0,0.0,0.0,357.35,2.92,106.0,873.54,
2005,3,19,5,18.63,82.38,0.0,0.0,0.0,356.7,3.71,105.0,874.0,
2005,3,19,6,19.38,80.75,0.0,0.0,0.0,356.05,4.49,104.0,874.46,
2005,3,19,7,20.13,79.12,62.0,102.75,40.0,355.4,5.27,104.0,874.92,
2005,3,19,8,21.75,71.7,321.0,522.3,85.0,361.35,5.18,105.0,874.69,
2005,3,19,9,23.37,64.29,555.0,629.9,140.0,367.3,5.09,107.0,874.46,
2005,3,19,10,24.99,56.87,695.0,517.68,270.0,373.25,5.01,108.0,874.23,
2005,3,19,11,25.41,54.13,913.0,773.29,196.0,376.28,4.75,111.0,873.11,
2005,3,19,12,25.83,51.39,1037.0,932.71,132.0,379.32,4.49,114.0,871.99,
2005,3,19,13,26.26,48.65,1014.0,875.12,185.0,382.35,4.23,117.0,870.88,
2005,3,19,14,25.89,48.94,804.0,504.78,370.0,383.7,4.3,117.0,870.42,
2005,3,19,15,25.53,49.24,772.0,797.22,203.0,385.05,4.37,118.0,869.96,
2005,3,19,16,25.17,49.53,457.0,339.06,281.0,386.4,4.44,118.0,869.5,
2005,3,19,17,23.84,54.23,164.0,31.13,155.0,377.98,3.83,116.0,870.04,
2005,3,19,18,22.5,58.92,48.0,0.0,48.0,369.57,3.23,114.0,870.59,
2005,3,19,19,21.17,63.62,0.0,0.0,0.0,361.15,2.62,113.0,871.13,
2005,3,19,20,20.35,67.42,0.0,0.0,0.0,355.47,2.7,108.0,871.85,
2005,3,19,21,19.53,71.21,0.0,0.0,0.0,349.78,2.78,104.0,872.57,
2005,3,19,22,18.71,75.01,0.0,0.0,0.0,344.1,2.86,100.0,873.29,
2005,3,19,23,18.31,77.19,0.0,0.0,0.0,342.6,2.8,101.0,873.17,
2005,3,20,0,17.92,79.37,0.0,0.0,0.0,341.1,2.74,102.0,873.06,
2005,3,20,1,17.53,81.55,0.0,0.0,0.0,339.6,2.69,103.0,872.94,
2005,3,20,2,17.19,82.86,0.0,0.0,0.0,337.83,2.64,102.0,872.74,
2005,3,20,3,16.84,84.18,0.0,0.0,0.0,336.07,2.59,101.0,872.54,
2005,3,20,4,16.5,85.49,0.0,0.0,0.0,334.3,2.54,100.0,872.34,
2005,3,20,5,17.81,81.63,0.0,0.0,0.0,335.25,2.83,99.0,872.8,
2005,3,20,6,19.12,77.78,0.0,0.0,0.0,336.2,3.13,98.0,873.26,
2005,3,20,7,20.43,73.92,61.0,102.94,39.0,337.15,3.42,96.0,873.72,
2005,3,20,8,22.33,66.41,313.0,485.23,94.0,345.08,3.84,96.0,873.31,
2005,3,20,9,24.23,58.9,566.0,679.2,119.0,353.02,4.26,96.0,872.91,
2005,3,20,10,26.12,51.39,775.0,763.42,149.0,360.95,4.68,96.0,872.51,
2005,3,20,11,26.62,48.8,942.0,867.25,139.0,369.63,4.5,102.0,871.31,
2005,3,20,12,27.12,46.21,815.0,395.39,432.0,378.32,4.33,108.0,870.1,
2005,3,20,13,27.62,43.62,650.0,158.67,500.0,387.0,4.15,114.0,868.9,
2005,3,20,14,27.25,43.88,238.0,0.0,238.0,386.2,4.23,114.0,868.67,
2005,3,20,15,26.89,44.13,760.0,764.93,216.0,385.4,4.31,114.0,868.44,
2005,3,20,16,26.53,44.39,54.0,0.0,54.0,384.6,4.39,114.0,868.21,
2005,3,20,17,25.0,49.93,31.0,0.0,31.0,377.4,3.83,116.0,868.98,
2005,3,20,18,23.46,55.46,15.0,0.0,15.0,370.2,3.26,117.0,869.76,
2005,3,20,19,21.93,61.0,0.0,0.0,0.0,363.0,2.7,118.0,870.53,
2005,3,20,20,21.15,65.3,0.0,0.0,0.0,358.38,2.71,117.0,871.48,
2005,3,20,21,20.37,69.59,0.0,0.0,0.0,353.77,2.72,117.0,872.42,
2005,3,20,22,19.59,73.89,0.0,0.0,0.0,349.15,2.73,116.0,873.37,
2005,3,20,23,19.05,77.01,0.0,0.0,0.0,346.57,2.73,117.0,873.2,
2005,3,21,0,18.51,80.13,0.0,0.0,0.0,343.98,2.72,118.0,873.03,
2005,3,21,1,17.98,83.25,0.0,0.0,0.0,341.4,2.72,119.0,872.85,
2005,3,21,2,17.55,84.69,0.0,0.0,0.0,341.15,2.91,115.0,872.65,
2005,3,21,3,17.12,86.12,0.0,0.0,0.0,340.9,3.11,111.0,872.45,
2005,3,21,4,16.7,87.56,0.0,0.0,0.0,340.65,3.31,108.0,872.25,
2005,3,21,5,18.25,82.64,0.0,0.0,0.0,341.15,3.17,106.0,872.88,
2005,3,21,6,19.8,77.72,0.0,0.0,0.0,341.65,3.03,103.0,873.51,
2005,3,21,7,21.36,72.8,65.0,131.26,37.0,342.15,2.9,101.0,874.15,
2005,3,21,8,23.13,64.8,313.0,483.58,95.0,353.35,3.31,100.0,873.8,
2005,3,21,9,24.9,56.81,575.0,718.0,103.0,364.55,3.72,98.0,873.46,
2005,3,21,10,26.66,48.81,782.0,792.45,133.0,375.75,4.14,96.0,873.11,
2005,3,21,11,26.97,46.94,940.0,866.33,139.0,382.5,4.19,102.0,871.97,
2005,3,21,12,27.28,45.07,1015.0,880.04,164.0,389.25,4.25,107.0,870.82,
2005,3,21,13,27.6,43.2,992.0,823.68,215.0,396.0,4.3,113.0,869.67,
2005,3,21,14,27.28,43.87,945.0,917.93,160.0,396.53,4.33,117.0,869.47,
2005,3,21,15,26.97,44.53,801.0,928.61,143.0,397.07,4.35,120.0,869.27,
2005,3,21,16,26.65,45.2,358.0,126.58,293.0,397.6,4.37,124.0,869.07,
2005,3,21,17,25.19,50.5,333.0,773.15,114.0,388.48,3.78,125.0,869.84,
2005,3,21,18,23.73,55.79,53.0,0.0,53.0,379.37,3.19,127.0,870.62,
2005,3,21,19,22.28,61.09,0.0,0.0,0.0,370.25,2.59,128.0,871.39,
2005,3,21,20,21.51,64.71,0.0,0.0,0.0,366.63,2.68,126.0,872.14,
2005,3,21,21,20.74,68.33,0.0,0.0,0.0,363.02,2.76,123.0,872.88,
2005,3,21,22,19.98,71.95,0.0,0.0,0.0,359.4,2.84,120.0,873.63,
2005,3,21,23,19.53,74.15,0.0,0.0,0.0,356.1,2.87,117.0,873.34,
2005,3,22,0,19.08,76.35,0.0,0.0,0.0,352.8,2.91,113.0,873.06,
2005,3,22,1,18.64,78.55,0.0,0.0,0.0,349.5,2.94,109.0,872.77,
2005,3,22,2,18.27,80.01,0.0,0.0,0.0,348.52,3.01,110.0,872.6,
2005,3,22,3,17.89,81.47,0.0,0.0,0.0,347.53,3.08,111.0,872.42,
2005,3,22,4,17.52,82.93,0.0,0.0,0.0,346.55,3.14,112.0,872.25,
2005,3,22,5,18.93,78.45,0.0,0.0,0.0,349.05,3.11,112.0,872.77,
2005,3,22,6,20.35,73.98,0.0,0.0,0.0,351.55,3.07,112.0,873.29,
2005,3,22,7,21.77,69.5,47.0,37.57,39.0,354.05,3.03,112.0,873.8,
2005,3,22,8,23.19,63.31,307.0,457.51,101.0,362.57,3.4,109.0,873.51,
2005,3,22,9,24.62,57.13,552.0,628.98,139.0,371.08,3.76,106.0,873.23,
2005,3,22,10,26.04,50.94,780.0,791.01,133.0,379.6,4.12,104.0,872.94,
2005,3,22,11,26.35,49.3,923.0,817.79,168.0,386.0,4.09,109.0,871.79,
2005,3,22,12,26.66,47.67,632.0,141.93,495.0,392.4,4.06,115.0,870.65,
2005,3,22,13,26.97,46.03,107.0,0.0,107.0,398.8,4.03,121.0,869.5,
2005,3,22,14,26.52,46.71,723.0,350.6,424.0,395.88,4.05,123.0,869.5,
2005,3,22,15,26.08,47.4,775.0,842.83,180.0,392.97,4.06,126.0,869.5,
2005,3,22,16,25.63,48.08,404.0,221.28,291.0,390.05,4.08,129.0,869.5,
2005,3,22,17,24.23,53.41,328.0,756.32,116.0,381.17,3.57,129.0,870.07,
2005,3,22,18,22.83,58.74,52.0,0.0,52.0,372.28,3.06,129.0,870.65,
2005,3,22,19,21.43,64.07,0.0,0.0,0.0,363.4,2.55,129.0,871.22,
2005,3,22,20,20.54,68.77,0.0,0.0,0.0,358.53,2.4,129.0,871.97,
2005,3,22,21,19.65,73.47,0.0,0.0,0.0,353.67,2.24,128.0,872.71,
2005,3,22,22,18.77,78.17,0.0,0.0,0.0,348.8,2.08,128.0,873.46,
2005,3,22,23,18.66,79.26,0.0,0.0,0.0,347.83,1.66,126.0,873.14,
2005,3,23,0,18.55,80.35,0.0,0.0,0.0,346.87,1.23,124.0,872.83,
2005,3,23,1,18.44,81.44,0.0,0.0,0.0,345.9,0.8,122.0,872.51,
2005,3,23,2,18.18,83.12,0.0,0.0,0.0,345.17,0.91,123.0,872.31,
2005,3,23,3,17.92,84.79,0.0,0.0,0.0,344.43,1.03,124.0,872.11,
2005,3,23,4,17.66,86.47,0.0,0.0,0.0,343.7,1.14,125.0,871.91,
2005,3,23,5,18.8,83.6,0.0,0.0,0.0,345.17,1.42,120.0,872.37,
2005,3,23,6,19.95,80.73,0.0,0.0,0.0,346.63,1.7,116.0,872.83,
2005,3,23,7,21.1,77.86,56.0,75.29,40.0,348.1,1.97,112.0,873.29,
2005,3,23,8,22.82,69.1,306.0,455.85,101.0,355.65,2.34,108.0,872.83,
2005,3,23,9,24.54,60.34,557.0,652.6,129.0,363.2,2.72,103.0,872.37,
2005,3,23,10,26.25,51.58,779.0,790.83,133.0,370.75,3.09,98.0,871.91,
2005,3,23,11,26.72,49.13,936.0,864.6,139.0,379.75,2.94,109.0,870.79,
2005,3,23,12,27.19,46.67,999.0,845.85,184.0,388.75,2.8,119.0,869.67,
2005,3,23,13,27.66,44.22,734.0,273.64,477.0,397.75,2.65,129.0,868.55,
2005,3,23,14,27.23,44.39,684.0,285.74,441.0,398.0,2.77,130.0,868.52,
2005,3,23,15,26.81,44.56,215.0,0.0,215.0,398.25,2.89,131.0,868.49,
2005,3,23,16,26.38,44.73,194.0,1.97,193.0,398.5,3.01,132.0,868.47,
2005,3,23,17,25.05,49.95,221.0,173.08,173.0,391.05,2.8,130.0,869.13,
2005,3,23,18,23.72,55.16,52.0,0.0,52.0,383.6,2.59,128.0,869.79,
2005,3,23,19,22.39,60.38,0.0,0.0,0.0,376.15,2.39,126.0,870.44,
2005,3,23,20,21.63,64.38,0.0,0.0,0.0,371.22,2.43,118.0,871.02,
2005,3,23,21,20.87,68.37,0.0,0.0,0.0,366.28,2.48,110.0,871.59,
2005,3,23,22,20.12,72.37,0.0,0.0,0.0,361.35,2.52,102.0,872.17,
2005,3,23,23,19.7,74.89,0.0,0.0,0.0,359.08,2.34,94.0,871.99,
2005,3,24,0,19.29,77.42,0.0,0.0,0.0,356.82,2.15,86.0,871.82,
2005,3,24,1,18.88,79.94,0.0,0.0,0.0,354.55,1.96,77.0,871.65,
2005,3,24,2,18.45,81.94,0.0,0.0,0.0,353.63,1.94,67.0,871.51,
2005,3,24,3,18.01,83.95,0.0,0.0,0.0,352.72,1.91,57.0,871.36,
2005,3,24,4,17.58,85.95,0.0,0.0,0.0,351.8,1.89,46.0,871.22,
2005,3,24,5,18.79,82.05,0.0,0.0,0.0,354.35,1.7,35.0,871.62,
2005,3,24,6,20.0,78.14,0.0,0.0,0.0,356.9,1.5,23.0,872.02,
2005,3,24,7,21.21,74.24,28.0,4.71,27.0,359.45,1.31,12.0,872.42,
2005,3,24,8,22.83,67.9,28.0,0.0,28.0,367.75,1.19,6.0,871.97,
2005,3,24,9,24.45,61.56,237.0,12.21,229.0,376.05,1.07,360.0,871.51,
2005,3,24,10,26.07,55.22,582.0,274.59,358.0,384.35,0.95,354.0,871.05,
2005,3,24,11,26.45,52.69,750.0,393.32,388.0,390.28,0.82,323.0,869.99,
2005,3,24,12,26.83,50.17,1013.0,894.22,153.0,396.22,0.69,293.0,868.92,
2005,3,24,13,27.21,47.64,844.0,472.77,401.0,402.15,0.57,262.0,867.86,
2005,3,24,14,26.78,48.29,276.0,0.0,276.0,401.72,0.76,249.0,868.04,
2005,3,24,15,26.36,48.94,422.0,71.37,372.0,401.28,0.95,235.0,868.21,
2005,3,24,16,25.93,49.59,60.0,0.0,60.0,400.85,1.14,222.0,868.38,
2005,3,24,17,24.52,57.23,202.0,120.29,169.0,399.03,1.39,232.0,869.38,
2005,3,24,18,23.1,64.88,11.0,0.0,11.0,397.22,1.63,242.0,870.39,
2005,3,24,19,21.69,72.52,0.0,0.0,0.0,395.4,1.88,252.0,871.39,
2005,3,24,20,21.08,77.19,0.0,0.0,0.0,393.23,1.85,266.0,871.99,
2005,3,24,21,20.47,81.85,0.0,0.0,0.0,391.07,1.83,280.0,872.6,
2005,3,24,22,19.87,86.52,0.0,0.0,0.0,388.9,1.81,295.0,873.2,
2005,3,24,23,19.62,88.7,0.0,0.0,0.0,386.98,1.81,293.0,873.08,
2005,3,25,0,19.37,90.88,0.0,0.0,0.0,385.07,1.81,292.0,872.97,
2005,3,25,1,19.12,93.06,0.0,0.0,0.0,383.15,1.81,290.0,872.85,
2005,3,25,2,18.97,94.23,0.0,0.0,0.0,381.03,1.67,297.0,872.4,
2005,3,25,3,18.81,95.41,0.0,0.0,0.0,378.92,1.53,305.0,871.94,
2005,3,25,4,18.66,96.58,0.0,0.0,0.0,376.8,1.39,312.0,871.48,
2005,3,25,5,19.21,95.8,0.0,0.0,0.0,377.2,1.57,312.0,871.91,
2005,3,25,6,19.76,95.03,0.0,0.0,0.0,377.6,1.74,312.0,872.34,
2005,3,25,7,20.32,94.25,37.0,14.17,34.0,378.0,1.92,312.0,872.77,
2005,3,25,8,21.05,91.09,211.0,113.7,160.0,383.4,1.85,318.0,872.45,
2005,3,25,9,21.79,87.92,325.0,77.96,274.0,388.8,1.79,324.0,872.14,
2005,3,25,10,22.52,84.76,500.0,148.54,379.0,394.2,1.72,330.0,871.82,
2005,3,25,11,22.87,82.75,845.0,613.8,281.0,395.38,1.5,334.0,870.99,
2005,3,25,12,23.22,80.73,994.0,843.85,184.0,396.57,1.28,336.0,870.16,
2005,3,25,13,23.58,78.72,941.0,711.35,276.0,397.75,1.06,340.0,869.33,
2005,3,25,14,22.67,83.26,772.0,466.02,378.0,397.5,1.02,328.0,869.58,
2005,3,25,15,21.76,87.8,709.0,641.99,261.0,397.25,0.97,316.0,869.84,
2005,3,25,16,20.85,92.34,298.0,57.77,269.0,397.0,0.92,305.0,870.1,
2005,3,25,17,20.35,93.9,33.0,0.0,33.0,393.07,0.97,317.0,870.76,
2005,3,25,18,19.84,95.47,17.0,0.0,17.0,389.13,1.01,329.0,871.42,
2005,3,25,19,19.34,97.03,0.0,0.0,0.0,385.2,1.05,341.0,872.08,
2005,3,25,20,19.28,97.32,0.0,0.0,0.0,385.98,1.11,331.0,872.37,
2005,3,25,21,19.22,97.62,0.0,0.0,0.0,386.77,1.18,321.0,872.65,
2005,3,25,22,19.16,97.91,0.0,0.0,0.0,387.55,1.24,311.0,872.94,
2005,3,25,23,19.17,98.27,0.0,0.0,0.0,386.48,1.3,314.0,872.77,
2005,3,26,0,19.18,98.63,0.0,0.0,0.0,385.42,1.36,317.0,872.6,
2005,3,26,1,19.19,98.99,0.0,0.0,0.0,384.35,1.42,320.0,872.42,
2005,3,26,2,19.11,98.85,0.0,0.0,0.0,385.02,1.48,322.0,872.19,
2005,3,26,3,19.03,98.71,0.0,0.0,0.0,385.68,1.54,324.0,871.97,
2005,3,26,4,18.96,98.57,0.0,0.0,0.0,386.35,1.6,325.0,871.74,
2005,3,26,5,19.27,97.24,0.0,0.0,0.0,387.15,1.94,326.0,872.19,
2005,3,26,6,19.58,95.91,0.0,0.0,0.0,387.95,2.27,327.0,872.65,
2005,3,26,7,19.89,94.58,23.0,0.0,23.0,388.75,2.61,328.0,873.11,
2005,3,26,8,20.93,91.48,179.0,53.58,155.0,391.78,2.37,326.0,872.63,
2005,3,26,9,21.97,88.38,248.0,18.37,236.0,394.82,2.14,324.0,872.14,
2005,3,26,10,23.0,85.28,596.0,306.11,347.0,397.85,1.9,322.0,871.65,
2005,3,26,11,22.97,86.22,433.0,31.61,404.0,401.2,1.66,319.0,870.88,
2005,3,26,12,22.94,87.15,819.0,424.85,412.0,404.55,1.41,316.0,870.1,
2005,3,26,13,22.92,88.09,1033.0,990.76,109.0,407.9,1.16,314.0,869.33,
2005,3,26,14,22.21,89.93,959.0,1020.25,99.0,407.82,1.14,317.0,869.67,
2005,3,26,15,21.51,91.76,684.0,572.62,286.0,407.73,1.13,320.0,870.01,
2005,3,26,16,20.81,93.6,533.0,693.3,187.0,407.65,1.12,323.0,870.36,
2005,3,26,17,20.45,94.69,302.0,652.22,127.0,404.2,1.13,338.0,871.13,
2005,3,26,18,20.08,95.79,7.0,0.0,7.0,400.75,1.14,353.0,871.91,
2005,3,26,19,19.72,96.88,0.0,0.0,0.0,397.3,1.14,8.0,872.68,
2005,3,26,20,19.59,97.09,0.0,0.0,0.0,394.37,1.14,4.0,872.88,
2005,3,26,21,19.47,97.29,0.0,0.0,0.0,391.43,1.14,359.0,873.08,
2005,3,26,22,19.35,97.5,0.0,0.0,0.0,388.5,1.13,354.0,873.29,
2005,3,26,23,19.39,97.63,0.0,0.0,0.0,388.65,1.16,347.0,873.03,
2005,3,27,0,19.43,97.77,0.0,0.0,0.0,388.8,1.2,340.0,872.77,
2005,3,27,1,19.48,97.9,0.0,0.0,0.0,388.95,1.23,333.0,872.51,
2005,3,27,2,19.55,97.95,0.0,0.0,0.0,388.95,1.11,336.0,872.4,
2005,3,27,3,19.62,97.99,0.0,0.0,0.0,388.95,0.99,339.0,872.28,
2005,3,27,4,19.69,98.04,0.0,0.0,0.0,388.95,0.87,343.0,872.17,
2005,3,27,5,20.0,96.65,0.0,0.0,0.0,389.47,0.97,350.0,872.54,
2005,3,27,6,20.31,95.26,0.0,0.0,0.0,389.98,1.07,357.0,872.91,
2005,3,27,7,20.63,93.87,36.0,14.23,33.0,390.5,1.17,4.0,873.29,
2005,3,27,8,21.34,92.22,131.0,8.94,127.0,393.42,1.2,7.0,873.03,
2005,3,27,9,22.06,90.58,543.0,613.09,143.0,396.33,1.24,11.0,872.77,
2005,3,27,10,22.77,88.93,764.0,758.43,148.0,399.25,1.27,14.0,872.51,
2005,3,27,11,22.97,88.41,710.0,325.41,412.0,405.68,1.15,19.0,871.65,
2005,3,27,12,23.17,87.89,767.0,333.66,448.0,412.12,1.04,25.0,870.79,
2005,3,27,13,23.37,87.37,819.0,437.47,412.0,418.55,0.92,30.0,869.93,
2005,3,27,14,22.97,86.85,491.0,67.83,434.0,413.7,1.03,80.0,870.27,
2005,3,27,15,22.58,86.33,70.0,0.0,70.0,408.85,1.14,130.0,870.62,
2005,3,27,16,22.18,85.81,103.0,0.0,103.0,404.0,1.24,179.0,870.96,
2005,3,27,17,21.42,88.58,191.0,105.55,163.0,396.77,1.13,171.0,871.88,
2005,3,27,18,20.65,91.34,41.0,0.0,41.0,389.53,1.01,162.0,872.8,
2005,3,27,19,19.89,94.11,0.0,0.0,0.0,382.3,0.9,154.0,873.72,
2005,3,27,20,19.48,95.27,0.0,0.0,0.0,379.07,0.88,124.0,873.83,
2005,3,27,21,19.07,96.44,0.0,0.0,0.0,375.83,0.86,95.0,873.94,
2005,3,27,22,18.66,97.6,0.0,0.0,0.0,372.6,0.84,65.0,874.06,
2005,3,27,23,18.63,98.27,0.0,0.0,0.0,369.17,0.71,30.0,873.77,
2005,3,28,0,18.61,98.94,0.0,0.0,0.0,365.73,0.57,356.0,873.49,
2005,3,28,1,18.59,99.61,0.0,0.0,0.0,362.3,0.44,321.0,873.2,
2005,3,28,2,18.55,99.35,0.0,0.0,0.0,368.07,0.6,341.0,872.91,
2005,3,28,3,18.51,99.1,0.0,0.0,0.0,373.83,0.76,1.0,872.63,
2005,3,28,4,18.47,98.84,0.0,0.0,0.0,379.6,0.92,21.0,872.34,
2005,3,28,5,18.92,98.21,0.0,0.0,0.0,390.82,1.36,35.0,872.94,
2005,3,28,6,19.38,97.58,0.0,0.0,0.0,402.03,1.8,49.0,873.54,
2005,3,28,7,19.84,96.95,27.0,0.0,27.0,413.25,2.23,63.0,874.15,
2005,3,28,8,20.55,96.08,137.0,13.43,131.0,416.3,2.78,65.0,874.03,
2005,3,28,9,21.27,95.21,147.0,0.0,147.0,419.35,3.33,67.0,873.92,
2005,3,28,10,21.98,94.34,296.0,7.4,290.0,422.4,3.88,70.0,873.8,
2005,3,28,11,22.46,90.68,456.0,43.76,416.0,419.67,3.9,71.0,872.8,
2005,3,28,12,22.94,87.02,875.0,553.41,347.0,416.93,3.93,73.0,871.79,
2005,3,28,13,23.42,83.36,949.0,754.29,249.0,414.2,3.96,75.0,870.79,
2005,3,28,14,22.98,83.84,835.0,644.58,295.0,406.95,3.63,80.0,871.19,
2005,3,28,15,22.55,84.32,648.0,484.47,314.0,399.7,3.3,85.0,871.59,
2005,3,28,16,22.12,84.8,513.0,634.73,200.0,392.45,2.97,90.0,871.99,
2005,3,28,17,21.13,88.13,336.0,1006.67,72.0,388.07,2.6,95.0,872.74,
2005,3,28,18,20.14,91.46,44.0,0.0,44.0,383.68,2.23,100.0,873.49,
2005,3,28,19,19.15,94.79,0.0,0.0,0.0,379.3,1.86,105.0,874.23,
2005,3,28,20,18.76,95.7,0.0,0.0,0.0,374.25,1.82,108.0,874.63,
2005,3,28,21,18.38,96.6,0.0,0.0,0.0,369.2,1.77,111.0,875.04,
2005,3,28,22,18.0,97.51,0.0,0.0,0.0,364.15,1.72,114.0,875.44,
2005,3,28,23,17.75,97.97,0.0,0.0,0.0,360.08,1.92,117.0,874.98,
2005,3,29,0,17.5,98.43,0.0,0.0,0.0,356.02,2.11,121.0,874.52,
2005,3,29,1,17.26,98.89,0.0,0.0,0.0,351.95,2.3,124.0,874.06,
2005,3,29,2,17.34,98.58,0.0,0.0,0.0,351.38,2.3,119.0,873.83,
2005,3,29,3,17.42,98.27,0.0,0.0,0.0,350.82,2.29,114.0,873.6,
2005,3,29,4,17.5,97.96,0.0,0.0,0.0,350.25,2.29,110.0,873.37,
2005,3,29,5,18.58,95.06,0.0,0.0,0.0,353.8,2.77,107.0,873.8,
2005,3,29,6,19.66,92.15,0.0,0.0,0.0,357.35,3.26,104.0,874.23,
2005,3,29,7,20.75,89.25,22.0,0.0,22.0,360.9,3.74,101.0,874.66,
2005,3,29,8,22.16,81.45,196.0,85.19,158.0,370.87,4.15,97.0,874.38,
2005,3,29,9,23.58,73.64,504.0,478.04,193.0,380.83,4.56,94.0,874.09,
2005,3,29,10,24.99,65.84,705.0,582.96,233.0,390.8,4.97,90.0,873.8,
2005,3,29,11,25.5,62.73,802.0,523.83,324.0,396.27,4.82,91.0,872.6,
2005,3,29,12,26.0,59.61,1016.0,941.1,120.0,401.73,4.68,92.0,871.39,
2005,3,29,13,26.51,56.5,1045.0,1061.92,62.0,407.2,4.54,93.0,870.19,
2005,3,29,14,26.04,57.27,928.0,944.78,139.0,405.48,4.35,97.0,870.16,
2005,3,29,15,25.58,58.04,805.0,1064.73,74.0,403.77,4.17,101.0,870.13,
2005,3,29,16,25.11,58.81,507.0,620.25,203.0,402.05,3.99,104.0,870.1,
2005,3,29,17,23.84,63.72,319.0,875.74,92.0,394.05,3.44,108.0,870.93,
2005,3,29,18,22.56,68.62,41.0,0.0,41.0,386.05,2.9,112.0,871.76,
2005,3,29,19,21.29,73.53,0.0,0.0,0.0,378.05,2.36,117.0,872.6,
2005,3,29,20,20.58,77.04,0.0,0.0,0.0,372.02,2.41,114.0,873.31,
2005,3,29,21,19.88,80.56,0.0,0.0,0.0,365.98,2.46,111.0,874.03,
2005,3,29,22,19.18,84.07,0.0,0.0,0.0,359.95,2.51,108.0,874.75,
2005,3,29,23,18.78,85.91,0.0,0.0,0.0,357.48,2.46,108.0,874.38,
2005,3,30,0,18.38,87.75,0.0,0.0,0.0,355.02,2.4,107.0,874.0,
2005,3,30,1,17.99,89.59,0.0,0.0,0.0,352.55,2.34,107.0,873.63,
2005,3,30,2,17.81,90.25,0.0,0.0,0.0,350.42,2.51,106.0,873.43,
2005,3,30,3,17.63,90.9,0.0,0.0,0.0,348.28,2.68,104.0,873.23,
2005,3,30,4,17.46,91.56,0.0,0.0,0.0,346.15,2.84,103.0,873.03,
2005,3,30,5,18.75,87.69,0.0,0.0,0.0,346.63,2.93,104.0,873.4,
2005,3,30,6,20.05,83.82,0.0,0.0,0.0,347.12,3.02,104.0,873.77,
2005,3,30,7,21.35,79.95,53.0,66.79,39.0,347.6,3.1,105.0,874.15,
2005,3,30,8,22.96,72.9,299.0,442.33,102.0,356.87,3.52,100.0,873.8,
2005,3,30,9,24.58,65.84,555.0,672.73,118.0,366.13,3.94,95.0,873.46,
2005,3,30,10,26.19,58.79,758.0,755.86,147.0,375.4,4.36,91.0,873.11,
2005,3,30,11,26.66,56.06,925.0,875.04,128.0,386.23,4.4,94.0,871.91,
2005,3,30,12,27.13,53.32,920.0,672.61,281.0,397.07,4.43,97.0,870.7,
2005,3,30,13,27.6,50.59,1014.0,969.36,119.0,407.9,4.47,100.0,869.5,
2005,3,30,14,26.76,54.4,843.0,685.93,272.0,405.12,4.37,107.0,869.58,
2005,3,30,15,25.93,58.22,490.0,163.82,378.0,402.33,4.28,115.0,869.67,
2005,3,30,16,25.09,62.03,341.0,131.39,277.0,399.55,4.18,122.0,869.76,
2005,3,30,17,23.89,67.99,243.0,339.62,156.0,393.48,3.55,122.0,870.62,
2005,3,30,18,22.68,73.95,40.0,0.0,40.0,387.42,2.93,122.0,871.48,
2005,3,30,19,21.48,79.91,0.0,0.0,0.0,381.35,2.3,122.0,872.34,
2005,3,30,20,20.83,83.6,0.0,0.0,0.0,377.62,2.26,119.0,872.91,
2005,3,30,21,20.18,87.3,0.0,0.0,0.0,373.88,2.21,117.0,873.49,
2005,3,30,22,19.53,90.99,0.0,0.0,0.0,370.15,2.17,115.0,874.06,
2005,3,30,23,19.2,92.6,0.0,0.0,0.0,369.38,2.21,118.0,873.86,
2005,3,31,0,18.88,94.21,0.0,0.0,0.0,368.62,2.26,121.0,873.66,
2005,3,31,1,18.56,95.82,0.0,0.0,0.0,367.85,2.3,124.0,873.46,
2005,3,31,2,18.63,96.61,0.0,0.0,0.0,375.15,2.29,118.0,873.14,
2005,3,31,3,18.7,97.39,0.0,0.0,0.0,382.45,2.27,113.0,872.83,
2005,3,31,4,18.77,98.18,0.0,0.0,0.0,389.75,2.25,108.0,872.51,
2005,3,31,5,19.45,96.11,0.0,0.0,0.0,393.08,2.56,104.0,873.03,
2005,3,31,6,20.12,94.05,0.0,0.0,0.0,396.42,2.86,99.0,873.54,
2005,3,31,7,20.8,91.98,16.0,0.0,16.0,399.75,3.17,95.0,874.06,
2005,3,31,8,21.71,87.85,318.0,535.22,80.0,400.03,3.36,91.0,873.66,
2005,3,31,9,22.62,83.72,581.0,772.45,80.0,400.32,3.55,87.0,873.26,
2005,3,31,10,23.54,79.59,797.0,881.05,86.0,400.6,3.74,82.0,872.85,
2005,3,31,11,24.39,74.04,947.0,933.9,98.0,402.32,3.7,85.0,871.79,
2005,3,31,12,25.24,68.49,933.0,697.31,272.0,404.03,3.66,88.0,870.73,
2005,3,31,13,26.1,62.94,922.0,688.48,288.0,405.75,3.63,90.0,869.67,
2005,3,31,14,25.41,64.85,773.0,491.72,365.0,401.63,3.58,98.0,869.73,
2005,3,31,15,24.72,66.77,348.0,24.97,331.0,397.52,3.54,106.0,869.79,
2005,3,31,16,24.04,68.68,267.0,35.12,250.0,393.4,3.49,114.0,869.84,
2005,3,31,17,22.78,74.14,132.0,11.85,129.0,388.98,3.17,117.0,870.67,
2005,3,31,18,19.54,86.23,38.0,0.0,38.0,366.95,1.88,120.0,871.51,
2005,3,31,19,19.5,86.82,0.0,0.0,0.0,368.75,2.01,124.0,872.34,
2005,3,31,20,19.46,87.4,0.0,0.0,0.0,370.55,2.15,123.0,872.77,
2005,3,31,21,19.42,87.99,0.0,0.0,0.0,372.35,2.28,123.0,873.2,
2005,3,31,22,19.38,88.58,0.0,0.0,0.0,374.15,2.41,122.0,873.63,
2005,3,31,23,19.34,89.17,0.0,0.0,0.0,375.95,2.55,128.0,873.37,
2015,4,1,0,19.29,89.76,0.0,0.0,0.0,377.75,2.68,134.0,873.11,
2015,4,1,1,19.25,90.34,0.0,0.0,0.0,379.54,2.81,139.0,872.85,
2015,4,1,2,19.21,90.93,0.0,0.0,0.0,381.34,2.95,110.0,874.66,
2015,4,1,3,19.17,91.52,0.0,0.0,0.0,383.14,3.08,108.0,874.4,
2015,4,1,4,19.13,92.11,0.0,0.0,0.0,384.94,3.21,106.0,874.15,
2015,4,1,5,19.09,92.7,0.0,0.0,0.0,386.74,3.35,104.0,874.58,
2015,4,1,6,19.05,93.28,0.0,0.0,0.0,388.54,3.48,102.0,875.01,
2015,4,1,7,19.01,93.87,59.0,0.0,59.0,390.34,3.61,100.0,875.44,
2015,4,1,8,18.96,94.46,100.0,0.0,100.0,392.14,3.75,97.0,875.29,
2015,4,1,9,18.92,95.05,77.0,0.0,77.0,393.94,3.88,94.0,875.15,
2015,4,1,10,22.03,80.05,232.0,0.0,232.0,389.3,3.72,92.0,875.01,
2015,4,1,11,22.42,79.74,642.0,199.1,461.0,389.77,3.19,96.0,873.92,
2015,4,1,12,22.81,79.42,822.0,445.18,400.0,390.23,2.66,101.0,872.83,
2015,4,1,13,23.2,79.11,877.0,633.1,294.0,390.7,2.12,106.0,871.74,
2015,4,1,14,22.43,82.07,593.0,214.52,415.0,390.02,2.24,104.0,871.82,
2015,4,1,15,21.66,85.03,417.0,117.51,337.0,389.33,2.36,102.0,871.91,
2015,4,1,16,20.9,87.99,422.0,547.41,157.0,388.65,2.48,101.0,871.99,
2015,4,1,17,20.03,90.93,224.0,715.06,43.0,385.08,2.52,103.0,872.77,
2015,4,1,18,19.17,93.88,0.0,0.0,0.0,381.52,2.57,105.0,873.54,
2015,4,1,19,18.31,96.82,0.0,0.0,0.0,377.95,2.61,107.0,874.32,
2015,4,1,20,18.17,97.01,0.0,0.0,0.0,376.25,2.57,103.0,874.81,
2015,4,1,21,18.04,97.19,0.0,0.0,0.0,374.55,2.52,100.0,875.29,
2015,4,1,22,17.91,97.38,0.0,0.0,0.0,372.85,2.48,96.0,875.78,
2015,4,1,23,18.07,97.32,0.0,0.0,0.0,375.88,2.54,96.0,875.35,
2015,4,2,0,18.23,97.26,0.0,0.0,0.0,378.92,2.6,97.0,874.92,
2015,4,2,1,18.38,97.2,0.0,0.0,0.0,381.95,2.66,97.0,874.49,
2015,4,2,2,18.25,97.64,0.0,0.0,0.0,383.95,2.97,99.0,874.15,
2015,4,2,3,18.11,98.08,0.0,0.0,0.0,385.95,3.28,101.0,873.8,
2015,4,2,4,17.97,98.52,0.0,0.0,0.0,387.95,3.59,103.0,873.46,
2015,4,2,5,18.21,97.81,0.0,0.0,0.0,390.05,3.6,103.0,874.09,
2015,4,2,6,18.45,97.11,0.0,0.0,0.0,392.15,3.6,103.0,874.72,
2015,4,2,7,18.69,96.4,15.0,0.0,15.0,394.25,3.61,103.0,875.35,
2015,4,2,8,19.51,93.28,185.0,18.02,177.0,392.07,3.37,101.0,875.21,
2015,4,2,9,20.32,90.15,85.0,0.0,85.0,389.88,3.12,99.0,875.06,
2015,4,2,10,21.14,87.03,260.0,0.0,260.0,387.7,2.87,97.0,874.92,
2015,4,2,11,21.43,85.49,160.0,0.0,160.0,391.75,3.03,99.0,873.8,
2015,4,2,12,21.72,83.95,92.0,0.0,92.0,395.8,3.2,101.0,872.68,
2015,4,2,13,22.02,82.41,247.0,0.0,247.0,399.85,3.37,103.0,871.56,
2015,4,2,14,21.54,82.61,508.0,110.03,417.0,397.13,3.23,97.0,871.62,
2015,4,2,15,21.06,82.8,649.0,697.8,176.0,394.42,3.09,92.0,871.68,
2015,4,2,16,20.58,83.0,273.0,97.7,226.0,391.7,2.95,87.0,871.74,
2015,4,2,17,19.97,84.61,103.0,27.99,96.0,388.83,2.74,85.0,872.28,
2015,4,2,18,19.36,86.23,0.0,0.0,0.0,385.97,2.52,83.0,872.83,
2015,4,2,19,18.75,87.84,0.0,0.0,0.0,383.1,2.3,82.0,873.37,
2015,4,2,20,18.49,88.44,0.0,0.0,0.0,378.55,2.45,83.0,873.77,
2015,4,2,21,18.24,89.04,0.0,0.0,0.0,374.0,2.6,84.0,874.17,
2015,4,2,22,17.98,89.64,0.0,0.0,0.0,369.45,2.74,85.0,874.58,
2015,4,2,23,17.82,90.57,0.0,0.0,0.0,364.77,2.51,86.0,874.15,
2015,4,3,0,17.65,91.49,0.0,0.0,0.0,360.08,2.28,87.0,873.72,
2015,4,3,1,17.48,92.42,0.0,0.0,0.0,355.4,2.04,88.0,873.29,
2015,4,3,2,17.12,92.07,0.0,0.0,0.0,352.53,2.29,86.0,872.97,
2015,4,3,3,16.75,91.73,0.0,0.0,0.0,349.67,2.54,85.0,872.65,
2015,4,3,4,16.38,91.38,0.0,0.0,0.0,346.8,2.79,84.0,872.34,
2015,4,3,5,17.28,88.94,0.0,0.0,0.0,346.82,3.42,82.0,872.85,
2015,4,3,6,18.17,86.49,0.0,0.0,0.0,346.83,4.05,81.0,873.37,
2015,4,3,7,19.07,84.05,174.0,633.92,42.0,346.85,4.68,79.0,873.89,
2015,4,3,8,20.41,79.43,323.0,291.05,194.0,354.47,4.25,78.0,873.6,
2015,4,3,9,21.75,74.82,654.0,858.48,99.0,362.08,3.83,77.0,873.31,
2015,4,3,10,23.09,70.2,828.0,864.24,133.0,369.7,3.41,76.0,873.03,
2015,4,3,11,23.24,70.56,894.0,725.55,237.0,375.57,3.18,83.0,871.91,
2015,4,3,12,23.4,70.91,722.0,275.53,462.0,381.43,2.96,90.0,870.79,
2015,4,3,13,23.56,71.27,523.0,74.24,455.0,387.3,2.73,96.0,869.67,
2015,4,3,14,22.65,75.91,583.0,207.46,412.0,384.82,2.97,95.0,869.64,
2015,4,3,15,21.74,80.55,542.0,368.94,293.0,382.33,3.21,93.0,869.61,
2015,4,3,16,20.83,85.19,202.0,18.83,193.0,379.85,3.45,92.0,869.58,
2015,4,3,17,20.01,87.82,203.0,558.6,65.0,377.53,2.72,89.0,870.22,
2015,4,3,18,19.19,90.45,0.0,0.0,0.0,375.22,2.0,86.0,870.85,
2015,4,3,19,18.37,93.08,0.0,0.0,0.0,372.9,1.27,83.0,871.48,
2015,4,3,20,18.06,93.85,0.0,0.0,0.0,370.3,1.49,78.0,871.79,
2015,4,3,21,17.75,94.62,0.0,0.0,0.0,367.7,1.7,72.0,872.11,
2015,4,3,22,17.44,95.39,0.0,0.0,0.0,365.1,1.92,67.0,872.42,
2015,4,3,23,17.31,95.99,0.0,0.0,0.0,363.92,1.85,65.0,872.11,
2015,4,4,0,17.18,96.6,0.0,0.0,0.0,362.73,1.79,64.0,871.79,
2015,4,4,1,17.04,97.2,0.0,0.0,0.0,361.55,1.72,62.0,871.48,
2015,4,4,2,16.96,97.53,0.0,0.0,0.0,360.17,1.81,43.0,871.33,
2015,4,4,3,16.87,97.87,0.0,0.0,0.0,358.78,1.89,25.0,871.19,
2015,4,4,4,16.79,98.2,0.0,0.0,0.0,357.4,1.97,6.0,871.05,
2015,4,4,5,17.47,97.19,0.0,0.0,0.0,362.25,2.57,3.0,871.65,
2015,4,4,6,18.14,96.19,0.0,0.0,0.0,367.1,3.18,360.0,872.25,
2015,4,4,7,18.82,95.18,93.0,52.95,82.0,371.95,3.78,356.0,872.85,
2015,4,4,8,19.52,92.75,392.0,596.66,128.0,378.0,3.29,4.0,872.83,
2015,4,4,9,20.22,90.33,592.0,610.48,198.0,384.05,2.8,11.0,872.8,
2015,4,4,10,20.93,87.9,644.0,348.82,364.0,390.1,2.32,19.0,872.77,
2015,4,4,11,20.97,89.04,822.0,541.12,333.0,393.08,2.4,19.0,871.76,
2015,4,4,12,21.01,90.17,464.0,31.87,434.0,396.07,2.47,19.0,870.76,
2015,4,4,13,21.06,91.31,706.0,289.03,442.0,399.05,2.55,19.0,869.76,
2015,4,4,14,20.51,90.75,755.0,575.79,282.0,399.68,2.35,18.0,869.79,
2015,4,4,15,19.96,90.18,564.0,436.04,271.0,400.32,2.16,18.0,869.81,
2015,4,4,16,19.42,89.62,298.0,153.69,225.0,400.95,1.96,18.0,869.84,
2015,4,4,17,18.92,91.27,20.0,0.0,20.0,396.35,1.68,9.0,870.39,
2015,4,4,18,18.42,92.93,0.0,0.0,0.0,391.75,1.4,359.0,870.93,
2015,4,4,19,17.93,94.58,0.0,0.0,0.0,387.15,1.12,350.0,871.48,
2015,4,4,20,17.65,95.18,0.0,0.0,0.0,383.18,1.36,347.0,871.76,
2015,4,4,21,17.38,95.79,0.0,0.0,0.0,379.22,1.6,343.0,872.05,
2015,4,4,22,17.1,96.39,0.0,0.0,0.0,375.25,1.83,340.0,872.34,
2015,4,4,23,17.15,96.61,0.0,0.0,0.0,373.1,1.9,339.0,872.05,
2015,4,5,0,17.2,96.82,0.0,0.0,0.0,370.95,1.97,339.0,871.76,
2015,4,5,1,17.24,97.04,0.0,0.0,0.0,368.8,2.04,338.0,871.48,
2015,4,5,2,17.15,97.11,0.0,0.0,0.0,370.98,2.0,344.0,871.56,
2015,4,5,3,17.06,97.18,0.0,0.0,0.0,373.17,1.96,350.0,871.65,
2015,4,5,4,16.97,97.25,0.0,0.0,0.0,375.35,1.92,357.0,871.74,
2015,4,5,5,17.57,96.72,0.0,0.0,0.0,375.47,2.25,357.0,872.22,
2015,4,5,6,18.18,96.18,0.0,0.0,0.0,375.58,2.59,357.0,872.71,
2015,4,5,7,18.78,95.65,166.0,545.25,53.0,375.7,2.92,357.0,873.2,
2015,4,5,8,19.74,92.9,431.0,842.24,59.0,381.88,2.93,352.0,872.8,
2015,4,5,9,20.7,90.14,534.0,420.63,263.0,388.07,2.94,347.0,872.4,
2015,4,5,10,21.67,87.39,590.0,248.37,391.0,394.25,2.95,343.0,871.99,
2015,4,5,11,21.77,88.07,864.0,654.24,274.0,395.48,3.18,336.0,871.1,
2015,4,5,12,21.87,88.76,801.0,422.7,404.0,396.72,3.41,330.0,870.22,
2015,4,5,13,21.98,89.44,964.0,924.41,122.0,397.95,3.64,323.0,869.33,
2015,4,5,14,21.31,91.0,862.0,930.76,100.0,400.6,2.66,320.0,869.67,
2015,4,5,15,20.64,92.55,61.0,0.0,61.0,403.25,1.67,317.0,870.01,
2015,4,5,16,19.97,94.11,397.0,487.35,167.0,405.9,0.69,314.0,870.36,
2015,4,5,17,19.43,95.4,110.0,49.79,98.0,398.63,1.05,326.0,870.99,
2015,4,5,18,18.89,96.7,0.0,0.0,0.0,391.37,1.42,338.0,871.62,
2015,4,5,19,18.35,97.99,0.0,0.0,0.0,384.1,1.78,350.0,872.25,
2015,4,5,20,18.14,98.24,0.0,0.0,0.0,381.93,1.57,347.0,872.6,
2015,4,5,21,17.94,98.49,0.0,0.0,0.0,379.77,1.36,345.0,872.94,
2015,4,5,22,17.73,98.74,0.0,0.0,0.0,377.6,1.14,342.0,873.29,
2015,4,5,23,17.58,98.94,0.0,0.0,0.0,374.52,1.28,342.0,873.0,
2015,4,6,0,17.43,99.15,0.0,0.0,0.0,371.43,1.42,342.0,872.71,
2015,4,6,1,17.27,99.35,0.0,0.0,0.0,368.35,1.56,342.0,872.42,
2015,4,6,2,17.3,99.2,0.0,0.0,0.0,369.1,1.45,345.0,872.51,
2015,4,6,3,17.33,99.05,0.0,0.0,0.0,369.85,1.34,348.0,872.6,
2015,4,6,4,17.36,98.9,0.0,0.0,0.0,370.6,1.23,351.0,872.68,
2015,4,6,5,18.05,97.51,0.0,0.0,0.0,377.33,1.44,348.0,873.06,
2015,4,6,6,18.75,96.12,0.0,0.0,0.0,384.07,1.65,344.0,873.43,
2015,4,6,7,19.44,94.73,90.0,43.54,81.0,390.8,1.86,341.0,873.8,
2015,4,6,8,20.24,93.27,318.0,283.53,193.0,393.32,1.9,339.0,873.6,
2015,4,6,9,21.03,91.8,596.0,634.41,188.0,395.83,1.94,336.0,873.4,
2015,4,6,10,21.83,90.34,684.0,446.43,327.0,398.35,1.97,334.0,873.2,
2015,4,6,11,21.89,90.73,558.0,112.23,457.0,402.82,1.46,336.0,872.28,
2015,4,6,12,21.96,91.13,700.0,250.82,465.0,407.28,0.95,337.0,871.36,
2015,4,6,13,22.03,91.52,361.0,6.61,355.0,411.75,0.44,339.0,870.44,
2015,4,6,14,21.43,90.91,602.0,248.82,399.0,408.3,0.92,336.0,870.9,
2015,4,6,15,20.83,90.3,96.0,0.0,96.0,404.85,1.41,333.0,871.36,
2015,4,6,16,20.24,89.69,57.0,0.0,57.0,401.4,1.89,330.0,871.82,
2015,4,6,17,19.68,92.04,18.0,0.0,18.0,398.47,1.79,21.0,872.4,
2015,4,6,18,19.12,94.38,0.0,0.0,0.0,395.53,1.69,72.0,872.97,
2015,4,6,19,18.57,96.73,0.0,0.0,0.0,392.6,1.59,123.0,873.54,
2015,4,6,20,18.23,97.6,0.0,0.0,0.0,388.17,1.59,118.0,873.77,
2015,4,6,21,17.9,98.47,0.0,0.0,0.0,383.73,1.59,114.0,874.0,
2015,4,6,22,17.56,99.34,0.0,0.0,0.0,379.3,1.59,109.0,874.23,
2015,4,6,23,17.67,99.38,0.0,0.0,0.0,379.82,1.8,107.0,874.06,
2015,4,7,0,17.78,99.41,0.0,0.0,0.0,380.33,2.02,105.0,873.89,
2015,4,7,1,17.89,99.45,0.0,0.0,0.0,380.85,2.23,103.0,873.72,
2015,4,7,2,17.89,99.13,0.0,0.0,0.0,384.03,2.23,96.0,873.69,
2015,4,7,3,17.88,98.82,0.0,0.0,0.0,387.22,2.22,90.0,873.66,
2015,4,7,4,17.88,98.5,0.0,0.0,0.0,390.4,2.21,83.0,873.63,
2015,4,7,5,18.32,97.1,0.0,0.0,0.0,391.67,2.47,82.0,874.0,
2015,4,7,6,18.77,95.71,0.0,0.0,0.0,392.93,2.73,81.0,874.38,
2015,4,7,7,19.21,94.31,46.0,0.0,46.0,394.2,2.99,80.0,874.75,
2015,4,7,8,19.88,94.03,57.0,0.0,57.0,396.62,3.24,80.0,874.58,
2015,4,7,9,20.55,93.76,59.0,0.0,59.0,399.03,3.48,80.0,874.4,
2015,4,7,10,21.22,93.48,243.0,0.0,243.0,401.45,3.72,80.0,874.23,
2015,4,7,11,21.21,93.67,651.0,224.95,449.0,405.8,3.51,79.0,873.51,
2015,4,7,12,21.21,93.87,708.0,265.34,460.0,410.15,3.29,79.0,872.8,
2015,4,7,13,21.21,94.06,536.0,89.44,455.0,414.5,3.08,78.0,872.08,
2015,4,7,14,20.78,93.53,86.0,0.0,86.0,410.2,2.75,85.0,872.11,
2015,4,7,15,20.35,93.0,61.0,0.0,61.0,405.9,2.42,92.0,872.14,
2015,4,7,16,19.93,92.47,105.0,0.0,105.0,401.6,2.1,99.0,872.17,
2015,4,7,17,19.37,94.06,68.0,0.0,68.0,397.73,2.09,104.0,873.03,
2015,4,7,18,18.82,95.65,0.0,0.0,0.0,393.87,2.09,109.0,873.89,
2015,4,7,19,18.27,97.24,0.0,0.0,0.0,390.0,2.08,114.0,874.75,
2015,4,7,20,18.13,97.62,0.0,0.0,0.0,388.03,2.12,114.0,875.06,
2015,4,7,21,17.99,97.99,0.0,0.0,0.0,386.07,2.16,114.0,875.38,
2015,4,7,22,17.85,98.37,0.0,0.0,0.0,384.1,2.19,114.0,875.69,
2015,4,7,23,18.02,98.44,0.0,0.0,0.0,387.85,2.54,115.0,875.44,
2015,4,8,0,18.18,98.52,0.0,0.0,0.0,391.6,2.89,117.0,875.18,
2015,4,8,1,18.34,98.59,0.0,0.0,0.0,395.35,3.24,118.0,874.92,
2015,4,8,2,18.18,98.2,0.0,0.0,0.0,397.38,3.35,115.0,874.86,
2015,4,8,3,18.01,97.81,0.0,0.0,0.0,399.42,3.46,113.0,874.81,
2015,4,8,4,17.85,97.42,0.0,0.0,0.0,401.45,3.57,110.0,874.75,
2015,4,8,5,18.09,97.01,0.0,0.0,0.0,401.85,4.35,108.0,875.15,
2015,4,8,6,18.34,96.6,0.0,0.0,0.0,402.25,5.14,106.0,875.55,
2015,4,8,7,18.58,96.19,75.0,19.45,71.0,402.65,5.92,104.0,875.95,
2015,4,8,8,19.64,89.69,107.0,0.0,107.0,398.75,5.71,102.0,875.78,
2015,4,8,9,20.7,83.19,123.0,0.0,123.0,394.85,5.5,101.0,875.61,
2015,4,8,10,21.76,76.69,155.0,0.0,155.0,390.95,5.3,99.0,875.44,
2015,4,8,11,22.06,75.18,504.0,70.31,441.0,392.72,4.83,103.0,874.35,
2015,4,8,12,22.36,73.68,474.0,39.69,437.0,394.48,4.36,106.0,873.26,
2015,4,8,13,22.66,72.17,564.0,117.38,458.0,396.25,3.89,110.0,872.17,
2015,4,8,14,21.77,78.02,431.0,54.31,387.0,394.2,4.03,115.0,872.34,
2015,4,8,15,20.88,83.86,569.0,484.84,249.0,392.15,4.17,121.0,872.51,
2015,4,8,16,20.0,89.71,375.0,434.3,174.0,390.1,4.3,127.0,872.68,
2015,4,8,17,19.25,91.99,198.0,655.15,46.0,385.6,4.09,126.0,873.43,
2015,4,8,18,18.5,94.26,0.0,0.0,0.0,381.1,3.88,126.0,874.17,
2015,4,8,19,17.76,96.54,0.0,0.0,0.0,376.6,3.67,125.0,874.92,
2015,4,8,20,17.59,96.56,0.0,0.0,0.0,374.1,3.32,122.0,875.38,
2015,4,8,21,17.43,96.58,0.0,0.0,0.0,371.6,2.97,118.0,875.84,
2015,4,8,22,17.26,96.6,0.0,0.0,0.0,369.1,2.62,115.0,876.3,
2015,4,8,23,17.35,96.15,0.0,0.0,0.0,370.23,2.94,114.0,876.13,
2015,4,9,0,17.44,95.71,0.0,0.0,0.0,371.37,3.26,113.0,875.95,
2015,4,9,1,17.52,95.26,0.0,0.0,0.0,372.5,3.57,113.0,875.78,
2015,4,9,2,17.21,95.13,0.0,0.0,0.0,367.7,3.45,111.0,875.58,
2015,4,9,3,16.9,94.99,0.0,0.0,0.0,362.9,3.33,109.0,875.38,
2015,4,9,4,16.59,94.86,0.0,0.0,0.0,358.1,3.21,108.0,875.18,
2015,4,9,5,17.1,93.06,0.0,0.0,0.0,357.67,4.0,106.0,875.58,
2015,4,9,6,17.6,91.25,0.0,0.0,0.0,357.23,4.79,105.0,875.98,
2015,4,9,7,18.11,89.45,91.0,48.76,81.0,356.8,5.57,103.0,876.38,
2015,4,9,8,19.39,81.75,313.0,273.79,193.0,361.97,5.56,103.0,876.35,
2015,4,9,9,20.66,74.06,390.0,120.41,313.0,367.13,5.54,103.0,876.33,
2015,4,9,10,21.94,66.36,566.0,217.64,393.0,372.3,5.53,103.0,876.3,
2015,4,9,11,22.28,64.59,588.0,147.65,456.0,377.08,5.0,104.0,875.38,
2015,4,9,12,22.62,62.81,530.0,74.2,461.0,381.87,4.46,105.0,874.46,
2015,4,9,13,22.96,61.04,342.0,4.44,338.0,386.65,3.93,106.0,873.54,
2015,4,9,14,22.4,61.82,306.0,4.95,302.0,386.78,4.24,109.0,873.43,
2015,4,9,15,21.84,62.6,285.0,18.26,273.0,386.92,4.56,111.0,873.31,
2015,4,9,16,21.29,63.38,279.0,137.02,216.0,387.05,4.87,113.0,873.2,
2015,4,9,17,20.21,66.94,196.0,663.63,44.0,378.72,4.45,115.0,873.8,
2015,4,9,18,19.14,70.5,0.0,0.0,0.0,370.38,4.03,116.0,874.4,
2015,4,9,19,18.07,74.06,0.0,0.0,0.0,362.05,3.61,118.0,875.01,
2015,4,9,20,17.51,75.98,0.0,0.0,0.0,354.18,3.17,116.0,875.47,
2015,4,9,21,16.95,77.89,0.0,0.0,0.0,346.32,2.73,113.0,875.92,
2015,4,9,22,16.39,79.81,0.0,0.0,0.0,338.45,2.29,111.0,876.38,
2015,4,9,23,16.22,80.63,0.0,0.0,0.0,337.02,2.38,109.0,876.27,
2015,4,10,0,16.05,81.46,0.0,0.0,0.0,335.58,2.47,107.0,876.15,
2015,4,10,1,15.87,82.28,0.0,0.0,0.0,334.15,2.57,105.0,876.04,
2015,4,10,2,15.58,82.72,0.0,0.0,0.0,333.83,2.65,105.0,876.15,
2015,4,10,3,15.28,83.16,0.0,0.0,0.0,333.52,2.73,105.0,876.27,
2015,4,10,4,14.99,83.6,0.0,0.0,0.0,333.2,2.81,106.0,876.38,
2015,4,10,5,15.87,82.56,0.0,0.0,0.0,334.98,3.57,103.0,876.78,
2015,4,10,6,16.74,81.51,0.0,0.0,0.0,336.77,4.33,100.0,877.19,
2015,4,10,7,17.62,80.47,15.0,0.0,15.0,338.55,5.09,98.0,877.59,
2015,4,10,8,18.96,75.1,228.0,68.59,198.0,346.45,5.26,97.0,877.39,
2015,4,10,9,20.29,69.73,402.0,141.02,312.0,354.35,5.44,97.0,877.19,
2015,4,10,10,21.63,64.36,273.0,1.26,272.0,362.25,5.61,97.0,876.99,
2015,4,10,11,22.07,62.36,660.0,246.65,440.0,369.52,4.96,98.0,876.07,
2015,4,10,12,22.51,60.35,591.0,127.21,473.0,376.78,4.3,99.0,875.15,
2015,4,10,13,22.95,58.35,570.0,126.99,456.0,384.05,3.64,100.0,874.23,
2015,4,10,14,22.35,59.91,657.0,375.43,355.0,385.1,3.66,103.0,874.03,
2015,4,10,15,21.76,61.47,626.0,714.05,159.0,386.15,3.69,106.0,873.83,
2015,4,10,16,21.17,63.03,302.0,197.04,212.0,387.2,3.71,109.0,873.63,
2015,4,10,17,20.03,67.5,181.0,535.16,60.0,377.97,3.26,111.0,873.92,
2015,4,10,18,18.89,71.97,0.0,0.0,0.0,368.73,2.82,113.0,874.2,
2015,4,10,19,17.76,76.44,0.0,0.0,0.0,359.5,2.37,114.0,874.49,
2015,4,10,20,16.99,80.14,0.0,0.0,0.0,350.05,2.25,112.0,875.01,
2015,4,10,21,16.23,83.85,0.0,0.0,0.0,340.6,2.13,110.0,875.52,
2015,4,10,22,15.47,87.55,0.0,0.0,0.0,331.15,2.01,108.0,876.04,
2015,4,10,23,15.21,88.76,0.0,0.0,0.0,329.92,1.97,107.0,876.15,
2015,4,11,0,14.95,89.96,0.0,0.0,0.0,328.68,1.92,107.0,876.27,
2015,4,11,1,14.68,91.17,0.0,0.0,0.0,327.45,1.88,106.0,876.38,
2015,4,11,2,14.42,91.58,0.0,0.0,0.0,329.0,1.93,102.0,876.5,
2015,4,11,3,14.15,91.99,0.0,0.0,0.0,330.55,1.98,99.0,876.61,
2015,4,11,4,13.88,92.4,0.0,0.0,0.0,332.1,2.03,95.0,876.73,
2015,4,11,5,15.19,88.91,0.0,0.0,0.0,332.75,2.27,97.0,877.13,
2015,4,11,6,16.5,85.41,0.0,0.0,0.0,333.4,2.51,99.0,877.53,
2015,4,11,7,17.81,81.92,84.0,34.33,77.0,334.05,2.76,101.0,877.93,
2015,4,11,8,19.63,73.05,413.0,767.56,78.0,338.13,2.92,101.0,877.67,
2015,4,11,9,21.44,64.17,647.0,880.84,86.0,342.22,3.09,101.0,877.42,
2015,4,11,10,23.26,55.3,835.0,952.57,81.0,346.3,3.26,102.0,877.16,
2015,4,11,11,23.82,52.66,945.0,948.46,101.0,354.32,2.91,105.0,875.98,
2015,4,11,12,24.39,50.03,861.0,591.24,314.0,362.33,2.56,108.0,874.81,
2015,4,11,13,24.96,47.39,781.0,469.25,361.0,370.35,2.21,111.0,873.63,
2015,4,11,14,24.35,48.63,575.0,225.82,394.0,371.87,2.5,111.0,873.23,
2015,4,11,15,23.75,49.86,535.0,410.13,268.0,373.38,2.79,110.0,872.83,
2015,4,11,16,23.15,51.1,432.0,775.76,80.0,374.9,3.08,110.0,872.42,
2015,4,11,17,21.53,56.91,176.0,510.79,62.0,365.18,2.91,111.0,872.88,
2015,4,11,18,19.92,62.73,0.0,0.0,0.0,355.47,2.74,113.0,873.34,
2015,4,11,19,18.31,68.54,0.0,0.0,0.0,345.75,2.58,114.0,873.8,
2015,4,11,20,17.43,72.79,0.0,0.0,0.0,340.1,2.45,115.0,874.4,
2015,4,11,21,16.56,77.04,0.0,0.0,0.0,334.45,2.31,115.0,875.01,
2015,4,11,22,15.68,81.29,0.0,0.0,0.0,328.8,2.18,116.0,875.61,
2015,4,11,23,15.46,82.81,0.0,0.0,0.0,326.77,2.08,113.0,875.67,
2015,4,12,0,15.23,84.34,0.0,0.0,0.0,324.73,1.99,110.0,875.72,
2015,4,12,1,15.0,85.86,0.0,0.0,0.0,322.7,1.89,107.0,875.78,
2015,4,12,2,14.74,87.25,0.0,0.0,0.0,323.8,1.97,101.0,875.72,
2015,4,12,3,14.48,88.63,0.0,0.0,0.0,324.9,2.06,96.0,875.67,
2015,4,12,4,14.22,90.02,0.0,0.0,0.0,326.0,2.14,90.0,875.61,
2015,4,12,5,15.77,86.22,0.0,0.0,0.0,326.43,2.31,88.0,876.1,
2015,4,12,6,17.31,82.42,0.0,0.0,0.0,326.87,2.48,87.0,876.58,
2015,4,12,7,18.86,78.62,162.0,546.1,51.0,327.3,2.65,85.0,877.07,
2015,4,12,8,20.64,71.38,414.0,778.44,75.0,335.73,2.67,87.0,876.87,
2015,4,12,9,22.41,64.13,638.0,849.66,98.0,344.17,2.69,89.0,876.67,
2015,4,12,10,24.19,56.89,803.0,840.7,139.0,352.6,2.72,91.0,876.47,
2015,4,12,11,24.53,54.66,754.0,424.66,377.0,360.57,2.51,91.0,875.41,
2015,4,12,12,24.88,52.44,878.0,642.65,285.0,368.53,2.29,91.0,874.35,
2015,4,12,13,25.23,50.21,826.0,586.1,303.0,376.5,2.08,91.0,873.29,
2015,4,12,14,24.85,51.16,800.0,797.62,163.0,376.32,2.51,95.0,872.85,
2015,4,12,15,24.47,52.12,666.0,915.1,73.0,376.13,2.95,99.0,872.42,
2015,4,12,16,24.1,53.07,325.0,283.97,197.0,375.95,3.38,104.0,871.99,
2015,4,12,17,22.72,58.2,116.0,108.95,92.0,372.1,3.11,109.0,872.83,
2015,4,12,18,21.35,63.34,0.0,0.0,0.0,368.25,2.85,113.0,873.66,
2015,4,12,19,19.98,68.47,0.0,0.0,0.0,364.4,2.58,118.0,874.49,
2015,4,12,20,19.47,71.29,0.0,0.0,0.0,360.55,2.4,113.0,875.21,
2015,4,12,21,18.96,74.12,0.0,0.0,0.0,356.7,2.21,108.0,875.92,
2015,4,12,22,18.45,76.94,0.0,0.0,0.0,352.85,2.03,104.0,876.64,
2015,4,12,23,18.3,77.96,0.0,0.0,0.0,351.03,2.19,102.0,876.47,
2015,4,13,0,18.15,78.97,0.0,0.0,0.0,349.22,2.36,101.0,876.3,
2015,4,13,1,17.99,79.99,0.0,0.0,0.0,347.4,2.52,100.0,876.13,
2015,4,13,2,17.55,80.19,0.0,0.0,0.0,342.77,2.66,99.0,875.87,
2015,4,13,3,17.1,80.4,0.0,0.0,0.0,338.13,2.8,98.0,875.61,
2015,4,13,4,16.65,80.6,0.0,0.0,0.0,333.5,2.94,97.0,875.35,
2015,4,13,5,17.67,78.65,0.0,0.0,0.0,333.07,3.27,99.0,875.72,
2015,4,13,6,18.7,76.7,0.0,0.0,0.0,332.63,3.6,100.0,876.1,
2015,4,13,7,19.72,74.75,37.0,0.0,37.0,332.2,3.93,102.0,876.47,
2015,4,13,8,21.36,68.56,105.0,0.0,105.0,338.82,3.9,97.0,876.21,
2015,4,13,9,23.0,62.36,196.0,0.0,196.0,345.43,3.88,93.0,875.95,
2015,4,13,10,24.65,56.17,163.0,0.0,163.0,352.05,3.85,89.0,875.69,
2015,4,13,11,24.91,54.67,174.0,0.0,174.0,360.4,3.69,92.0,874.55,
2015,4,13,12,25.17,53.18,170.0,0.0,170.0,368.75,3.53,95.0,873.4,
2015,4,13,13,25.43,51.68,169.0,0.0,169.0,377.1,3.37,97.0,872.25,
2015,4,13,14,24.62,54.43,255.0,0.0,255.0,377.3,3.41,101.0,872.28,
2015,4,13,15,23.81,57.17,236.0,4.65,233.0,377.5,3.45,105.0,872.31,
2015,4,13,16,23.01,59.92,256.0,107.2,208.0,377.7,3.49,109.0,872.34,
2015,4,13,17,21.99,64.15,86.0,27.6,80.0,374.38,2.91,112.0,873.17,
2015,4,13,18,20.97,68.38,0.0,0.0,0.0,371.07,2.33,116.0,874.0,
2015,4,13,19,19.96,72.61,0.0,0.0,0.0,367.75,1.75,120.0,874.83,
2015,4,13,20,19.71,74.1,0.0,0.0,0.0,371.15,1.8,119.0,875.44,
2015,4,13,21,19.47,75.59,0.0,0.0,0.0,374.55,1.84,117.0,876.04,
2015,4,13,22,19.22,77.08,0.0,0.0,0.0,377.95,1.89,115.0,876.64,
2015,4,13,23,19.11,77.96,0.0,0.0,0.0,378.87,1.94,116.0,876.15,
2015,4,14,0,19.0,78.85,0.0,0.0,0.0,379.78,1.98,117.0,875.67,
2015,4,14,1,18.88,79.73,0.0,0.0,0.0,380.7,2.03,117.0,875.18,
2015,4,14,2,18.36,83.36,0.0,0.0,0.0,379.12,2.19,118.0,875.12,
2015,4,14,3,17.83,87.0,0.0,0.0,0.0,377.53,2.36,119.0,875.06,
2015,4,14,4,17.3,90.63,0.0,0.0,0.0,375.95,2.52,119.0,875.01,
2015,4,14,5,17.6,90.23,0.0,0.0,0.0,376.65,2.58,118.0,875.29,
2015,4,14,6,17.9,89.84,0.0,0.0,0.0,377.35,2.63,117.0,875.58,
2015,4,14,7,18.2,89.44,30.0,0.0,30.0,378.05,2.69,116.0,875.87,
2015,4,14,8,19.32,84.53,159.0,6.92,156.0,380.37,3.35,113.0,875.67,
2015,4,14,9,20.44,79.63,113.0,0.0,113.0,382.68,4.0,111.0,875.47,
2015,4,14,10,21.56,74.72,389.0,36.88,360.0,385.0,4.66,108.0,875.26,
2015,4,14,11,22.38,69.97,214.0,0.0,214.0,386.4,4.23,108.0,873.92,
2015,4,14,12,23.21,65.23,103.0,0.0,103.0,387.8,3.8,107.0,872.57,
2015,4,14,13,24.04,60.48,109.0,0.0,109.0,389.2,3.37,106.0,871.22,
2015,4,14,14,23.45,60.59,194.0,0.0,194.0,385.72,3.24,107.0,871.08,
2015,4,14,15,22.87,60.69,163.0,0.0,163.0,382.23,3.11,108.0,870.93,
2015,4,14,16,22.29,60.8,69.0,0.0,69.0,378.75,2.98,109.0,870.79,
2015,4,14,17,21.18,65.55,127.0,181.75,88.0,374.93,2.64,116.0,871.51,
2015,4,14,18,20.08,70.29,0.0,0.0,0.0,371.12,2.3,124.0,872.22,
2015,4,14,19,18.98,75.04,0.0,0.0,0.0,367.3,1.96,131.0,872.94,
2015,4,14,20,18.47,77.76,0.0,0.0,0.0,365.42,1.88,127.0,873.34,
2015,4,14,21,17.96,80.47,0.0,0.0,0.0,363.53,1.8,123.0,873.74,
2015,4,14,22,17.45,83.19,0.0,0.0,0.0,361.65,1.72,118.0,874.15,
2015,4,14,23,17.34,84.88,0.0,0.0,0.0,363.95,1.67,120.0,873.8,
2015,4,15,0,17.23,86.57,0.0,0.0,0.0,366.25,1.61,121.0,873.46,
2015,4,15,1,17.12,88.26,0.0,0.0,0.0,368.55,1.56,123.0,873.11,
2015,4,15,2,16.71,89.33,0.0,0.0,0.0,363.35,1.49,122.0,873.11,
2015,4,15,3,16.29,90.39,0.0,0.0,0.0,358.15,1.43,121.0,873.11,
2015,4,15,4,15.87,91.46,0.0,0.0,0.0,352.95,1.37,121.0,873.11,
2015,4,15,5,16.73,89.01,0.0,0.0,0.0,352.65,1.54,113.0,873.51,
2015,4,15,6,17.58,86.57,0.0,0.0,0.0,352.35,1.72,106.0,873.92,
2015,4,15,7,18.44,84.12,14.0,0.0,14.0,352.05,1.9,99.0,874.32,
2015,4,15,8,20.16,77.62,49.0,0.0,49.0,356.02,1.9,94.0,874.0,
2015,4,15,9,21.87,71.11,188.0,0.0,188.0,359.98,1.9,90.0,873.69,
2015,4,15,10,23.59,64.61,134.0,0.0,134.0,363.95,1.9,85.0,873.37,
2015,4,15,11,23.38,67.89,84.0,0.0,84.0,370.53,1.55,96.0,872.4,
2015,4,15,12,23.17,71.18,93.0,0.0,93.0,377.12,1.2,107.0,871.42,
2015,4,15,13,22.96,74.46,84.0,0.0,84.0,383.7,0.84,117.0,870.44,
2015,4,15,14,22.56,72.24,360.0,22.79,342.0,386.48,1.09,112.0,870.53,
2015,4,15,15,22.16,70.03,110.0,0.0,110.0,389.27,1.33,107.0,870.62,
2015,4,15,16,21.76,67.81,269.0,142.58,206.0,392.05,1.57,102.0,870.7,
2015,4,15,17,21.04,71.65,163.0,481.67,61.0,386.5,1.49,107.0,871.45,
2015,4,15,18,20.32,75.49,0.0,0.0,0.0,380.95,1.41,111.0,872.19,
2015,4,15,19,19.61,79.33,0.0,0.0,0.0,375.4,1.32,116.0,872.94,
2015,4,15,20,19.13,82.28,0.0,0.0,0.0,373.1,1.53,85.0,873.43,
2015,4,15,21,18.66,85.24,0.0,0.0,0.0,370.8,1.73,55.0,873.92,
2015,4,15,22,18.18,88.19,0.0,0.0,0.0,368.5,1.93,24.0,874.4,
2015,4,15,23,18.11,89.72,0.0,0.0,0.0,368.47,1.77,11.0,874.15,
2015,4,16,0,18.04,91.25,0.0,0.0,0.0,368.43,1.62,357.0,873.89,
2015,4,16,1,17.96,92.78,0.0,0.0,0.0,368.4,1.46,344.0,873.63,
2015,4,16,2,17.83,93.37,0.0,0.0,0.0,368.82,1.51,352.0,873.63,
2015,4,16,3,17.7,93.95,0.0,0.0,0.0,369.23,1.55,359.0,873.63,
2015,4,16,4,17.57,94.54,0.0,0.0,0.0,369.65,1.6,6.0,873.63,
2015,4,16,5,17.77,94.96,0.0,0.0,0.0,376.38,1.87,31.0,874.35,
2015,4,16,6,17.96,95.38,0.0,0.0,0.0,383.12,2.13,55.0,875.06,
2015,4,16,7,18.16,95.8,103.0,104.72,82.0,389.85,2.4,79.0,875.78,
2015,4,16,8,18.24,95.91,180.0,20.86,171.0,391.77,2.17,89.0,876.07,
2015,4,16,9,18.32,96.03,253.0,11.11,246.0,393.68,1.95,100.0,876.35,
2015,4,16,10,18.4,96.14,117.0,0.0,117.0,395.6,1.72,110.0,876.64,
2015,4,16,11,18.38,96.53,290.0,1.14,289.0,392.18,1.56,113.0,875.78,
2015,4,16,12,18.37,96.91,429.0,25.2,406.0,388.77,1.4,115.0,874.92,
2015,4,16,13,18.36,97.3,337.0,4.54,333.0,385.35,1.24,118.0,874.06,
2015,4,16,14,18.95,95.21,206.0,0.0,206.0,387.82,1.74,122.0,873.8,
2015,4,16,15,19.54,93.11,449.0,231.1,302.0,390.28,2.23,126.0,873.54,
2015,4,16,16,20.14,91.02,372.0,523.99,142.0,392.75,2.73,130.0,873.29,
2015,4,16,17,19.36,93.37,23.0,0.0,23.0,389.37,2.51,124.0,874.23,
2015,4,16,18,18.59,95.72,0.0,0.0,0.0,385.98,2.3,119.0,875.18,
2015,4,16,19,17.82,98.07,0.0,0.0,0.0,382.6,2.08,114.0,876.13,
2015,4,16,20,17.65,98.31,0.0,0.0,0.0,380.12,1.96,102.0,876.47,
2015,4,16,21,17.49,98.54,0.0,0.0,0.0,377.63,1.83,91.0,876.81,
2015,4,16,22,17.33,98.78,0.0,0.0,0.0,375.15,1.71,80.0,877.16,
2015,4,16,23,17.17,99.13,0.0,0.0,0.0,375.18,1.83,78.0,876.76,
2015,4,17,0,17.01,99.48,0.0,0.0,0.0,375.22,1.96,75.0,876.35,
2015,4,17,1,16.85,99.83,0.0,0.0,0.0,375.25,2.08,73.0,875.95,
2015,4,17,2,16.86,99.53,0.0,0.0,0.0,372.1,2.02,66.0,875.72,
2015,4,17,3,16.87,99.23,0.0,0.0,0.0,368.95,1.96,58.0,875.49,
2015,4,17,4,16.88,98.93,0.0,0.0,0.0,365.8,1.9,51.0,875.26,
2015,4,17,5,17.86,96.81,0.0,0.0,0.0,365.18,2.36,53.0,875.78,
2015,4,17,6,18.83,94.68,0.0,0.0,0.0,364.57,2.82,55.0,876.3,
2015,4,17,7,19.81,92.56,14.0,0.0,14.0,363.95,3.28,57.0,876.81,
2015,4,17,8,20.71,88.9,236.0,88.32,198.0,375.83,3.11,58.0,876.58,
2015,4,17,9,21.6,85.23,197.0,0.0,197.0,387.72,2.94,58.0,876.35,
2015,4,17,10,22.5,81.57,428.0,66.6,376.0,399.6,2.77,59.0,876.13,
2015,4,17,11,22.59,82.52,345.0,6.84,339.0,401.93,2.73,63.0,875.09,
2015,4,17,12,22.69,83.48,165.0,0.0,165.0,404.27,2.68,67.0,874.06,
2015,4,17,13,22.79,84.43,637.0,229.91,435.0,406.6,2.63,71.0,873.03,
2015,4,17,14,22.38,80.62,422.0,59.94,375.0,400.58,2.48,83.0,873.37,
2015,4,17,15,21.98,76.8,109.0,0.0,109.0,394.57,2.32,95.0,873.72,
2015,4,17,16,21.58,72.99,37.0,0.0,37.0,388.55,2.17,107.0,874.06,
2015,4,17,17,20.74,77.09,29.0,0.0,29.0,388.4,2.18,115.0,874.72,
2015,4,17,18,19.91,81.18,0.0,0.0,0.0,388.25,2.2,123.0,875.38,
2015,4,17,19,19.08,85.28,0.0,0.0,0.0,388.1,2.22,132.0,876.04,
2015,4,17,20,18.71,87.64,0.0,0.0,0.0,384.58,2.29,130.0,876.35,
2015,4,17,21,18.35,89.99,0.0,0.0,0.0,381.07,2.35,129.0,876.67,
2015,4,17,22,17.99,92.35,0.0,0.0,0.0,377.55,2.41,127.0,876.99,
2015,4,17,23,17.98,93.49,0.0,0.0,0.0,375.43,2.4,126.0,876.7,
2015,4,18,0,17.96,94.63,0.0,0.0,0.0,373.32,2.38,124.0,876.41,
2015,4,18,1,17.94,95.77,0.0,0.0,0.0,371.2,2.36,122.0,876.13,
2015,4,18,2,17.8,95.96,0.0,0.0,0.0,371.37,2.55,117.0,876.1,
2015,4,18,3,17.65,96.15,0.0,0.0,0.0,371.53,2.74,112.0,876.07,
2015,4,18,4,17.5,96.34,0.0,0.0,0.0,371.7,2.92,107.0,876.04,
2015,4,18,5,18.01,94.58,0.0,0.0,0.0,374.0,2.99,104.0,876.58,
2015,4,18,6,18.51,92.81,0.0,0.0,0.0,376.3,3.05,100.0,877.13,
2015,4,18,7,19.02,91.05,55.0,0.0,55.0,378.6,3.12,96.0,877.67,
2015,4,18,8,19.56,91.14,187.0,27.96,175.0,383.35,3.25,90.0,877.53,
2015,4,18,9,20.1,91.24,504.0,386.02,262.0,388.1,3.38,84.0,877.39,
2015,4,18,10,20.64,91.33,705.0,563.64,266.0,392.85,3.52,78.0,877.24,
2015,4,18,11,20.92,89.95,590.0,170.36,441.0,396.53,3.58,83.0,876.1,
2015,4,18,12,21.2,88.58,327.0,2.2,325.0,400.22,3.64,87.0,874.95,
2015,4,18,13,21.49,87.2,663.0,275.16,422.0,403.9,3.7,92.0,873.8,
2015,4,18,14,21.16,85.49,724.0,613.17,245.0,402.08,2.87,99.0,873.86,
2015,4,18,15,20.83,83.77,75.0,0.0,75.0,400.27,2.04,105.0,873.92,
2015,4,18,16,20.5,82.06,58.0,0.0,58.0,398.45,1.21,112.0,873.97,
2015,4,18,17,19.76,85.59,46.0,0.0,46.0,394.73,1.76,119.0,874.66,
2015,4,18,18,19.02,89.13,0.0,0.0,0.0,391.02,2.3,126.0,875.35,
2015,4,18,19,18.29,92.66,0.0,0.0,0.0,387.3,2.84,133.0,876.04,
2015,4,18,20,17.96,94.22,0.0,0.0,0.0,381.07,2.84,129.0,876.3,
2015,4,18,21,17.63,95.78,0.0,0.0,0.0,374.83,2.83,125.0,876.56,
2015,4,18,22,17.3,97.34,0.0,0.0,0.0,368.6,2.83,121.0,876.81,
2015,4,18,23,17.44,97.51,0.0,0.0,0.0,375.2,2.78,119.0,876.47,
2015,4,19,0,17.58,97.69,0.0,0.0,0.0,381.8,2.74,116.0,876.13,
2015,4,19,1,17.72,97.86,0.0,0.0,0.0,388.4,2.69,114.0,875.78,
2015,4,19,2,17.37,97.87,0.0,0.0,0.0,386.43,2.56,113.0,875.75,
2015,4,19,3,17.01,97.87,0.0,0.0,0.0,384.47,2.43,113.0,875.72,
2015,4,19,4,16.65,97.88,0.0,0.0,0.0,382.5,2.3,113.0,875.69,
2015,4,19,5,17.27,95.4,0.0,0.0,0.0,388.78,2.97,108.0,876.13,
2015,4,19,6,17.9,92.93,0.0,0.0,0.0,395.07,3.65,103.0,876.56,
2015,4,19,7,18.52,90.45,40.0,0.0,40.0,401.35,4.32,98.0,876.99,
2015,4,19,8,19.92,83.86,97.0,0.0,97.0,395.95,3.99,92.0,876.64,
2015,4,19,9,21.31,77.28,394.0,143.91,304.0,390.55,3.66,87.0,876.3,
2015,4,19,10,22.71,70.69,636.0,389.99,333.0,385.15,3.34,81.0,875.95,
2015,4,19,11,23.15,68.58,722.0,390.89,381.0,388.05,2.84,82.0,874.75,
2015,4,19,12,23.6,66.46,747.0,385.57,398.0,390.95,2.34,84.0,873.54,
2015,4,19,13,24.05,64.35,845.0,697.54,236.0,393.85,1.83,86.0,872.34,
2015,4,19,14,23.54,67.16,737.0,664.28,220.0,393.6,2.22,95.0,872.14,
2015,4,19,15,23.04,69.96,603.0,742.89,137.0,393.35,2.6,105.0,871.94,
2015,4,19,16,22.54,72.77,256.0,132.46,199.0,393.1,2.98,115.0,871.74,
2015,4,19,17,21.33,78.27,111.0,144.38,82.0,385.67,2.89,122.0,872.63,
2015,4,19,18,20.13,83.76,0.0,0.0,0.0,378.23,2.8,128.0,873.51,
2015,4,19,19,18.93,89.26,0.0,0.0,0.0,370.8,2.72,135.0,874.4,
2015,4,19,20,18.48,91.41,0.0,0.0,0.0,365.97,2.77,130.0,874.72,
2015,4,19,21,18.03,93.56,0.0,0.0,0.0,361.13,2.82,126.0,875.04,
2015,4,19,22,17.58,95.71,0.0,0.0,0.0,356.3,2.87,121.0,875.35,
2015,4,19,23,17.51,96.61,0.0,0.0,0.0,353.87,2.81,118.0,875.32,
2015,4,20,0,17.43,97.51,0.0,0.0,0.0,351.43,2.76,115.0,875.29,
2015,4,20,1,17.35,98.41,0.0,0.0,0.0,349.0,2.7,112.0,875.26,
2015,4,20,2,17.13,98.36,0.0,0.0,0.0,350.92,2.52,106.0,875.29,
2015,4,20,3,16.91,98.3,0.0,0.0,0.0,352.83,2.34,100.0,875.32,
2015,4,20,4,16.69,98.25,0.0,0.0,0.0,354.75,2.17,94.0,875.35,
2015,4,20,5,17.53,95.3,0.0,0.0,0.0,355.17,2.65,93.0,875.78,
2015,4,20,6,18.36,92.34,0.0,0.0,0.0,355.58,3.14,91.0,876.21,
2015,4,20,7,19.2,89.39,46.0,0.0,46.0,356.0,3.63,89.0,876.64,
2015,4,20,8,20.57,83.5,116.0,0.0,116.0,363.3,3.47,86.0,876.35,
2015,4,20,9,21.93,77.6,240.0,8.02,235.0,370.6,3.31,83.0,876.07,
2015,4,20,10,23.3,71.71,377.0,34.84,350.0,377.9,3.16,79.0,875.78,
2015,4,20,11,23.57,70.59,662.0,282.73,416.0,381.87,2.99,82.0,874.66,
2015,4,20,12,23.85,69.48,610.0,170.62,456.0,385.83,2.82,85.0,873.54,
2015,4,20,13,24.13,68.36,860.0,753.77,204.0,389.8,2.65,88.0,872.42,
2015,4,20,14,23.37,69.58,811.0,941.45,81.0,385.63,3.05,99.0,872.68,
2015,4,20,15,22.62,70.8,631.0,885.68,78.0,381.47,3.45,111.0,872.94,
2015,4,20,16,21.87,72.02,283.0,208.18,194.0,377.3,3.85,122.0,873.2,
2015,4,20,17,20.78,76.91,103.0,110.98,81.0,370.05,3.35,125.0,873.74,
2015,4,20,18,19.69,81.81,0.0,0.0,0.0,362.8,2.85,129.0,874.29,
2015,4,20,19,18.6,86.7,0.0,0.0,0.0,355.55,2.34,132.0,874.83,
2015,4,20,20,18.13,88.82,0.0,0.0,0.0,352.42,2.31,130.0,875.24,
2015,4,20,21,17.66,90.94,0.0,0.0,0.0,349.28,2.28,127.0,875.64,
2015,4,20,22,17.19,93.06,0.0,0.0,0.0,346.15,2.25,125.0,876.04,
2015,4,20,23,17.1,93.7,0.0,0.0,0.0,343.9,2.18,121.0,875.98,
2015,4,21,0,17.01,94.34,0.0,0.0,0.0,341.65,2.11,117.0,875.92,
2015,4,21,1,16.91,94.98,0.0,0.0,0.0,339.4,2.04,113.0,875.87,
2015,4,21,2,16.87,95.37,0.0,0.0,0.0,340.13,2.12,113.0,875.84,
2015,4,21,3,16.83,95.76,0.0,0.0,0.0,340.87,2.2,113.0,875.81,
2015,4,21,4,16.79,96.15,0.0,0.0,0.0,341.6,2.28,112.0,875.78,
2015,4,21,5,17.76,93.19,0.0,0.0,0.0,342.58,3.01,110.0,876.35,
2015,4,21,6,18.74,90.24,0.0,0.0,0.0,343.57,3.74,107.0,876.93,
2015,4,21,7,19.71,87.28,153.0,513.68,52.0,344.55,4.47,104.0,877.5,
2015,4,21,8,20.87,82.58,170.0,16.45,163.0,352.78,4.21,102.0,877.27,
2015,4,21,9,22.02,77.87,559.0,586.61,194.0,361.02,3.94,100.0,877.04,
2015,4,21,10,23.18,73.17,561.0,243.2,373.0,369.25,3.68,97.0,876.81,
2015,4,21,11,23.43,72.26,792.0,566.96,300.0,373.2,3.47,100.0,875.92,
2015,4,21,12,23.68,71.35,747.0,394.44,392.0,377.15,3.25,102.0,875.04,
2015,4,21,13,23.94,70.44,754.0,473.77,343.0,381.1,3.03,105.0,874.15,
2015,4,21,14,23.34,73.33,631.0,388.34,331.0,378.13,3.04,109.0,874.03,
2015,4,21,15,22.74,76.23,624.0,868.87,84.0,375.17,3.04,114.0,873.92,
2015,4,21,16,22.15,79.12,405.0,807.56,62.0,372.2,3.05,118.0,873.8,
2015,4,21,17,21.08,82.31,153.0,531.58,49.0,366.1,3.03,119.0,874.58,
2015,4,21,18,20.01,85.51,0.0,0.0,0.0,360.0,3.02,120.0,875.35,
2015,4,21,19,18.94,88.7,0.0,0.0,0.0,353.9,3.01,122.0,876.13,
2015,4,21,20,18.56,89.67,0.0,0.0,0.0,350.92,2.87,120.0,876.53,
2015,4,21,21,18.18,90.64,0.0,0.0,0.0,347.93,2.73,118.0,876.93,
2015,4,21,22,17.8,91.61,0.0,0.0,0.0,344.95,2.59,116.0,877.33,
2015,4,21,23,17.7,92.1,0.0,0.0,0.0,343.78,2.8,115.0,877.24,
2015,4,22,0,17.59,92.58,0.0,0.0,0.0,342.62,3.0,113.0,877.16,
2015,4,22,1,17.48,93.07,0.0,0.0,0.0,341.45,3.2,112.0,877.07,
2015,4,22,2,17.15,93.65,0.0,0.0,0.0,339.15,3.26,112.0,877.07,
2015,4,22,3,16.81,94.23,0.0,0.0,0.0,336.85,3.33,111.0,877.07,
2015,4,22,4,16.48,94.81,0.0,0.0,0.0,334.55,3.39,111.0,877.07,
2015,4,22,5,17.19,93.38,0.0,0.0,0.0,337.7,3.87,109.0,877.47,
2015,4,22,6,17.91,91.96,0.0,0.0,0.0,340.85,4.34,107.0,877.88,
2015,4,22,7,18.62,90.53,146.0,444.41,59.0,344.0,4.81,105.0,878.28,
2015,4,22,8,19.87,84.0,298.0,261.56,187.0,354.57,4.98,102.0,878.13,
2015,4,22,9,21.12,77.46,328.0,62.84,289.0,365.13,5.15,100.0,877.99,
2015,4,22,10,22.37,70.93,650.0,438.37,312.0,375.7,5.32,97.0,877.85,
2015,4,22,11,22.93,67.41,629.0,235.71,425.0,377.9,4.94,98.0,876.76,
2015,4,22,12,23.49,63.88,700.0,309.78,422.0,380.1,4.55,98.0,875.67,
2015,4,22,13,24.06,60.36,671.0,307.6,405.0,382.3,4.17,99.0,874.58,
2015,4,22,14,23.44,62.82,787.0,875.71,113.0,382.17,3.92,103.0,874.55,
2015,4,22,15,22.83,65.28,596.0,751.64,131.0,382.03,3.68,108.0,874.52,
2015,4,22,16,22.22,67.74,396.0,765.42,73.0,381.9,3.43,112.0,874.49,
2015,4,22,17,21.15,73.1,110.0,165.72,78.0,379.2,3.37,114.0,875.09,
2015,4,22,18,20.09,78.46,0.0,0.0,0.0,376.5,3.3,117.0,875.69,
2015,4,22,19,19.03,83.82,0.0,0.0,0.0,373.8,3.23,119.0,876.3,
2015,4,22,20,18.54,86.14,0.0,0.0,0.0,368.1,2.99,116.0,876.61,
2015,4,22,21,18.05,88.46,0.0,0.0,0.0,362.4,2.76,114.0,876.93,
2015,4,22,22,17.56,90.78,0.0,0.0,0.0,356.7,2.52,112.0,877.24,
2015,4,22,23,17.43,91.63,0.0,0.0,0.0,354.45,2.74,110.0,877.19,
2015,4,23,0,17.3,92.48,0.0,0.0,0.0,352.2,2.97,108.0,877.13,
2015,4,23,1,17.17,93.33,0.0,0.0,0.0,349.95,3.19,106.0,877.07,
2015,4,23,2,16.92,94.02,0.0,0.0,0.0,350.47,3.18,105.0,877.22,
2015,4,23,3,16.66,94.72,0.0,0.0,0.0,350.98,3.17,104.0,877.36,
2015,4,23,4,16.41,95.41,0.0,0.0,0.0,351.5,3.16,103.0,877.5,
2015,4,23,5,16.86,93.34,0.0,0.0,0.0,361.62,3.57,102.0,877.96,
2015,4,23,6,17.3,91.26,0.0,0.0,0.0,371.73,3.99,101.0,878.42,
2015,4,23,7,17.75,89.19,150.0,502.86,52.0,381.85,4.4,101.0,878.88,
2015,4,23,8,19.02,82.24,384.0,675.92,98.0,379.3,4.53,98.0,878.82,
2015,4,23,9,20.28,75.28,224.0,4.85,221.0,376.75,4.67,96.0,878.76,
2015,4,23,10,21.55,68.33,339.0,18.2,325.0,374.2,4.8,94.0,878.71,
2015,4,23,11,22.06,65.29,531.0,114.7,432.0,378.35,4.62,97.0,877.82,
2015,4,23,12,22.57,62.25,638.0,215.68,445.0,382.5,4.44,100.0,876.93,
2015,4,23,13,23.09,59.21,789.0,576.58,292.0,386.65,4.26,104.0,876.04,
2015,4,23,14,22.55,60.83,767.0,813.76,143.0,385.93,4.11,109.0,875.69,
2015,4,23,15,22.01,62.45,523.0,482.29,226.0,385.22,3.95,114.0,875.35,
2015,4,23,16,21.48,64.07,355.0,534.25,131.0,384.5,3.79,119.0,875.01,
2015,4,23,17,20.35,68.51,147.0,514.18,49.0,374.23,3.6,120.0,875.61,
2015,4,23,18,19.22,72.95,0.0,0.0,0.0,363.97,3.41,121.0,876.21,
2015,4,23,19,18.09,77.39,0.0,0.0,0.0,353.7,3.21,122.0,876.81,
2015,4,23,20,17.44,80.3,0.0,0.0,0.0,346.12,2.96,119.0,877.3,
2015,4,23,21,16.79,83.22,0.0,0.0,0.0,338.53,2.71,116.0,877.79,
2015,4,23,22,16.14,86.13,0.0,0.0,0.0,330.95,2.46,112.0,878.28,
2015,4,23,23,15.95,87.33,0.0,0.0,0.0,329.72,2.55,111.0,878.28,
2015,4,24,0,15.76,88.52,0.0,0.0,0.0,328.48,2.65,110.0,878.28,
2015,4,24,1,15.57,89.72,0.0,0.0,0.0,327.25,2.74,108.0,878.28,
2015,4,24,2,15.27,90.17,0.0,0.0,0.0,326.53,2.73,107.0,878.45,
2015,4,24,3,14.96,90.63,0.0,0.0,0.0,325.82,2.72,105.0,878.62,
2015,4,24,4,14.65,91.08,0.0,0.0,0.0,325.1,2.7,104.0,878.79,
2015,4,24,5,15.64,87.94,0.0,0.0,0.0,325.68,3.15,103.0,879.25,
2015,4,24,6,16.62,84.79,0.0,0.0,0.0,326.27,3.6,101.0,879.71,
2015,4,24,7,17.61,81.65,154.0,556.75,46.0,326.85,4.04,100.0,880.17,
2015,4,24,8,19.15,74.31,394.0,751.47,77.0,335.37,4.64,99.0,880.06,
2015,4,24,9,20.69,66.97,616.0,852.11,90.0,343.88,5.25,98.0,879.94,
2015,4,24,10,22.24,59.63,787.0,890.48,104.0,352.4,5.85,97.0,879.83,
2015,4,24,11,22.71,57.72,903.0,932.87,100.0,357.97,5.44,99.0,878.91,
2015,4,24,12,23.18,55.8,921.0,877.57,138.0,363.53,5.04,101.0,877.99,
2015,4,24,13,23.65,53.89,873.0,837.97,153.0,369.1,4.63,103.0,877.07,
2015,4,24,14,22.91,56.26,683.0,547.14,265.0,369.37,4.45,107.0,876.7,
2015,4,24,15,22.17,58.63,529.0,513.86,214.0,369.63,4.27,111.0,876.33,
2015,4,24,16,21.43,61.0,383.0,720.11,83.0,369.9,4.08,114.0,875.95,
2015,4,24,17,20.18,65.98,144.0,499.63,50.0,359.12,3.68,117.0,876.44,
2015,4,24,18,18.93,70.95,0.0,0.0,0.0,348.33,3.27,120.0,876.93,
2015,4,24,19,17.68,75.93,0.0,0.0,0.0,337.55,2.87,123.0,877.42,
2015,4,24,20,17.15,78.06,0.0,0.0,0.0,333.35,3.03,122.0,877.9,
2015,4,24,21,16.63,80.19,0.0,0.0,0.0,329.15,3.2,121.0,878.39,
2015,4,24,22,16.11,82.32,0.0,0.0,0.0,324.95,3.37,119.0,878.88,
2015,4,24,23,15.9,83.81,0.0,0.0,0.0,323.72,3.3,117.0,878.97,
2015,4,25,0,15.69,85.29,0.0,0.0,0.0,322.48,3.24,115.0,879.05,
2015,4,25,1,15.47,86.78,0.0,0.0,0.0,321.25,3.17,113.0,879.14,
2015,4,25,2,15.14,87.93,0.0,0.0,0.0,319.55,3.09,112.0,879.17,
2015,4,25,3,14.81,89.07,0.0,0.0,0.0,317.85,3.02,111.0,879.19,
2015,4,25,4,14.48,90.22,0.0,0.0,0.0,316.15,2.94,110.0,879.22,
2015,4,25,5,15.35,87.44,0.0,0.0,0.0,317.72,3.43,109.0,879.68,
2015,4,25,6,16.21,84.65,0.0,0.0,0.0,319.28,3.93,107.0,880.14,
2015,4,25,7,17.08,81.87,152.0,538.71,48.0,320.85,4.43,105.0,880.6,
2015,4,25,8,18.64,74.84,388.0,725.27,83.0,326.13,4.72,105.0,880.37,
2015,4,25,9,20.2,67.8,583.0,709.87,146.0,331.42,5.02,105.0,880.14,
2015,4,25,10,21.77,60.77,720.0,658.86,216.0,336.7,5.31,104.0,879.91,
2015,4,25,11,22.38,57.83,785.0,575.47,291.0,341.85,4.86,106.0,878.88,
2015,4,25,12,23.0,54.89,841.0,645.21,267.0,347.0,4.41,108.0,877.85,
2015,4,25,13,23.62,51.95,736.0,460.03,342.0,352.15,3.96,110.0,876.81,
2015,4,25,14,22.95,53.22,752.0,781.7,157.0,354.18,3.78,113.0,876.47,
2015,4,25,15,22.28,54.49,595.0,789.86,113.0,356.22,3.6,116.0,876.13,
2015,4,25,16,21.61,55.76,380.0,719.86,82.0,358.25,3.42,120.0,875.78,
2015,4,25,17,20.07,61.85,133.0,403.82,58.0,352.53,3.2,122.0,876.18,
2015,4,25,18,18.54,67.95,0.0,0.0,0.0,346.82,2.98,124.0,876.58,
2015,4,25,19,17.01,74.04,0.0,0.0,0.0,341.1,2.76,126.0,876.99,
2015,4,25,20,16.3,77.63,0.0,0.0,0.0,333.7,2.59,124.0,877.13,
2015,4,25,21,15.6,81.22,0.0,0.0,0.0,326.3,2.42,121.0,877.27,
2015,4,25,22,14.89,84.81,0.0,0.0,0.0,318.9,2.25,119.0,877.42,
2015,4,25,23,14.52,86.52,0.0,0.0,0.0,316.9,2.12,115.0,877.27,
2015,4,26,0,14.15,88.24,0.0,0.0,0.0,314.9,1.99,112.0,877.13,
2015,4,26,1,13.78,89.95,0.0,0.0,0.0,312.9,1.86,108.0,876.99,
2015,4,26,2,13.31,90.82,0.0,0.0,0.0,311.65,2.04,110.0,877.22,
2015,4,26,3,12.83,91.69,0.0,0.0,0.0,310.4,2.22,112.0,877.44,
2015,4,26,4,12.36,92.56,0.0,0.0,0.0,309.15,2.4,114.0,877.67,
2015,4,26,5,13.95,89.05,0.0,0.0,0.0,310.98,2.54,116.0,878.02,
2015,4,26,6,15.53,85.53,0.0,0.0,0.0,312.82,2.68,118.0,878.36,
2015,4,26,7,17.12,82.02,150.0,525.76,49.0,314.65,2.81,120.0,878.71,
2015,4,26,8,18.96,73.72,391.0,749.04,77.0,322.03,3.28,118.0,878.36,
2015,4,26,9,20.8,65.41,608.0,834.02,96.0,329.42,3.75,116.0,878.02,
2015,4,26,10,22.64,57.11,790.0,918.87,89.0,336.8,4.22,114.0,877.67,
2015,4,26,11,23.22,54.4,896.0,931.01,99.0,346.22,3.94,118.0,876.53,
2015,4,26,12,23.8,51.68,938.0,955.99,90.0,355.63,3.66,122.0,875.38,
2015,4,26,13,24.38,48.97,902.0,962.85,80.0,365.05,3.38,126.0,874.23,
2015,4,26,14,23.78,50.24,813.0,1037.75,26.0,363.92,3.31,129.0,873.89,
2015,4,26,15,23.19,51.52,573.0,704.53,145.0,362.78,3.23,132.0,873.54,
2015,4,26,16,22.6,52.79,373.0,692.8,88.0,361.65,3.16,136.0,873.2,
2015,4,26,17,20.9,59.56,136.0,458.1,52.0,352.7,2.91,133.0,873.72,
2015,4,26,18,19.2,66.34,0.0,0.0,0.0,343.75,2.65,130.0,874.23,
2015,4,26,19,17.51,73.11,0.0,0.0,0.0,334.8,2.4,127.0,874.75,
2015,4,26,20,16.64,77.36,0.0,0.0,0.0,330.05,2.42,120.0,875.15,
2015,4,26,21,15.77,81.62,0.0,0.0,0.0,325.3,2.44,113.0,875.55,
2015,4,26,22,14.9,85.87,0.0,0.0,0.0,320.55,2.46,107.0,875.95,
2015,4,26,23,14.86,86.19,0.0,0.0,0.0,318.68,2.47,97.0,875.87,
2015,4,27,0,14.82,86.51,0.0,0.0,0.0,316.82,2.48,87.0,875.78,
2015,4,27,1,14.78,86.83,0.0,0.0,0.0,314.95,2.5,77.0,875.69,
2015,4,27,2,14.52,87.31,0.0,0.0,0.0,313.62,2.57,83.0,875.78,
2015,4,27,3,14.25,87.79,0.0,0.0,0.0,312.28,2.63,89.0,875.87,
2015,4,27,4,13.98,88.27,0.0,0.0,0.0,310.95,2.7,95.0,875.95,
2015,4,27,5,15.25,86.19,0.0,0.0,0.0,312.12,2.5,100.0,876.44,
2015,4,27,6,16.52,84.1,0.0,0.0,0.0,313.28,2.3,104.0,876.93,
2015,4,27,7,17.79,82.02,147.0,507.52,50.0,314.45,2.1,108.0,877.42,
2015,4,27,8,19.72,72.91,387.0,734.71,80.0,323.57,2.63,108.0,877.22,
2015,4,27,9,21.65,63.8,606.0,833.12,96.0,332.68,3.15,108.0,877.01,
2015,4,27,10,23.59,54.69,775.0,871.43,112.0,341.8,3.68,108.0,876.81,
2015,4,27,11,24.11,51.42,884.0,897.29,118.0,346.83,3.44,111.0,875.69,
2015,4,27,12,24.63,48.15,840.0,656.91,259.0,351.87,3.2,114.0,874.58,
2015,4,27,13,25.16,44.88,794.0,623.98,263.0,356.9,2.97,118.0,873.46,
2015,4,27,14,24.49,46.34,748.0,794.07,148.0,354.3,3.0,122.0,873.08,
2015,4,27,15,23.82,47.79,536.0,567.14,193.0,351.7,3.03,126.0,872.71,
2015,4,27,16,23.15,49.25,308.0,357.12,162.0,349.1,3.06,130.0,872.34,
2015,4,27,17,21.31,56.13,130.0,414.24,55.0,342.28,2.85,127.0,873.0,
2015,4,27,18,19.47,63.02,0.0,0.0,0.0,335.47,2.63,125.0,873.66,
2015,4,27,19,17.64,69.9,0.0,0.0,0.0,328.65,2.41,123.0,874.32,
2015,4,27,20,16.84,73.93,0.0,0.0,0.0,326.1,2.44,117.0,874.83,
2015,4,27,21,16.05,77.95,0.0,0.0,0.0,323.55,2.46,111.0,875.35,
2015,4,27,22,15.25,81.98,0.0,0.0,0.0,321.0,2.48,104.0,875.87,
2015,4,27,23,15.03,83.03,0.0,0.0,0.0,318.78,2.51,102.0,875.69,
2015,4,28,0,14.81,84.09,0.0,0.0,0.0,316.57,2.53,100.0,875.52,
2015,4,28,1,14.58,85.14,0.0,0.0,0.0,314.35,2.55,97.0,875.35,
2015,4,28,2,14.13,85.66,0.0,0.0,0.0,311.9,2.59,101.0,875.29,
2015,4,28,3,13.67,86.18,0.0,0.0,0.0,309.45,2.63,104.0,875.24,
2015,4,28,4,13.21,86.7,0.0,0.0,0.0,307.0,2.66,107.0,875.18,
2015,4,28,5,14.76,83.85,0.0,0.0,0.0,307.55,2.42,109.0,875.67,
2015,4,28,6,16.32,80.99,0.0,0.0,0.0,308.1,2.17,112.0,876.15,
2015,4,28,7,17.87,78.14,148.0,525.96,48.0,308.65,1.93,114.0,876.64,
2015,4,28,8,19.86,69.39,383.0,720.34,83.0,316.43,2.69,114.0,876.5,
2015,4,28,9,21.85,60.64,604.0,832.23,96.0,324.22,3.45,114.0,876.35,
2015,4,28,10,23.85,51.89,742.5,837.59,107.0,332.0,4.21,114.0,876.21,
2015,4,28,11,24.38,48.8,881.0,896.27,118.0,335.38,3.86,116.0,875.21,
2015,4,28,12,24.92,45.7,926.0,936.67,100.0,338.77,3.51,118.0,874.2,
2015,4,28,13,25.46,42.61,890.0,944.28,89.0,342.15,3.16,120.0,873.2,
2015,4,28,14,24.68,43.99,744.5,874.67,86.0,340.82,3.11,124.0,872.88,
2015,4,28,15,23.91,45.36,599.0,856.98,83.0,339.48,3.07,127.0,872.57,
2015,4,28,16,23.14,46.74,367.0,686.66,88.0,338.15,3.02,131.0,872.25,
2015,4,28,17,21.27,52.9,102.0,178.97,70.0,334.3,2.82,128.0,872.85,
2015,4,28,18,19.41,59.06,0.0,0.0,0.0,330.45,2.63,125.0,873.46,
2015,4,28,19,17.55,65.22,0.0,0.0,0.0,326.6,2.43,122.0,874.06,
2015,4,28,20,16.74,68.96,0.0,0.0,0.0,324.12,2.5,116.0,874.46,
2015,4,28,21,15.94,72.7,0.0,0.0,0.0,321.63,2.57,109.0,874.86,
2015,4,28,22,15.14,76.44,0.0,0.0,0.0,319.15,2.63,103.0,875.26,
2015,4,28,23,14.71,78.63,0.0,0.0,0.0,316.75,2.43,89.0,875.09,
2015,4,29,0,14.28,80.83,0.0,0.0,0.0,314.35,2.23,76.0,874.92,
2015,4,29,1,13.84,83.02,0.0,0.0,0.0,311.95,2.03,62.0,874.75,
2015,4,29,2,13.44,83.74,0.0,0.0,0.0,309.68,2.28,58.0,874.66,
2015,4,29,3,13.03,84.47,0.0,0.0,0.0,307.42,2.52,54.0,874.58,
2015,4,29,4,12.63,85.19,0.0,0.0,0.0,305.15,2.77,50.0,874.49,
2015,4,29,5,14.4,82.13,0.0,0.0,0.0,305.07,2.4,51.0,874.95,
2015,4,29,6,16.16,79.08,0.0,0.0,0.0,304.98,2.02,52.0,875.41,
2015,4,29,7,17.93,76.02,144.0,486.5,52.0,304.9,1.64,53.0,875.87,
2015,4,29,8,20.19,64.56,378.0,693.86,90.0,313.93,2.39,62.0,875.72,
2015,4,29,9,22.45,53.09,598.0,816.57,101.0,322.97,3.13,71.0,875.58,
2015,4,29,10,24.71,41.63,777.0,900.06,96.0,332.0,3.88,80.0,875.44,
2015,4,29,11,25.16,39.71,882.0,911.74,108.0,337.92,3.47,84.0,874.32,
2015,4,29,12,25.62,37.78,918.0,918.95,110.0,343.83,3.06,88.0,873.2,
2015,4,29,13,26.08,35.86,886.0,942.56,89.0,349.75,2.65,92.0,872.08,
2015,4,29,14,25.19,38.44,784.0,961.16,63.0,350.12,2.41,102.0,871.82,
2015,4,29,15,24.31,41.01,590.0,825.72,95.0,350.48,2.17,111.0,871.56,
2015,4,29,16,23.43,43.59,363.0,673.52,91.0,350.85,1.93,121.0,871.31,
2015,4,29,17,21.43,49.61,129.0,447.37,50.0,343.47,2.11,122.0,871.85,
2015,4,29,18,19.43,55.64,0.0,0.0,0.0,336.08,2.3,123.0,872.4,
2015,4,29,19,17.44,61.66,0.0,0.0,0.0,328.7,2.48,124.0,872.94,
2015,4,29,20,16.61,65.68,0.0,0.0,0.0,325.63,2.54,116.0,873.49,
2015,4,29,21,15.79,69.71,0.0,0.0,0.0,322.57,2.59,107.0,874.03,
2015,4,29,22,14.97,73.73,0.0,0.0,0.0,319.5,2.65,99.0,874.58,
2015,4,29,23,14.58,75.91,0.0,0.0,0.0,317.37,2.6,84.0,874.46,
2015,4,30,0,14.19,78.08,0.0,0.0,0.0,315.23,2.56,68.0,874.35,
2015,4,30,1,13.8,80.26,0.0,0.0,0.0,313.1,2.51,53.0,874.23,
2015,4,30,2,13.26,81.48,0.0,0.0,0.0,310.32,2.52,49.0,874.2,
2015,4,30,3,12.72,82.69,0.0,0.0,0.0,307.53,2.53,45.0,874.17,
2015,4,30,4,12.18,83.91,0.0,0.0,0.0,304.75,2.54,41.0,874.15,
2015,4,30,5,14.02,79.99,0.0,0.0,0.0,304.93,2.26,42.0,874.55,
2015,4,30,6,15.86,76.08,0.0,0.0,0.0,305.12,1.99,42.0,874.95,
2015,4,30,7,17.7,72.16,145.0,510.47,49.0,305.3,1.71,43.0,875.35,
2015,4,30,8,20.08,61.6,380.0,718.0,83.0,314.33,2.02,48.0,875.18,
2015,4,30,9,22.46,51.04,596.0,815.68,101.0,323.37,2.34,54.0,875.01,
2015,4,30,10,24.85,40.48,774.0,898.61,96.0,332.4,2.65,59.0,874.83,
2015,4,30,11,25.29,38.54,874.0,894.23,117.0,338.07,2.69,69.0,873.86,
2015,4,30,12,25.73,36.6,914.0,918.24,109.0,343.73,2.72,79.0,872.88,
2015,4,30,13,26.18,34.66,874.0,908.78,108.0,349.4,2.76,89.0,871.91,
2015,4,30,14,25.36,37.65,788.0,991.37,47.0,348.1,2.39,96.0,871.62,
2015,4,30,15,24.54,40.63,593.0,852.77,84.0,346.8,2.02,103.0,871.33,
2015,4,30,16,23.73,43.62,369.0,734.87,74.0,345.5,1.66,110.0,871.05,
2015,4,30,17,21.56,49.68,126.0,435.69,50.0,339.8,1.99,114.0,871.48,
2015,4,30,18,15.61,66.18,0.0,0.0,0.0,325.44,2.31,118.0,871.91,
2015,4,30,19,15.7,67.32,0.0,0.0,0.0,324.07,2.39,123.0,872.34,
2015,4,30,20,15.79,68.47,0.0,0.0,0.0,322.7,2.47,119.0,872.97,
2015,4,30,21,15.88,69.62,0.0,0.0,0.0,321.34,2.55,115.0,873.6,
2015,4,30,22,15.97,70.77,0.0,0.0,0.0,319.97,2.63,112.0,874.23,
2015,4,30,23,16.06,71.91,0.0,0.0,0.0,318.6,2.71,102.0,874.17,
2007,5,1,0,16.15,73.06,0.0,0.0,0.0,317.23,2.79,93.0,874.12,
2007,5,1,1,16.24,74.21,0.0,0.0,0.0,315.87,2.87,84.0,874.06,
2007,5,1,2,16.33,75.35,0.0,0.0,0.0,314.5,2.95,97.0,875.9,
2007,5,1,3,16.42,76.5,0.0,0.0,0.0,313.13,3.03,97.0,875.75,
2007,5,1,4,16.51,77.65,0.0,0.0,0.0,311.77,3.11,96.0,875.61,
2007,5,1,5,16.59,78.79,0.0,0.0,0.0,310.4,3.2,97.0,876.33,
2007,5,1,6,16.68,79.94,0.0,0.0,0.0,309.03,3.28,98.0,877.04,
2007,5,1,7,16.77,81.09,140.0,433.17,59.0,307.67,3.36,98.0,877.76,
2007,5,1,8,16.86,82.24,390.0,744.77,83.0,306.3,3.44,100.0,877.59,
2007,5,1,9,16.95,83.38,616.0,869.35,90.0,304.93,3.52,101.0,877.42,
2007,5,1,10,22.86,54.51,787.0,906.46,105.0,318.75,4.72,102.0,877.24,
2007,5,1,11,23.46,51.74,906.0,966.66,90.0,322.07,4.9,105.0,876.27,
2007,5,1,12,24.06,48.97,929.0,924.37,121.0,325.38,5.08,108.0,875.29,
2007,5,1,13,24.66,46.2,892.0,931.9,109.0,328.7,5.26,110.0,874.32,
2007,5,1,14,23.7,47.96,777.0,903.61,104.0,327.92,5.17,112.0,874.29,
2007,5,1,15,22.73,49.71,599.0,848.03,95.0,327.13,5.08,113.0,874.26,
2007,5,1,16,21.77,51.47,374.0,731.71,82.0,326.35,4.99,114.0,874.23,
2007,5,1,17,20.21,56.49,137.0,551.25,42.0,321.38,4.41,114.0,875.06,
2007,5,1,18,18.66,61.51,0.0,0.0,0.0,316.42,3.83,114.0,875.9,
2007,5,1,19,17.1,66.53,0.0,0.0,0.0,311.45,3.24,115.0,876.73,
2007,5,1,20,16.36,68.25,0.0,0.0,0.0,308.0,3.15,113.0,877.13,
2007,5,1,21,15.63,69.96,0.0,0.0,0.0,304.55,3.06,111.0,877.53,
2007,5,1,22,14.89,71.68,0.0,0.0,0.0,301.1,2.97,108.0,877.93,
2007,5,1,23,14.63,72.79,0.0,0.0,0.0,299.05,2.91,108.0,877.73,
2007,5,2,0,14.37,73.9,0.0,0.0,0.0,297.0,2.86,107.0,877.53,
2007,5,2,1,14.1,75.01,0.0,0.0,0.0,294.95,2.8,106.0,877.33,
2007,5,2,2,13.67,75.8,0.0,0.0,0.0,293.28,2.8,108.0,877.39,
2007,5,2,3,13.25,76.6,0.0,0.0,0.0,291.62,2.8,109.0,877.44,
2007,5,2,4,12.82,77.39,0.0,0.0,0.0,289.95,2.8,110.0,877.5,
2007,5,2,5,13.78,75.66,0.0,0.0,0.0,289.8,3.34,109.0,878.19,
2007,5,2,6,14.74,73.92,0.0,0.0,0.0,289.65,3.89,107.0,878.88,
2007,5,2,7,15.69,72.19,151.0,570.19,45.0,289.5,4.43,106.0,879.57,
2007,5,2,8,17.41,66.58,396.0,796.11,69.0,295.05,4.79,105.0,879.42,
2007,5,2,9,19.13,60.96,617.0,883.57,84.0,300.6,5.15,104.0,879.28,
2007,5,2,10,20.85,55.35,788.0,921.04,97.0,306.15,5.52,103.0,879.14,
2007,5,2,11,21.58,52.56,903.0,965.83,90.0,310.55,5.38,105.0,878.08,
2007,5,2,12,22.32,49.76,935.0,956.92,101.0,314.95,5.24,107.0,877.01,
2007,5,2,13,23.06,46.97,889.0,931.26,109.0,319.35,5.1,109.0,875.95,
2007,5,2,14,22.33,47.74,774.0,901.42,105.0,320.13,5.02,110.0,875.64,
2007,5,2,15,21.61,48.52,596.0,846.57,95.0,320.92,4.93,111.0,875.32,
2007,5,2,16,20.88,49.29,375.0,756.15,75.0,321.7,4.84,111.0,875.01,
2007,5,2,17,19.32,55.34,136.0,569.61,39.0,317.05,4.24,113.0,875.69,
2007,5,2,18,17.76,61.4,0.0,0.0,0.0,312.4,3.65,116.0,876.38,
2007,5,2,19,16.2,67.45,0.0,0.0,0.0,307.75,3.05,118.0,877.07,
2007,5,2,20,15.48,71.23,0.0,0.0,0.0,305.93,2.95,116.0,877.44,
2007,5,2,21,14.77,75.01,0.0,0.0,0.0,304.12,2.85,115.0,877.82,
2007,5,2,22,14.05,78.79,0.0,0.0,0.0,302.3,2.74,114.0,878.19,
2007,5,2,23,13.85,81.11,0.0,0.0,0.0,302.12,2.71,110.0,878.08,
2007,5,3,0,13.65,83.43,0.0,0.0,0.0,301.93,2.67,106.0,877.96,
2007,5,3,1,13.44,85.75,0.0,0.0,0.0,301.75,2.63,102.0,877.85,
2007,5,3,2,13.08,87.06,0.0,0.0,0.0,300.85,2.67,102.0,877.73,
2007,5,3,3,12.73,88.38,0.0,0.0,0.0,299.95,2.7,103.0,877.62,
2007,5,3,4,12.37,89.69,0.0,0.0,0.0,299.05,2.73,103.0,877.5,
2007,5,3,5,13.49,85.61,0.0,0.0,0.0,299.05,3.23,103.0,878.02,
2007,5,3,6,14.61,81.52,0.0,0.0,0.0,299.05,3.73,103.0,878.53,
2007,5,3,7,15.72,77.44,151.0,584.44,43.0,299.05,4.23,103.0,879.05,
2007,5,3,8,17.42,69.24,392.0,781.89,72.0,304.45,4.78,103.0,878.74,
2007,5,3,9,19.11,61.03,617.0,897.91,77.0,309.85,5.33,104.0,878.42,
2007,5,3,10,20.81,52.83,785.0,919.66,97.0,315.25,5.88,105.0,878.1,
2007,5,3,11,21.5,50.73,900.0,963.81,91.0,319.15,5.68,106.0,877.04,
2007,5,3,12,22.2,48.63,931.0,955.12,101.0,323.05,5.48,108.0,875.98,
2007,5,3,13,22.9,46.53,889.0,946.15,99.0,326.95,5.28,110.0,874.92,
2007,5,3,14,22.22,48.22,770.0,900.53,104.0,328.05,5.09,110.0,874.58,
2007,5,3,15,21.53,49.91,593.0,845.03,95.0,329.15,4.91,111.0,874.23,
2007,5,3,16,20.85,51.6,374.0,768.1,71.0,330.25,4.72,111.0,873.89,
2007,5,3,17,19.46,57.24,133.0,552.57,40.0,326.98,4.06,113.0,874.49,
2007,5,3,18,18.06,62.89,0.0,0.0,0.0,323.72,3.39,116.0,875.09,
2007,5,3,19,16.67,68.53,0.0,0.0,0.0,320.45,2.73,118.0,875.69,
2007,5,3,20,16.0,71.77,0.0,0.0,0.0,318.08,2.76,117.0,875.92,
2007,5,3,21,15.33,75.02,0.0,0.0,0.0,315.72,2.8,117.0,876.15,
2007,5,3,22,14.65,78.26,0.0,0.0,0.0,313.35,2.83,116.0,876.38,
2007,5,3,23,14.42,80.53,0.0,0.0,0.0,311.85,2.77,111.0,876.24,
2007,5,4,0,14.18,82.79,0.0,0.0,0.0,310.35,2.72,106.0,876.1,
2007,5,4,1,13.94,85.06,0.0,0.0,0.0,308.85,2.66,102.0,875.95,
2007,5,4,2,13.54,86.44,0.0,0.0,0.0,307.12,2.65,100.0,875.95,
2007,5,4,3,13.13,87.81,0.0,0.0,0.0,305.38,2.63,98.0,875.95,
2007,5,4,4,12.73,89.19,0.0,0.0,0.0,303.65,2.62,97.0,875.95,
2007,5,4,5,14.05,85.45,0.0,0.0,0.0,304.65,3.02,95.0,876.44,
2007,5,4,6,15.38,81.72,0.0,0.0,0.0,305.65,3.41,94.0,876.93,
2007,5,4,7,16.7,77.98,150.0,582.6,43.0,306.65,3.81,93.0,877.42,
2007,5,4,8,18.49,69.31,390.0,779.86,72.0,313.1,4.5,97.0,877.39,
2007,5,4,9,20.27,60.63,612.0,880.65,84.0,319.55,5.2,100.0,877.36,
2007,5,4,10,22.05,51.96,782.0,919.62,96.0,326.0,5.89,104.0,877.33,
2007,5,4,11,22.56,49.79,883.0,913.98,118.0,335.95,5.78,108.0,876.35,
2007,5,4,12,23.08,47.62,875.0,781.33,198.0,345.9,5.68,112.0,875.38,
2007,5,4,13,23.59,45.45,827.0,744.87,207.0,355.85,5.57,116.0,874.4,
2007,5,4,14,22.87,47.26,751.0,837.17,134.0,358.65,5.24,119.0,874.12,
2007,5,4,15,22.14,49.07,584.0,814.45,106.0,361.45,4.91,122.0,873.83,
2007,5,4,16,21.42,50.88,367.0,739.29,77.0,364.25,4.58,125.0,873.54,
2007,5,4,17,19.98,56.85,129.0,522.92,42.0,355.62,4.03,124.0,874.15,
2007,5,4,18,18.53,62.82,0.0,0.0,0.0,346.98,3.49,124.0,874.75,
2007,5,4,19,17.09,68.79,0.0,0.0,0.0,338.35,2.94,124.0,875.35,
2007,5,4,20,16.21,73.05,0.0,0.0,0.0,331.33,2.94,118.0,875.75,
2007,5,4,21,15.34,77.3,0.0,0.0,0.0,324.32,2.94,112.0,876.15,
2007,5,4,22,14.46,81.56,0.0,0.0,0.0,317.3,2.94,106.0,876.56,
2007,5,4,23,14.19,83.27,0.0,0.0,0.0,316.5,2.91,100.0,876.5,
2007,5,5,0,13.91,84.99,0.0,0.0,0.0,315.7,2.89,94.0,876.44,
2007,5,5,1,13.63,86.7,0.0,0.0,0.0,314.9,2.87,88.0,876.38,
2007,5,5,2,13.45,86.08,0.0,0.0,0.0,313.88,2.82,92.0,876.47,
2007,5,5,3,13.28,85.47,0.0,0.0,0.0,312.87,2.77,97.0,876.56,
2007,5,5,4,13.1,84.85,0.0,0.0,0.0,311.85,2.72,101.0,876.64,
2007,5,5,5,14.31,80.53,0.0,0.0,0.0,312.7,3.36,102.0,877.07,
2007,5,5,6,15.52,76.21,0.0,0.0,0.0,313.55,4.0,102.0,877.5,
2007,5,5,7,16.72,71.89,146.0,553.4,45.0,314.4,4.63,102.0,877.93,
2007,5,5,8,18.28,64.82,388.0,777.85,72.0,316.83,5.38,104.0,877.82,
2007,5,5,9,19.83,57.74,609.0,880.04,83.0,319.27,6.12,106.0,877.7,
2007,5,5,10,21.39,50.67,775.0,902.11,104.0,321.7,6.87,109.0,877.59,
2007,5,5,11,21.88,48.56,888.0,945.34,99.0,325.82,6.76,111.0,876.64,
2007,5,5,12,22.38,46.45,919.0,936.39,110.0,329.93,6.66,114.0,875.69,
2007,5,5,13,22.87,44.34,878.0,926.73,109.0,334.05,6.55,116.0,874.75,
2007,5,5,14,22.16,45.47,756.0,867.27,119.0,333.63,6.06,117.0,874.72,
2007,5,5,15,21.44,46.61,587.0,841.72,95.0,333.22,5.58,117.0,874.69,
2007,5,5,16,20.73,47.74,363.0,725.45,80.0,332.8,5.09,117.0,874.66,
2007,5,5,17,19.4,52.98,126.0,510.64,42.0,328.3,4.41,118.0,875.18,
2007,5,5,18,18.07,58.22,0.0,0.0,0.0,323.8,3.73,118.0,875.69,
2007,5,5,19,16.74,63.46,0.0,0.0,0.0,319.3,3.05,118.0,876.21,
2007,5,5,20,16.14,66.07,0.0,0.0,0.0,317.2,3.04,114.0,876.44,
2007,5,5,21,15.55,68.69,0.0,0.0,0.0,315.1,3.04,110.0,876.67,
2007,5,5,22,14.95,71.3,0.0,0.0,0.0,313.0,3.03,107.0,876.9,
2007,5,5,23,14.91,72.58,0.0,0.0,0.0,312.88,3.26,103.0,876.87,
2007,5,6,0,14.86,73.85,0.0,0.0,0.0,312.77,3.49,100.0,876.84,
2007,5,6,1,14.81,75.13,0.0,0.0,0.0,312.65,3.72,97.0,876.81,
2007,5,6,2,14.38,77.59,0.0,0.0,0.0,312.75,3.71,100.0,876.99,
2007,5,6,3,13.95,80.05,0.0,0.0,0.0,312.85,3.7,102.0,877.16,
2007,5,6,4,13.52,82.51,0.0,0.0,0.0,312.95,3.68,104.0,877.33,
2007,5,6,5,14.36,81.39,0.0,0.0,0.0,314.32,4.45,104.0,877.88,
2007,5,6,6,15.21,80.26,0.0,0.0,0.0,315.68,5.21,104.0,878.42,
2007,5,6,7,16.05,79.14,121.0,292.28,68.0,317.05,5.97,105.0,878.97,
2007,5,6,8,17.38,72.32,287.0,264.38,180.0,322.4,6.24,104.0,878.85,
2007,5,6,9,18.7,65.51,448.0,292.03,274.0,327.75,6.51,104.0,878.74,
2007,5,6,10,20.03,58.69,592.0,345.17,336.0,333.1,6.79,104.0,878.62,
2007,5,6,11,20.48,56.44,615.0,245.12,411.0,339.55,6.41,104.0,877.76,
2007,5,6,12,20.94,54.18,683.0,321.55,406.0,346.0,6.03,103.0,876.9,
2007,5,6,13,21.39,51.93,716.0,454.51,340.0,352.45,5.66,103.0,876.04,
2007,5,6,14,20.82,53.26,571.0,316.94,339.0,355.88,5.26,106.0,875.75,
2007,5,6,15,20.24,54.58,532.0,611.49,176.0,359.32,4.86,109.0,875.47,
2007,5,6,16,19.67,55.91,329.0,523.2,126.0,362.75,4.46,113.0,875.18,
2007,5,6,17,18.65,60.23,110.0,325.78,57.0,356.1,3.89,115.0,875.67,
2007,5,6,18,17.64,64.54,0.0,0.0,0.0,349.45,3.33,118.0,876.15,
2007,5,6,19,16.62,68.86,0.0,0.0,0.0,342.8,2.77,120.0,876.64,
2007,5,6,20,15.96,71.49,0.0,0.0,0.0,335.35,2.76,117.0,876.96,
2007,5,6,21,15.31,74.12,0.0,0.0,0.0,327.9,2.75,114.0,877.27,
2007,5,6,22,14.65,76.75,0.0,0.0,0.0,320.45,2.74,111.0,877.59,
2007,5,6,23,14.46,78.42,0.0,0.0,0.0,318.45,2.66,106.0,877.47,
2007,5,7,0,14.27,80.1,0.0,0.0,0.0,316.45,2.58,101.0,877.36,
2007,5,7,1,14.08,81.77,0.0,0.0,0.0,314.45,2.5,96.0,877.24,
2007,5,7,2,13.6,83.75,0.0,0.0,0.0,312.77,2.49,98.0,877.24,
2007,5,7,3,13.13,85.73,0.0,0.0,0.0,311.08,2.48,100.0,877.24,
2007,5,7,4,12.65,87.71,0.0,0.0,0.0,309.4,2.47,102.0,877.24,
2007,5,7,5,13.84,84.65,0.0,0.0,0.0,311.48,2.94,102.0,877.73,
2007,5,7,6,15.04,81.58,0.0,0.0,0.0,313.57,3.41,103.0,878.22,
2007,5,7,7,16.23,78.52,75.0,38.86,68.0,315.65,3.88,104.0,878.71,
2007,5,7,8,17.86,70.85,121.0,0.0,121.0,322.1,4.42,101.0,878.51,
2007,5,7,9,19.49,63.17,539.0,590.95,188.0,328.55,4.97,99.0,878.31,
2007,5,7,10,21.12,55.5,602.0,371.87,327.0,335.0,5.52,97.0,878.1,
2007,5,7,11,21.64,52.79,695.0,402.46,361.0,341.93,5.24,96.0,877.04,
2007,5,7,12,22.17,50.07,733.0,427.25,366.0,348.87,4.96,95.0,875.98,
2007,5,7,13,22.7,47.36,781.0,631.7,260.0,355.8,4.68,94.0,874.92,
2007,5,7,14,22.02,48.84,651.0,527.71,266.0,358.12,4.18,100.0,874.81,
2007,5,7,15,21.35,50.33,251.0,18.97,240.0,360.43,3.69,106.0,874.69,
2007,5,7,16,20.67,51.81,190.0,54.41,169.0,362.75,3.2,111.0,874.58,
2007,5,7,17,19.71,56.09,71.0,62.14,61.0,359.23,3.01,115.0,875.06,
2007,5,7,18,18.75,60.38,0.0,0.0,0.0,355.72,2.82,118.0,875.55,
2007,5,7,19,17.79,64.66,0.0,0.0,0.0,352.2,2.63,121.0,876.04,
2007,5,7,20,16.95,68.82,0.0,0.0,0.0,343.07,2.67,120.0,876.35,
2007,5,7,21,16.11,72.99,0.0,0.0,0.0,333.93,2.7,119.0,876.67,
2007,5,7,22,15.26,77.15,0.0,0.0,0.0,324.8,2.73,118.0,876.99,
2007,5,7,23,14.98,79.67,0.0,0.0,0.0,321.52,2.8,116.0,876.84,
2007,5,8,0,14.69,82.19,0.0,0.0,0.0,318.23,2.87,113.0,876.7,
2007,5,8,1,14.4,84.71,0.0,0.0,0.0,314.95,2.94,111.0,876.56,
2007,5,8,2,14.02,85.88,0.0,0.0,0.0,313.9,2.93,113.0,876.67,
2007,5,8,3,13.63,87.05,0.0,0.0,0.0,312.85,2.93,115.0,876.78,
2007,5,8,4,13.25,88.22,0.0,0.0,0.0,311.8,2.92,117.0,876.9,
2007,5,8,5,14.6,84.34,0.0,0.0,0.0,314.87,2.94,114.0,877.22,
2007,5,8,6,15.95,80.47,0.0,0.0,0.0,317.93,2.96,111.0,877.53,
2007,5,8,7,17.3,76.59,142.0,536.51,46.0,321.0,2.98,108.0,877.85,
2007,5,8,8,19.14,69.1,260.0,186.75,185.0,328.3,3.46,103.0,877.56,
2007,5,8,9,20.97,61.6,608.0,906.98,71.0,335.6,3.94,99.0,877.27,
2007,5,8,10,22.8,54.11,770.0,914.07,96.0,342.9,4.43,94.0,876.99,
2007,5,8,11,23.06,52.91,883.0,958.24,90.0,355.57,4.07,96.0,876.07,
2007,5,8,12,23.32,51.71,913.0,949.19,100.0,368.23,3.71,98.0,875.15,
2007,5,8,13,23.58,50.51,787.0,657.93,246.0,380.9,3.35,101.0,874.23,
2007,5,8,14,22.88,52.54,431.0,97.64,360.0,379.08,3.39,107.0,874.26,
2007,5,8,15,22.19,54.56,524.0,597.24,179.0,377.27,3.43,113.0,874.29,
2007,5,8,16,21.49,56.59,355.0,718.84,79.0,375.45,3.46,118.0,874.32,
2007,5,8,17,20.37,61.89,124.0,546.35,37.0,368.33,3.14,119.0,874.72,
2007,5,8,18,19.26,67.19,0.0,0.0,0.0,361.22,2.83,120.0,875.12,
2007,5,8,19,18.14,72.49,0.0,0.0,0.0,354.1,2.51,121.0,875.52,
2007,5,8,20,17.32,77.15,0.0,0.0,0.0,345.52,2.58,118.0,875.87,
2007,5,8,21,16.5,81.8,0.0,0.0,0.0,336.93,2.66,115.0,876.21,
2007,5,8,22,15.68,86.46,0.0,0.0,0.0,328.35,2.73,113.0,876.56,
2007,5,8,23,15.58,88.12,0.0,0.0,0.0,327.33,2.7,109.0,876.41,
2007,5,9,0,15.47,89.79,0.0,0.0,0.0,326.32,2.67,106.0,876.27,
2007,5,9,1,15.36,91.45,0.0,0.0,0.0,325.3,2.63,102.0,876.13,
2007,5,9,2,15.18,92.42,0.0,0.0,0.0,325.7,2.63,101.0,876.21,
2007,5,9,3,15.01,93.38,0.0,0.0,0.0,326.1,2.63,100.0,876.3,
2007,5,9,4,14.83,94.35,0.0,0.0,0.0,326.5,2.62,99.0,876.38,
2007,5,9,5,15.9,91.22,0.0,0.0,0.0,327.68,2.87,99.0,876.78,
2007,5,9,6,16.97,88.1,0.0,0.0,0.0,328.87,3.13,99.0,877.19,
2007,5,9,7,18.04,84.97,138.0,500.83,49.0,330.05,3.38,100.0,877.59,
2007,5,9,8,19.74,75.97,378.0,759.93,74.0,339.35,3.89,99.0,877.39,
2007,5,9,9,21.43,66.96,596.0,859.04,89.0,348.65,4.41,99.0,877.19,
2007,5,9,10,23.13,57.96,756.0,866.41,119.0,357.95,4.92,98.0,876.99,
2007,5,9,11,23.48,55.78,840.0,814.32,168.0,365.27,4.86,101.0,876.1,
2007,5,9,12,23.84,53.6,817.0,650.98,261.0,372.58,4.79,103.0,875.21,
2007,5,9,13,24.19,51.42,392.0,29.27,368.0,379.9,4.72,106.0,874.32,
2007,5,9,14,23.51,53.27,413.0,81.4,354.0,377.48,4.57,108.0,874.38,
2007,5,9,15,22.84,55.11,542.0,682.91,149.0,375.07,4.41,110.0,874.43,
2007,5,9,16,22.16,56.96,353.0,717.25,79.0,372.65,4.26,112.0,874.49,
2007,5,9,17,21.02,61.95,123.0,552.01,36.0,366.67,3.82,113.0,875.01,
2007,5,9,18,19.87,66.93,0.0,0.0,0.0,360.68,3.38,115.0,875.52,
2007,5,9,19,18.73,71.92,0.0,0.0,0.0,354.7,2.94,116.0,876.04,
2007,5,9,20,17.98,75.34,0.0,0.0,0.0,347.63,2.91,114.0,876.33,
2007,5,9,21,17.24,78.76,0.0,0.0,0.0,340.57,2.88,112.0,876.61,
2007,5,9,22,16.49,82.18,0.0,0.0,0.0,333.5,2.86,110.0,876.9,
2007,5,9,23,16.3,83.9,0.0,0.0,0.0,331.08,2.82,109.0,876.9,
2007,5,10,0,16.11,85.62,0.0,0.0,0.0,328.67,2.79,107.0,876.9,
2007,5,10,1,15.92,87.34,0.0,0.0,0.0,326.25,2.76,106.0,876.9,
2007,5,10,2,15.66,88.31,0.0,0.0,0.0,325.35,2.74,106.0,876.96,
2007,5,10,3,15.4,89.28,0.0,0.0,0.0,324.45,2.71,105.0,877.01,
2007,5,10,4,15.14,90.25,0.0,0.0,0.0,323.55,2.69,105.0,877.07,
2007,5,10,5,16.22,87.23,0.0,0.0,0.0,323.87,2.96,105.0,877.65,
2007,5,10,6,17.3,84.21,0.0,0.0,0.0,324.18,3.23,104.0,878.22,
2007,5,10,7,18.38,81.19,140.0,544.02,44.0,324.5,3.5,104.0,878.79,
2007,5,10,8,20.13,73.21,378.0,770.49,71.0,331.23,4.15,102.0,878.59,
2007,5,10,9,21.87,65.22,597.0,873.7,83.0,337.97,4.8,100.0,878.39,
2007,5,10,10,23.62,57.24,765.0,912.59,96.0,344.7,5.45,98.0,878.19,
2007,5,10,11,24.2,54.36,854.0,874.94,134.0,352.03,5.43,101.0,877.27,
2007,5,10,12,24.79,51.49,902.0,931.09,109.0,359.37,5.41,104.0,876.35,
2007,5,10,13,25.38,48.61,865.0,937.07,99.0,366.7,5.39,107.0,875.44,
2007,5,10,14,24.68,50.51,743.0,876.12,110.0,366.75,5.13,108.0,875.21,
2007,5,10,15,23.99,52.4,566.0,805.8,104.0,366.8,4.86,109.0,874.98,
2007,5,10,16,23.29,54.3,344.0,665.56,91.0,366.85,4.59,110.0,874.75,
2007,5,10,17,21.87,60.74,107.0,358.9,51.0,360.77,4.05,112.0,875.35,
2007,5,10,18,20.45,67.17,0.0,0.0,0.0,354.68,3.5,114.0,875.95,
2007,5,10,19,19.03,73.61,0.0,0.0,0.0,348.6,2.95,116.0,876.56,
2007,5,10,20,18.37,77.1,0.0,0.0,0.0,343.97,2.92,115.0,876.78,
2007,5,10,21,17.72,80.6,0.0,0.0,0.0,339.33,2.9,114.0,877.01,
2007,5,10,22,17.06,84.09,0.0,0.0,0.0,334.7,2.87,113.0,877.24,
2007,5,10,23,16.95,85.74,0.0,0.0,0.0,333.9,2.83,111.0,877.13,
2007,5,11,0,16.83,87.4,0.0,0.0,0.0,333.1,2.79,109.0,877.01,
2007,5,11,1,16.71,89.05,0.0,0.0,0.0,332.3,2.74,106.0,876.9,
2007,5,11,2,16.48,90.24,0.0,0.0,0.0,332.18,2.86,108.0,877.07,
2007,5,11,3,16.25,91.42,0.0,0.0,0.0,332.07,2.98,109.0,877.24,
2007,5,11,4,16.02,92.61,0.0,0.0,0.0,331.95,3.1,111.0,877.42,
2007,5,11,5,16.97,89.02,0.0,0.0,0.0,333.2,3.94,110.0,878.02,
2007,5,11,6,17.92,85.42,0.0,0.0,0.0,334.45,4.77,108.0,878.62,
2007,5,11,7,18.86,81.83,140.0,559.35,42.0,335.7,5.6,107.0,879.22,
2007,5,11,8,20.38,73.63,376.0,771.06,70.0,343.68,6.34,107.0,879.17,
2007,5,11,9,21.89,65.42,579.0,798.08,111.0,351.67,7.09,106.0,879.11,
2007,5,11,10,23.41,57.22,679.0,611.54,232.0,359.65,7.83,106.0,879.05,
2007,5,11,11,23.81,54.87,811.0,739.69,204.0,362.67,7.72,106.0,878.25,
2007,5,11,12,24.21,52.53,599.0,202.52,427.0,365.68,7.6,107.0,877.44,
2007,5,11,13,24.61,50.18,467.0,79.75,402.0,368.7,7.49,107.0,876.64,
2007,5,11,14,23.66,52.44,500.0,201.32,355.0,367.73,7.08,108.0,876.58,
2007,5,11,15,22.71,54.7,569.0,833.24,93.0,366.77,6.67,109.0,876.53,
2007,5,11,16,21.76,56.96,150.0,15.86,144.0,365.8,6.26,110.0,876.47,
2007,5,11,17,20.57,61.89,108.0,388.29,48.0,357.12,5.64,111.0,877.1,
2007,5,11,18,19.37,66.82,0.0,0.0,0.0,348.43,5.01,113.0,877.73,
2007,5,11,19,18.18,71.75,0.0,0.0,0.0,339.75,4.39,115.0,878.36,
2007,5,11,20,17.55,73.73,0.0,0.0,0.0,335.27,4.5,113.0,878.56,
2007,5,11,21,16.93,75.72,0.0,0.0,0.0,330.78,4.62,111.0,878.76,
2007,5,11,22,16.3,77.7,0.0,0.0,0.0,326.3,4.73,109.0,878.97,
2007,5,11,23,16.02,79.17,0.0,0.0,0.0,323.48,4.66,107.0,878.76,
2007,5,12,0,15.73,80.65,0.0,0.0,0.0,320.67,4.59,106.0,878.56,
2007,5,12,1,15.44,82.12,0.0,0.0,0.0,317.85,4.52,104.0,878.36,
2007,5,12,2,15.04,84.24,0.0,0.0,0.0,316.27,4.42,104.0,878.16,
2007,5,12,3,14.63,86.37,0.0,0.0,0.0,314.68,4.32,104.0,877.96,
2007,5,12,4,14.23,88.49,0.0,0.0,0.0,313.1,4.22,104.0,877.76,
2007,5,12,5,14.82,86.05,0.0,0.0,0.0,316.12,5.02,104.0,878.45,
2007,5,12,6,15.42,83.61,0.0,0.0,0.0,319.13,5.81,103.0,879.14,
2007,5,12,7,16.01,81.17,137.0,540.45,43.0,322.15,6.61,102.0,879.83,
2007,5,12,8,17.51,73.23,374.0,769.13,70.0,329.25,6.51,103.0,879.65,
2007,5,12,9,19.0,65.28,513.0,528.64,204.0,336.35,6.4,103.0,879.48,
2007,5,12,10,20.49,57.34,755.0,894.6,103.0,343.45,6.3,104.0,879.31,
2007,5,12,11,21.24,54.88,866.0,937.27,99.0,340.37,6.06,105.0,878.39,
2007,5,12,12,22.0,52.41,891.0,912.67,118.0,337.28,5.81,107.0,877.47,
2007,5,12,13,22.75,49.95,854.0,919.1,107.0,334.2,5.56,109.0,876.56,
2007,5,12,14,22.11,51.46,745.0,905.26,95.0,333.2,5.39,110.0,876.15,
2007,5,12,15,21.46,52.98,567.0,832.68,93.0,332.2,5.23,112.0,875.75,
2007,5,12,16,20.82,54.49,348.0,725.0,75.0,331.2,5.06,114.0,875.35,
2007,5,12,17,19.43,60.03,116.0,503.03,39.0,326.43,4.35,115.0,876.04,
2007,5,12,18,18.05,65.58,0.0,0.0,0.0,321.67,3.65,116.0,876.73,
2007,5,12,19,16.66,71.12,0.0,0.0,0.0,316.9,2.94,118.0,877.42,
2007,5,12,20,16.03,73.98,0.0,0.0,0.0,315.03,2.82,116.0,877.79,
2007,5,12,21,15.41,76.84,0.0,0.0,0.0,313.17,2.71,115.0,878.16,
2007,5,12,22,14.78,79.7,0.0,0.0,0.0,311.3,2.59,113.0,878.53,
2007,5,12,23,14.62,81.46,0.0,0.0,0.0,310.52,2.58,110.0,878.48,
2007,5,13,0,14.46,83.21,0.0,0.0,0.0,309.73,2.57,107.0,878.42,
2007,5,13,1,14.3,84.97,0.0,0.0,0.0,308.95,2.55,104.0,878.36,
2007,5,13,2,13.69,86.46,0.0,0.0,0.0,307.6,2.62,103.0,878.45,
2007,5,13,3,13.08,87.95,0.0,0.0,0.0,306.25,2.68,103.0,878.53,
2007,5,13,4,12.47,89.44,0.0,0.0,0.0,304.9,2.74,102.0,878.62,
2007,5,13,5,13.72,85.63,0.0,0.0,0.0,305.25,2.68,101.0,879.08,
2007,5,13,6,14.97,81.82,0.0,0.0,0.0,305.6,2.61,99.0,879.54,
2007,5,13,7,16.22,78.01,135.0,527.1,44.0,305.95,2.54,98.0,880.0,
2007,5,13,8,18.21,70.87,371.0,754.5,74.0,312.55,3.04,94.0,879.6,
2007,5,13,9,20.19,63.72,583.0,839.31,94.0,319.15,3.54,91.0,879.19,
2007,5,13,10,22.17,56.58,752.0,893.07,103.0,325.75,4.04,87.0,878.79,
2007,5,13,11,22.99,54.38,863.0,936.18,99.0,331.12,3.92,92.0,877.73,
2007,5,13,12,23.81,52.17,888.0,911.62,118.0,336.48,3.8,97.0,876.67,
2007,5,13,13,24.63,49.97,833.0,855.07,140.0,341.85,3.68,102.0,875.61,
2007,5,13,14,24.05,50.71,662.0,607.66,227.0,343.3,3.43,108.0,875.29,
2007,5,13,15,23.48,51.45,512.0,592.3,176.0,344.75,3.19,115.0,874.98,
2007,5,13,16,22.9,52.19,273.0,306.79,158.0,346.2,2.94,121.0,874.66,
2007,5,13,17,21.26,58.66,105.0,375.77,48.0,340.88,2.86,122.0,875.21,
2007,5,13,18,19.62,65.12,0.0,0.0,0.0,335.57,2.79,123.0,875.75,
2007,5,13,19,17.98,71.59,0.0,0.0,0.0,330.25,2.72,124.0,876.3,
2007,5,13,20,17.19,75.51,0.0,0.0,0.0,327.42,2.8,120.0,876.58,
2007,5,13,21,16.41,79.44,0.0,0.0,0.0,324.58,2.89,117.0,876.87,
2007,5,13,22,15.62,83.36,0.0,0.0,0.0,321.75,2.98,114.0,877.16,
2007,5,13,23,15.27,85.66,0.0,0.0,0.0,319.65,2.95,108.0,877.19,
2007,5,14,0,14.92,87.95,0.0,0.0,0.0,317.55,2.91,103.0,877.22,
2007,5,14,1,14.57,90.25,0.0,0.0,0.0,315.45,2.88,97.0,877.24,
2007,5,14,2,14.3,90.81,0.0,0.0,0.0,314.72,2.94,95.0,877.16,
2007,5,14,3,14.04,91.37,0.0,0.0,0.0,313.98,3.0,92.0,877.07,
2007,5,14,4,13.77,91.93,0.0,0.0,0.0,313.25,3.06,90.0,876.99,
2007,5,14,5,15.1,88.2,0.0,0.0,0.0,313.65,2.9,90.0,877.42,
2007,5,14,6,16.43,84.47,0.0,0.0,0.0,314.05,2.74,91.0,877.85,
2007,5,14,7,17.75,80.74,140.0,612.81,35.0,314.45,2.58,92.0,878.28,
2007,5,14,8,19.75,71.68,374.0,793.32,63.0,322.07,2.94,89.0,877.88,
2007,5,14,9,21.74,62.63,584.0,852.38,89.0,329.68,3.31,86.0,877.47,
2007,5,14,10,23.74,53.57,753.0,908.08,95.0,337.3,3.67,84.0,877.07,
2007,5,14,11,24.49,50.08,859.0,935.07,98.0,341.38,3.4,89.0,876.04,
2007,5,14,12,25.25,46.58,635.0,268.29,409.0,345.47,3.14,95.0,875.01,
2007,5,14,13,26.01,43.09,632.0,315.51,377.0,349.55,2.87,100.0,873.97,
2007,5,14,14,25.22,43.72,583.0,385.29,308.0,347.18,2.57,108.0,873.74,
2007,5,14,15,24.42,44.35,486.0,498.79,204.0,344.82,2.28,116.0,873.51,
2007,5,14,16,23.63,44.98,244.0,203.64,168.0,342.45,1.99,125.0,873.29,
2007,5,14,17,21.85,51.55,89.0,212.82,57.0,337.2,2.23,125.0,873.77,
2007,5,14,18,20.06,58.13,0.0,0.0,0.0,331.95,2.48,126.0,874.26,
2007,5,14,19,18.28,64.7,0.0,0.0,0.0,326.7,2.73,126.0,874.75,
2007,5,14,20,17.4,69.07,0.0,0.0,0.0,323.62,2.76,124.0,874.95,
2007,5,14,21,16.53,73.44,0.0,0.0,0.0,320.53,2.8,122.0,875.15,
2007,5,14,22,15.65,77.81,0.0,0.0,0.0,317.45,2.83,119.0,875.35,
2007,5,14,23,15.28,80.48,0.0,0.0,0.0,314.5,2.46,116.0,875.26,
2007,5,15,0,14.91,83.14,0.0,0.0,0.0,311.55,2.09,113.0,875.18,
2007,5,15,1,14.53,85.81,0.0,0.0,0.0,308.6,1.72,110.0,875.09,
2007,5,15,2,14.09,86.11,0.0,0.0,0.0,306.82,1.6,101.0,875.18,
2007,5,15,3,13.66,86.42,0.0,0.0,0.0,305.03,1.48,92.0,875.26,
2007,5,15,4,13.22,86.72,0.0,0.0,0.0,303.25,1.35,83.0,875.35,
2007,5,15,5,14.76,82.99,0.0,0.0,0.0,303.9,1.38,84.0,875.92,
2007,5,15,6,16.3,79.26,0.0,0.0,0.0,304.55,1.42,84.0,876.5,
2007,5,15,7,17.84,75.53,125.0,429.33,52.0,305.2,1.45,85.0,877.07,
2007,5,15,8,19.85,67.87,361.0,712.09,83.0,315.67,1.6,79.0,876.9,
2007,5,15,9,21.85,60.2,581.0,851.7,88.0,326.13,1.75,73.0,876.73,
2007,5,15,10,23.85,52.54,750.0,906.55,95.0,336.6,1.9,68.0,876.56,
2007,5,15,11,24.42,49.21,835.0,855.07,141.0,344.55,1.6,77.0,875.49,
2007,5,15,12,24.99,45.87,799.0,646.34,256.0,352.5,1.31,87.0,874.43,
2007,5,15,13,25.56,42.54,766.0,652.58,240.0,360.45,1.01,97.0,873.37,
2007,5,15,14,24.98,42.79,683.0,696.94,187.0,354.15,1.3,109.0,873.08,
2007,5,15,15,24.41,43.04,522.0,651.26,155.0,347.85,1.59,121.0,872.8,
2007,5,15,16,23.83,43.29,302.0,462.82,130.0,341.55,1.88,133.0,872.51,
2007,5,15,17,21.98,49.94,108.0,442.65,42.0,335.05,2.2,131.0,873.14,
2007,5,15,18,20.14,56.59,0.0,0.0,0.0,328.55,2.53,129.0,873.77,
2007,5,15,19,18.29,63.24,0.0,0.0,0.0,322.05,2.86,127.0,874.4,
2007,5,15,20,17.38,67.59,0.0,0.0,0.0,318.75,2.89,123.0,874.86,
2007,5,15,21,16.48,71.93,0.0,0.0,0.0,315.45,2.93,119.0,875.32,
2007,5,15,22,15.57,76.28,0.0,0.0,0.0,312.15,2.97,115.0,875.78,
2007,5,15,23,15.26,78.64,0.0,0.0,0.0,309.47,2.46,111.0,875.64,
2007,5,16,0,14.94,80.99,0.0,0.0,0.0,306.78,1.96,107.0,875.49,
2007,5,16,1,14.62,83.35,0.0,0.0,0.0,304.1,1.46,104.0,875.35,
2007,5,16,2,14.3,83.96,0.0,0.0,0.0,302.42,1.33,99.0,875.38,
2007,5,16,3,13.99,84.56,0.0,0.0,0.0,300.73,1.2,94.0,875.41,
2007,5,16,4,13.67,85.17,0.0,0.0,0.0,299.05,1.08,89.0,875.44,
2007,5,16,5,15.1,81.89,0.0,0.0,0.0,300.0,1.2,91.0,875.95,
2007,5,16,6,16.53,78.6,0.0,0.0,0.0,300.95,1.32,93.0,876.47,
2007,5,16,7,17.96,75.32,132.0,527.54,43.0,301.9,1.45,94.0,876.99,
2007,5,16,8,20.32,65.55,365.0,748.51,74.0,311.05,1.91,95.0,876.78,
2007,5,16,9,22.67,55.78,582.0,864.87,83.0,320.2,2.38,95.0,876.58,
2007,5,16,10,25.03,46.01,747.0,904.99,95.0,329.35,2.84,96.0,876.38,
2007,5,16,11,25.62,42.92,853.0,932.73,98.0,333.08,2.86,101.0,875.47,
2007,5,16,12,26.22,39.82,883.0,924.93,108.0,336.82,2.87,106.0,874.55,
2007,5,16,13,26.81,36.73,846.0,930.49,98.0,340.55,2.88,112.0,873.63,
2007,5,16,14,25.96,37.58,733.0,900.41,94.0,337.78,2.81,117.0,873.57,
2007,5,16,15,25.12,38.44,560.0,842.04,87.0,335.02,2.74,122.0,873.51,
2007,5,16,16,24.27,39.29,342.0,732.19,71.0,332.25,2.68,127.0,873.46,
2007,5,16,17,22.53,45.15,111.0,493.57,38.0,327.3,2.8,126.0,874.17,
2007,5,16,18,20.78,51.02,0.0,0.0,0.0,322.35,2.91,125.0,874.89,
2007,5,16,19,19.04,56.88,0.0,0.0,0.0,317.4,3.03,125.0,875.61,
2007,5,16,20,18.2,61.02,0.0,0.0,0.0,315.28,3.12,122.0,876.1,
2007,5,16,21,17.36,65.15,0.0,0.0,0.0,313.17,3.21,118.0,876.58,
2007,5,16,22,16.51,69.29,0.0,0.0,0.0,311.05,3.3,115.0,877.07,
2007,5,16,23,16.13,72.32,0.0,0.0,0.0,310.13,3.31,108.0,877.01,
2007,5,17,0,15.74,75.34,0.0,0.0,0.0,309.22,3.31,101.0,876.96,
2007,5,17,1,15.35,78.37,0.0,0.0,0.0,308.3,3.32,95.0,876.9,
2007,5,17,2,14.87,79.43,0.0,0.0,0.0,306.95,3.42,95.0,876.9,
2007,5,17,3,14.39,80.5,0.0,0.0,0.0,305.6,3.51,95.0,876.9,
2007,5,17,4,13.91,81.56,0.0,0.0,0.0,304.25,3.6,96.0,876.9,
2007,5,17,5,15.63,76.43,0.0,0.0,0.0,305.73,3.67,99.0,877.42,
2007,5,17,6,17.35,71.31,0.0,0.0,0.0,307.22,3.75,103.0,877.93,
2007,5,17,7,19.06,66.18,129.0,507.84,44.0,308.7,3.82,107.0,878.45,
2007,5,17,8,21.04,59.44,363.0,749.07,73.0,316.55,4.06,106.0,878.28,
2007,5,17,9,23.01,52.69,576.0,848.57,88.0,324.4,4.3,104.0,878.1,
2007,5,17,10,24.98,45.95,745.0,903.41,96.0,332.25,4.54,103.0,877.93,
2007,5,17,11,25.55,42.45,850.0,931.51,98.0,336.03,4.5,106.0,876.81,
2007,5,17,12,26.12,38.94,884.0,939.3,99.0,339.82,4.46,108.0,875.69,
2007,5,17,13,26.69,35.44,839.0,912.98,107.0,343.6,4.43,111.0,874.58,
2007,5,17,14,25.81,36.21,731.0,898.66,95.0,341.58,3.99,115.0,874.23,
2007,5,17,15,24.93,36.99,555.0,825.0,93.0,339.57,3.55,119.0,873.89,
2007,5,17,16,24.05,37.76,342.0,743.21,68.0,337.55,3.12,123.0,873.54,
2007,5,17,17,22.3,43.8,109.0,483.76,38.0,332.83,3.09,125.0,874.23,
2007,5,17,18,20.54,49.84,0.0,0.0,0.0,328.12,3.07,126.0,874.92,
2007,5,17,19,18.79,55.88,0.0,0.0,0.0,323.4,3.05,127.0,875.61,
2007,5,17,20,17.77,61.06,0.0,0.0,0.0,321.0,3.1,123.0,875.92,
2007,5,17,21,16.76,66.23,0.0,0.0,0.0,318.6,3.16,118.0,876.24,
2007,5,17,22,15.74,71.41,0.0,0.0,0.0,316.2,3.21,114.0,876.56,
2007,5,17,23,15.4,74.04,0.0,0.0,0.0,314.83,3.15,104.0,876.41,
2007,5,18,0,15.06,76.67,0.0,0.0,0.0,313.47,3.09,95.0,876.27,
2007,5,18,1,14.72,79.3,0.0,0.0,0.0,312.1,3.02,86.0,876.13,
2007,5,18,2,14.51,79.29,0.0,0.0,0.0,312.25,3.14,87.0,876.3,
2007,5,18,3,14.31,79.29,0.0,0.0,0.0,312.4,3.27,88.0,876.47,
2007,5,18,4,14.1,79.28,0.0,0.0,0.0,312.55,3.39,89.0,876.64,
2007,5,18,5,15.6,74.94,0.0,0.0,0.0,314.22,3.46,91.0,877.1,
2007,5,18,6,17.1,70.61,0.0,0.0,0.0,315.88,3.53,93.0,877.56,
2007,5,18,7,18.6,66.27,126.0,481.82,46.0,317.55,3.6,95.0,878.02,
2007,5,18,8,20.55,58.88,359.0,734.08,76.0,323.32,3.99,96.0,877.82,
2007,5,18,9,22.5,51.48,574.0,847.84,88.0,329.08,4.38,97.0,877.62,
2007,5,18,10,24.45,44.09,742.0,903.18,95.0,334.85,4.77,99.0,877.42,
2007,5,18,11,24.96,41.31,847.0,930.24,98.0,337.9,4.82,102.0,876.47,
2007,5,18,12,25.48,38.52,877.0,922.51,108.0,340.95,4.86,106.0,875.52,
2007,5,18,13,25.99,35.74,836.0,912.83,106.0,344.0,4.91,110.0,874.58,
2007,5,18,14,24.98,36.44,728.0,898.24,94.0,341.0,4.4,113.0,874.35,
2007,5,18,15,23.97,37.15,555.0,838.21,87.0,338.0,3.9,115.0,874.12,
2007,5,18,16,22.96,37.85,340.0,740.58,68.0,335.0,3.39,118.0,873.89,
2007,5,18,17,21.23,44.02,108.0,480.46,38.0,329.42,3.25,117.0,874.32,
2007,5,18,18,19.49,50.19,0.0,0.0,0.0,323.83,3.11,116.0,874.75,
2007,5,18,19,17.76,56.36,0.0,0.0,0.0,318.25,2.97,115.0,875.18,
2007,5,18,20,16.79,61.07,0.0,0.0,0.0,314.77,3.09,111.0,875.41,
2007,5,18,21,15.82,65.79,0.0,0.0,0.0,311.28,3.22,106.0,875.64,
2007,5,18,22,14.84,70.5,0.0,0.0,0.0,307.8,3.35,102.0,875.87,
2007,5,18,23,14.47,73.15,0.0,0.0,0.0,305.58,3.32,95.0,875.75,
2007,5,19,0,14.1,75.8,0.0,0.0,0.0,303.37,3.3,88.0,875.64,
2007,5,19,1,13.72,78.45,0.0,0.0,0.0,301.15,3.27,81.0,875.52,
2007,5,19,2,13.48,78.75,0.0,0.0,0.0,301.13,3.24,83.0,875.72,
2007,5,19,3,13.24,79.05,0.0,0.0,0.0,301.12,3.21,85.0,875.92,
2007,5,19,4,13.0,79.35,0.0,0.0,0.0,301.1,3.19,86.0,876.13,
2007,5,19,5,14.31,75.6,0.0,0.0,0.0,301.03,3.2,88.0,876.56,
2007,5,19,6,15.63,71.86,0.0,0.0,0.0,300.97,3.22,90.0,876.99,
2007,5,19,7,16.94,68.11,124.0,467.55,47.0,300.9,3.24,92.0,877.42,
2007,5,19,8,18.95,58.97,357.0,731.98,76.0,306.13,3.51,93.0,877.22,
2007,5,19,9,20.95,49.83,571.0,847.09,87.0,311.37,3.78,94.0,877.01,
2007,5,19,10,22.96,40.69,735.0,886.13,102.0,316.6,4.06,96.0,876.81,
2007,5,19,11,23.6,37.98,840.0,913.99,106.0,319.92,3.88,99.0,875.75,
2007,5,19,12,24.25,35.26,874.0,921.22,108.0,323.23,3.71,102.0,874.69,
2007,5,19,13,24.89,32.55,833.0,911.36,106.0,326.55,3.53,105.0,873.63,
2007,5,19,14,24.15,33.43,726.0,896.32,95.0,326.58,3.02,110.0,873.34,
2007,5,19,15,23.41,34.3,553.0,837.04,87.0,326.62,2.51,115.0,873.06,
2007,5,19,16,22.67,35.18,337.0,726.86,71.0,326.65,2.0,119.0,872.77,
2007,5,19,17,20.76,40.76,105.0,456.17,39.0,321.98,2.4,120.0,873.2,
2007,5,19,18,18.85,46.33,0.0,0.0,0.0,317.32,2.8,120.0,873.63,
2007,5,19,19,16.94,51.91,0.0,0.0,0.0,312.65,3.2,121.0,874.06,
2007,5,19,20,15.97,55.66,0.0,0.0,0.0,309.52,3.12,116.0,874.26,
2007,5,19,21,15.0,59.41,0.0,0.0,0.0,306.38,3.04,112.0,874.46,
2007,5,19,22,14.02,63.16,0.0,0.0,0.0,303.25,2.97,108.0,874.66,
2007,5,19,23,13.58,65.94,0.0,0.0,0.0,300.87,2.6,101.0,874.46,
2007,5,20,0,13.14,68.73,0.0,0.0,0.0,298.48,2.23,93.0,874.26,
2007,5,20,1,12.7,71.51,0.0,0.0,0.0,296.1,1.86,85.0,874.06,
2007,5,20,2,12.35,72.66,0.0,0.0,0.0,295.77,1.7,77.0,874.03,
2007,5,20,3,12.0,73.82,0.0,0.0,0.0,295.43,1.54,68.0,874.0,
2007,5,20,4,11.65,74.97,0.0,0.0,0.0,295.1,1.38,59.0,873.97,
2007,5,20,5,13.23,71.83,0.0,0.0,0.0,295.12,1.38,52.0,874.38,
2007,5,20,6,14.81,68.7,0.0,0.0,0.0,295.13,1.38,45.0,874.78,
2007,5,20,7,16.38,65.56,121.0,453.05,47.0,295.15,1.38,38.0,875.18,
2007,5,20,8,18.98,55.99,351.0,706.31,81.0,303.67,1.24,31.0,874.92,
2007,5,20,9,21.57,46.43,566.0,830.51,93.0,312.18,1.09,24.0,874.66,
2007,5,20,10,24.17,36.86,729.0,870.36,109.0,320.7,0.95,17.0,874.4,
2007,5,20,11,24.87,34.8,833.0,896.37,115.0,325.13,1.19,339.0,873.34,
2007,5,20,12,25.58,32.75,871.0,919.88,108.0,329.57,1.43,302.0,872.28,
2007,5,20,13,26.28,30.69,835.0,926.16,98.0,334.0,1.67,264.0,871.22,
2007,5,20,14,25.46,31.51,723.0,895.75,94.0,330.67,1.56,256.0,870.9,
2007,5,20,15,24.63,32.33,548.0,821.36,92.0,327.33,1.46,247.0,870.59,
2007,5,20,16,23.81,33.15,332.0,701.96,76.0,324.0,1.35,238.0,870.27,
2007,5,20,17,21.84,37.6,102.0,431.34,40.0,317.33,1.74,217.0,870.56,
2007,5,20,18,19.87,42.06,0.0,0.0,0.0,310.67,2.12,196.0,870.85,
2007,5,20,19,17.9,46.51,0.0,0.0,0.0,304.0,2.51,175.0,871.13,
2007,5,20,20,17.59,47.06,0.0,0.0,0.0,301.37,1.78,152.0,871.33,
2007,5,20,21,17.28,47.62,0.0,0.0,0.0,298.73,1.06,129.0,871.54,
2007,5,20,22,16.97,48.17,0.0,0.0,0.0,296.1,0.33,106.0,871.74,
2007,5,20,23,15.66,54.05,0.0,0.0,0.0,294.72,0.63,75.0,871.56,
2007,5,21,0,14.34,59.94,0.0,0.0,0.0,293.33,0.93,44.0,871.39,
2007,5,21,1,13.02,65.82,0.0,0.0,0.0,291.95,1.23,12.0,871.22,
2007,5,21,2,12.25,67.27,0.0,0.0,0.0,291.7,1.28,6.0,871.19,
2007,5,21,3,11.49,68.72,0.0,0.0,0.0,291.45,1.34,0.0,871.16,
2007,5,21,4,10.72,70.17,0.0,0.0,0.0,291.2,1.39,354.0,871.13,
2007,5,21,5,12.61,67.37,0.0,0.0,0.0,292.67,1.59,355.0,871.48,
2007,5,21,6,14.5,64.56,0.0,0.0,0.0,294.13,1.78,356.0,871.82,
2007,5,21,7,16.38,61.76,119.0,438.33,48.0,295.6,1.97,357.0,872.17,
2007,5,21,8,19.8,49.74,353.0,730.34,75.0,304.78,1.77,347.0,871.94,
2007,5,21,9,23.21,37.71,567.0,843.76,88.0,313.97,1.56,337.0,871.71,
2007,5,21,10,26.62,25.69,734.0,899.51,95.0,323.15,1.35,327.0,871.48,
2007,5,21,11,27.26,25.59,839.0,927.43,98.0,329.9,1.14,297.0,870.39,
2007,5,21,12,27.9,25.48,868.0,919.69,107.0,336.65,0.92,266.0,869.3,
2007,5,21,13,28.54,25.38,828.0,909.48,106.0,343.4,0.7,236.0,868.21,
2007,5,21,14,27.6,30.31,680.0,732.35,167.0,343.63,1.0,225.0,868.01,
2007,5,21,15,26.67,35.25,399.0,260.07,255.0,343.87,1.3,215.0,867.81,
2007,5,21,16,25.73,40.18,293.0,456.67,127.0,344.1,1.6,204.0,867.6,
2007,5,21,17,24.11,40.91,101.0,420.01,41.0,338.82,2.07,178.0,868.04,
2007,5,21,18,22.5,41.64,0.0,0.0,0.0,333.53,2.55,152.0,868.47,
2007,5,21,19,20.88,42.37,0.0,0.0,0.0,328.25,3.02,126.0,868.9,
2007,5,21,20,19.24,47.99,0.0,0.0,0.0,326.98,2.96,100.0,869.38,
2007,5,21,21,17.6,53.6,0.0,0.0,0.0,325.72,2.9,73.0,869.87,
2007,5,21,22,15.96,59.22,0.0,0.0,0.0,324.45,2.84,47.0,870.36,
2007,5,21,23,15.46,61.86,0.0,0.0,0.0,324.08,2.81,40.0,870.36,
2007,5,22,0,14.96,64.51,0.0,0.0,0.0,323.72,2.78,33.0,870.36,
2007,5,22,1,14.46,67.15,0.0,0.0,0.0,323.35,2.74,26.0,870.36,
2007,5,22,2,14.1,68.39,0.0,0.0,0.0,321.95,2.27,358.0,870.3,
2007,5,22,3,13.75,69.62,0.0,0.0,0.0,320.55,1.79,330.0,870.24,
2007,5,22,4,13.39,70.86,0.0,0.0,0.0,319.15,1.31,302.0,870.19,
2007,5,22,5,14.73,68.85,0.0,0.0,0.0,320.22,1.27,271.0,870.76,
2007,5,22,6,16.08,66.84,0.0,0.0,0.0,321.28,1.24,240.0,871.33,
2007,5,22,7,17.42,64.83,104.0,286.4,58.0,322.35,1.2,208.0,871.91,
2007,5,22,8,20.15,55.2,256.0,229.53,169.0,327.38,1.6,196.0,872.08,
2007,5,22,9,22.87,45.57,550.0,772.24,113.0,332.42,2.01,185.0,872.25,
2007,5,22,10,25.6,35.94,720.0,852.57,116.0,337.45,2.41,173.0,872.42,
2007,5,22,11,26.05,34.01,828.0,894.62,115.0,339.18,2.74,174.0,871.68,
2007,5,22,12,26.5,32.08,861.0,902.49,116.0,340.92,3.07,174.0,870.93,
2007,5,22,13,26.95,30.15,825.0,907.82,106.0,342.65,3.39,175.0,870.19,
2007,5,22,14,25.77,31.78,715.0,878.62,101.0,338.2,3.49,173.0,870.19,
2007,5,22,15,24.59,33.42,547.0,834.72,86.0,333.75,3.59,170.0,870.19,
2007,5,22,16,23.41,35.05,329.0,698.19,76.0,329.3,3.68,168.0,870.19,
2007,5,22,17,21.53,38.68,103.0,457.65,38.0,321.87,3.43,166.0,870.96,
2007,5,22,18,19.65,42.32,0.0,0.0,0.0,314.43,3.19,163.0,871.74,
2007,5,22,19,17.77,45.95,0.0,0.0,0.0,307.0,2.94,160.0,872.51,
2007,5,22,20,16.62,48.62,0.0,0.0,0.0,302.97,2.93,160.0,873.06,
2007,5,22,21,15.47,51.29,0.0,0.0,0.0,298.93,2.93,160.0,873.6,
2007,5,22,22,14.32,53.96,0.0,0.0,0.0,294.9,2.92,161.0,874.15,
2007,5,22,23,14.02,54.59,0.0,0.0,0.0,293.0,2.76,165.0,874.15,
2007,5,23,0,13.72,55.23,0.0,0.0,0.0,291.1,2.59,168.0,874.15,
2007,5,23,1,13.41,55.86,0.0,0.0,0.0,289.2,2.43,172.0,874.15,
2007,5,23,2,13.02,55.53,0.0,0.0,0.0,288.47,2.46,169.0,874.15,
2007,5,23,3,12.64,55.2,0.0,0.0,0.0,287.73,2.49,166.0,874.15,
2007,5,23,4,12.25,54.87,0.0,0.0,0.0,287.0,2.52,163.0,874.15,
2007,5,23,5,13.64,52.0,0.0,0.0,0.0,287.12,2.65,154.0,874.52,
2007,5,23,6,15.04,49.14,0.0,0.0,0.0,287.23,2.77,145.0,874.89,
2007,5,23,7,16.43,46.27,112.0,370.48,53.0,287.35,2.9,136.0,875.26,
2007,5,23,8,18.77,40.58,344.0,688.88,84.0,294.12,3.33,131.0,875.15,
2007,5,23,9,21.1,34.88,556.0,813.7,97.0,300.88,3.76,126.0,875.04,
2007,5,23,10,23.44,29.19,721.0,866.21,109.0,307.65,4.19,120.0,874.92,
2007,5,23,11,24.09,30.14,829.0,909.39,106.0,311.82,4.23,120.0,874.09,
2007,5,23,12,24.75,31.08,863.0,917.94,107.0,315.98,4.28,119.0,873.26,
2007,5,23,13,25.41,32.03,823.0,907.34,106.0,320.15,4.32,118.0,872.42,
2007,5,23,14,24.38,34.44,716.0,892.11,94.0,319.97,4.1,120.0,872.31,
2007,5,23,15,23.35,36.86,464.8,540.27,167.15,319.78,3.89,122.0,872.19,
2007,5,23,16,22.32,39.27,328.0,697.48,76.0,319.6,3.67,125.0,872.08,
2007,5,23,17,20.59,45.61,102.0,445.95,39.0,315.52,3.41,124.0,872.77,
2007,5,23,18,18.87,51.95,0.0,0.0,0.0,311.43,3.14,124.0,873.46,
2007,5,23,19,17.14,58.29,0.0,0.0,0.0,307.35,2.88,123.0,874.15,
2007,5,23,20,16.37,61.57,0.0,0.0,0.0,304.85,2.91,119.0,874.69,
2007,5,23,21,15.6,64.85,0.0,0.0,0.0,302.35,2.94,116.0,875.24,
2007,5,23,22,14.82,68.13,0.0,0.0,0.0,299.85,2.97,112.0,875.78,
2007,5,23,23,14.46,69.58,0.0,0.0,0.0,298.22,3.02,112.0,875.92,
2007,5,24,0,14.09,71.03,0.0,0.0,0.0,296.58,3.08,111.0,876.07,
2007,5,24,1,13.72,72.48,0.0,0.0,0.0,294.95,3.13,110.0,876.21,
2007,5,24,2,13.32,71.76,0.0,0.0,0.0,294.18,3.12,111.0,876.18,
2007,5,24,3,12.93,71.04,0.0,0.0,0.0,293.42,3.11,112.0,876.15,
2007,5,24,4,12.53,70.32,0.0,0.0,0.0,292.65,3.1,113.0,876.13,
2007,5,24,5,13.65,65.93,0.0,0.0,0.0,292.2,3.16,110.0,876.58,
2007,5,24,6,14.77,61.55,0.0,0.0,0.0,291.75,3.22,108.0,877.04,
2007,5,24,7,15.88,57.16,107.0,335.68,54.0,291.3,3.28,105.0,877.5,
2007,5,24,8,17.98,52.94,335.0,638.6,95.0,297.08,3.51,104.0,877.3,
2007,5,24,9,20.07,48.71,548.0,784.26,107.0,302.87,3.74,103.0,877.1,
2007,5,24,10,22.16,44.49,719.0,865.68,109.0,308.65,3.97,102.0,876.9,
2007,5,24,11,23.0,42.61,822.0,892.67,114.0,314.15,4.02,106.0,875.92,
2007,5,24,12,23.84,40.74,856.0,900.55,116.0,319.65,4.07,111.0,874.95,
2007,5,24,13,24.68,38.86,816.0,890.31,114.0,325.15,4.12,115.0,873.97,
2007,5,24,14,23.75,40.84,714.0,891.21,94.0,328.88,3.87,118.0,874.0,
2007,5,24,15,22.81,42.82,524.0,735.03,120.0,332.62,3.61,121.0,874.03,
2007,5,24,16,21.88,44.8,207.0,122.12,163.0,336.35,3.35,124.0,874.06,
2007,5,24,17,20.41,49.9,101.0,448.16,38.0,331.88,3.21,124.0,874.78,
2007,5,24,18,18.94,55.0,0.0,0.0,0.0,327.42,3.08,125.0,875.49,
2007,5,24,19,17.47,60.1,0.0,0.0,0.0,322.95,2.94,125.0,876.21,
2007,5,24,20,16.56,63.63,0.0,0.0,0.0,317.37,2.93,121.0,876.61,
2007,5,24,21,15.65,67.17,0.0,0.0,0.0,311.78,2.92,118.0,877.01,
2007,5,24,22,14.73,70.7,0.0,0.0,0.0,306.2,2.91,114.0,877.42,
2007,5,24,23,14.34,73.27,0.0,0.0,0.0,303.22,2.93,112.0,877.39,
2007,5,25,0,13.94,75.83,0.0,0.0,0.0,300.23,2.95,110.0,877.36,
2007,5,25,1,13.54,78.4,0.0,0.0,0.0,297.25,2.97,108.0,877.33,
2007,5,25,2,13.12,79.45,0.0,0.0,0.0,296.45,2.95,110.0,877.36,
2007,5,25,3,12.69,80.49,0.0,0.0,0.0,295.65,2.94,112.0,877.39,
2007,5,25,4,12.27,81.54,0.0,0.0,0.0,294.85,2.92,114.0,877.42,
2007,5,25,5,13.53,77.26,0.0,0.0,0.0,295.07,2.9,112.0,877.73,
2007,5,25,6,14.8,72.97,0.0,0.0,0.0,295.28,2.88,109.0,878.05,
2007,5,25,7,16.06,68.69,100.0,268.32,58.0,295.5,2.86,106.0,878.36,
2007,5,25,8,18.08,62.32,333.0,638.64,94.0,301.92,3.13,104.0,878.08,
2007,5,25,9,20.09,55.95,543.0,768.88,112.0,308.33,3.41,103.0,877.79,
2007,5,25,10,22.11,49.58,709.0,833.81,123.0,314.75,3.68,102.0,877.5,
2007,5,25,11,22.7,46.42,820.0,892.25,114.0,323.08,3.37,104.0,876.53,
2007,5,25,12,23.3,43.27,853.0,900.1,115.0,331.42,3.06,107.0,875.55,
2007,5,25,13,23.89,40.11,814.0,889.67,114.0,339.75,2.74,109.0,874.58,
2007,5,25,14,23.22,40.64,701.0,845.57,114.0,340.87,2.82,115.0,874.49,
2007,5,25,15,22.56,41.16,489.0,581.68,170.0,341.98,2.9,121.0,874.4,
2007,5,25,16,21.89,41.69,305.0,556.54,105.0,343.1,2.98,126.0,874.32,
2007,5,25,17,20.75,46.11,100.0,443.05,38.0,341.53,3.1,126.0,874.89,
2007,5,25,18,19.61,50.52,0.0,0.0,0.0,339.97,3.22,126.0,875.47,
2007,5,25,19,18.47,54.94,0.0,0.0,0.0,338.4,3.34,126.0,876.04,
2007,5,25,20,17.8,58.36,0.0,0.0,0.0,335.18,3.18,123.0,876.44,
2007,5,25,21,17.14,61.79,0.0,0.0,0.0,331.97,3.03,121.0,876.84,
2007,5,25,22,16.47,65.21,0.0,0.0,0.0,328.75,2.87,119.0,877.24,
2007,5,25,23,16.21,67.34,0.0,0.0,0.0,324.2,2.72,117.0,877.27,
2007,5,26,0,15.95,69.46,0.0,0.0,0.0,319.65,2.57,115.0,877.3,
2007,5,26,1,15.68,71.59,0.0,0.0,0.0,315.1,2.43,113.0,877.33,
2007,5,26,2,15.19,73.65,0.0,0.0,0.0,312.55,2.5,113.0,877.42,
2007,5,26,3,14.71,75.7,0.0,0.0,0.0,310.0,2.57,113.0,877.5,
2007,5,26,4,14.22,77.76,0.0,0.0,0.0,307.45,2.63,113.0,877.59,
2007,5,26,5,14.88,76.46,0.0,0.0,0.0,307.7,3.21,112.0,878.19,
2007,5,26,6,15.55,75.15,0.0,0.0,0.0,307.95,3.79,111.0,878.79,
2007,5,26,7,16.21,73.85,111.0,406.02,48.0,308.2,4.37,110.0,879.4,
2007,5,26,8,17.84,67.6,336.0,670.86,86.0,315.55,4.77,109.0,879.37,
2007,5,26,9,19.47,61.34,550.0,808.84,98.0,322.9,5.17,108.0,879.34,
2007,5,26,10,21.1,55.09,714.0,863.08,109.0,330.25,5.57,106.0,879.31,
2007,5,26,11,21.54,51.59,821.0,906.99,105.0,333.67,5.35,107.0,878.45,
2007,5,26,12,21.98,48.08,851.0,898.36,116.0,337.08,5.13,108.0,877.59,
2007,5,26,13,22.42,44.58,744.0,657.16,228.0,340.5,4.91,108.0,876.73,
2007,5,26,14,21.71,45.7,586.0,450.35,274.0,342.08,4.77,111.0,876.56,
2007,5,26,15,21.01,46.83,395.0,264.96,250.0,343.67,4.63,114.0,876.38,
2007,5,26,16,20.3,47.95,277.0,398.9,134.0,345.25,4.48,117.0,876.21,
2007,5,26,17,19.09,52.73,101.0,459.23,37.0,338.67,4.11,119.0,876.76,
2007,5,26,18,17.87,57.5,0.0,0.0,0.0,332.08,3.73,120.0,877.3,
2007,5,26,19,16.66,62.28,0.0,0.0,0.0,325.5,3.35,122.0,877.85,
2007,5,26,20,15.92,65.39,0.0,0.0,0.0,320.27,3.2,120.0,878.31,
2007,5,26,21,15.18,68.5,0.0,0.0,0.0,315.03,3.06,118.0,878.76,
2007,5,26,22,14.43,71.61,0.0,0.0,0.0,309.8,2.91,116.0,879.22,
2007,5,26,23,14.17,73.46,0.0,0.0,0.0,306.85,2.91,113.0,879.28,
2007,5,27,0,13.91,75.32,0.0,0.0,0.0,303.9,2.92,111.0,879.34,
2007,5,27,1,13.64,77.17,0.0,0.0,0.0,300.95,2.92,108.0,879.4,
2007,5,27,2,12.97,79.48,0.0,0.0,0.0,296.6,2.86,108.0,879.51,
2007,5,27,3,12.3,81.78,0.0,0.0,0.0,292.25,2.8,108.0,879.63,
2007,5,27,4,11.63,84.09,0.0,0.0,0.0,287.9,2.74,108.0,879.74,
2007,5,27,5,12.43,81.6,0.0,0.0,0.0,287.08,3.21,107.0,880.23,
2007,5,27,6,13.24,79.11,0.0,0.0,0.0,286.27,3.68,106.0,880.72,
2007,5,27,7,14.04,76.62,111.0,416.11,47.0,285.45,4.15,105.0,881.2,
2007,5,27,8,15.99,68.29,341.0,719.5,74.0,290.83,4.41,105.0,880.86,
2007,5,27,9,17.93,59.95,553.0,838.25,86.0,296.22,4.68,104.0,880.51,
2007,5,27,10,19.87,51.62,718.0,893.89,93.0,301.6,4.94,103.0,880.17,
2007,5,27,11,20.63,46.53,823.0,921.73,97.0,305.97,4.79,107.0,879.14,
2007,5,27,12,21.4,41.45,853.0,913.71,107.0,310.33,4.63,112.0,878.1,
2007,5,27,13,22.17,36.36,814.0,903.48,106.0,314.7,4.48,116.0,877.07,
2007,5,27,14,21.38,37.35,705.0,873.53,101.0,313.98,4.48,118.0,877.01,
2007,5,27,15,20.59,38.35,539.0,829.42,86.0,313.27,4.48,121.0,876.96,
2007,5,27,16,19.8,39.34,323.0,693.36,75.0,312.55,4.48,123.0,876.9,
2007,5,27,17,18.28,45.5,100.0,460.93,36.0,308.78,4.06,124.0,877.62,
2007,5,27,18,16.75,51.67,0.0,0.0,0.0,305.02,3.63,126.0,878.33,
2007,5,27,19,15.23,57.83,0.0,0.0,0.0,301.25,3.2,127.0,879.05,
2007,5,27,20,14.56,60.72,0.0,0.0,0.0,299.65,3.12,125.0,879.28,
2007,5,27,21,13.9,63.6,0.0,0.0,0.0,298.05,3.04,123.0,879.51,
2007,5,27,22,13.23,66.49,0.0,0.0,0.0,296.45,2.97,121.0,879.74,
2007,5,27,23,13.05,67.91,0.0,0.0,0.0,295.32,2.9,116.0,879.68,
2007,5,28,0,12.87,69.33,0.0,0.0,0.0,294.18,2.84,112.0,879.63,
2007,5,28,1,12.68,70.75,0.0,0.0,0.0,293.05,2.77,107.0,879.57,
2007,5,28,2,12.23,72.84,0.0,0.0,0.0,291.92,2.77,106.0,879.8,
2007,5,28,3,11.77,74.92,0.0,0.0,0.0,290.78,2.76,105.0,880.03,
2007,5,28,4,11.32,77.01,0.0,0.0,0.0,289.65,2.76,104.0,880.26,
2007,5,28,5,12.16,75.82,0.0,0.0,0.0,288.83,3.29,104.0,880.69,
2007,5,28,6,13.01,74.63,0.0,0.0,0.0,288.02,3.82,104.0,881.12,
2007,5,28,7,13.85,73.44,114.0,472.28,42.0,287.2,4.34,104.0,881.55,
2007,5,28,8,15.61,65.84,338.0,706.28,77.0,292.05,4.76,103.0,881.23,
2007,5,28,9,17.36,58.24,531.0,738.17,121.0,296.9,5.17,102.0,880.92,
2007,5,28,10,19.12,50.64,709.0,861.72,108.0,301.75,5.59,101.0,880.6,
2007,5,28,11,19.89,46.99,817.0,904.68,106.0,306.05,5.29,102.0,879.48,
2007,5,28,12,20.66,43.35,851.0,913.11,107.0,310.35,5.0,102.0,878.36,
2007,5,28,13,21.43,39.7,811.0,902.65,105.0,314.65,4.7,103.0,877.24,
2007,5,28,14,20.62,40.84,706.0,888.19,93.0,313.07,4.5,106.0,876.96,
2007,5,28,15,19.8,41.99,535.0,814.48,91.0,311.48,4.29,108.0,876.67,
2007,5,28,16,18.99,43.13,326.0,717.21,70.0,309.9,4.08,111.0,876.38,
2007,5,28,17,17.61,48.45,98.0,433.54,38.0,306.88,3.81,114.0,876.99,
2007,5,28,18,16.22,53.76,0.0,0.0,0.0,303.87,3.54,117.0,877.59,
2007,5,28,19,14.84,59.08,0.0,0.0,0.0,300.85,3.27,120.0,878.19,
2007,5,28,20,14.2,62.25,0.0,0.0,0.0,298.97,3.19,119.0,878.39,
2007,5,28,21,13.57,65.42,0.0,0.0,0.0,297.08,3.1,117.0,878.59,
2007,5,28,22,12.93,68.59,0.0,0.0,0.0,295.2,3.02,116.0,878.79,
2007,5,28,23,12.73,70.79,0.0,0.0,0.0,293.9,2.93,114.0,878.56,
2007,5,29,0,12.53,73.0,0.0,0.0,0.0,292.6,2.85,112.0,878.33,
2007,5,29,1,12.33,75.2,0.0,0.0,0.0,291.3,2.76,110.0,878.1,
2007,5,29,2,12.01,77.22,0.0,0.0,0.0,291.17,2.75,110.0,878.05,
2007,5,29,3,11.68,79.24,0.0,0.0,0.0,291.03,2.75,110.0,877.99,
2007,5,29,4,11.36,81.26,0.0,0.0,0.0,290.9,2.74,110.0,877.93,
2007,5,29,5,12.26,79.42,0.0,0.0,0.0,289.9,2.91,108.0,878.31,
2007,5,29,6,13.17,77.58,0.0,0.0,0.0,288.9,3.08,106.0,878.68,
2007,5,29,7,14.07,75.74,83.0,158.83,59.0,287.9,3.24,104.0,879.05,
2007,5,29,8,16.14,68.58,269.0,320.65,151.0,294.18,3.48,100.0,878.71,
2007,5,29,9,18.2,61.42,532.0,751.22,116.0,300.47,3.71,97.0,878.36,
2007,5,29,10,20.26,54.26,707.0,860.96,108.0,306.75,3.94,94.0,878.02,
2007,5,29,11,20.94,50.64,797.0,841.6,137.0,316.87,3.42,88.0,876.99,
2007,5,29,12,21.62,47.03,848.0,912.44,106.0,326.98,2.9,82.0,875.95,
2007,5,29,13,22.3,43.41,764.0,737.79,188.0,337.1,2.37,76.0,874.92,
2007,5,29,14,21.59,45.77,427.0,127.73,339.0,342.1,2.38,86.0,874.83,
2007,5,29,15,20.87,48.13,149.0,0.0,149.0,347.1,2.39,96.0,874.75,
2007,5,29,16,20.16,50.49,253.0,291.92,149.0,352.1,2.4,106.0,874.66,
2007,5,29,17,19.32,54.03,75.0,166.66,52.0,350.75,2.36,111.0,875.18,
2007,5,29,18,18.48,57.57,0.0,0.0,0.0,349.4,2.33,116.0,875.69,
2007,5,29,19,17.64,61.11,0.0,0.0,0.0,348.05,2.29,121.0,876.21,
2007,5,29,20,17.13,63.7,0.0,0.0,0.0,346.23,2.2,120.0,876.41,
2007,5,29,21,16.62,66.28,0.0,0.0,0.0,344.42,2.11,119.0,876.61,
2007,5,29,22,16.1,68.87,0.0,0.0,0.0,342.6,2.01,117.0,876.81,
2007,5,29,23,15.82,71.36,0.0,0.0,0.0,339.0,2.01,118.0,876.76,
2007,5,30,0,15.54,73.84,0.0,0.0,0.0,335.4,2.0,118.0,876.7,
2007,5,30,1,15.26,76.33,0.0,0.0,0.0,331.8,2.0,119.0,876.64,
2007,5,30,2,15.26,75.91,0.0,0.0,0.0,342.3,1.95,119.0,876.61,
2007,5,30,3,15.25,75.5,0.0,0.0,0.0,352.8,1.9,119.0,876.58,
2007,5,30,4,15.25,75.08,0.0,0.0,0.0,363.3,1.85,119.0,876.56,
2007,5,30,5,15.8,73.76,0.0,0.0,0.0,367.27,1.95,117.0,877.01,
2007,5,30,6,16.35,72.43,0.0,0.0,0.0,371.23,2.05,114.0,877.47,
2007,5,30,7,16.9,71.11,40.0,0.0,40.0,375.2,2.15,111.0,877.93,
2007,5,30,8,18.28,66.24,88.0,0.0,88.0,377.05,2.34,107.0,877.82,
2007,5,30,9,19.65,61.37,121.0,0.0,121.0,378.9,2.54,103.0,877.7,
2007,5,30,10,21.03,56.5,367.0,59.07,326.0,380.75,2.73,99.0,877.59,
2007,5,30,11,21.54,52.97,703.0,544.35,277.0,378.88,2.26,84.0,876.53,
2007,5,30,12,22.05,49.44,842.0,895.69,115.0,377.02,1.79,69.0,875.47,
2007,5,30,13,22.56,45.91,795.0,854.57,129.0,375.15,1.32,55.0,874.4,
2007,5,30,14,22.2,47.02,609.0,536.49,240.0,373.25,1.44,71.0,874.09,
2007,5,30,15,21.84,48.13,355.0,176.7,259.0,371.35,1.55,87.0,873.77,
2007,5,30,16,21.48,49.24,240.0,241.81,154.0,369.45,1.67,102.0,873.46,
2007,5,30,17,20.22,54.25,55.0,43.58,49.0,360.93,1.86,108.0,873.97,
2007,5,30,18,18.97,59.27,0.0,0.0,0.0,352.42,2.06,114.0,874.49,
2007,5,30,19,17.71,64.28,0.0,0.0,0.0,343.9,2.25,120.0,875.01,
2007,5,30,20,17.12,67.69,0.0,0.0,0.0,340.33,2.4,116.0,875.32,
2007,5,30,21,16.53,71.1,0.0,0.0,0.0,336.77,2.56,111.0,875.64,
2007,5,30,22,15.93,74.51,0.0,0.0,0.0,333.2,2.72,107.0,875.95,
2007,5,30,23,15.57,78.0,0.0,0.0,0.0,328.78,2.69,104.0,875.9,
2007,5,31,0,15.2,81.48,0.0,0.0,0.0,324.37,2.67,101.0,875.84,
2007,5,31,1,14.83,84.97,0.0,0.0,0.0,319.95,2.65,98.0,875.78,
2007,5,31,2,14.67,85.66,0.0,0.0,0.0,322.27,2.57,99.0,875.81,
2007,5,31,3,14.51,86.34,0.0,0.0,0.0,324.58,2.48,101.0,875.84,
2007,5,31,4,14.35,87.03,0.0,0.0,0.0,326.9,2.4,102.0,875.87,
2007,5,31,5,15.36,83.79,0.0,0.0,0.0,331.75,2.42,102.0,876.3,
2007,5,31,6,16.37,80.56,0.0,0.0,0.0,336.6,2.44,101.0,876.73,
2007,5,31,7,17.38,77.32,38.0,0.0,38.0,341.45,2.46,101.0,877.16,
2007,5,31,8,19.31,70.06,317.0,594.53,100.0,351.15,2.66,99.0,876.96,
2007,5,31,9,21.24,62.81,477.0,524.94,188.0,360.85,2.87,98.0,876.76,
2007,5,31,10,23.17,55.55,669.0,727.87,165.0,370.55,3.08,96.0,876.56,
2007,5,31,11,23.68,51.61,801.0,870.69,121.0,376.88,2.63,92.0,875.52,
2007,5,31,12,24.19,47.66,840.0,894.85,115.0,383.22,2.17,87.0,874.49,
2007,5,31,13,24.7,43.72,260.0,1.29,259.0,389.55,1.72,83.0,873.46,
2007,5,31,14,24.09,44.95,673.0,767.42,146.0,384.03,1.82,97.0,873.4,
2007,5,31,15,23.49,46.17,503.0,676.55,136.0,378.52,1.91,111.0,873.34,
2007,5,31,16,22.88,47.4,315.0,653.34,83.0,373.0,2.0,126.0,873.29,
2007,5,31,17,21.45,53.47,95.0,400.31,40.0,364.95,2.19,124.0,873.8,
2007,5,31,18,17.73,70.78,0.0,0.0,0.0,343.76,2.01,122.0,874.32,
2007,5,31,19,17.51,71.83,0.0,0.0,0.0,342.1,2.22,121.0,874.83,
2007,5,31,20,17.29,72.88,0.0,0.0,0.0,340.45,2.43,117.0,875.26,
2007,5,31,21,17.07,73.94,0.0,0.0,0.0,338.8,2.64,114.0,875.69,
2007,5,31,22,16.85,74.99,0.0,0.0,0.0,337.14,2.85,110.0,876.13,
2007,5,31,23,16.63,76.04,0.0,0.0,0.0,335.49,3.06,106.0,876.01,
2010,6,1,0,16.41,77.1,0.0,0.0,0.0,333.84,3.28,102.0,875.9,
2010,6,1,1,16.19,78.15,0.0,0.0,0.0,332.19,3.49,98.0,875.78,
2010,6,1,2,15.97,79.21,0.0,0.0,0.0,330.53,3.7,110.0,879.05,
2010,6,1,3,15.75,80.26,0.0,0.0,0.0,328.88,3.91,110.0,879.14,
2010,6,1,4,15.53,81.31,0.0,0.0,0.0,327.23,4.12,110.0,879.22,
2010,6,1,5,15.31,82.37,0.0,0.0,0.0,325.57,4.33,109.0,879.71,
2010,6,1,6,15.09,83.42,0.0,0.0,0.0,323.92,4.54,109.0,880.2,
2010,6,1,7,14.87,84.48,47.0,13.6,45.0,322.27,4.76,109.0,880.69,
2010,6,1,8,14.65,85.53,130.0,8.25,127.0,320.62,4.97,106.0,880.63,
2010,6,1,9,14.43,86.58,194.0,3.64,192.0,318.96,5.18,104.0,880.57,
2010,6,1,10,19.24,62.42,191.0,0.0,191.0,342.15,4.61,102.0,880.51,
2010,6,1,11,19.75,60.2,171.0,0.0,171.0,347.77,4.18,105.0,879.57,
2010,6,1,12,20.27,57.98,149.0,0.0,149.0,353.38,3.75,109.0,878.62,
2010,6,1,13,20.79,55.76,249.0,0.0,249.0,359.0,3.32,113.0,877.67,
2010,6,1,14,20.1,57.1,193.0,0.0,193.0,360.48,3.59,118.0,877.62,
2010,6,1,15,19.41,58.43,431.0,380.28,225.0,361.97,3.86,123.0,877.56,
2010,6,1,16,18.72,59.77,206.0,126.9,161.0,363.45,4.12,128.0,877.5,
2010,6,1,17,17.74,63.46,81.0,225.98,50.0,356.88,3.78,130.0,878.08,
2010,6,1,18,16.75,67.16,0.0,0.0,0.0,350.32,3.44,131.0,878.65,
2010,6,1,19,15.76,70.85,0.0,0.0,0.0,343.75,3.1,132.0,879.22,
2010,6,1,20,15.06,73.24,0.0,0.0,0.0,336.73,2.94,132.0,879.54,
2010,6,1,21,14.36,75.64,0.0,0.0,0.0,329.72,2.78,132.0,879.85,
2010,6,1,22,13.66,78.03,0.0,0.0,0.0,322.7,2.62,132.0,880.17,
2010,6,1,23,13.21,80.38,0.0,0.0,0.0,316.38,2.74,132.0,880.2,
2010,6,2,0,12.76,82.72,0.0,0.0,0.0,310.07,2.85,133.0,880.23,
2010,6,2,1,12.31,85.07,0.0,0.0,0.0,303.75,2.97,133.0,880.26,
2010,6,2,2,11.83,86.53,0.0,0.0,0.0,301.25,3.03,136.0,880.4,
2010,6,2,3,11.36,87.98,0.0,0.0,0.0,298.75,3.1,139.0,880.54,
2010,6,2,4,10.89,89.44,0.0,0.0,0.0,296.25,3.17,142.0,880.69,
2010,6,2,5,12.18,85.92,0.0,0.0,0.0,297.53,3.89,142.0,881.03,
2010,6,2,6,13.47,82.41,0.0,0.0,0.0,298.82,4.62,141.0,881.38,
2010,6,2,7,14.76,78.89,108.0,473.24,39.0,300.1,5.34,141.0,881.72,
2010,6,2,8,16.44,70.82,334.0,720.86,73.0,310.48,4.98,134.0,881.46,
2010,6,2,9,18.12,62.76,413.0,308.71,244.0,320.87,4.63,127.0,881.2,
2010,6,2,10,19.8,54.69,672.0,738.43,163.0,331.25,4.28,120.0,880.94,
2010,6,2,11,20.22,52.68,726.0,616.99,246.0,342.97,4.02,123.0,880.0,
2010,6,2,12,20.65,50.67,706.0,483.02,316.0,354.68,3.77,125.0,879.05,
2010,6,2,13,21.08,48.66,647.0,410.0,329.0,366.4,3.52,127.0,878.1,
2010,6,2,14,20.41,50.28,510.0,276.01,321.0,368.08,3.58,128.0,878.1,
2010,6,2,15,19.75,51.89,368.0,207.02,256.0,369.77,3.64,129.0,878.1,
2010,6,2,16,19.08,53.51,259.0,321.86,145.0,371.45,3.7,130.0,878.1,
2010,6,2,17,17.71,59.78,99.0,467.09,35.0,360.02,3.3,131.0,878.51,
2010,6,2,18,16.33,66.04,0.0,0.0,0.0,348.58,2.9,132.0,878.91,
2010,6,2,19,14.95,72.31,0.0,0.0,0.0,337.15,2.5,133.0,879.31,
2010,6,2,20,14.04,76.96,0.0,0.0,0.0,330.33,2.41,130.0,879.48,
2010,6,2,21,13.13,81.62,0.0,0.0,0.0,323.52,2.33,126.0,879.65,
2010,6,2,22,12.22,86.27,0.0,0.0,0.0,316.7,2.25,123.0,879.83,
2010,6,2,23,12.05,87.04,0.0,0.0,0.0,312.68,2.25,120.0,879.85,
2010,6,3,0,11.87,87.8,0.0,0.0,0.0,308.67,2.25,116.0,879.88,
2010,6,3,1,11.7,88.57,0.0,0.0,0.0,304.65,2.25,112.0,879.91,
2010,6,3,2,11.12,89.36,0.0,0.0,0.0,304.52,2.5,111.0,879.88,
2010,6,3,3,10.54,90.16,0.0,0.0,0.0,304.38,2.74,110.0,879.85,
2010,6,3,4,9.97,90.95,0.0,0.0,0.0,304.25,2.99,108.0,879.83,
2010,6,3,5,11.44,87.47,0.0,0.0,0.0,303.78,3.02,108.0,880.2,
2010,6,3,6,12.91,83.99,0.0,0.0,0.0,303.32,3.04,107.0,880.57,
2010,6,3,7,14.37,80.51,109.0,505.17,36.0,302.85,3.06,106.0,880.94,
2010,6,3,8,16.26,70.92,336.0,745.9,67.0,309.78,3.52,104.0,880.72,
2010,6,3,9,18.14,61.32,543.0,838.91,85.0,316.72,3.98,103.0,880.49,
2010,6,3,10,20.03,51.73,623.0,571.38,230.0,323.65,4.44,101.0,880.26,
2010,6,3,11,20.59,49.42,639.0,390.19,336.0,335.53,4.08,102.0,879.37,
2010,6,3,12,21.16,47.11,732.0,555.75,284.0,347.42,3.72,102.0,878.48,
2010,6,3,13,21.72,44.8,740.0,671.39,220.0,359.3,3.37,103.0,877.59,
2010,6,3,14,20.97,46.18,660.0,720.89,167.0,359.88,3.28,108.0,877.59,
2010,6,3,15,20.23,47.56,473.0,544.05,179.0,360.47,3.19,114.0,877.59,
2010,6,3,16,19.48,48.94,323.0,709.38,72.0,361.05,3.1,119.0,877.59,
2010,6,3,17,17.92,55.45,101.0,489.35,34.0,349.92,3.02,120.0,878.05,
2010,6,3,18,16.35,61.95,0.0,0.0,0.0,338.78,2.94,120.0,878.51,
2010,6,3,19,14.79,68.46,0.0,0.0,0.0,327.65,2.86,121.0,878.97,
2010,6,3,20,13.94,73.04,0.0,0.0,0.0,319.63,2.76,118.0,879.22,
2010,6,3,21,13.08,77.63,0.0,0.0,0.0,311.62,2.66,114.0,879.48,
2010,6,3,22,12.23,82.21,0.0,0.0,0.0,303.6,2.57,110.0,879.74,
2010,6,3,23,11.75,84.51,0.0,0.0,0.0,300.78,2.46,103.0,879.74,
2010,6,4,0,11.28,86.82,0.0,0.0,0.0,297.97,2.34,95.0,879.74,
2010,6,4,1,10.8,89.12,0.0,0.0,0.0,295.15,2.23,88.0,879.74,
2010,6,4,2,10.32,89.77,0.0,0.0,0.0,292.6,2.39,86.0,879.88,
2010,6,4,3,9.84,90.42,0.0,0.0,0.0,290.05,2.55,85.0,880.03,
2010,6,4,4,9.36,91.07,0.0,0.0,0.0,287.5,2.7,83.0,880.17,
2010,6,4,5,10.82,86.83,0.0,0.0,0.0,286.78,2.94,87.0,880.51,
2010,6,4,6,12.28,82.58,0.0,0.0,0.0,286.07,3.17,90.0,880.86,
2010,6,4,7,13.73,78.34,111.0,551.59,32.0,285.35,3.41,94.0,881.2,
2010,6,4,8,15.69,67.66,334.0,746.03,66.0,291.7,3.67,98.0,881.03,
2010,6,4,9,17.64,56.98,541.0,839.33,84.0,298.05,3.94,102.0,880.86,
2010,6,4,10,19.6,46.3,707.0,896.04,92.0,304.4,4.21,107.0,880.69,
2010,6,4,11,20.29,43.56,812.0,924.96,95.0,308.0,3.92,110.0,879.77,
2010,6,4,12,20.99,40.81,847.0,933.05,96.0,311.6,3.63,112.0,878.85,
2010,6,4,13,21.68,38.07,814.0,939.92,87.0,315.2,3.34,115.0,877.93,
2010,6,4,14,20.76,39.23,702.0,893.03,92.0,313.48,3.17,119.0,877.79,
2010,6,4,15,19.85,40.38,534.0,833.59,84.0,311.77,3.0,122.0,877.65,
2010,6,4,16,18.93,41.54,326.0,735.43,66.0,310.05,2.83,126.0,877.5,
2010,6,4,17,17.16,47.73,99.0,460.29,36.0,305.4,2.73,125.0,878.1,
2010,6,4,18,15.39,53.92,0.0,0.0,0.0,300.75,2.63,125.0,878.71,
2010,6,4,19,13.62,60.11,0.0,0.0,0.0,296.1,2.52,124.0,879.31,
2010,6,4,20,12.66,64.57,0.0,0.0,0.0,293.28,2.65,119.0,879.6,
2010,6,4,21,11.7,69.02,0.0,0.0,0.0,290.47,2.77,113.0,879.88,
2010,6,4,22,10.74,73.48,0.0,0.0,0.0,287.65,2.9,108.0,880.17,
2010,6,4,23,10.27,76.34,0.0,0.0,0.0,285.15,2.83,103.0,880.17,
2010,6,5,0,9.8,79.21,0.0,0.0,0.0,282.65,2.76,98.0,880.17,
2010,6,5,1,9.33,82.07,0.0,0.0,0.0,280.15,2.69,93.0,880.17,
2010,6,5,2,8.97,82.99,0.0,0.0,0.0,278.18,3.03,92.0,880.26,
2010,6,5,3,8.62,83.9,0.0,0.0,0.0,276.22,3.38,92.0,880.34,
2010,6,5,4,8.27,84.82,0.0,0.0,0.0,274.25,3.72,91.0,880.43,
2010,6,5,5,9.68,82.29,0.0,0.0,0.0,274.6,3.31,99.0,880.77,
2010,6,5,6,11.09,79.77,0.0,0.0,0.0,274.95,2.89,107.0,881.12,
2010,6,5,7,12.49,77.24,110.0,549.46,32.0,275.3,2.47,115.0,881.46,
2010,6,5,8,14.78,67.51,332.0,743.31,66.0,283.47,2.91,116.0,881.32,
2010,6,5,9,17.06,57.78,539.0,837.84,84.0,291.63,3.34,117.0,881.17,
2010,6,5,10,19.34,48.05,705.0,894.95,92.0,299.8,3.78,118.0,881.03,
2010,6,5,11,20.17,45.12,810.0,923.95,95.0,304.1,3.59,118.0,880.03,
2010,6,5,12,21.0,42.19,846.0,931.92,97.0,308.4,3.39,118.0,879.02,
2010,6,5,13,21.83,39.26,812.0,939.81,86.0,312.7,3.2,117.0,878.02,
2010,6,5,14,21.06,40.43,701.0,892.54,92.0,312.65,3.14,121.0,877.96,
2010,6,5,15,20.29,41.6,534.0,832.49,85.0,312.6,3.08,126.0,877.9,
2010,6,5,16,19.52,42.77,324.0,721.76,69.0,312.55,3.02,130.0,877.85,
2010,6,5,17,17.57,50.25,99.0,460.26,36.0,307.75,2.91,129.0,878.31,
2010,6,5,18,15.62,57.73,0.0,0.0,0.0,302.95,2.8,129.0,878.76,
2010,6,5,19,13.67,65.21,0.0,0.0,0.0,298.15,2.69,128.0,879.22,
2010,6,5,20,12.72,69.94,0.0,0.0,0.0,295.23,2.82,126.0,879.51,
2010,6,5,21,11.77,74.66,0.0,0.0,0.0,292.32,2.95,124.0,879.8,
2010,6,5,22,10.82,79.39,0.0,0.0,0.0,289.4,3.08,122.0,880.08,
2010,6,5,23,10.82,79.61,0.0,0.0,0.0,287.25,3.02,124.0,879.91,
2010,6,6,0,10.83,79.83,0.0,0.0,0.0,285.1,2.97,125.0,879.74,
2010,6,6,1,10.83,80.05,0.0,0.0,0.0,282.95,2.91,127.0,879.57,
2010,6,6,2,10.51,80.62,0.0,0.0,0.0,281.65,2.99,128.0,879.57,
2010,6,6,3,10.19,81.2,0.0,0.0,0.0,280.35,3.07,128.0,879.57,
2010,6,6,4,9.87,81.77,0.0,0.0,0.0,279.05,3.14,129.0,879.57,
2010,6,6,5,11.08,80.08,0.0,0.0,0.0,280.2,3.37,126.0,879.91,
2010,6,6,6,12.29,78.39,0.0,0.0,0.0,281.35,3.59,123.0,880.26,
2010,6,6,7,13.49,76.7,108.0,547.23,31.0,282.5,3.81,120.0,880.6,
2010,6,6,8,15.87,67.34,331.0,743.32,66.0,290.92,4.39,118.0,880.4,
2010,6,6,9,18.25,57.97,538.0,836.29,85.0,299.33,4.97,115.0,880.2,
2010,6,6,10,20.63,48.61,703.0,893.8,92.0,307.75,5.56,113.0,880.0,
2010,6,6,11,21.34,46.51,808.0,922.86,95.0,312.07,5.47,114.0,879.11,
2010,6,6,12,22.06,44.41,844.0,931.96,96.0,316.38,5.38,114.0,878.22,
2010,6,6,13,22.77,42.31,811.0,939.62,86.0,320.7,5.3,115.0,877.33,
2010,6,6,14,21.87,43.86,700.0,891.95,92.0,319.92,4.75,116.0,877.24,
2010,6,6,15,20.98,45.4,533.0,833.14,84.0,319.13,4.2,117.0,877.16,
2010,6,6,16,20.08,46.95,323.0,722.11,68.0,318.35,3.66,118.0,877.07,
2010,6,6,17,18.4,53.28,99.0,460.05,36.0,314.65,3.34,117.0,877.56,
2010,6,6,18,16.72,59.6,0.0,0.0,0.0,310.95,3.02,117.0,878.05,
2010,6,6,19,15.04,65.93,0.0,0.0,0.0,307.25,2.7,116.0,878.53,
2010,6,6,20,14.33,69.35,0.0,0.0,0.0,306.07,2.74,114.0,878.85,
2010,6,6,21,13.62,72.76,0.0,0.0,0.0,304.88,2.77,112.0,879.17,
2010,6,6,22,12.91,76.18,0.0,0.0,0.0,303.7,2.8,110.0,879.48,
2010,6,6,23,12.53,78.72,0.0,0.0,0.0,302.32,2.83,107.0,879.51,
2010,6,7,0,12.14,81.25,0.0,0.0,0.0,300.93,2.86,104.0,879.54,
2010,6,7,1,11.76,83.79,0.0,0.0,0.0,299.55,2.9,102.0,879.57,
2010,6,7,2,11.12,85.18,0.0,0.0,0.0,296.23,2.8,100.0,879.74,
2010,6,7,3,10.49,86.57,0.0,0.0,0.0,292.92,2.7,98.0,879.91,
2010,6,7,4,9.86,87.96,0.0,0.0,0.0,289.6,2.61,96.0,880.08,
2010,6,7,5,11.09,84.59,0.0,0.0,0.0,288.92,3.18,98.0,880.46,
2010,6,7,6,12.32,81.23,0.0,0.0,0.0,288.23,3.76,99.0,880.83,
2010,6,7,7,13.54,77.86,105.0,501.88,35.0,287.55,4.33,101.0,881.2,
2010,6,7,8,15.49,69.2,327.0,729.19,68.0,292.72,4.48,101.0,880.89,
2010,6,7,9,17.43,60.53,533.0,819.86,90.0,297.88,4.63,100.0,880.57,
2010,6,7,10,19.38,51.87,701.0,892.57,92.0,303.05,4.79,100.0,880.26,
2010,6,7,11,20.19,48.46,807.0,921.7,96.0,307.03,4.57,101.0,879.28,
2010,6,7,12,21.01,45.06,838.0,913.21,106.0,311.02,4.35,103.0,878.31,
2010,6,7,13,21.82,41.65,805.0,921.18,95.0,315.0,4.14,104.0,877.33,
2010,6,7,14,21.02,42.11,699.0,891.28,92.0,313.77,3.59,106.0,877.27,
2010,6,7,15,20.21,42.57,529.0,816.98,89.0,312.53,3.04,108.0,877.22,
2010,6,7,16,19.41,43.03,321.0,708.17,71.0,311.3,2.5,110.0,877.16,
2010,6,7,17,17.69,49.18,97.0,437.76,37.0,306.6,2.58,111.0,877.73,
2010,6,7,18,15.96,55.34,0.0,0.0,0.0,301.9,2.67,112.0,878.31,
2010,6,7,19,14.23,61.49,0.0,0.0,0.0,297.2,2.76,113.0,878.88,
2010,6,7,20,13.45,65.13,0.0,0.0,0.0,294.87,2.76,110.0,879.14,
2010,6,7,21,12.67,68.77,0.0,0.0,0.0,292.53,2.77,108.0,879.4,
2010,6,7,22,11.89,72.41,0.0,0.0,0.0,290.2,2.77,105.0,879.65,
2010,6,7,23,11.38,75.72,0.0,0.0,0.0,287.98,2.68,104.0,879.48,
2010,6,8,0,10.86,79.04,0.0,0.0,0.0,285.77,2.58,102.0,879.31,
2010,6,8,1,10.35,82.35,0.0,0.0,0.0,283.55,2.48,101.0,879.14,
2010,6,8,2,9.83,84.22,0.0,0.0,0.0,282.0,2.67,100.0,879.22,
2010,6,8,3,9.31,86.08,0.0,0.0,0.0,280.45,2.86,99.0,879.31,
2010,6,8,4,8.8,87.95,0.0,0.0,0.0,278.9,3.05,98.0,879.4,
2010,6,8,5,10.33,83.78,0.0,0.0,0.0,279.68,3.17,96.0,879.74,
2010,6,8,6,11.87,79.62,0.0,0.0,0.0,280.47,3.3,93.0,880.08,
2010,6,8,7,13.4,75.45,103.0,484.57,36.0,281.25,3.42,90.0,880.43,
2010,6,8,8,15.76,66.82,324.0,712.06,72.0,289.15,3.44,84.0,880.06,
2010,6,8,9,18.11,58.2,531.0,819.98,89.0,297.05,3.47,78.0,879.68,
2010,6,8,10,20.47,49.57,700.0,892.74,92.0,304.95,3.49,72.0,879.31,
2010,6,8,11,21.39,46.56,805.0,921.76,95.0,310.7,2.87,68.0,878.13,
2010,6,8,12,22.32,43.54,841.0,930.56,96.0,316.45,2.26,63.0,876.96,
2010,6,8,13,23.25,40.53,804.0,920.8,95.0,322.2,1.64,59.0,875.78,
2010,6,8,14,22.6,41.61,698.0,890.5,92.0,322.28,1.52,64.0,875.58,
2010,6,8,15,21.96,42.68,532.0,832.28,84.0,322.37,1.4,70.0,875.38,
2010,6,8,16,21.31,43.76,325.0,733.76,66.0,322.45,1.28,75.0,875.18,
2010,6,8,17,19.17,51.28,101.0,488.23,34.0,318.15,1.73,83.0,875.61,
2010,6,8,18,17.03,58.79,0.0,0.0,0.0,313.85,2.17,91.0,876.04,
2010,6,8,19,14.89,66.31,0.0,0.0,0.0,309.55,2.62,99.0,876.47,
2010,6,8,20,14.0,70.5,0.0,0.0,0.0,307.5,2.55,100.0,876.87,
2010,6,8,21,13.12,74.69,0.0,0.0,0.0,305.45,2.47,102.0,877.27,
2010,6,8,22,12.23,78.88,0.0,0.0,0.0,303.4,2.4,103.0,877.67,
2010,6,8,23,11.83,81.21,0.0,0.0,0.0,301.18,2.36,102.0,877.56,
2010,6,9,0,11.44,83.55,0.0,0.0,0.0,298.97,2.32,101.0,877.44,
2010,6,9,1,11.04,85.88,0.0,0.0,0.0,296.75,2.28,100.0,877.33,
2010,6,9,2,10.58,86.43,0.0,0.0,0.0,294.28,2.58,100.0,877.44,
2010,6,9,3,10.13,86.97,0.0,0.0,0.0,291.82,2.89,99.0,877.56,
2010,6,9,4,9.68,87.52,0.0,0.0,0.0,289.35,3.2,99.0,877.67,
2010,6,9,5,11.14,84.2,0.0,0.0,0.0,289.68,3.26,103.0,878.1,
2010,6,9,6,12.6,80.87,0.0,0.0,0.0,290.02,3.31,106.0,878.53,
2010,6,9,7,14.06,77.55,101.0,474.19,36.0,290.35,3.37,110.0,878.97,
2010,6,9,8,16.7,67.78,323.0,711.75,72.0,298.82,3.32,111.0,878.79,
2010,6,9,9,19.33,58.01,530.0,818.18,90.0,307.28,3.28,111.0,878.62,
2010,6,9,10,21.96,48.24,694.0,875.19,99.0,315.75,3.24,112.0,878.45,
2010,6,9,11,22.71,45.72,799.0,903.55,104.0,320.83,2.61,112.0,877.42,
2010,6,9,12,23.46,43.2,840.0,930.36,96.0,325.92,1.98,113.0,876.38,
2010,6,9,13,24.21,40.68,807.0,937.23,86.0,331.0,1.35,113.0,875.35,
2010,6,9,14,23.38,41.28,697.0,889.64,92.0,328.55,1.4,114.0,875.24,
2010,6,9,15,22.55,41.87,531.0,830.77,84.0,326.1,1.44,115.0,875.12,
2010,6,9,16,21.72,42.47,323.0,722.41,68.0,323.65,1.49,117.0,875.01,
2010,6,9,17,19.68,49.58,99.0,465.61,35.0,318.12,1.91,115.0,875.64,
2010,6,9,18,17.64,56.69,0.0,0.0,0.0,312.58,2.33,113.0,876.27,
2010,6,9,19,15.6,63.8,0.0,0.0,0.0,307.05,2.74,112.0,876.9,
2010,6,9,20,14.76,67.9,0.0,0.0,0.0,304.35,2.7,109.0,877.24,
2010,6,9,21,13.91,71.99,0.0,0.0,0.0,301.65,2.65,107.0,877.59,
2010,6,9,22,13.07,76.09,0.0,0.0,0.0,298.95,2.61,104.0,877.93,
2010,6,9,23,12.57,79.01,0.0,0.0,0.0,296.5,2.54,103.0,877.73,
2010,6,10,0,12.08,81.92,0.0,0.0,0.0,294.05,2.47,102.0,877.53,
2010,6,10,1,11.58,84.84,0.0,0.0,0.0,291.6,2.4,101.0,877.33,
2010,6,10,2,11.03,84.93,0.0,0.0,0.0,288.47,2.58,104.0,877.47,
2010,6,10,3,10.48,85.03,0.0,0.0,0.0,285.33,2.77,107.0,877.62,
2010,6,10,4,9.93,85.12,0.0,0.0,0.0,282.2,2.95,110.0,877.76,
2010,6,10,5,11.47,81.1,0.0,0.0,0.0,282.17,3.17,112.0,878.1,
2010,6,10,6,13.01,77.08,0.0,0.0,0.0,282.13,3.38,114.0,878.45,
2010,6,10,7,14.54,73.06,98.0,441.47,38.0,282.1,3.6,116.0,878.79,
2010,6,10,8,17.02,63.27,319.0,697.15,74.0,290.32,4.07,112.0,878.65,
2010,6,10,9,19.5,53.48,528.0,818.16,89.0,298.53,4.54,108.0,878.51,
2010,6,10,10,21.98,43.69,693.0,873.71,100.0,306.75,5.01,104.0,878.36,
2010,6,10,11,22.75,42.14,798.0,903.44,104.0,311.87,4.65,101.0,877.42,
2010,6,10,12,23.53,40.59,834.0,911.31,106.0,316.98,4.29,98.0,876.47,
2010,6,10,13,24.3,39.04,785.0,852.13,130.0,322.1,3.93,95.0,875.52,
2010,6,10,14,23.54,40.84,673.0,793.05,134.0,323.2,3.9,97.0,875.44,
2010,6,10,15,22.78,42.64,493.0,643.24,147.0,324.3,3.88,99.0,875.35,
2010,6,10,16,22.02,44.44,323.0,722.26,68.0,325.4,3.85,101.0,875.26,
2010,6,10,17,20.41,50.25,100.0,464.69,36.0,322.3,3.94,103.0,875.95,
2010,6,10,18,18.79,56.06,0.0,0.0,0.0,319.2,4.02,105.0,876.64,
2010,6,10,19,17.18,61.87,0.0,0.0,0.0,316.1,4.11,108.0,877.33,
2010,6,10,20,16.57,64.41,0.0,0.0,0.0,314.7,3.75,106.0,877.65,
2010,6,10,21,15.96,66.96,0.0,0.0,0.0,313.3,3.39,104.0,877.96,
2010,6,10,22,15.35,69.5,0.0,0.0,0.0,311.9,3.03,103.0,878.28,
2010,6,10,23,15.06,71.04,0.0,0.0,0.0,311.0,2.99,103.0,878.25,
2010,6,11,0,14.78,72.57,0.0,0.0,0.0,310.1,2.95,104.0,878.22,
2010,6,11,1,14.49,74.11,0.0,0.0,0.0,309.2,2.91,105.0,878.19,
2010,6,11,2,14.01,75.15,0.0,0.0,0.0,307.88,2.88,106.0,878.31,
2010,6,11,3,13.54,76.2,0.0,0.0,0.0,306.57,2.86,108.0,878.42,
2010,6,11,4,13.07,77.24,0.0,0.0,0.0,305.25,2.83,110.0,878.53,
2010,6,11,5,13.97,75.78,0.0,0.0,0.0,306.12,3.53,107.0,879.02,
2010,6,11,6,14.87,74.33,0.0,0.0,0.0,306.98,4.23,105.0,879.51,
2010,6,11,7,15.77,72.87,97.0,445.21,37.0,307.85,4.94,103.0,880.0,
2010,6,11,8,17.54,67.75,318.0,696.65,74.0,314.13,4.95,97.0,879.8,
2010,6,11,9,19.3,62.63,527.0,816.2,90.0,320.42,4.97,91.0,879.6,
2010,6,11,10,21.07,57.51,691.0,873.63,99.0,326.7,4.98,86.0,879.4,
2010,6,11,11,21.76,54.63,796.0,901.95,104.0,338.22,4.38,83.0,878.33,
2010,6,11,12,22.46,51.74,837.0,928.48,96.0,349.73,3.78,81.0,877.27,
2010,6,11,13,23.15,48.86,797.0,902.22,104.0,361.25,3.19,79.0,876.21,
2010,6,11,14,22.6,49.66,650.0,702.16,173.0,367.5,3.31,84.0,875.84,
2010,6,11,15,22.06,50.46,525.0,799.54,95.0,373.75,3.44,89.0,875.47,
2010,6,11,16,21.51,51.26,321.0,707.84,71.0,380.0,3.57,94.0,875.09,
2010,6,11,17,20.34,56.8,100.0,463.6,36.0,379.23,3.64,98.0,875.67,
2010,6,11,18,19.17,62.34,0.0,0.0,0.0,378.47,3.71,102.0,876.24,
2010,6,11,19,18.0,67.88,0.0,0.0,0.0,377.7,3.78,106.0,876.81,
2010,6,11,20,17.45,71.38,0.0,0.0,0.0,376.17,3.37,106.0,877.27,
2010,6,11,21,16.89,74.87,0.0,0.0,0.0,374.63,2.97,106.0,877.73,
2010,6,11,22,16.34,78.37,0.0,0.0,0.0,373.1,2.57,106.0,878.19,
2010,6,11,23,16.22,79.99,0.0,0.0,0.0,373.15,2.75,106.0,878.19,
2010,6,12,0,16.09,81.62,0.0,0.0,0.0,373.2,2.94,106.0,878.19,
2010,6,12,1,15.97,83.24,0.0,0.0,0.0,373.25,3.13,106.0,878.19,
2010,6,12,2,15.69,84.55,0.0,0.0,0.0,370.9,2.97,105.0,878.16,
2010,6,12,3,15.41,85.86,0.0,0.0,0.0,368.55,2.8,103.0,878.13,
2010,6,12,4,15.13,87.17,0.0,0.0,0.0,366.2,2.63,102.0,878.1,
2010,6,12,5,15.74,86.09,0.0,0.0,0.0,367.08,3.09,101.0,878.59,
2010,6,12,6,16.35,85.0,0.0,0.0,0.0,367.97,3.54,99.0,879.08,
2010,6,12,7,16.95,83.92,80.0,224.46,50.0,368.85,4.0,98.0,879.57,
2010,6,12,8,18.37,76.65,129.0,11.46,125.0,369.28,3.72,94.0,879.45,
2010,6,12,9,19.78,69.37,307.0,101.07,253.0,369.72,3.44,90.0,879.34,
2010,6,12,10,21.19,62.1,628.0,632.57,200.0,370.15,3.16,86.0,879.22,
2010,6,12,11,21.81,57.69,795.0,901.69,104.0,369.83,2.86,88.0,878.25,
2010,6,12,12,22.44,53.28,832.0,910.48,106.0,369.52,2.56,90.0,877.27,
2010,6,12,13,23.06,48.87,787.0,867.62,121.0,369.2,2.26,92.0,876.3,
2010,6,12,14,22.56,49.73,668.0,776.06,141.0,370.43,2.01,102.0,876.07,
2010,6,12,15,22.07,50.6,528.0,814.45,90.0,371.67,1.76,111.0,875.84,
2010,6,12,16,21.57,51.46,314.0,656.52,82.0,372.9,1.5,120.0,875.61,
2010,6,12,17,20.16,57.69,100.0,462.36,36.0,366.83,1.81,119.0,876.04,
2010,6,12,18,18.74,63.91,0.0,0.0,0.0,360.77,2.11,118.0,876.47,
2010,6,12,19,17.32,70.14,0.0,0.0,0.0,354.7,2.41,117.0,876.9,
2010,6,12,20,16.51,75.15,0.0,0.0,0.0,346.38,2.38,114.0,877.3,
2010,6,12,21,15.69,80.15,0.0,0.0,0.0,338.07,2.34,111.0,877.7,
2010,6,12,22,14.88,85.16,0.0,0.0,0.0,329.75,2.3,108.0,878.1,
2010,6,12,23,14.51,87.73,0.0,0.0,0.0,325.77,2.31,103.0,877.99,
2010,6,13,0,14.15,90.3,0.0,0.0,0.0,321.78,2.31,98.0,877.88,
2010,6,13,1,13.78,92.87,0.0,0.0,0.0,317.8,2.32,93.0,877.76,
2010,6,13,2,13.19,94.05,0.0,0.0,0.0,315.12,2.51,88.0,877.9,
2010,6,13,3,12.61,95.23,0.0,0.0,0.0,312.43,2.71,83.0,878.05,
2010,6,13,4,12.03,96.41,0.0,0.0,0.0,309.75,2.91,78.0,878.19,
2010,6,13,5,13.26,93.67,0.0,0.0,0.0,308.98,2.94,78.0,878.53,
2010,6,13,6,14.49,90.94,0.0,0.0,0.0,308.22,2.97,77.0,878.88,
2010,6,13,7,15.71,88.2,93.0,414.9,38.0,307.45,3.01,77.0,879.22,
2010,6,13,8,18.03,76.36,315.0,695.42,73.0,314.6,3.09,84.0,879.05,
2010,6,13,9,20.35,64.53,521.0,798.91,95.0,321.75,3.17,92.0,878.88,
2010,6,13,10,22.67,52.69,688.0,871.77,99.0,328.9,3.26,99.0,878.71,
2010,6,13,11,23.29,48.2,798.0,918.33,95.0,336.97,3.21,110.0,877.79,
2010,6,13,12,23.92,43.7,835.0,927.52,96.0,345.03,3.16,120.0,876.87,
2010,6,13,13,24.55,39.21,804.0,935.87,86.0,353.1,3.12,131.0,875.95,
2010,6,13,14,23.62,40.03,699.0,905.9,84.0,348.83,2.99,132.0,875.81,
2010,6,13,15,22.7,40.86,528.0,814.4,90.0,344.57,2.87,133.0,875.67,
2010,6,13,16,21.77,41.68,314.0,656.07,82.0,340.3,2.74,134.0,875.52,
2010,6,13,17,19.99,47.98,101.0,468.16,36.0,332.15,2.72,129.0,876.01,
2010,6,13,18,18.2,54.27,0.0,0.0,0.0,324.0,2.7,124.0,876.5,
2010,6,13,19,16.42,60.57,0.0,0.0,0.0,315.85,2.68,119.0,876.99,
2010,6,13,20,15.56,64.96,0.0,0.0,0.0,312.45,2.71,115.0,877.27,
2010,6,13,21,14.69,69.34,0.0,0.0,0.0,309.05,2.75,112.0,877.56,
2010,6,13,22,13.83,73.73,0.0,0.0,0.0,305.65,2.79,108.0,877.85,
2010,6,13,23,13.3,76.99,0.0,0.0,0.0,302.67,3.02,106.0,877.59,
2010,6,14,0,12.78,80.25,0.0,0.0,0.0,299.68,3.25,104.0,877.33,
2010,6,14,1,12.25,83.51,0.0,0.0,0.0,296.7,3.48,102.0,877.07,
2010,6,14,2,11.68,84.18,0.0,0.0,0.0,293.65,3.55,98.0,877.01,
2010,6,14,3,11.12,84.86,0.0,0.0,0.0,290.6,3.62,93.0,876.96,
2010,6,14,4,10.56,85.53,0.0,0.0,0.0,287.55,3.7,88.0,876.9,
2010,6,14,5,11.92,83.09,0.0,0.0,0.0,287.37,3.43,88.0,877.33,
2010,6,14,6,13.28,80.66,0.0,0.0,0.0,287.18,3.15,87.0,877.76,
2010,6,14,7,14.64,78.22,93.0,425.85,37.0,287.0,2.88,87.0,878.19,
2010,6,14,8,17.1,67.08,317.0,720.62,67.0,295.95,3.17,88.0,878.22,
2010,6,14,9,19.55,55.95,522.0,813.59,89.0,304.9,3.45,89.0,878.25,
2010,6,14,10,22.01,44.81,691.0,887.77,92.0,313.85,3.74,90.0,878.28,
2010,6,14,11,22.72,41.54,793.0,900.93,104.0,319.1,3.44,84.0,877.16,
2010,6,14,12,23.44,38.28,830.0,910.59,105.0,324.35,3.14,78.0,876.04,
2010,6,14,13,24.15,35.01,799.0,918.03,95.0,329.6,2.84,72.0,874.92,
2010,6,14,14,23.39,36.32,694.0,888.37,91.0,329.37,2.45,74.0,874.55,
2010,6,14,15,22.64,37.62,516.0,754.75,110.0,329.13,2.05,76.0,874.17,
2010,6,14,16,21.88,38.93,316.0,666.81,80.0,328.9,1.66,79.0,873.8,
2010,6,14,17,19.72,46.79,101.0,466.59,36.0,324.32,1.99,87.0,874.23,
2010,6,14,18,17.55,54.64,0.0,0.0,0.0,319.73,2.33,95.0,874.66,
2010,6,14,19,15.38,62.5,0.0,0.0,0.0,315.15,2.66,104.0,875.09,
2010,6,14,20,14.67,66.42,0.0,0.0,0.0,313.6,2.78,99.0,875.32,
2010,6,14,21,13.96,70.33,0.0,0.0,0.0,312.05,2.9,93.0,875.55,
2010,6,14,22,13.25,74.25,0.0,0.0,0.0,310.5,3.02,88.0,875.78,
2010,6,14,23,12.78,77.76,0.0,0.0,0.0,308.18,2.97,82.0,875.69,
2010,6,15,0,12.32,81.28,0.0,0.0,0.0,305.87,2.93,76.0,875.61,
2010,6,15,1,11.85,84.79,0.0,0.0,0.0,303.55,2.88,70.0,875.52,
2010,6,15,2,11.41,85.9,0.0,0.0,0.0,301.97,2.84,62.0,875.64,
2010,6,15,3,10.98,87.01,0.0,0.0,0.0,300.38,2.79,53.0,875.75,
2010,6,15,4,10.55,88.12,0.0,0.0,0.0,298.8,2.74,45.0,875.87,
2010,6,15,5,12.05,84.41,0.0,0.0,0.0,298.62,2.58,43.0,876.21,
2010,6,15,6,13.56,80.71,0.0,0.0,0.0,298.43,2.41,40.0,876.56,
2010,6,15,7,15.06,77.0,93.0,444.55,35.0,298.25,2.25,37.0,876.9,
2010,6,15,8,17.78,64.91,314.0,705.41,70.0,307.33,1.82,24.0,876.84,
2010,6,15,9,20.49,52.83,521.0,813.18,89.0,316.42,1.39,10.0,876.78,
2010,6,15,10,23.2,40.74,686.0,871.08,99.0,325.5,0.97,357.0,876.73,
2010,6,15,11,23.8,38.7,792.0,900.43,104.0,332.22,1.14,329.0,875.81,
2010,6,15,12,24.4,36.65,829.0,909.89,105.0,338.93,1.31,301.0,874.89,
2010,6,15,13,25.0,34.61,798.0,917.05,95.0,345.65,1.48,273.0,873.97,
2010,6,15,14,24.22,35.84,698.0,904.64,84.0,341.33,1.47,252.0,873.83,
2010,6,15,15,23.43,37.07,528.0,813.99,90.0,337.02,1.46,232.0,873.69,
2010,6,15,16,22.65,38.3,320.0,694.36,74.0,332.7,1.45,211.0,873.54,
2010,6,15,17,20.32,45.06,99.0,421.96,40.0,326.42,2.07,198.0,874.06,
2010,6,15,18,17.98,51.83,0.0,0.0,0.0,320.13,2.7,185.0,874.58,
2010,6,15,19,15.65,58.59,0.0,0.0,0.0,313.85,3.32,172.0,875.09,
2010,6,15,20,14.95,60.63,0.0,0.0,0.0,311.3,3.46,165.0,875.44,
2010,6,15,21,14.24,62.68,0.0,0.0,0.0,308.75,3.6,159.0,875.78,
2010,6,15,22,13.54,64.72,0.0,0.0,0.0,306.2,3.74,152.0,876.13,
2010,6,15,23,13.24,66.75,0.0,0.0,0.0,305.93,3.73,142.0,876.1,
2010,6,16,0,12.94,68.79,0.0,0.0,0.0,305.67,3.72,131.0,876.07,
2010,6,16,1,12.64,70.82,0.0,0.0,0.0,305.4,3.71,120.0,876.04,
2010,6,16,2,12.39,71.41,0.0,0.0,0.0,311.65,3.82,116.0,876.21,
2010,6,16,3,12.14,72.0,0.0,0.0,0.0,317.9,3.93,113.0,876.38,
2010,6,16,4,11.9,72.59,0.0,0.0,0.0,324.15,4.04,110.0,876.56,
2010,6,16,5,13.22,70.23,0.0,0.0,0.0,320.45,3.71,122.0,877.04,
2010,6,16,6,14.54,67.86,0.0,0.0,0.0,316.75,3.37,135.0,877.53,
2010,6,16,7,15.86,65.5,88.0,370.74,40.0,313.05,3.03,147.0,878.02,
2010,6,16,8,18.12,57.12,308.0,663.93,79.0,315.53,3.17,146.0,878.05,
2010,6,16,9,20.37,48.74,517.0,797.61,94.0,318.02,3.3,146.0,878.08,
2010,6,16,10,22.63,40.36,685.0,870.61,99.0,320.5,3.43,145.0,878.1,
2010,6,16,11,23.17,38.78,786.0,882.82,112.0,322.93,3.29,141.0,877.22,
2010,6,16,12,23.72,37.2,828.0,909.11,105.0,325.37,3.15,136.0,876.33,
2010,6,16,13,24.27,35.62,798.0,917.3,95.0,327.8,3.01,132.0,875.44,
2010,6,16,14,23.51,36.84,687.0,854.53,107.0,327.0,2.75,132.0,875.15,
2010,6,16,15,22.74,38.05,522.0,783.92,100.0,326.2,2.5,131.0,874.86,
2010,6,16,16,21.98,39.27,322.0,707.65,71.0,325.4,2.25,131.0,874.58,
2010,6,16,17,20.31,44.44,104.0,491.52,35.0,322.23,2.44,133.0,875.24,
2010,6,16,18,18.63,49.62,0.0,0.0,0.0,319.07,2.63,134.0,875.9,
2010,6,16,19,16.96,54.79,0.0,0.0,0.0,315.9,2.81,135.0,876.56,
2010,6,16,20,16.25,57.64,0.0,0.0,0.0,317.05,2.81,137.0,876.99,
2010,6,16,21,15.53,60.5,0.0,0.0,0.0,318.2,2.81,138.0,877.42,
2010,6,16,22,14.82,63.35,0.0,0.0,0.0,319.35,2.81,140.0,877.85,
2010,6,16,23,14.38,65.58,0.0,0.0,0.0,318.13,3.05,142.0,877.85,
2010,6,17,0,13.95,67.8,0.0,0.0,0.0,316.92,3.28,145.0,877.85,
2010,6,17,1,13.51,70.03,0.0,0.0,0.0,315.7,3.52,147.0,877.85,
2010,6,17,2,13.28,68.62,0.0,0.0,0.0,312.25,3.23,142.0,878.1,
2010,6,17,3,13.05,67.22,0.0,0.0,0.0,308.8,2.94,137.0,878.36,
2010,6,17,4,12.83,65.81,0.0,0.0,0.0,305.35,2.65,132.0,878.62,
2010,6,17,5,13.71,65.29,0.0,0.0,0.0,306.18,3.24,128.0,879.22,
2010,6,17,6,14.59,64.78,0.0,0.0,0.0,307.02,3.83,124.0,879.83,
2010,6,17,7,15.47,64.26,91.0,428.01,36.0,307.85,4.43,120.0,880.43,
2010,6,17,8,16.86,61.22,271.0,427.36,124.0,314.97,4.94,114.0,880.51,
2010,6,17,9,18.25,58.17,513.0,781.91,99.0,322.08,5.45,108.0,880.6,
2010,6,17,10,19.64,55.13,676.0,837.34,113.0,329.2,5.96,103.0,880.69,
2010,6,17,11,19.91,54.24,777.0,849.38,129.0,335.1,5.74,100.0,880.03,
2010,6,17,12,20.19,53.35,777.0,732.14,195.0,341.0,5.52,97.0,879.37,
2010,6,17,13,20.46,52.46,574.0,275.37,363.0,346.9,5.3,95.0,878.71,
2010,6,17,14,19.91,53.19,579.0,469.93,260.0,353.28,5.34,99.0,878.53,
2010,6,17,15,19.36,53.91,446.0,449.3,204.0,359.67,5.39,103.0,878.36,
2010,6,17,16,18.81,54.64,237.0,230.88,155.0,366.05,5.43,107.0,878.19,
2010,6,17,17,17.84,59.03,79.0,177.33,54.0,359.05,4.87,110.0,878.76,
2010,6,17,18,16.87,63.43,0.0,0.0,0.0,352.05,4.31,112.0,879.34,
2010,6,17,19,15.9,67.82,0.0,0.0,0.0,345.05,3.75,114.0,879.91,
2010,6,17,20,15.29,69.81,0.0,0.0,0.0,337.23,3.7,114.0,880.26,
2010,6,17,21,14.69,71.79,0.0,0.0,0.0,329.42,3.64,113.0,880.6,
2010,6,17,22,14.08,73.78,0.0,0.0,0.0,321.6,3.59,112.0,880.94,
2010,6,17,23,13.76,75.28,0.0,0.0,0.0,317.95,3.82,111.0,881.03,
2010,6,18,0,13.43,76.79,0.0,0.0,0.0,314.3,4.06,110.0,881.12,
2010,6,18,1,13.11,78.29,0.0,0.0,0.0,310.65,4.29,108.0,881.2,
2010,6,18,2,12.64,80.08,0.0,0.0,0.0,313.1,4.2,108.0,881.26,
2010,6,18,3,12.18,81.88,0.0,0.0,0.0,315.55,4.11,108.0,881.32,
2010,6,18,4,11.72,83.67,0.0,0.0,0.0,318.0,4.03,108.0,881.38,
2010,6,18,5,12.25,82.96,0.0,0.0,0.0,318.48,5.37,106.0,881.83,
2010,6,18,6,12.78,82.24,0.0,0.0,0.0,318.97,6.71,104.0,882.29,
2010,6,18,7,13.31,81.53,38.0,7.84,37.0,319.45,8.06,101.0,882.75,
2010,6,18,8,14.54,75.67,69.0,0.0,69.0,322.02,7.82,99.0,882.87,
2010,6,18,9,15.76,69.8,82.0,0.0,82.0,324.58,7.59,97.0,882.98,
2010,6,18,10,16.98,63.94,140.0,0.0,140.0,327.15,7.35,95.0,883.1,
2010,6,18,11,17.59,61.28,151.0,0.0,151.0,332.22,6.69,96.0,882.18,
2010,6,18,12,18.21,58.62,120.0,0.0,120.0,337.28,6.04,96.0,881.26,
2010,6,18,13,18.82,55.96,139.0,0.0,139.0,342.35,5.38,96.0,880.34,
2010,6,18,14,18.09,57.28,107.0,0.0,107.0,346.45,5.43,100.0,880.34,
2010,6,18,15,17.37,58.6,148.0,0.0,148.0,350.55,5.49,103.0,880.34,
2010,6,18,16,16.64,59.92,108.0,2.81,107.0,354.65,5.54,106.0,880.34,
2010,6,18,17,15.83,62.76,64.0,77.67,53.0,347.05,4.81,107.0,880.8,
2010,6,18,18,15.01,65.61,0.0,0.0,0.0,339.45,4.07,108.0,881.26,
2010,6,18,19,14.2,68.45,0.0,0.0,0.0,331.85,3.34,109.0,881.72,
2010,6,18,20,13.75,69.83,0.0,0.0,0.0,327.77,3.64,108.0,881.95,
2010,6,18,21,13.3,71.2,0.0,0.0,0.0,323.68,3.94,107.0,882.18,
2010,6,18,22,12.85,72.58,0.0,0.0,0.0,319.6,4.25,105.0,882.41,
2010,6,18,23,12.51,74.52,0.0,0.0,0.0,315.73,4.0,104.0,882.26,
2010,6,19,0,12.17,76.46,0.0,0.0,0.0,311.87,3.74,104.0,882.12,
2010,6,19,1,11.83,78.4,0.0,0.0,0.0,308.0,3.49,103.0,881.98,
2010,6,19,2,11.22,80.76,0.0,0.0,0.0,304.88,3.49,104.0,882.06,
2010,6,19,3,10.62,83.12,0.0,0.0,0.0,301.77,3.5,105.0,882.15,
2010,6,19,4,10.02,85.48,0.0,0.0,0.0,298.65,3.5,106.0,882.24,
2010,6,19,5,10.75,83.23,0.0,0.0,0.0,296.73,4.43,105.0,882.52,
2010,6,19,6,11.49,80.99,0.0,0.0,0.0,294.82,5.36,104.0,882.81,
2010,6,19,7,12.22,78.74,91.0,465.79,32.0,292.9,6.29,102.0,883.1,
2010,6,19,8,14.01,70.52,312.0,715.9,67.0,295.95,6.21,98.0,882.81,
2010,6,19,9,15.79,62.31,517.0,810.72,89.0,299.0,6.13,94.0,882.52,
2010,6,19,10,17.58,54.09,686.0,885.1,92.0,302.05,6.06,90.0,882.24,
2010,6,19,11,18.2,52.16,793.0,916.0,95.0,312.35,5.5,92.0,881.35,
2010,6,19,12,18.83,50.23,808.0,840.83,140.0,322.65,4.95,94.0,880.46,
2010,6,19,13,19.45,48.3,793.0,899.24,104.0,332.95,4.4,96.0,879.57,
2010,6,19,14,18.69,50.33,499.0,266.49,318.0,343.53,3.95,102.0,879.4,
2010,6,19,15,17.92,52.37,341.0,155.73,257.0,354.12,3.51,107.0,879.22,
2010,6,19,16,17.16,54.4,291.0,491.22,116.0,364.7,3.06,112.0,879.05,
2010,6,19,17,16.32,57.22,93.0,323.23,47.0,356.05,3.25,113.0,879.48,
2010,6,19,18,15.47,60.05,0.0,0.0,0.0,347.4,3.43,114.0,879.91,
2010,6,19,19,14.63,62.87,0.0,0.0,0.0,338.75,3.61,115.0,880.34,
2010,6,19,20,13.83,65.6,0.0,0.0,0.0,327.62,3.26,113.0,880.57,
2010,6,19,21,13.03,68.32,0.0,0.0,0.0,316.48,2.9,112.0,880.8,
2010,6,19,22,12.23,71.05,0.0,0.0,0.0,305.35,2.54,110.0,881.03,
2010,6,19,23,11.85,73.08,0.0,0.0,0.0,301.27,2.55,110.0,880.89,
2010,6,20,0,11.48,75.1,0.0,0.0,0.0,297.18,2.57,110.0,880.74,
2010,6,20,1,11.1,77.13,0.0,0.0,0.0,293.1,2.58,110.0,880.6,
2010,6,20,2,10.67,79.32,0.0,0.0,0.0,294.68,2.53,109.0,880.69,
2010,6,20,3,10.25,81.5,0.0,0.0,0.0,296.27,2.48,109.0,880.77,
2010,6,20,4,9.83,83.69,0.0,0.0,0.0,297.85,2.43,109.0,880.86,
2010,6,20,5,10.75,81.9,0.0,0.0,0.0,298.92,3.02,108.0,881.29,
2010,6,20,6,11.67,80.12,0.0,0.0,0.0,299.98,3.6,106.0,881.72,
2010,6,20,7,12.59,78.33,90.0,445.13,34.0,301.05,4.19,105.0,882.15,
2010,6,20,8,14.36,70.56,311.0,714.65,67.0,304.95,4.61,101.0,881.86,
2010,6,20,9,16.13,62.8,516.0,809.88,89.0,308.85,5.03,97.0,881.58,
2010,6,20,10,17.9,55.03,685.0,885.81,91.0,312.75,5.45,93.0,881.29,
2010,6,20,11,18.59,52.4,788.0,898.03,104.0,322.63,4.95,93.0,880.23,
2010,6,20,12,19.29,49.78,730.0,589.19,262.0,332.52,4.46,93.0,879.17,
2010,6,20,13,19.99,47.15,604.0,336.69,346.0,342.4,3.96,93.0,878.1,
2010,6,20,14,19.26,47.89,469.0,206.04,329.0,345.93,3.69,99.0,878.13,
2010,6,20,15,18.53,48.64,450.0,461.24,201.0,349.47,3.43,105.0,878.16,
2010,6,20,16,17.8,49.38,261.0,327.84,144.0,353.0,3.16,112.0,878.19,
2010,6,20,17,17.0,52.51,104.0,461.41,38.0,354.07,3.2,115.0,878.76,
2010,6,20,18,16.2,55.63,0.0,0.0,0.0,355.13,3.24,118.0,879.34,
2010,6,20,19,15.4,58.76,0.0,0.0,0.0,356.2,3.28,121.0,879.91,
2010,6,20,20,14.7,61.71,0.0,0.0,0.0,346.27,3.03,121.0,879.97,
2010,6,20,21,13.99,64.66,0.0,0.0,0.0,336.33,2.79,121.0,880.03,
2010,6,20,22,13.29,67.61,0.0,0.0,0.0,326.4,2.54,121.0,880.08,
2010,6,20,23,12.87,69.99,0.0,0.0,0.0,321.25,2.75,121.0,879.91,
2010,6,21,0,12.45,72.37,0.0,0.0,0.0,316.1,2.96,120.0,879.74,
2010,6,21,1,12.03,74.75,0.0,0.0,0.0,310.95,3.17,120.0,879.57,
2010,6,21,2,11.68,75.54,0.0,0.0,0.0,316.53,3.01,118.0,879.8,
2010,6,21,3,11.33,76.33,0.0,0.0,0.0,322.12,2.85,116.0,880.03,
2010,6,21,4,10.99,77.12,0.0,0.0,0.0,327.7,2.69,114.0,880.26,
2010,6,21,5,11.76,75.37,0.0,0.0,0.0,329.37,3.29,111.0,880.69,
2010,6,21,6,12.53,73.63,0.0,0.0,0.0,331.03,3.89,109.0,881.12,
2010,6,21,7,13.29,71.88,71.0,200.03,46.0,332.7,4.48,107.0,881.55,
2010,6,21,8,14.76,63.98,308.0,698.62,70.0,330.98,4.85,104.0,881.32,
2010,6,21,9,16.23,56.07,515.0,808.96,89.0,329.27,5.22,102.0,881.09,
2010,6,21,10,17.7,48.17,654.0,758.09,146.0,327.55,5.59,100.0,880.86,
2010,6,21,11,18.4,46.17,787.0,898.35,103.0,328.12,5.31,101.0,879.85,
2010,6,21,12,19.11,44.18,817.0,873.78,123.0,328.68,5.03,102.0,878.85,
2010,6,21,13,19.81,42.18,797.0,915.92,95.0,329.25,4.76,103.0,877.85,
2010,6,21,14,19.0,43.27,695.0,886.96,92.0,323.63,4.25,105.0,877.65,
2010,6,21,15,18.19,44.37,529.0,814.23,89.0,318.02,3.74,108.0,877.44,
2010,6,21,16,17.38,45.46,327.0,721.58,69.0,312.4,3.23,111.0,877.24,
2010,6,21,17,15.98,50.47,106.0,493.73,35.0,307.23,3.04,113.0,877.76,
2010,6,21,18,14.57,55.49,0.0,0.0,0.0,302.07,2.85,115.0,878.28,
2010,6,21,19,13.17,60.5,0.0,0.0,0.0,296.9,2.66,117.0,878.79,
2010,6,21,20,12.52,63.44,0.0,0.0,0.0,295.02,2.87,117.0,878.94,
2010,6,21,21,11.87,66.37,0.0,0.0,0.0,293.13,3.09,116.0,879.08,
2010,6,21,22,11.22,69.31,0.0,0.0,0.0,291.25,3.3,115.0,879.22,
2010,6,21,23,10.97,71.28,0.0,0.0,0.0,290.12,2.94,114.0,879.08,
2010,6,22,0,10.71,73.26,0.0,0.0,0.0,288.98,2.59,114.0,878.94,
2010,6,22,1,10.46,75.23,0.0,0.0,0.0,287.85,2.23,113.0,878.79,
2010,6,22,2,9.99,76.52,0.0,0.0,0.0,286.4,2.35,113.0,878.88,
2010,6,22,3,9.53,77.8,0.0,0.0,0.0,284.95,2.47,112.0,878.97,
2010,6,22,4,9.07,79.09,0.0,0.0,0.0,283.5,2.59,112.0,879.05,
2010,6,22,5,10.2,76.6,0.0,0.0,0.0,284.75,2.99,109.0,879.42,
2010,6,22,6,11.34,74.11,0.0,0.0,0.0,286.0,3.39,105.0,879.8,
2010,6,22,7,12.47,71.62,87.0,434.81,33.0,287.25,3.79,102.0,880.17,
2010,6,22,8,14.4,64.35,307.0,700.06,69.0,293.4,4.12,97.0,879.97,
2010,6,22,9,16.33,57.09,514.0,809.84,88.0,299.55,4.46,91.0,879.77,
2010,6,22,10,18.26,49.82,672.0,836.19,112.0,305.7,4.79,86.0,879.57,
2010,6,22,11,19.05,47.15,713.0,637.16,228.0,311.77,4.52,87.0,878.59,
2010,6,22,12,19.84,44.48,821.0,890.13,114.0,317.83,4.25,87.0,877.62,
2010,6,22,13,20.63,41.81,793.0,898.7,104.0,323.9,3.99,88.0,876.64,
2010,6,22,14,19.79,43.56,691.0,870.24,99.0,325.6,3.92,94.0,876.58,
2010,6,22,15,18.95,45.3,527.0,798.56,95.0,327.3,3.86,101.0,876.53,
2010,6,22,16,18.11,47.05,329.0,736.87,65.0,329.0,3.79,107.0,876.47,
2010,6,22,17,16.64,52.61,109.0,518.65,34.0,321.27,3.59,111.0,877.1,
2010,6,22,18,15.17,58.17,0.0,0.0,0.0,313.53,3.39,115.0,877.73,
2010,6,22,19,13.7,63.73,0.0,0.0,0.0,305.8,3.19,119.0,878.36,
2010,6,22,20,12.99,66.88,0.0,0.0,0.0,302.13,3.0,118.0,878.68,
2010,6,22,21,12.29,70.03,0.0,0.0,0.0,298.47,2.81,116.0,878.99,
2010,6,22,22,11.58,73.18,0.0,0.0,0.0,294.8,2.62,115.0,879.31,
2010,6,22,23,11.3,74.97,0.0,0.0,0.0,292.67,2.63,113.0,879.22,
2010,6,23,0,11.02,76.77,0.0,0.0,0.0,290.53,2.65,110.0,879.14,
2010,6,23,1,10.74,78.56,0.0,0.0,0.0,288.4,2.66,108.0,879.05,
2010,6,23,2,10.41,79.53,0.0,0.0,0.0,289.05,2.65,107.0,879.14,
2010,6,23,3,10.08,80.5,0.0,0.0,0.0,289.7,2.63,106.0,879.22,
2010,6,23,4,9.75,81.47,0.0,0.0,0.0,290.35,2.62,105.0,879.31,
2010,6,23,5,10.71,78.85,0.0,0.0,0.0,292.32,3.25,105.0,879.74,
2010,6,23,6,11.68,76.22,0.0,0.0,0.0,294.28,3.88,106.0,880.17,
2010,6,23,7,12.64,73.6,87.0,437.44,33.0,296.25,4.51,106.0,880.6,
2010,6,23,8,14.44,65.08,306.0,698.46,69.0,301.08,4.79,104.0,880.51,
2010,6,23,9,16.23,56.56,511.0,793.5,94.0,305.92,5.06,102.0,880.43,
2010,6,23,10,18.02,48.04,611.0,602.06,208.0,310.75,5.34,101.0,880.34,
2010,6,23,11,18.79,45.83,586.0,308.78,351.0,312.43,5.09,101.0,879.37,
2010,6,23,12,19.57,43.63,743.0,629.45,243.0,314.12,4.83,102.0,878.39,
2010,6,23,13,20.34,41.42,758.0,769.27,168.0,315.8,4.58,102.0,877.42,
2010,6,23,14,19.66,42.48,684.0,838.77,113.0,313.92,4.35,104.0,877.24,
2010,6,23,15,18.98,43.55,519.0,755.13,110.0,312.03,4.13,106.0,877.07,
2010,6,23,16,18.3,44.61,298.0,515.26,113.0,310.15,3.9,108.0,876.9,
2010,6,23,17,16.83,49.92,107.0,474.4,38.0,307.45,3.77,112.0,877.59,
2010,6,23,18,15.35,55.24,0.0,0.0,0.0,304.75,3.64,116.0,878.28,
2010,6,23,19,13.88,60.55,0.0,0.0,0.0,302.05,3.5,121.0,878.97,
2010,6,23,20,13.29,63.65,0.0,0.0,0.0,301.53,3.16,120.0,879.28,
2010,6,23,21,12.7,66.74,0.0,0.0,0.0,301.02,2.82,119.0,879.6,
2010,6,23,22,12.11,69.84,0.0,0.0,0.0,300.5,2.48,118.0,879.91,
2010,6,23,23,11.88,72.43,0.0,0.0,0.0,299.55,2.49,118.0,879.83,
2010,6,24,0,11.65,75.03,0.0,0.0,0.0,298.6,2.49,117.0,879.74,
2010,6,24,1,11.42,77.62,0.0,0.0,0.0,297.65,2.5,117.0,879.65,
2010,6,24,2,11.23,78.62,0.0,0.0,0.0,299.38,2.51,118.0,879.63,
2010,6,24,3,11.04,79.63,0.0,0.0,0.0,301.12,2.51,119.0,879.6,
2010,6,24,4,10.85,80.63,0.0,0.0,0.0,302.85,2.52,121.0,879.57,
2010,6,24,5,11.99,78.65,0.0,0.0,0.0,303.72,3.06,119.0,879.97,
2010,6,24,6,13.14,76.67,0.0,0.0,0.0,304.58,3.59,117.0,880.37,
2010,6,24,7,14.28,74.69,86.0,423.66,34.0,305.45,4.12,115.0,880.77,
2010,6,24,8,16.0,68.01,306.0,696.75,70.0,313.33,4.92,108.0,880.72,
2010,6,24,9,17.71,61.33,513.0,807.51,89.0,321.22,5.71,100.0,880.66,
2010,6,24,10,19.42,54.65,667.0,819.01,119.0,329.1,6.51,93.0,880.6,
2010,6,24,11,20.11,51.68,521.0,191.85,375.0,341.32,6.19,94.0,879.8,
2010,6,24,12,20.81,48.72,561.0,215.23,390.0,353.53,5.87,94.0,878.99,
2010,6,24,13,21.51,45.75,180.0,0.0,180.0,365.75,5.54,95.0,878.19,
2010,6,24,14,20.81,47.88,428.0,137.97,334.0,366.93,5.57,101.0,878.16,
2010,6,24,15,20.11,50.0,132.0,0.0,132.0,368.12,5.59,106.0,878.13,
2010,6,24,16,19.41,52.13,235.0,211.2,159.0,369.3,5.61,112.0,878.1,
2010,6,24,17,18.36,56.99,109.0,505.74,35.0,363.92,4.77,114.0,878.56,
2010,6,24,18,17.31,61.84,0.0,0.0,0.0,358.53,3.92,117.0,879.02,
2010,6,24,19,16.26,66.7,0.0,0.0,0.0,353.15,3.08,119.0,879.48,
2010,6,24,20,15.49,70.51,0.0,0.0,0.0,343.28,3.1,117.0,879.71,
2010,6,24,21,14.73,74.31,0.0,0.0,0.0,333.42,3.12,115.0,879.94,
2010,6,24,22,13.96,78.12,0.0,0.0,0.0,323.55,3.14,113.0,880.17,
2010,6,24,23,13.59,80.44,0.0,0.0,0.0,318.55,3.2,111.0,880.11,
2010,6,25,0,13.21,82.76,0.0,0.0,0.0,313.55,3.26,109.0,880.06,
2010,6,25,1,12.84,85.08,0.0,0.0,0.0,308.55,3.32,106.0,880.0,
2010,6,25,2,12.42,86.21,0.0,0.0,0.0,306.05,3.27,107.0,880.03,
2010,6,25,3,12.0,87.34,0.0,0.0,0.0,303.55,3.21,107.0,880.06,
2010,6,25,4,11.59,88.47,0.0,0.0,0.0,301.05,3.16,108.0,880.08,
2010,6,25,5,12.39,86.32,0.0,0.0,0.0,301.75,4.48,106.0,880.51,
2010,6,25,6,13.19,84.16,0.0,0.0,0.0,302.45,5.8,105.0,880.94,
2010,6,25,7,13.98,82.01,86.0,450.53,31.0,303.15,7.12,103.0,881.38,
2010,6,25,8,15.5,74.59,305.0,697.88,69.0,308.87,6.86,101.0,881.17,
2010,6,25,9,17.02,67.16,509.0,792.87,93.0,314.58,6.61,98.0,880.97,
2010,6,25,10,18.54,59.74,379.0,85.21,322.0,320.3,6.36,95.0,880.77,
2010,6,25,11,19.05,57.4,521.0,191.85,375.0,333.72,5.88,95.0,879.91,
2010,6,25,12,19.57,55.05,353.0,18.87,338.0,347.13,5.4,95.0,879.05,
2010,6,25,13,20.09,52.71,369.0,33.87,343.0,360.55,4.92,95.0,878.19,
2010,6,25,14,19.57,52.88,543.0,363.68,295.0,360.35,4.65,98.0,878.08,
2010,6,25,15,19.06,53.05,391.0,265.15,247.0,360.15,4.38,102.0,877.96,
2010,6,25,16,18.54,53.22,295.0,493.46,117.0,359.95,4.11,106.0,877.85,
2010,6,25,17,17.26,58.56,108.0,475.45,38.0,351.68,3.77,110.0,878.31,
2010,6,25,18,15.98,63.89,0.0,0.0,0.0,343.42,3.43,113.0,878.76,
2010,6,25,19,14.7,69.23,0.0,0.0,0.0,335.15,3.09,117.0,879.22,
2010,6,25,20,13.88,72.86,0.0,0.0,0.0,324.48,3.0,117.0,879.4,
2010,6,25,21,13.05,76.48,0.0,0.0,0.0,313.82,2.91,118.0,879.57,
2010,6,25,22,12.23,80.11,0.0,0.0,0.0,303.15,2.81,118.0,879.74,
2010,6,25,23,11.95,81.71,0.0,0.0,0.0,300.18,2.73,118.0,879.57,
2010,6,26,0,11.66,83.3,0.0,0.0,0.0,297.22,2.65,118.0,879.4,
2010,6,26,1,11.38,84.9,0.0,0.0,0.0,294.25,2.57,117.0,879.22,
2010,6,26,2,10.89,86.05,0.0,0.0,0.0,292.48,2.53,117.0,879.25,
2010,6,26,3,10.4,87.2,0.0,0.0,0.0,290.72,2.49,118.0,879.28,
2010,6,26,4,9.91,88.35,0.0,0.0,0.0,288.95,2.46,118.0,879.31,
2010,6,26,5,11.0,85.1,0.0,0.0,0.0,289.63,2.94,116.0,879.71,
2010,6,26,6,12.1,81.86,0.0,0.0,0.0,290.32,3.43,115.0,880.11,
2010,6,26,7,13.19,78.61,86.0,444.6,32.0,291.0,3.92,113.0,880.51,
2010,6,26,8,15.02,69.93,304.0,695.94,69.0,296.85,4.5,111.0,880.28,
2010,6,26,9,16.84,61.24,512.0,806.71,89.0,302.7,5.08,108.0,880.06,
2010,6,26,10,18.67,52.56,678.0,867.26,98.0,308.55,5.66,106.0,879.83,
2010,6,26,11,19.41,50.22,782.0,880.31,112.0,313.2,5.32,107.0,878.82,
2010,6,26,12,20.16,47.89,666.0,421.37,331.0,317.85,4.98,107.0,877.82,
2010,6,26,13,20.9,45.55,623.0,376.18,334.0,322.5,4.65,108.0,876.81,
2010,6,26,14,20.11,46.2,647.0,687.08,178.0,331.43,4.35,108.0,876.58,
2010,6,26,15,19.32,46.84,468.0,518.47,186.0,340.37,4.06,109.0,876.35,
2010,6,26,16,18.53,47.49,304.0,539.24,109.0,349.3,3.77,110.0,876.13,
2010,6,26,17,17.42,51.54,106.0,438.69,41.0,343.85,3.37,112.0,876.64,
2010,6,26,18,16.3,55.58,0.0,0.0,0.0,338.4,2.97,114.0,877.16,
2010,6,26,19,15.19,59.63,0.0,0.0,0.0,332.95,2.57,115.0,877.67,
2010,6,26,20,14.31,63.46,0.0,0.0,0.0,324.83,2.74,114.0,878.02,
2010,6,26,21,13.44,67.29,0.0,0.0,0.0,316.72,2.92,112.0,878.36,
2010,6,26,22,12.56,71.12,0.0,0.0,0.0,308.6,3.1,110.0,878.71,
2010,6,26,23,12.01,74.74,0.0,0.0,0.0,303.43,3.12,108.0,878.62,
2010,6,27,0,11.46,78.35,0.0,0.0,0.0,298.27,3.13,105.0,878.53,
2010,6,27,1,10.91,81.97,0.0,0.0,0.0,293.1,3.14,102.0,878.45,
2010,6,27,2,10.11,83.84,0.0,0.0,0.0,288.77,3.26,97.0,878.53,
2010,6,27,3,9.32,85.71,0.0,0.0,0.0,284.43,3.38,92.0,878.62,
2010,6,27,4,8.53,87.58,0.0,0.0,0.0,280.1,3.5,87.0,878.71,
2010,6,27,5,9.88,84.31,0.0,0.0,0.0,280.45,3.38,87.0,879.28,
2010,6,27,6,11.23,81.05,0.0,0.0,0.0,280.8,3.26,86.0,879.85,
2010,6,27,7,12.58,77.78,82.0,397.08,34.0,281.15,3.14,86.0,880.43,
2010,6,27,8,14.8,68.27,302.0,682.02,72.0,288.8,3.43,83.0,880.31,
2010,6,27,9,17.01,58.76,511.0,807.12,88.0,296.45,3.71,80.0,880.2,
2010,6,27,10,19.23,49.25,678.0,865.85,99.0,304.1,4.0,77.0,880.08,
2010,6,27,11,19.96,45.68,786.0,897.21,103.0,309.82,3.83,80.0,879.14,
2010,6,27,12,20.7,42.12,767.0,700.28,210.0,315.53,3.66,84.0,878.19,
2010,6,27,13,21.44,38.55,764.0,784.32,161.0,321.25,3.49,87.0,877.24,
2010,6,27,14,20.71,39.93,606.0,540.0,237.0,323.18,3.77,93.0,877.01,
2010,6,27,15,19.98,41.31,475.0,541.51,180.0,325.12,4.06,99.0,876.78,
2010,6,27,16,19.25,42.69,321.0,645.4,87.0,327.05,4.34,105.0,876.56,
2010,6,27,17,18.26,46.39,103.0,382.19,46.0,332.43,4.31,109.0,877.27,
2010,6,27,18,17.26,50.09,0.0,0.0,0.0,337.82,4.28,113.0,877.99,
2010,6,27,19,16.27,53.79,0.0,0.0,0.0,343.2,4.25,117.0,878.71,
2010,6,27,20,15.78,55.88,0.0,0.0,0.0,344.65,4.04,116.0,879.11,
2010,6,27,21,15.29,57.96,0.0,0.0,0.0,346.1,3.83,115.0,879.51,
2010,6,27,22,14.8,60.05,0.0,0.0,0.0,347.55,3.61,114.0,879.91,
2010,6,27,23,14.48,62.62,0.0,0.0,0.0,343.2,3.57,113.0,879.83,
2010,6,28,0,14.17,65.18,0.0,0.0,0.0,338.85,3.53,112.0,879.74,
2010,6,28,1,13.85,67.75,0.0,0.0,0.0,334.5,3.49,110.0,879.65,
2010,6,28,2,13.44,71.01,0.0,0.0,0.0,331.15,3.24,111.0,879.8,
2010,6,28,3,13.04,74.28,0.0,0.0,0.0,327.8,2.98,111.0,879.94,
2010,6,28,4,12.64,77.54,0.0,0.0,0.0,324.45,2.73,111.0,880.08,
2010,6,28,5,13.16,78.57,0.0,0.0,0.0,323.53,3.32,110.0,880.54,
2010,6,28,6,13.68,79.59,0.0,0.0,0.0,322.62,3.92,108.0,881.0,
2010,6,28,7,14.19,80.62,78.0,340.66,37.0,321.7,4.51,107.0,881.46,
2010,6,28,8,15.45,73.94,296.0,644.21,79.0,328.57,4.98,102.0,881.49,
2010,6,28,9,16.7,67.26,505.0,776.89,98.0,335.43,5.45,96.0,881.52,
2010,6,28,10,17.96,60.58,678.0,865.84,99.0,342.3,5.92,91.0,881.55,
2010,6,28,11,18.5,57.28,786.0,896.95,103.0,346.72,5.31,88.0,880.69,
2010,6,28,12,19.04,53.98,831.0,924.82,95.0,351.13,4.69,86.0,879.83,
2010,6,28,13,19.58,50.68,765.0,784.97,161.0,355.55,4.08,83.0,878.97,
2010,6,28,14,19.0,51.86,572.0,435.59,274.0,359.58,4.03,93.0,878.71,
2010,6,28,15,18.41,53.04,408.0,306.03,241.0,363.62,3.98,102.0,878.45,
2010,6,28,16,17.83,54.22,335.0,739.92,66.0,367.65,3.93,112.0,878.19,
2010,6,28,17,16.87,59.51,110.0,472.89,39.0,360.85,3.99,114.0,878.74,
2010,6,28,18,15.9,64.79,0.0,0.0,0.0,354.05,4.05,116.0,879.28,
2010,6,28,19,14.93,70.08,0.0,0.0,0.0,347.25,4.11,118.0,879.83,
2010,6,28,20,14.26,74.2,0.0,0.0,0.0,339.78,3.82,115.0,880.2,
2010,6,28,21,13.6,78.33,0.0,0.0,0.0,332.32,3.53,113.0,880.57,
2010,6,28,22,12.93,82.45,0.0,0.0,0.0,324.85,3.24,110.0,880.94,
2010,6,28,23,12.67,84.9,0.0,0.0,0.0,320.88,3.18,110.0,880.86,
2010,6,29,0,12.41,87.34,0.0,0.0,0.0,316.92,3.11,109.0,880.77,
2010,6,29,1,12.15,89.79,0.0,0.0,0.0,312.95,3.05,108.0,880.69,
2010,6,29,2,12.03,91.22,0.0,0.0,0.0,311.93,2.86,106.0,880.57,
2010,6,29,3,11.91,92.65,0.0,0.0,0.0,310.92,2.66,103.0,880.46,
2010,6,29,4,11.79,94.08,0.0,0.0,0.0,309.9,2.47,101.0,880.34,
2010,6,29,5,12.52,91.93,0.0,0.0,0.0,310.02,3.09,101.0,880.69,
2010,6,29,6,13.25,89.79,0.0,0.0,0.0,310.13,3.71,100.0,881.03,
2010,6,29,7,13.98,87.64,78.0,342.03,37.0,310.25,4.33,100.0,881.38,
2010,6,29,8,15.69,77.84,271.0,472.48,112.0,318.78,4.47,98.0,881.29,
2010,6,29,9,17.39,68.05,482.0,662.53,135.0,327.32,4.61,96.0,881.2,
2010,6,29,10,19.09,58.25,674.0,849.3,106.0,335.85,4.74,94.0,881.12,
2010,6,29,11,19.74,54.75,787.0,896.6,104.0,341.43,4.28,94.0,880.03,
2010,6,29,12,20.4,51.26,809.0,840.09,140.0,347.02,3.81,93.0,878.94,
2010,6,29,13,21.06,47.76,580.0,283.06,362.0,352.6,3.34,93.0,877.85,
2010,6,29,14,20.47,48.14,592.0,491.98,255.0,355.42,3.27,98.0,877.62,
2010,6,29,15,19.89,48.52,474.0,530.49,184.0,358.23,3.2,102.0,877.39,
2010,6,29,16,19.3,48.9,332.0,713.14,72.0,361.05,3.13,107.0,877.16,
2010,6,29,17,18.1,55.16,109.0,449.82,41.0,355.35,3.28,110.0,877.7,
2010,6,29,18,16.89,61.42,0.0,0.0,0.0,349.65,3.43,113.0,878.25,
2010,6,29,19,15.69,67.68,0.0,0.0,0.0,343.95,3.57,116.0,878.79,
2010,6,29,20,14.88,72.68,0.0,0.0,0.0,336.48,3.28,114.0,879.28,
2010,6,29,21,14.07,77.68,0.0,0.0,0.0,329.02,2.99,112.0,879.77,
2010,6,29,22,13.26,82.68,0.0,0.0,0.0,321.55,2.7,110.0,880.26,
2010,6,29,23,12.91,85.37,0.0,0.0,0.0,315.88,2.69,108.0,880.17,
2010,6,30,0,12.57,88.06,0.0,0.0,0.0,310.22,2.68,105.0,880.08,
2010,6,30,1,12.22,90.75,0.0,0.0,0.0,304.55,2.66,103.0,880.0,
2010,6,30,2,11.96,91.82,0.0,0.0,0.0,304.07,2.57,102.0,880.06,
2010,6,30,3,11.7,92.89,0.0,0.0,0.0,303.58,2.49,101.0,880.11,
2010,6,30,4,11.44,93.96,0.0,0.0,0.0,303.1,2.4,100.0,880.17,
2010,6,30,5,12.26,91.99,0.0,0.0,0.0,303.3,2.79,99.0,880.57,
2010,6,30,6,13.09,90.02,0.0,0.0,0.0,303.5,3.17,98.0,880.97,
2010,6,30,7,13.91,88.05,78.0,343.27,37.0,303.7,3.56,97.0,881.38,
2010,6,30,8,15.75,77.4,294.0,630.48,82.0,310.92,3.81,95.0,881.23,
2010,6,30,9,17.59,66.76,505.0,777.2,98.0,318.13,4.06,93.0,881.09,
2010,6,30,10,19.43,56.11,674.0,850.61,105.0,325.35,4.32,91.0,880.94,
2010,6,30,11,20.02,52.36,787.0,897.48,103.0,331.98,3.84,91.0,879.91,
2010,6,30,12,20.62,48.61,828.0,907.24,105.0,338.62,3.36,91.0,878.88,
2010,6,30,13,21.22,44.86,559.0,242.57,372.0,345.25,2.88,91.0,877.85,
2010,6,30,14,20.53,46.08,477.0,212.86,331.0,346.43,2.54,96.0,877.67,
2010,6,30,15,19.85,47.29,421.0,341.44,234.0,347.62,2.2,100.0,877.5,
2010,6,30,16,19.16,48.51,263.0,306.3,151.0,348.8,1.86,105.0,877.33,
2010,6,30,17,17.85,54.58,109.0,433.56,43.0,342.63,2.31,108.0,877.88,
2010,6,30,18,13.62,78.93,0.0,0.0,0.0,326.13,2.57,111.0,878.42,
2010,6,30,19,13.47,77.57,0.0,0.0,0.0,321.87,2.71,115.0,878.97,
2010,6,30,20,13.31,76.21,0.0,0.0,0.0,317.6,2.85,113.0,879.34,
2010,6,30,21,13.16,74.85,0.0,0.0,0.0,313.33,2.99,111.0,879.71,
2010,6,30,22,13.0,73.49,0.0,0.0,0.0,309.06,3.13,110.0,880.08,
2010,6,30,23,12.84,72.13,0.0,0.0,0.0,304.79,3.27,109.0,880.14,
2008,7,1,0,12.69,70.78,0.0,0.0,0.0,300.52,3.41,108.0,880.2,
2008,7,1,1,12.53,69.42,0.0,0.0,0.0,296.25,3.55,108.0,880.26,
2008,7,1,2,12.38,68.06,0.0,0.0,0.0,291.99,3.69,107.0,879.25,
2008,7,1,3,12.22,66.7,0.0,0.0,0.0,287.72,3.83,107.0,879.28,
2008,7,1,4,12.07,65.34,0.0,0.0,0.0,283.45,3.97,107.0,879.31,
2008,7,1,5,11.91,63.98,0.0,0.0,0.0,279.18,4.11,106.0,879.83,
2008,7,1,6,11.75,62.62,0.0,0.0,0.0,274.91,4.25,104.0,880.34,
2008,7,1,7,11.6,61.26,85.0,461.98,30.0,270.64,4.39,102.0,880.86,
2008,7,1,8,11.44,59.9,307.0,717.18,66.0,266.37,4.52,102.0,880.8,
2008,7,1,9,11.29,58.54,515.0,815.4,88.0,262.11,4.66,102.0,880.74,
2008,7,1,10,18.9,36.8,683.0,874.24,98.0,291.45,5.78,102.0,880.69,
2008,7,1,11,19.74,33.93,793.0,904.83,103.0,295.03,5.65,103.0,879.68,
2008,7,1,12,20.58,31.05,835.0,915.28,105.0,298.62,5.51,104.0,878.68,
2008,7,1,13,21.42,28.18,800.0,891.48,112.0,302.2,5.38,105.0,877.67,
2008,7,1,14,20.5,28.44,704.0,880.79,99.0,300.12,5.05,107.0,877.5,
2008,7,1,15,19.58,28.71,540.0,810.94,95.0,298.03,4.73,108.0,877.33,
2008,7,1,16,18.66,28.97,336.0,711.65,75.0,295.95,4.4,110.0,877.16,
2008,7,1,17,16.8,33.63,115.0,502.24,38.0,290.82,3.89,111.0,877.79,
2008,7,1,18,14.94,38.29,0.0,0.0,0.0,285.68,3.38,113.0,878.42,
2008,7,1,19,13.08,42.95,0.0,0.0,0.0,280.55,2.87,114.0,879.05,
2008,7,1,20,12.23,46.18,0.0,0.0,0.0,277.7,2.88,114.0,879.4,
2008,7,1,21,11.37,49.4,0.0,0.0,0.0,274.85,2.9,114.0,879.74,
2008,7,1,22,10.52,52.63,0.0,0.0,0.0,272.0,2.91,113.0,880.08,
2008,7,1,23,10.17,57.43,0.0,0.0,0.0,270.48,2.92,112.0,879.94,
2008,7,2,0,9.83,62.22,0.0,0.0,0.0,268.97,2.94,110.0,879.8,
2008,7,2,1,9.48,67.02,0.0,0.0,0.0,267.45,2.95,108.0,879.65,
2008,7,2,2,8.91,67.9,0.0,0.0,0.0,266.47,3.03,107.0,879.71,
2008,7,2,3,8.34,68.77,0.0,0.0,0.0,265.48,3.1,105.0,879.77,
2008,7,2,4,7.77,69.65,0.0,0.0,0.0,264.5,3.17,103.0,879.83,
2008,7,2,5,8.88,68.3,0.0,0.0,0.0,265.58,3.52,100.0,880.28,
2008,7,2,6,9.99,66.96,0.0,0.0,0.0,266.67,3.86,97.0,880.74,
2008,7,2,7,11.1,65.61,82.0,421.16,32.0,267.75,4.21,93.0,881.2,
2008,7,2,8,13.24,58.0,306.0,714.52,66.0,273.3,4.6,92.0,880.8,
2008,7,2,9,15.39,50.39,514.0,811.49,89.0,278.85,5.0,91.0,880.4,
2008,7,2,10,17.54,42.78,680.0,860.43,104.0,284.4,5.39,90.0,880.0,
2008,7,2,11,18.7,39.11,791.0,893.74,109.0,289.0,5.14,90.0,878.82,
2008,7,2,12,19.85,35.44,833.0,905.69,110.0,293.6,4.88,90.0,877.65,
2008,7,2,13,21.01,31.77,802.0,896.92,109.0,298.2,4.62,89.0,876.47,
2008,7,2,14,20.23,32.02,694.0,834.41,120.0,297.27,4.45,94.0,876.27,
2008,7,2,15,19.44,32.27,535.0,778.38,107.0,296.33,4.28,98.0,876.07,
2008,7,2,16,18.66,32.52,336.0,701.29,78.0,295.4,4.11,103.0,875.87,
2008,7,2,17,16.83,38.06,110.0,407.98,47.0,291.12,3.67,106.0,876.35,
2008,7,2,18,15.0,43.61,0.0,0.0,0.0,286.83,3.23,109.0,876.84,
2008,7,2,19,13.16,49.15,0.0,0.0,0.0,282.55,2.79,112.0,877.33,
2008,7,2,20,12.35,52.98,0.0,0.0,0.0,281.1,2.85,112.0,877.7,
2008,7,2,21,11.55,56.8,0.0,0.0,0.0,279.65,2.91,112.0,878.08,
2008,7,2,22,10.74,60.63,0.0,0.0,0.0,278.2,2.97,112.0,878.45,
2008,7,2,23,10.34,63.93,0.0,0.0,0.0,277.3,3.03,111.0,878.19,
2008,7,3,0,9.95,67.23,0.0,0.0,0.0,276.4,3.1,111.0,877.93,
2008,7,3,1,9.55,70.53,0.0,0.0,0.0,275.5,3.17,110.0,877.67,
2008,7,3,2,8.67,74.71,0.0,0.0,0.0,272.88,3.21,105.0,877.67,
2008,7,3,3,7.79,78.9,0.0,0.0,0.0,270.27,3.26,100.0,877.67,
2008,7,3,4,6.91,83.08,0.0,0.0,0.0,267.65,3.3,95.0,877.67,
2008,7,3,5,8.36,79.02,0.0,0.0,0.0,268.15,3.1,90.0,878.19,
2008,7,3,6,9.81,74.96,0.0,0.0,0.0,268.65,2.9,84.0,878.71,
2008,7,3,7,11.27,70.9,79.0,371.51,35.0,269.15,2.7,78.0,879.22,
2008,7,3,8,13.72,62.23,303.0,687.92,72.0,276.87,2.99,75.0,879.08,
2008,7,3,9,16.18,53.55,511.0,796.02,94.0,284.58,3.27,72.0,878.94,
2008,7,3,10,18.63,44.88,681.0,861.46,104.0,292.3,3.56,70.0,878.79,
2008,7,3,11,19.75,41.11,792.0,894.37,109.0,297.82,3.37,69.0,877.73,
2008,7,3,12,20.86,37.35,830.0,888.53,120.0,303.33,3.18,68.0,876.67,
2008,7,3,13,21.98,33.58,804.0,897.1,110.0,308.85,2.99,68.0,875.61,
2008,7,3,14,21.46,33.46,695.0,835.99,119.0,307.85,2.7,68.0,875.06,
2008,7,3,15,20.95,33.34,536.0,778.55,107.0,306.85,2.4,67.0,874.52,
2008,7,3,16,20.43,33.22,337.0,701.76,78.0,305.85,2.11,67.0,873.97,
2008,7,3,17,18.01,40.37,113.0,443.59,44.0,301.0,2.44,74.0,874.35,
2008,7,3,18,15.59,47.51,0.0,0.0,0.0,296.15,2.77,81.0,874.72,
2008,7,3,19,13.16,54.66,0.0,0.0,0.0,291.3,3.1,89.0,875.09,
2008,7,3,20,12.26,58.56,0.0,0.0,0.0,289.57,3.21,88.0,875.41,
2008,7,3,21,11.36,62.46,0.0,0.0,0.0,287.83,3.32,87.0,875.72,
2008,7,3,22,10.46,66.36,0.0,0.0,0.0,286.1,3.43,87.0,876.04,
2008,7,3,23,10.05,69.65,0.0,0.0,0.0,283.78,3.27,85.0,875.87,
2008,7,4,0,9.64,72.94,0.0,0.0,0.0,281.47,3.1,84.0,875.69,
2008,7,4,1,9.23,76.23,0.0,0.0,0.0,279.15,2.94,82.0,875.52,
2008,7,4,2,8.63,79.01,0.0,0.0,0.0,276.8,2.82,77.0,875.47,
2008,7,4,3,8.03,81.79,0.0,0.0,0.0,274.45,2.71,72.0,875.41,
2008,7,4,4,7.43,84.57,0.0,0.0,0.0,272.1,2.59,66.0,875.35,
2008,7,4,5,8.87,80.06,0.0,0.0,0.0,272.18,2.49,63.0,875.81,
2008,7,4,6,10.31,75.56,0.0,0.0,0.0,272.27,2.39,60.0,876.27,
2008,7,4,7,11.76,71.05,83.0,448.38,30.0,272.35,2.29,57.0,876.73,
2008,7,4,8,15.09,58.67,304.0,702.87,68.0,281.37,2.08,50.0,876.53,
2008,7,4,9,18.43,46.28,511.0,795.73,94.0,290.38,1.87,43.0,876.33,
2008,7,4,10,21.77,33.9,681.0,860.92,104.0,299.4,1.66,36.0,876.13,
2008,7,4,11,22.83,30.8,797.0,910.62,101.0,306.18,1.38,21.0,875.01,
2008,7,4,12,23.9,27.69,831.0,888.83,120.0,312.97,1.11,5.0,873.89,
2008,7,4,13,24.96,24.59,805.0,897.2,110.0,319.75,0.84,349.0,872.77,
2008,7,4,14,24.22,27.92,697.0,836.06,120.0,319.13,0.83,31.0,872.45,
2008,7,4,15,23.48,31.25,537.0,778.67,107.0,318.52,0.82,73.0,872.14,
2008,7,4,16,22.74,34.58,336.0,688.67,81.0,317.9,0.81,115.0,871.82,
2008,7,4,17,20.06,39.05,113.0,427.57,46.0,311.85,1.69,117.0,872.28,
2008,7,4,18,17.37,43.51,0.0,0.0,0.0,305.8,2.57,118.0,872.74,
2008,7,4,19,14.68,47.98,0.0,0.0,0.0,299.75,3.45,120.0,873.2,
2008,7,4,20,13.66,52.27,0.0,0.0,0.0,296.88,3.39,115.0,873.66,
2008,7,4,21,12.65,56.55,0.0,0.0,0.0,294.02,3.33,109.0,874.12,
2008,7,4,22,11.63,60.84,0.0,0.0,0.0,291.15,3.27,104.0,874.58,
2008,7,4,23,11.12,64.77,0.0,0.0,0.0,288.35,3.1,99.0,874.63,
2008,7,5,0,10.62,68.69,0.0,0.0,0.0,285.55,2.94,94.0,874.69,
2008,7,5,1,10.11,72.62,0.0,0.0,0.0,282.75,2.77,89.0,874.75,
2008,7,5,2,9.52,75.52,0.0,0.0,0.0,281.02,2.56,81.0,874.89,
2008,7,5,3,8.92,78.42,0.0,0.0,0.0,279.28,2.35,73.0,875.04,
2008,7,5,4,8.33,81.32,0.0,0.0,0.0,277.55,2.14,64.0,875.18,
2008,7,5,5,9.86,76.84,0.0,0.0,0.0,277.43,2.09,59.0,875.49,
2008,7,5,6,11.4,72.36,0.0,0.0,0.0,277.32,2.05,54.0,875.81,
2008,7,5,7,12.94,67.88,70.0,245.71,41.0,277.2,2.0,49.0,876.13,
2008,7,5,8,16.56,55.71,286.0,568.8,95.0,286.92,1.85,42.0,875.92,
2008,7,5,9,20.18,43.55,497.0,722.86,118.0,296.63,1.7,35.0,875.72,
2008,7,5,10,23.8,31.38,667.0,797.66,132.0,306.35,1.54,29.0,875.52,
2008,7,5,11,24.81,28.08,789.0,878.39,117.0,313.43,1.34,8.0,874.4,
2008,7,5,12,25.82,24.78,832.0,889.06,120.0,320.52,1.14,346.0,873.29,
2008,7,5,13,26.83,21.48,806.0,898.53,109.0,327.6,0.94,325.0,872.17,
2008,7,5,14,26.25,22.26,706.0,867.88,106.0,326.92,0.86,16.0,871.88,
2008,7,5,15,25.67,23.03,542.0,794.98,102.0,326.23,0.78,68.0,871.59,
2008,7,5,16,25.09,23.81,338.0,689.06,82.0,325.55,0.7,119.0,871.31,
2008,7,5,17,21.91,30.93,114.0,430.73,46.0,318.6,1.73,112.0,871.59,
2008,7,5,18,18.73,38.05,0.0,0.0,0.0,311.65,2.75,106.0,871.88,
2008,7,5,19,15.55,45.17,0.0,0.0,0.0,304.7,3.78,99.0,872.17,
2008,7,5,20,14.48,48.57,0.0,0.0,0.0,302.77,3.67,94.0,872.45,
2008,7,5,21,13.41,51.96,0.0,0.0,0.0,300.83,3.57,89.0,872.74,
2008,7,5,22,12.34,55.36,0.0,0.0,0.0,298.9,3.46,83.0,873.03,
2008,7,5,23,11.95,57.97,0.0,0.0,0.0,296.33,3.3,76.0,873.0,
2008,7,6,0,11.55,60.59,0.0,0.0,0.0,293.77,3.13,68.0,872.97,
2008,7,6,1,11.16,63.2,0.0,0.0,0.0,291.2,2.97,61.0,872.94,
2008,7,6,2,10.7,64.73,0.0,0.0,0.0,289.65,2.94,56.0,872.94,
2008,7,6,3,10.23,66.27,0.0,0.0,0.0,288.1,2.91,52.0,872.94,
2008,7,6,4,9.77,67.8,0.0,0.0,0.0,286.55,2.88,47.0,872.94,
2008,7,6,5,11.4,63.81,0.0,0.0,0.0,286.45,2.93,46.0,873.31,
2008,7,6,6,13.04,59.82,0.0,0.0,0.0,286.35,2.97,46.0,873.69,
2008,7,6,7,14.68,55.83,73.0,288.38,39.0,286.25,3.02,45.0,874.06,
2008,7,6,8,18.39,46.17,281.0,532.92,102.0,296.25,2.91,46.0,873.92,
2008,7,6,9,22.1,36.5,495.0,709.07,123.0,306.25,2.81,46.0,873.77,
2008,7,6,10,25.81,26.84,667.0,798.48,131.0,316.25,2.7,47.0,873.63,
2008,7,6,11,26.61,24.37,786.0,861.81,126.0,323.13,2.26,43.0,872.71,
2008,7,6,12,27.42,21.89,833.0,889.21,120.0,330.02,1.81,38.0,871.79,
2008,7,6,13,28.22,19.42,812.0,915.23,101.0,336.9,1.37,34.0,870.88,
2008,7,6,14,27.42,22.05,707.0,869.21,105.0,337.18,1.36,62.0,870.62,
2008,7,6,15,26.61,24.67,546.0,811.16,96.0,337.47,1.36,91.0,870.36,
2008,7,6,16,25.81,27.3,341.0,702.81,79.0,337.75,1.35,119.0,870.1,
2008,7,6,17,22.95,32.13,116.0,440.08,46.0,332.03,2.11,115.0,870.65,
2008,7,6,18,20.09,36.97,0.0,0.0,0.0,326.32,2.87,111.0,871.19,
2008,7,6,19,17.23,41.8,0.0,0.0,0.0,320.6,3.63,107.0,871.74,
2008,7,6,20,16.36,44.47,0.0,0.0,0.0,318.03,3.6,101.0,872.19,
2008,7,6,21,15.5,47.13,0.0,0.0,0.0,315.47,3.56,96.0,872.65,
2008,7,6,22,14.63,49.8,0.0,0.0,0.0,312.9,3.53,91.0,873.11,
2008,7,6,23,14.26,51.93,0.0,0.0,0.0,310.28,3.43,85.0,873.29,
2008,7,7,0,13.9,54.05,0.0,0.0,0.0,307.67,3.33,79.0,873.46,
2008,7,7,1,13.53,56.18,0.0,0.0,0.0,305.05,3.23,73.0,873.63,
2008,7,7,2,12.97,57.21,0.0,0.0,0.0,306.68,3.06,70.0,873.69,
2008,7,7,3,12.41,58.25,0.0,0.0,0.0,308.32,2.89,68.0,873.74,
2008,7,7,4,11.85,59.28,0.0,0.0,0.0,309.95,2.72,66.0,873.8,
2008,7,7,5,13.38,56.05,0.0,0.0,0.0,309.35,2.62,72.0,874.4,
2008,7,7,6,14.91,52.82,0.0,0.0,0.0,308.75,2.51,77.0,875.01,
2008,7,7,7,16.44,49.59,66.0,203.68,42.0,308.15,2.41,82.0,875.61,
2008,7,7,8,19.65,42.3,271.0,470.18,113.0,316.58,2.7,89.0,875.55,
2008,7,7,9,22.87,35.0,484.0,655.2,140.0,325.02,2.99,96.0,875.49,
2008,7,7,10,26.09,27.71,664.0,782.84,138.0,333.45,3.28,103.0,875.44,
2008,7,7,11,26.88,26.62,787.0,862.15,126.0,338.58,3.59,107.0,874.58,
2008,7,7,12,27.66,25.52,834.0,889.29,120.0,343.72,3.9,111.0,873.72,
2008,7,7,13,28.45,24.43,809.0,898.39,110.0,348.85,4.21,115.0,872.85,
2008,7,7,14,27.55,25.5,712.0,886.32,97.0,348.43,3.9,119.0,872.63,
2008,7,7,15,26.64,26.56,551.0,827.2,91.0,348.02,3.6,122.0,872.4,
2008,7,7,16,25.74,27.63,337.0,665.62,88.0,347.6,3.3,126.0,872.17,
2008,7,7,17,23.78,32.21,112.0,380.61,51.0,341.78,3.29,125.0,872.91,
2008,7,7,18,21.82,36.79,0.0,0.0,0.0,335.97,3.29,124.0,873.66,
2008,7,7,19,19.85,41.37,0.0,0.0,0.0,330.15,3.28,124.0,874.4,
2008,7,7,20,18.78,44.79,0.0,0.0,0.0,326.67,3.33,118.0,874.95,
2008,7,7,21,17.72,48.2,0.0,0.0,0.0,323.18,3.37,112.0,875.49,
2008,7,7,22,16.65,51.62,0.0,0.0,0.0,319.7,3.42,106.0,876.04,
2008,7,7,23,15.99,54.45,0.0,0.0,0.0,316.53,3.34,99.0,875.98,
2008,7,8,0,15.33,57.27,0.0,0.0,0.0,313.37,3.26,92.0,875.92,
2008,7,8,1,14.67,60.1,0.0,0.0,0.0,310.2,3.19,85.0,875.87,
2008,7,8,2,13.96,61.31,0.0,0.0,0.0,307.9,3.33,87.0,875.92,
2008,7,8,3,13.26,62.51,0.0,0.0,0.0,305.6,3.48,89.0,875.98,
2008,7,8,4,12.55,63.72,0.0,0.0,0.0,303.3,3.63,90.0,876.04,
2008,7,8,5,14.02,59.95,0.0,0.0,0.0,302.6,3.46,93.0,876.47,
2008,7,8,6,15.5,56.19,0.0,0.0,0.0,301.9,3.3,95.0,876.9,
2008,7,8,7,16.98,52.42,69.0,237.65,41.0,301.2,3.13,97.0,877.33,
2008,7,8,8,19.7,44.49,288.0,579.91,93.0,308.33,3.71,96.0,877.19,
2008,7,8,9,22.43,36.57,504.0,751.68,109.0,315.47,4.3,95.0,877.04,
2008,7,8,10,25.15,28.64,680.0,845.95,111.0,322.6,4.88,93.0,876.9,
2008,7,8,11,26.05,25.8,801.0,911.91,101.0,326.17,5.21,92.0,875.9,
2008,7,8,12,26.95,22.97,840.0,906.71,111.0,329.73,5.54,90.0,874.89,
2008,7,8,13,27.85,20.13,819.0,932.87,92.0,333.3,5.88,88.0,873.89,
2008,7,8,14,26.79,20.87,710.0,870.22,105.0,331.35,5.23,92.0,873.69,
2008,7,8,15,25.74,21.62,549.0,812.61,96.0,329.4,4.58,95.0,873.49,
2008,7,8,16,24.68,22.36,346.0,719.21,76.0,327.45,3.93,99.0,873.29,
2008,7,8,17,22.67,26.75,119.0,452.04,46.0,321.47,3.66,100.0,873.77,
2008,7,8,18,20.66,31.14,0.0,0.0,0.0,315.48,3.4,102.0,874.26,
2008,7,8,19,18.64,35.53,0.0,0.0,0.0,309.5,3.13,103.0,874.75,
2008,7,8,20,17.75,38.63,0.0,0.0,0.0,305.98,3.14,101.0,875.09,
2008,7,8,21,16.85,41.72,0.0,0.0,0.0,302.47,3.16,98.0,875.44,
2008,7,8,22,15.96,44.82,0.0,0.0,0.0,298.95,3.17,96.0,875.78,
2008,7,8,23,15.34,47.83,0.0,0.0,0.0,296.95,3.24,97.0,875.67,
2008,7,9,0,14.72,50.83,0.0,0.0,0.0,294.95,3.3,98.0,875.55,
2008,7,9,1,14.1,53.84,0.0,0.0,0.0,292.95,3.37,99.0,875.44,
2008,7,9,2,13.08,57.35,0.0,0.0,0.0,290.9,3.4,99.0,875.61,
2008,7,9,3,12.05,60.86,0.0,0.0,0.0,288.85,3.44,98.0,875.78,
2008,7,9,4,11.03,64.37,0.0,0.0,0.0,286.8,3.48,98.0,875.95,
2008,7,9,5,12.37,61.73,0.0,0.0,0.0,287.35,3.25,96.0,876.44,
2008,7,9,6,13.71,59.1,0.0,0.0,0.0,287.9,3.02,93.0,876.93,
2008,7,9,7,15.05,56.46,78.0,356.35,36.0,288.45,2.79,91.0,877.42,
2008,7,9,8,17.65,49.19,301.0,674.51,74.0,296.3,3.13,89.0,877.3,
2008,7,9,9,20.25,41.91,510.0,781.34,99.0,304.15,3.47,88.0,877.19,
2008,7,9,10,22.85,34.64,685.0,861.31,105.0,312.0,3.81,87.0,877.07,
2008,7,9,11,23.89,31.84,797.0,895.12,109.0,317.73,3.92,91.0,876.24,
2008,7,9,12,24.92,29.03,841.0,907.86,110.0,323.47,4.03,94.0,875.41,
2008,7,9,13,25.96,26.23,816.0,915.92,101.0,329.2,4.14,98.0,874.58,
2008,7,9,14,25.28,26.54,708.0,854.13,113.0,328.72,3.92,99.0,874.29,
2008,7,9,15,24.59,26.84,548.0,798.05,102.0,328.23,3.71,100.0,874.0,
2008,7,9,16,23.91,27.15,345.0,706.01,79.0,327.75,3.49,101.0,873.72,
2008,7,9,17,21.87,32.24,120.0,454.75,46.0,321.98,3.34,103.0,874.29,
2008,7,9,18,19.83,37.33,0.0,0.0,0.0,316.22,3.2,104.0,874.86,
2008,7,9,19,17.78,42.42,0.0,0.0,0.0,310.45,3.05,106.0,875.44,
2008,7,9,20,16.75,46.73,0.0,0.0,0.0,307.07,3.2,104.0,875.78,
2008,7,9,21,15.71,51.04,0.0,0.0,0.0,303.68,3.36,102.0,876.13,
2008,7,9,22,14.68,55.35,0.0,0.0,0.0,300.3,3.52,100.0,876.47,
2008,7,9,23,14.03,59.48,0.0,0.0,0.0,297.33,3.51,101.0,876.27,
2008,7,10,0,13.38,63.62,0.0,0.0,0.0,294.37,3.51,102.0,876.07,
2008,7,10,1,12.73,67.75,0.0,0.0,0.0,291.4,3.5,103.0,875.87,
2008,7,10,2,12.09,69.53,0.0,0.0,0.0,289.73,3.35,101.0,875.95,
2008,7,10,3,11.46,71.32,0.0,0.0,0.0,288.07,3.19,98.0,876.04,
2008,7,10,4,10.82,73.1,0.0,0.0,0.0,286.4,3.03,96.0,876.13,
2008,7,10,5,12.29,69.53,0.0,0.0,0.0,287.05,2.79,92.0,876.56,
2008,7,10,6,13.76,65.97,0.0,0.0,0.0,287.7,2.55,87.0,876.99,
2008,7,10,7,15.24,62.4,76.0,330.61,37.0,288.35,2.3,83.0,877.42,
2008,7,10,8,18.05,53.48,300.0,661.95,77.0,297.67,2.67,82.0,877.3,
2008,7,10,9,20.86,44.56,511.0,782.35,99.0,306.98,3.03,80.0,877.19,
2008,7,10,10,23.67,35.64,682.0,845.4,112.0,316.3,3.39,79.0,877.07,
2008,7,10,11,24.73,32.45,803.0,912.07,101.0,322.35,3.42,83.0,876.13,
2008,7,10,12,25.79,29.26,843.0,907.7,111.0,328.4,3.45,87.0,875.18,
2008,7,10,13,26.85,26.07,818.0,916.87,101.0,334.45,3.48,91.0,874.23,
2008,7,10,14,26.14,25.78,714.0,870.99,106.0,332.35,3.12,95.0,874.0,
2008,7,10,15,25.42,25.48,553.0,813.84,97.0,330.25,2.76,100.0,873.77,
2008,7,10,16,24.71,25.19,349.0,721.95,76.0,328.15,2.4,105.0,873.54,
2008,7,10,17,22.29,30.76,124.0,493.97,43.0,321.72,2.75,106.0,873.94,
2008,7,10,18,19.86,36.32,0.0,0.0,0.0,315.28,3.1,107.0,874.35,
2008,7,10,19,17.43,41.89,0.0,0.0,0.0,308.85,3.45,107.0,874.75,
2008,7,10,20,16.37,45.9,0.0,0.0,0.0,305.03,3.47,104.0,875.24,
2008,7,10,21,15.32,49.9,0.0,0.0,0.0,301.22,3.49,100.0,875.72,
2008,7,10,22,14.26,53.91,0.0,0.0,0.0,297.4,3.52,96.0,876.21,
2008,7,10,23,13.64,57.68,0.0,0.0,0.0,294.45,3.41,94.0,876.18,
2008,7,11,0,13.02,61.44,0.0,0.0,0.0,291.5,3.3,92.0,876.15,
2008,7,11,1,12.4,65.21,0.0,0.0,0.0,288.55,3.19,90.0,876.13,
2008,7,11,2,11.77,66.79,0.0,0.0,0.0,285.5,2.84,83.0,876.24,
2008,7,11,3,11.15,68.37,0.0,0.0,0.0,282.45,2.5,77.0,876.35,
2008,7,11,4,10.52,69.95,0.0,0.0,0.0,279.4,2.15,71.0,876.47,
2008,7,11,5,12.01,66.43,0.0,0.0,0.0,279.5,2.13,69.0,876.96,
2008,7,11,6,13.5,62.9,0.0,0.0,0.0,279.6,2.11,68.0,877.44,
2008,7,11,7,14.99,59.38,78.0,355.57,36.0,279.7,2.08,67.0,877.93,
2008,7,11,8,18.04,50.43,301.0,664.11,77.0,289.95,2.51,72.0,877.9,
2008,7,11,9,21.1,41.49,512.0,781.35,100.0,300.2,2.95,77.0,877.88,
2008,7,11,10,24.16,32.54,687.0,862.03,105.0,310.45,3.38,83.0,877.85,
2008,7,11,11,25.16,29.02,804.0,913.32,100.0,315.9,3.6,88.0,876.9,
2008,7,11,12,26.17,25.49,849.0,924.8,102.0,321.35,3.82,93.0,875.95,
2008,7,11,13,27.17,21.97,820.0,917.75,101.0,326.8,4.04,98.0,875.01,
2008,7,11,14,26.3,22.27,715.0,872.0,105.0,325.88,3.58,101.0,874.81,
2008,7,11,15,25.44,22.57,554.0,813.49,97.0,324.97,3.11,104.0,874.6,
2008,7,11,16,24.57,22.87,348.0,708.75,79.0,324.05,2.65,108.0,874.4,
2008,7,11,17,22.28,27.6,124.0,478.1,45.0,318.47,2.93,110.0,874.95,
2008,7,11,18,19.99,32.32,0.0,0.0,0.0,312.88,3.22,112.0,875.49,
2008,7,11,19,17.7,37.05,0.0,0.0,0.0,307.3,3.5,115.0,876.04,
2008,7,11,20,16.65,40.92,0.0,0.0,0.0,304.53,3.53,113.0,876.44,
2008,7,11,21,15.59,44.78,0.0,0.0,0.0,301.77,3.55,112.0,876.84,
2008,7,11,22,14.54,48.65,0.0,0.0,0.0,299.0,3.57,110.0,877.24,
2008,7,11,23,14.0,51.89,0.0,0.0,0.0,297.47,3.65,106.0,877.19,
2008,7,12,0,13.47,55.14,0.0,0.0,0.0,295.93,3.72,102.0,877.13,
2008,7,12,1,12.93,58.38,0.0,0.0,0.0,294.4,3.79,99.0,877.07,
2008,7,12,2,12.57,59.6,0.0,0.0,0.0,295.57,3.87,98.0,877.16,
2008,7,12,3,12.21,60.82,0.0,0.0,0.0,296.73,3.95,98.0,877.24,
2008,7,12,4,11.85,62.04,0.0,0.0,0.0,297.9,4.03,98.0,877.33,
2008,7,12,5,13.63,57.65,0.0,0.0,0.0,299.25,3.84,98.0,877.76,
2008,7,12,6,15.42,53.26,0.0,0.0,0.0,300.6,3.66,98.0,878.19,
2008,7,12,7,17.21,48.87,73.0,287.31,39.0,301.95,3.48,98.0,878.62,
2008,7,12,8,19.64,42.63,289.0,580.27,93.0,309.75,4.67,98.0,878.59,
2008,7,12,9,22.08,36.38,507.0,753.75,109.0,317.55,5.86,99.0,878.56,
2008,7,12,10,24.52,30.14,684.0,845.98,112.0,325.35,7.05,100.0,878.53,
2008,7,12,11,25.07,28.77,801.0,896.36,109.0,328.45,7.13,101.0,877.67,
2008,7,12,12,25.63,27.41,846.0,908.4,111.0,331.55,7.21,102.0,876.81,
2008,7,12,13,26.18,26.04,821.0,917.3,101.0,334.65,7.3,103.0,875.95,
2008,7,12,14,25.07,27.1,717.0,871.52,106.0,332.4,6.97,104.0,875.9,
2008,7,12,15,23.96,28.15,556.0,814.86,97.0,330.15,6.65,105.0,875.84,
2008,7,12,16,22.85,29.21,350.0,708.74,80.0,327.9,6.33,106.0,875.78,
2008,7,12,17,21.21,32.85,125.0,480.46,45.0,321.47,5.75,108.0,876.44,
2008,7,12,18,19.56,36.49,0.0,0.0,0.0,315.03,5.16,109.0,877.1,
2008,7,12,19,17.91,40.13,0.0,0.0,0.0,308.6,4.58,111.0,877.76,
2008,7,12,20,17.03,42.37,0.0,0.0,0.0,304.87,4.6,110.0,878.22,
2008,7,12,21,16.14,44.61,0.0,0.0,0.0,301.13,4.63,109.0,878.68,
2008,7,12,22,15.26,46.85,0.0,0.0,0.0,297.4,4.65,108.0,879.14,
2008,7,12,23,14.76,50.11,0.0,0.0,0.0,295.1,4.52,107.0,879.22,
2008,7,13,0,14.27,53.38,0.0,0.0,0.0,292.8,4.4,107.0,879.31,
2008,7,13,1,13.77,56.64,0.0,0.0,0.0,290.5,4.28,106.0,879.4,
2008,7,13,2,13.16,62.37,0.0,0.0,0.0,290.5,4.27,105.0,879.48,
2008,7,13,3,12.55,68.09,0.0,0.0,0.0,290.5,4.26,104.0,879.57,
2008,7,13,4,11.94,73.82,0.0,0.0,0.0,290.5,4.25,103.0,879.65,
2008,7,13,5,12.58,74.83,0.0,0.0,0.0,293.27,4.95,101.0,879.97,
2008,7,13,6,13.22,75.83,0.0,0.0,0.0,296.03,5.65,100.0,880.28,
2008,7,13,7,13.86,76.84,75.0,311.93,38.0,298.8,6.34,98.0,880.6,
2008,7,13,8,15.66,67.35,298.0,638.46,82.0,307.87,6.56,98.0,880.37,
2008,7,13,9,17.47,57.87,511.0,767.73,105.0,316.93,6.78,97.0,880.14,
2008,7,13,10,19.27,48.38,685.0,846.15,112.0,326.0,6.99,97.0,879.91,
2008,7,13,11,20.19,44.75,803.0,897.48,109.0,332.47,6.81,98.0,878.82,
2008,7,13,12,21.12,41.11,815.0,794.53,171.0,338.93,6.63,99.0,877.73,
2008,7,13,13,22.04,37.48,787.0,788.35,167.0,345.4,6.46,100.0,876.64,
2008,7,13,14,21.31,38.59,715.0,856.77,113.0,341.98,6.39,102.0,876.38,
2008,7,13,15,20.59,39.71,558.0,816.18,97.0,338.57,6.33,103.0,876.13,
2008,7,13,16,19.86,40.82,355.0,737.45,73.0,335.15,6.26,104.0,875.87,
2008,7,13,17,18.56,46.01,127.0,482.76,46.0,332.17,5.73,107.0,876.5,
2008,7,13,18,17.26,51.2,0.0,0.0,0.0,329.18,5.2,110.0,877.13,
2008,7,13,19,15.96,56.39,0.0,0.0,0.0,326.2,4.68,113.0,877.76,
2008,7,13,20,15.09,62.26,0.0,0.0,0.0,318.73,4.3,113.0,878.08,
2008,7,13,21,14.22,68.14,0.0,0.0,0.0,311.27,3.92,112.0,878.39,
2008,7,13,22,13.35,74.01,0.0,0.0,0.0,303.8,3.54,112.0,878.71,
2008,7,13,23,12.96,78.88,0.0,0.0,0.0,301.53,3.38,112.0,878.59,
2008,7,14,0,12.57,83.76,0.0,0.0,0.0,299.27,3.21,111.0,878.48,
2008,7,14,1,12.18,88.63,0.0,0.0,0.0,297.0,3.05,111.0,878.36,
2008,7,14,2,11.86,90.57,0.0,0.0,0.0,297.67,3.2,108.0,878.59,
2008,7,14,3,11.54,92.5,0.0,0.0,0.0,298.33,3.36,106.0,878.82,
2008,7,14,4,11.22,94.44,0.0,0.0,0.0,299.0,3.52,103.0,879.05,
2008,7,14,5,11.94,91.61,0.0,0.0,0.0,310.02,3.89,101.0,879.45,
2008,7,14,6,12.66,88.77,0.0,0.0,0.0,321.03,4.27,99.0,879.85,
2008,7,14,7,13.38,85.94,49.0,58.85,42.0,332.05,4.65,98.0,880.26,
2008,7,14,8,14.87,75.8,304.0,675.68,75.0,336.27,5.14,96.0,880.26,
2008,7,14,9,16.37,65.67,440.0,453.08,200.0,340.48,5.62,94.0,880.26,
2008,7,14,10,17.86,55.53,553.0,393.63,286.0,344.7,6.11,93.0,880.26,
2008,7,14,11,19.06,50.41,734.0,651.95,229.0,337.15,6.04,96.0,879.14,
2008,7,14,12,20.26,45.28,774.0,661.31,237.0,329.6,5.96,99.0,878.02,
2008,7,14,13,21.46,40.16,798.0,819.76,152.0,322.05,5.89,102.0,876.9,
2008,7,14,14,20.66,39.36,582.0,407.53,295.0,317.48,5.86,105.0,876.76,
2008,7,14,15,19.87,38.55,560.0,817.46,97.0,312.92,5.83,109.0,876.61,
2008,7,14,16,19.07,37.75,355.0,726.84,76.0,308.35,5.81,113.0,876.47,
2008,7,14,17,17.57,42.68,129.0,490.92,46.0,303.25,5.33,115.0,877.22,
2008,7,14,18,16.07,47.6,0.0,0.0,0.0,298.15,4.85,117.0,877.96,
2008,7,14,19,14.56,52.53,0.0,0.0,0.0,293.05,4.37,120.0,878.71,
2008,7,14,20,13.82,56.33,0.0,0.0,0.0,291.33,4.48,118.0,879.11,
2008,7,14,21,13.07,60.14,0.0,0.0,0.0,289.62,4.59,115.0,879.51,
2008,7,14,22,12.33,63.94,0.0,0.0,0.0,287.9,4.7,113.0,879.91,
2008,7,14,23,12.04,67.21,0.0,0.0,0.0,287.08,4.62,111.0,880.0,
2008,7,15,0,11.75,70.47,0.0,0.0,0.0,286.27,4.53,109.0,880.08,
2008,7,15,1,11.46,73.74,0.0,0.0,0.0,285.45,4.44,106.0,880.17,
2008,7,15,2,10.96,76.73,0.0,0.0,0.0,283.72,4.25,105.0,880.43,
2008,7,15,3,10.47,79.71,0.0,0.0,0.0,281.98,4.06,103.0,880.69,
2008,7,15,4,9.97,82.7,0.0,0.0,0.0,280.25,3.88,101.0,880.94,
2008,7,15,5,10.74,81.58,0.0,0.0,0.0,284.08,4.82,99.0,881.52,
2008,7,15,6,11.52,80.47,0.0,0.0,0.0,287.92,5.77,98.0,882.09,
2008,7,15,7,12.3,79.35,45.0,33.51,41.0,291.75,6.72,96.0,882.67,
2008,7,15,8,13.91,69.58,127.0,11.78,123.0,303.2,7.1,95.0,882.61,
2008,7,15,9,15.53,59.8,242.0,30.15,226.0,314.65,7.48,95.0,882.55,
2008,7,15,10,17.14,50.03,444.0,163.36,333.0,326.1,7.86,94.0,882.49,
2008,7,15,11,18.05,46.18,726.0,625.0,241.0,327.33,7.76,96.0,881.58,
2008,7,15,12,18.96,42.32,762.0,619.49,258.0,328.57,7.66,98.0,880.66,
2008,7,15,13,19.87,38.47,714.0,549.6,280.0,329.8,7.56,100.0,879.74,
2008,7,15,14,19.04,40.01,663.0,648.82,205.0,331.75,7.24,103.0,879.57,
2008,7,15,15,18.22,41.54,481.0,475.36,211.0,333.7,6.92,106.0,879.4,
2008,7,15,16,17.39,43.08,218.0,111.59,175.0,335.65,6.61,108.0,879.22,
2008,7,15,17,16.15,47.77,135.0,569.37,38.0,328.62,5.83,113.0,879.77,
2008,7,15,18,14.9,52.47,0.0,0.0,0.0,321.58,5.04,117.0,880.31,
2008,7,15,19,13.65,57.16,0.0,0.0,0.0,314.55,4.26,121.0,880.86,
2008,7,15,20,12.91,61.59,0.0,0.0,0.0,305.8,4.1,120.0,881.03,
2008,7,15,21,12.18,66.01,0.0,0.0,0.0,297.05,3.93,118.0,881.2,
2008,7,15,22,11.44,70.44,0.0,0.0,0.0,288.3,3.77,116.0,881.38,
2008,7,15,23,11.2,74.72,0.0,0.0,0.0,287.3,3.77,113.0,881.26,
2008,7,16,0,10.95,79.0,0.0,0.0,0.0,286.3,3.77,110.0,881.15,
2008,7,16,1,10.71,83.28,0.0,0.0,0.0,285.3,3.78,106.0,881.03,
2008,7,16,2,10.38,85.45,0.0,0.0,0.0,288.32,3.9,104.0,881.17,
2008,7,16,3,10.04,87.61,0.0,0.0,0.0,291.33,4.02,102.0,881.32,
2008,7,16,4,9.71,89.78,0.0,0.0,0.0,294.35,4.14,100.0,881.46,
2008,7,16,5,10.42,87.43,0.0,0.0,0.0,306.93,4.91,98.0,881.92,
2008,7,16,6,11.13,85.07,0.0,0.0,0.0,319.52,5.67,96.0,882.38,
2008,7,16,7,11.85,82.72,78.0,342.2,37.0,332.1,6.44,94.0,882.84,
2008,7,16,8,13.15,75.01,209.0,167.49,152.0,334.98,6.68,93.0,882.69,
2008,7,16,9,14.46,67.29,348.0,178.69,253.0,337.87,6.91,91.0,882.55,
2008,7,16,10,15.77,59.58,392.0,92.55,329.0,340.75,7.14,89.0,882.41,
2008,7,16,11,16.65,55.5,112.0,0.0,112.0,346.42,6.8,89.0,881.52,
2008,7,16,12,17.54,51.43,159.0,0.0,159.0,352.08,6.46,90.0,880.63,
2008,7,16,13,18.42,47.35,80.0,0.0,80.0,357.75,6.11,90.0,879.74,
2008,7,16,14,18.05,46.82,101.0,0.0,101.0,353.62,5.77,93.0,879.22,
2008,7,16,15,17.68,46.29,105.0,0.0,105.0,349.48,5.42,96.0,878.71,
2008,7,16,16,17.31,45.76,120.0,2.59,119.0,345.35,5.08,98.0,878.19,
2008,7,16,17,16.45,49.13,53.0,5.83,52.0,346.75,4.37,103.0,878.65,
2008,7,16,18,15.59,52.5,0.0,0.0,0.0,348.15,3.67,108.0,879.11,
2008,7,16,19,14.72,55.87,0.0,0.0,0.0,349.55,2.97,113.0,879.57,
2008,7,16,20,13.77,59.81,0.0,0.0,0.0,335.47,2.86,113.0,879.77,
2008,7,16,21,12.82,63.75,0.0,0.0,0.0,321.38,2.76,114.0,879.97,
2008,7,16,22,11.87,67.69,0.0,0.0,0.0,307.3,2.66,114.0,880.17,
2008,7,16,23,11.34,71.12,0.0,0.0,0.0,300.15,2.75,113.0,880.14,
2008,7,17,0,10.81,74.56,0.0,0.0,0.0,293.0,2.84,112.0,880.11,
2008,7,17,1,10.28,77.99,0.0,0.0,0.0,285.85,2.92,112.0,880.08,
2008,7,17,2,9.52,80.75,0.0,0.0,0.0,282.12,2.95,111.0,880.26,
2008,7,17,3,8.77,83.5,0.0,0.0,0.0,278.38,2.98,110.0,880.43,
2008,7,17,4,8.01,86.26,0.0,0.0,0.0,274.65,3.01,109.0,880.6,
2008,7,17,5,9.23,82.7,0.0,0.0,0.0,274.82,2.98,108.0,880.94,
2008,7,17,6,10.46,79.15,0.0,0.0,0.0,274.98,2.95,106.0,881.29,
2008,7,17,7,11.69,75.59,84.0,432.13,32.0,275.15,2.92,105.0,881.63,
2008,7,17,8,13.89,65.48,313.0,729.92,64.0,282.43,3.48,101.0,881.32,
2008,7,17,9,16.1,55.36,523.0,814.67,89.0,289.72,4.04,97.0,881.0,
2008,7,17,10,18.31,45.25,695.0,865.02,105.0,297.0,4.59,93.0,880.69,
2008,7,17,11,19.23,42.3,689.0,510.93,291.0,301.63,4.43,95.0,879.6,
2008,7,17,12,20.14,39.36,841.0,860.65,138.0,306.27,4.26,96.0,878.51,
2008,7,17,13,21.06,36.41,818.0,870.04,128.0,310.9,4.1,97.0,877.42,
2008,7,17,14,20.38,36.68,716.0,827.57,129.0,309.57,4.2,102.0,877.13,
2008,7,17,15,19.69,36.95,560.0,789.49,109.0,308.23,4.3,106.0,876.84,
2008,7,17,16,19.01,37.22,359.0,715.92,81.0,306.9,4.4,110.0,876.56,
2008,7,17,17,17.39,42.14,132.0,491.46,47.0,302.33,3.89,113.0,877.22,
2008,7,17,18,15.76,47.07,0.0,0.0,0.0,297.77,3.38,116.0,877.88,
2008,7,17,19,14.13,51.99,0.0,0.0,0.0,293.2,2.87,118.0,878.53,
2008,7,17,20,13.29,55.42,0.0,0.0,0.0,291.23,2.96,117.0,878.82,
2008,7,17,21,12.45,58.85,0.0,0.0,0.0,289.27,3.04,115.0,879.11,
2008,7,17,22,11.61,62.28,0.0,0.0,0.0,287.3,3.13,114.0,879.4,
2008,7,17,23,11.13,65.43,0.0,0.0,0.0,285.58,3.21,114.0,879.31,
2008,7,18,0,10.64,68.59,0.0,0.0,0.0,283.87,3.29,114.0,879.22,
2008,7,18,1,10.16,71.74,0.0,0.0,0.0,282.15,3.37,114.0,879.14,
2008,7,18,2,9.37,74.82,0.0,0.0,0.0,278.93,3.39,113.0,879.22,
2008,7,18,3,8.57,77.91,0.0,0.0,0.0,275.72,3.41,113.0,879.31,
2008,7,18,4,7.78,80.99,0.0,0.0,0.0,272.5,3.43,112.0,879.4,
2008,7,18,5,9.27,76.45,0.0,0.0,0.0,273.68,3.28,113.0,879.94,
2008,7,18,6,10.77,71.92,0.0,0.0,0.0,274.87,3.12,113.0,880.49,
2008,7,18,7,12.27,67.38,84.0,430.04,32.0,276.05,2.97,113.0,881.03,
2008,7,18,8,14.51,59.18,315.0,745.6,60.0,284.48,3.8,110.0,880.94,
2008,7,18,9,16.76,50.98,528.0,829.78,85.0,292.92,4.64,107.0,880.86,
2008,7,18,10,19.01,42.78,696.0,864.73,105.0,301.35,5.48,104.0,880.77,
2008,7,18,11,19.71,40.65,803.0,866.06,127.0,307.27,5.5,104.0,879.83,
2008,7,18,12,20.41,38.53,853.0,894.28,121.0,313.18,5.52,104.0,878.88,
2008,7,18,13,21.11,36.4,829.0,904.59,110.0,319.1,5.54,105.0,877.93,
2008,7,18,14,20.42,37.2,718.0,828.34,129.0,318.25,5.64,106.0,877.65,
2008,7,18,15,19.73,38.0,555.0,759.27,120.0,317.4,5.74,107.0,877.36,
2008,7,18,16,19.04,38.8,297.0,361.7,156.0,316.55,5.83,108.0,877.07,
2008,7,18,17,17.83,43.3,115.0,292.68,64.0,315.67,5.3,109.0,877.76,
2008,7,18,18,16.61,47.8,0.0,0.0,0.0,314.78,4.76,111.0,878.45,
2008,7,18,19,15.39,52.3,0.0,0.0,0.0,313.9,4.22,112.0,879.14,
2008,7,18,20,14.75,55.3,0.0,0.0,0.0,312.63,4.23,110.0,879.48,
2008,7,18,21,14.12,58.3,0.0,0.0,0.0,311.37,4.24,109.0,879.83,
2008,7,18,22,13.48,61.3,0.0,0.0,0.0,310.1,4.25,107.0,880.17,
2008,7,18,23,13.06,64.8,0.0,0.0,0.0,305.83,4.11,106.0,880.14,
2008,7,19,0,12.64,68.3,0.0,0.0,0.0,301.57,3.97,105.0,880.11,
2008,7,19,1,12.22,71.8,0.0,0.0,0.0,297.3,3.83,104.0,880.08,
2008,7,19,2,11.66,75.13,0.0,0.0,0.0,295.67,3.58,105.0,880.23,
2008,7,19,3,11.09,78.45,0.0,0.0,0.0,294.03,3.32,105.0,880.37,
2008,7,19,4,10.53,81.78,0.0,0.0,0.0,292.4,3.06,106.0,880.51,
2008,7,19,5,11.22,80.65,0.0,0.0,0.0,293.32,3.81,106.0,881.06,
2008,7,19,6,11.92,79.53,0.0,0.0,0.0,294.23,4.56,106.0,881.6,
2008,7,19,7,12.62,78.4,85.0,435.97,32.0,295.15,5.31,106.0,882.15,
2008,7,19,8,13.96,72.17,311.0,705.66,69.0,303.13,5.68,104.0,882.29,
2008,7,19,9,15.31,65.93,521.0,784.92,101.0,311.12,6.05,101.0,882.44,
2008,7,19,10,16.66,59.7,687.0,817.63,127.0,319.1,6.41,99.0,882.58,
2008,7,19,11,17.23,56.8,805.0,866.8,127.0,328.42,6.13,99.0,881.58,
2008,7,19,12,17.79,53.9,770.0,621.72,260.0,337.73,5.84,100.0,880.57,
2008,7,19,13,18.36,51.0,643.0,361.51,355.0,347.05,5.56,101.0,879.57,
2008,7,19,14,18.01,50.58,394.0,72.95,342.0,347.93,5.37,105.0,879.28,
2008,7,19,15,17.65,50.15,406.0,238.42,269.0,348.82,5.19,109.0,878.99,
2008,7,19,16,17.3,49.73,344.0,603.05,108.0,349.7,5.01,113.0,878.71,
2008,7,19,17,16.0,54.18,96.0,142.41,71.0,334.3,4.33,115.0,879.17,
2008,7,19,18,14.7,58.64,0.0,0.0,0.0,318.9,3.66,117.0,879.63,
2008,7,19,19,13.4,63.09,0.0,0.0,0.0,303.5,2.98,120.0,880.08,
2008,7,19,20,12.79,64.78,0.0,0.0,0.0,299.52,3.08,118.0,880.34,
2008,7,19,21,12.17,66.47,0.0,0.0,0.0,295.53,3.17,116.0,880.6,
2008,7,19,22,11.56,68.16,0.0,0.0,0.0,291.55,3.27,114.0,880.86,
2008,7,19,23,11.36,69.14,0.0,0.0,0.0,290.6,3.24,111.0,880.69,
2008,7,20,0,11.17,70.11,0.0,0.0,0.0,289.65,3.2,108.0,880.51,
2008,7,20,1,10.97,71.09,0.0,0.0,0.0,288.7,3.17,105.0,880.34,
2008,7,20,2,10.59,73.11,0.0,0.0,0.0,288.1,3.03,104.0,880.34,
2008,7,20,3,10.2,75.14,0.0,0.0,0.0,287.5,2.9,103.0,880.34,
2008,7,20,4,9.82,77.16,0.0,0.0,0.0,286.9,2.76,102.0,880.34,
2008,7,20,5,10.63,75.25,0.0,0.0,0.0,287.45,3.18,102.0,880.89,
2008,7,20,6,11.45,73.33,0.0,0.0,0.0,288.0,3.6,103.0,881.43,
2008,7,20,7,12.27,71.42,86.0,441.62,32.0,288.55,4.03,103.0,881.98,
2008,7,20,8,14.07,62.74,316.0,732.67,64.0,295.0,4.54,102.0,881.95,
2008,7,20,9,15.88,54.06,528.0,816.61,90.0,301.45,5.06,101.0,881.92,
2008,7,20,10,17.68,45.38,704.0,882.84,98.0,307.9,5.57,100.0,881.89,
2008,7,20,11,18.45,42.1,820.0,917.23,101.0,318.87,5.36,100.0,880.92,
2008,7,20,12,19.21,38.81,857.0,896.47,120.0,329.83,5.14,101.0,879.94,
2008,7,20,13,19.98,35.53,806.0,807.76,161.0,340.8,4.92,102.0,878.97,
2008,7,20,14,19.25,36.78,592.0,409.98,299.0,340.95,4.95,104.0,878.62,
2008,7,20,15,18.53,38.04,286.0,46.85,259.0,341.1,4.97,106.0,878.28,
2008,7,20,16,17.8,39.29,253.0,190.9,178.0,341.25,4.99,108.0,877.93,
2008,7,20,17,16.92,43.02,137.0,514.57,46.0,341.52,4.4,110.0,878.59,
2008,7,20,18,16.03,46.74,0.0,0.0,0.0,341.78,3.8,113.0,879.25,
2008,7,20,19,15.14,50.47,0.0,0.0,0.0,342.05,3.2,115.0,879.91,
2008,7,20,20,14.46,54.14,0.0,0.0,0.0,335.62,3.01,115.0,880.11,
2008,7,20,21,13.79,57.81,0.0,0.0,0.0,329.18,2.82,114.0,880.31,
2008,7,20,22,13.11,61.48,0.0,0.0,0.0,322.75,2.63,113.0,880.51,
2008,7,20,23,12.79,64.63,0.0,0.0,0.0,318.03,2.62,111.0,880.28,
2008,7,21,0,12.46,67.78,0.0,0.0,0.0,313.32,2.6,109.0,880.06,
2008,7,21,1,12.14,70.93,0.0,0.0,0.0,308.6,2.58,106.0,879.83,
2008,7,21,2,11.92,72.55,0.0,0.0,0.0,309.68,2.6,105.0,879.85,
2008,7,21,3,11.7,74.16,0.0,0.0,0.0,310.77,2.62,103.0,879.88,
2008,7,21,4,11.48,75.78,0.0,0.0,0.0,311.85,2.63,101.0,879.91,
2008,7,21,5,12.19,75.43,0.0,0.0,0.0,314.0,3.02,101.0,880.26,
2008,7,21,6,12.9,75.09,0.0,0.0,0.0,316.15,3.41,101.0,880.6,
2008,7,21,7,13.62,74.74,45.0,32.51,41.0,318.3,3.79,101.0,880.94,
2008,7,21,8,15.33,67.14,192.0,110.14,154.0,323.47,4.26,97.0,880.86,
2008,7,21,9,17.05,59.54,329.0,135.76,256.0,328.63,4.73,93.0,880.77,
2008,7,21,10,18.76,51.94,524.0,300.87,317.0,333.8,5.2,89.0,880.69,
2008,7,21,11,19.28,48.23,642.0,379.31,344.0,339.05,4.84,88.0,879.83,
2008,7,21,12,19.79,44.53,855.0,879.88,130.0,344.3,4.48,88.0,878.97,
2008,7,21,13,20.31,40.82,804.0,792.11,170.0,349.55,4.12,88.0,878.1,
2008,7,21,14,19.47,43.4,598.0,421.49,296.0,350.42,4.29,93.0,878.05,
2008,7,21,15,18.62,45.99,188.0,1.73,187.0,351.28,4.45,99.0,877.99,
2008,7,21,16,17.78,48.57,289.0,311.86,166.0,352.15,4.61,104.0,877.93,
2008,7,21,17,16.85,54.35,138.0,516.44,46.0,348.4,4.07,107.0,878.53,
2008,7,21,18,15.92,60.13,0.0,0.0,0.0,344.65,3.54,111.0,879.14,
2008,7,21,19,14.98,65.91,0.0,0.0,0.0,340.9,3.01,114.0,879.74,
2008,7,21,20,14.3,70.22,0.0,0.0,0.0,335.72,2.93,113.0,880.14,
2008,7,21,21,13.63,74.54,0.0,0.0,0.0,330.53,2.85,112.0,880.54,
2008,7,21,22,12.95,78.85,0.0,0.0,0.0,325.35,2.77,111.0,880.94,
2008,7,21,23,12.52,81.54,0.0,0.0,0.0,319.92,2.76,111.0,880.8,
2008,7,22,0,12.1,84.23,0.0,0.0,0.0,314.48,2.74,112.0,880.66,
2008,7,22,1,11.67,86.92,0.0,0.0,0.0,309.05,2.73,112.0,880.51,
2008,7,22,2,11.3,87.66,0.0,0.0,0.0,305.27,2.76,110.0,880.43,
2008,7,22,3,10.93,88.4,0.0,0.0,0.0,301.48,2.8,108.0,880.34,
2008,7,22,4,10.56,89.14,0.0,0.0,0.0,297.7,2.83,106.0,880.26,
2008,7,22,5,11.48,84.8,0.0,0.0,0.0,295.7,3.25,105.0,880.57,
2008,7,22,6,12.41,80.47,0.0,0.0,0.0,293.7,3.67,104.0,880.89,
2008,7,22,7,13.34,76.13,74.0,258.29,42.0,291.7,4.1,102.0,881.2,
2008,7,22,8,15.53,65.86,298.0,583.55,96.0,297.27,4.54,101.0,880.94,
2008,7,22,9,17.73,55.6,519.0,758.64,110.0,302.83,4.99,100.0,880.69,
2008,7,22,10,19.92,45.33,700.0,851.17,113.0,308.4,5.43,99.0,880.43,
2008,7,22,11,20.66,41.45,820.0,901.65,110.0,318.17,5.06,99.0,879.34,
2008,7,22,12,21.41,37.57,867.0,914.17,112.0,327.93,4.69,99.0,878.25,
2008,7,22,13,22.15,33.69,843.0,924.81,101.0,337.7,4.32,100.0,877.16,
2008,7,22,14,21.28,35.6,735.0,863.04,115.0,346.12,4.27,105.0,876.96,
2008,7,22,15,20.41,37.52,570.0,793.4,110.0,354.53,4.22,111.0,876.76,
2008,7,22,16,19.54,39.43,363.0,694.53,88.0,362.95,4.17,117.0,876.56,
2008,7,22,17,18.65,42.81,142.0,551.75,43.0,360.35,3.89,119.0,877.13,
2008,7,22,18,17.76,46.18,0.0,0.0,0.0,357.75,3.6,121.0,877.7,
2008,7,22,19,16.86,49.56,0.0,0.0,0.0,355.15,3.32,123.0,878.28,
2008,7,22,20,16.15,52.44,0.0,0.0,0.0,350.43,3.24,120.0,878.56,
2008,7,22,21,15.44,55.31,0.0,0.0,0.0,345.72,3.15,118.0,878.85,
2008,7,22,22,14.73,58.19,0.0,0.0,0.0,341.0,3.06,116.0,879.14,
2008,7,22,23,14.45,60.32,0.0,0.0,0.0,333.67,3.12,113.0,878.99,
2008,7,23,0,14.16,62.45,0.0,0.0,0.0,326.33,3.17,110.0,878.85,
2008,7,23,1,13.88,64.58,0.0,0.0,0.0,319.0,3.23,107.0,878.71,
2008,7,23,2,13.81,64.66,0.0,0.0,0.0,322.18,3.17,107.0,878.65,
2008,7,23,3,13.73,64.75,0.0,0.0,0.0,325.37,3.11,107.0,878.59,
2008,7,23,4,13.66,64.83,0.0,0.0,0.0,328.55,3.05,106.0,878.53,
2008,7,23,5,14.15,65.23,0.0,0.0,0.0,324.8,3.59,105.0,878.97,
2008,7,23,6,14.65,65.63,0.0,0.0,0.0,321.05,4.13,104.0,879.4,
2008,7,23,7,15.15,66.03,39.0,16.03,37.0,317.3,4.68,104.0,879.83,
2008,7,23,8,16.83,59.06,225.0,204.4,154.0,315.68,5.03,104.0,879.65,
2008,7,23,9,18.52,52.08,524.0,773.21,106.0,314.07,5.39,104.0,879.48,
2008,7,23,10,20.2,45.11,698.0,836.05,120.0,312.45,5.75,104.0,879.31,
2008,7,23,11,20.52,42.49,791.0,789.29,168.0,323.43,5.3,106.0,878.48,
2008,7,23,12,20.83,39.88,812.0,723.57,213.0,334.42,4.85,108.0,877.65,
2008,7,23,13,21.15,37.26,669.0,402.84,345.0,345.4,4.4,110.0,876.81,
2008,7,23,14,20.35,39.2,557.0,315.15,330.0,346.45,4.57,112.0,876.76,
2008,7,23,15,19.56,41.14,211.0,5.16,208.0,347.5,4.75,114.0,876.7,
2008,7,23,16,18.76,43.08,269.0,231.45,177.0,348.55,4.92,116.0,876.64,
2008,7,23,17,17.88,46.73,78.0,49.8,69.0,345.03,4.48,115.0,877.13,
2008,7,23,18,17.0,50.37,0.0,0.0,0.0,341.52,4.03,114.0,877.62,
2008,7,23,19,16.12,54.02,0.0,0.0,0.0,338.0,3.59,113.0,878.1,
2008,7,23,20,15.53,56.89,0.0,0.0,0.0,333.42,3.54,111.0,878.39,
2008,7,23,21,14.95,59.75,0.0,0.0,0.0,328.83,3.49,109.0,878.68,
2008,7,23,22,14.36,62.62,0.0,0.0,0.0,324.25,3.45,107.0,878.97,
2008,7,23,23,14.25,64.33,0.0,0.0,0.0,322.7,3.56,106.0,878.85,
2008,7,24,0,14.14,66.03,0.0,0.0,0.0,321.15,3.68,104.0,878.74,
2008,7,24,1,14.03,67.74,0.0,0.0,0.0,319.6,3.79,103.0,878.62,
2008,7,24,2,13.57,70.42,0.0,0.0,0.0,317.08,3.72,101.0,878.71,
2008,7,24,3,13.11,73.1,0.0,0.0,0.0,314.57,3.65,100.0,878.79,
2008,7,24,4,12.65,75.78,0.0,0.0,0.0,312.05,3.57,99.0,878.88,
2008,7,24,5,13.28,74.56,0.0,0.0,0.0,312.45,3.99,98.0,879.31,
2008,7,24,6,13.91,73.33,0.0,0.0,0.0,312.85,4.4,97.0,879.74,
2008,7,24,7,14.55,72.11,78.0,286.25,42.0,313.25,4.81,97.0,880.17,
2008,7,24,8,16.12,64.72,269.0,398.7,130.0,316.05,5.31,94.0,880.06,
2008,7,24,9,17.7,57.32,523.0,759.95,111.0,318.85,5.82,91.0,879.94,
2008,7,24,10,19.27,49.93,696.0,820.94,127.0,321.65,6.32,88.0,879.83,
2008,7,24,11,19.5,49.24,816.0,869.52,128.0,328.92,5.82,88.0,879.05,
2008,7,24,12,19.74,48.55,809.0,708.57,221.0,336.18,5.31,88.0,878.28,
2008,7,24,13,19.97,47.86,634.0,324.94,372.0,343.45,4.81,88.0,877.5,
2008,7,24,14,19.24,49.6,645.0,537.24,257.0,351.53,4.8,92.0,877.44,
2008,7,24,15,18.52,51.35,507.0,514.31,207.0,359.62,4.78,97.0,877.39,
2008,7,24,16,17.79,53.09,363.0,671.61,95.0,367.7,4.76,101.0,877.33,
2008,7,24,17,17.02,56.79,120.0,285.73,68.0,362.97,4.21,101.0,877.88,
2008,7,24,18,16.25,60.48,0.0,0.0,0.0,358.23,3.66,102.0,878.42,
2008,7,24,19,15.48,64.18,0.0,0.0,0.0,353.5,3.12,103.0,878.97,
2008,7,24,20,14.95,66.58,0.0,0.0,0.0,348.47,3.07,102.0,879.34,
2008,7,24,21,14.43,68.99,0.0,0.0,0.0,343.43,3.03,102.0,879.71,
2008,7,24,22,13.9,71.39,0.0,0.0,0.0,338.4,2.98,101.0,880.08,
2008,7,24,23,13.82,72.54,0.0,0.0,0.0,335.6,3.05,100.0,880.06,
2008,7,25,0,13.74,73.69,0.0,0.0,0.0,332.8,3.12,99.0,880.03,
2008,7,25,1,13.66,74.84,0.0,0.0,0.0,330.0,3.19,97.0,880.0,
2008,7,25,2,13.08,77.71,0.0,0.0,0.0,322.15,3.01,97.0,880.11,
2008,7,25,3,12.49,80.59,0.0,0.0,0.0,314.3,2.84,97.0,880.23,
2008,7,25,4,11.91,83.46,0.0,0.0,0.0,306.45,2.66,96.0,880.34,
2008,7,25,5,12.78,80.64,0.0,0.0,0.0,306.88,3.18,98.0,880.66,
2008,7,25,6,13.65,77.81,0.0,0.0,0.0,307.32,3.69,100.0,880.97,
2008,7,25,7,14.53,74.99,77.0,268.14,43.0,307.75,4.21,102.0,881.29,
2008,7,25,8,16.23,67.21,302.0,585.76,97.0,313.77,4.8,100.0,881.06,
2008,7,25,9,17.94,59.43,519.0,731.95,121.0,319.78,5.39,97.0,880.83,
2008,7,25,10,19.64,51.65,703.0,837.49,121.0,325.8,5.99,94.0,880.6,
2008,7,25,11,19.98,50.08,828.0,903.92,111.0,335.35,5.73,97.0,879.8,
2008,7,25,12,20.32,48.52,874.0,917.19,111.0,344.9,5.47,99.0,878.99,
2008,7,25,13,20.66,46.95,818.0,810.3,163.0,354.45,5.21,102.0,878.19,
2008,7,25,14,20.45,44.94,738.0,849.26,123.0,356.95,5.09,105.0,877.76,
2008,7,25,15,20.24,42.92,576.0,796.47,110.0,359.45,4.97,108.0,877.33,
2008,7,25,16,20.03,40.91,305.0,356.97,162.0,361.95,4.86,111.0,876.9,
2008,7,25,17,18.99,44.52,126.0,338.32,64.0,357.95,4.4,113.0,877.42,
2008,7,25,18,17.95,48.14,0.0,0.0,0.0,353.95,3.94,115.0,877.93,
2008,7,25,19,16.91,51.75,0.0,0.0,0.0,349.95,3.49,116.0,878.45,
2008,7,25,20,16.32,53.64,0.0,0.0,0.0,346.73,3.5,114.0,878.85,
2008,7,25,21,15.74,55.53,0.0,0.0,0.0,343.52,3.52,112.0,879.25,
2008,7,25,22,15.15,57.42,0.0,0.0,0.0,340.3,3.53,110.0,879.65,
2008,7,25,23,14.87,59.33,0.0,0.0,0.0,336.43,3.5,107.0,879.65,
2008,7,26,0,14.58,61.24,0.0,0.0,0.0,332.57,3.47,105.0,879.65,
2008,7,26,1,14.3,63.15,0.0,0.0,0.0,328.7,3.43,103.0,879.65,
2008,7,26,2,13.63,65.89,0.0,0.0,0.0,323.22,3.19,102.0,879.91,
2008,7,26,3,12.97,68.64,0.0,0.0,0.0,317.73,2.95,101.0,880.17,
2008,7,26,4,12.3,71.38,0.0,0.0,0.0,312.25,2.7,100.0,880.43,
2008,7,26,5,12.83,71.96,0.0,0.0,0.0,310.12,3.13,101.0,880.77,
2008,7,26,6,13.37,72.54,0.0,0.0,0.0,307.98,3.55,101.0,881.12,
2008,7,26,7,13.91,73.12,82.0,320.57,41.0,305.85,3.97,102.0,881.46,
2008,7,26,8,15.74,64.52,314.0,660.27,82.0,310.45,4.33,101.0,881.26,
2008,7,26,9,17.57,55.92,533.0,790.22,102.0,315.05,4.68,100.0,881.06,
2008,7,26,10,19.4,47.32,709.0,853.89,114.0,319.65,5.03,99.0,880.86,
2008,7,26,11,20.19,43.11,821.0,871.44,128.0,325.6,4.75,99.0,879.85,
2008,7,26,12,20.97,38.91,834.0,771.0,191.0,331.55,4.46,100.0,878.85,
2008,7,26,13,21.76,34.7,680.0,414.61,344.0,337.5,4.18,100.0,877.85,
2008,7,26,14,21.03,35.99,678.0,627.99,222.0,336.95,4.32,105.0,877.59,
2008,7,26,15,20.31,37.27,566.0,737.82,133.0,336.4,4.46,110.0,877.33,
2008,7,26,16,19.58,38.56,251.0,164.12,185.0,335.85,4.59,115.0,877.07,
2008,7,26,17,18.34,43.62,60.0,10.84,58.0,331.8,4.13,117.0,877.56,
2008,7,26,18,17.09,48.67,0.0,0.0,0.0,327.75,3.67,119.0,878.05,
2008,7,26,19,15.84,53.73,0.0,0.0,0.0,323.7,3.21,121.0,878.53,
2008,7,26,20,14.99,58.15,0.0,0.0,0.0,318.25,3.06,120.0,878.94,
2008,7,26,21,14.14,62.56,0.0,0.0,0.0,312.8,2.9,118.0,879.34,
2008,7,26,22,13.29,66.98,0.0,0.0,0.0,307.35,2.74,116.0,879.74,
2008,7,26,23,12.87,70.64,0.0,0.0,0.0,304.8,2.69,115.0,879.88,
2008,7,27,0,12.46,74.3,0.0,0.0,0.0,302.25,2.63,114.0,880.03,
2008,7,27,1,12.04,77.96,0.0,0.0,0.0,299.7,2.58,113.0,880.17,
2008,7,27,2,11.53,81.31,0.0,0.0,0.0,298.08,2.54,112.0,880.28,
2008,7,27,3,11.01,84.67,0.0,0.0,0.0,296.47,2.51,111.0,880.4,
2008,7,27,4,10.5,88.02,0.0,0.0,0.0,294.85,2.47,110.0,880.51,
2008,7,27,5,11.45,86.53,0.0,0.0,0.0,297.42,2.8,109.0,880.86,
2008,7,27,6,12.4,85.04,0.0,0.0,0.0,299.98,3.13,107.0,881.2,
2008,7,27,7,13.35,83.55,42.0,15.5,40.0,302.55,3.46,106.0,881.55,
2008,7,27,8,15.12,73.73,319.0,685.86,77.0,310.85,3.89,103.0,881.32,
2008,7,27,9,16.9,63.92,532.0,776.75,107.0,319.15,4.32,100.0,881.09,
2008,7,27,10,18.67,54.1,711.0,855.81,113.0,327.45,4.74,97.0,880.86,
2008,7,27,11,19.39,50.26,828.0,889.24,119.0,335.33,4.6,98.0,879.94,
2008,7,27,12,20.11,46.42,826.0,740.33,207.0,343.22,4.45,98.0,879.02,
2008,7,27,13,20.83,42.58,371.0,22.15,353.0,351.1,4.3,99.0,878.1,
2008,7,27,14,20.44,42.99,131.0,0.0,131.0,351.08,4.46,102.0,877.82,
2008,7,27,15,20.04,43.39,483.0,417.9,237.0,351.07,4.62,105.0,877.53,
2008,7,27,16,19.65,43.8,291.0,289.83,174.0,351.05,4.77,109.0,877.24,
2008,7,27,17,18.35,49.31,130.0,344.53,66.0,342.33,4.18,110.0,877.79,
2008,7,27,18,17.04,54.83,0.0,0.0,0.0,333.62,3.59,111.0,878.33,
2008,7,27,19,15.73,60.34,0.0,0.0,0.0,324.9,2.99,112.0,878.88,
2008,7,27,20,14.91,64.41,0.0,0.0,0.0,319.32,2.91,110.0,879.22,
2008,7,27,21,14.1,68.49,0.0,0.0,0.0,313.73,2.84,108.0,879.57,
2008,7,27,22,13.28,72.56,0.0,0.0,0.0,308.15,2.76,107.0,879.91,
2008,7,27,23,12.94,74.94,0.0,0.0,0.0,305.67,2.76,107.0,879.91,
2008,7,28,0,12.6,77.33,0.0,0.0,0.0,303.18,2.76,107.0,879.91,
2008,7,28,1,12.26,79.71,0.0,0.0,0.0,300.7,2.76,107.0,879.91,
2008,7,28,2,11.99,80.95,0.0,0.0,0.0,300.83,2.73,106.0,879.88,
2008,7,28,3,11.72,82.2,0.0,0.0,0.0,300.97,2.7,105.0,879.85,
2008,7,28,4,11.45,83.44,0.0,0.0,0.0,301.1,2.68,104.0,879.83,
2008,7,28,5,12.4,80.43,0.0,0.0,0.0,300.47,3.01,104.0,880.26,
2008,7,28,6,13.36,77.42,0.0,0.0,0.0,299.83,3.34,103.0,880.69,
2008,7,28,7,14.32,74.41,85.0,330.03,42.0,299.2,3.67,103.0,881.12,
2008,7,28,8,16.35,65.32,320.0,688.53,76.0,305.62,4.1,99.0,880.74,
2008,7,28,9,18.38,56.22,540.0,806.99,97.0,312.03,4.53,95.0,880.37,
2008,7,28,10,20.41,47.13,718.0,871.92,107.0,318.45,4.97,92.0,880.0,
2008,7,28,11,20.96,44.13,799.0,776.8,178.0,327.92,4.61,91.0,879.02,
2008,7,28,12,21.51,41.13,586.0,199.22,419.0,337.38,4.25,90.0,878.05,
2008,7,28,13,22.06,38.13,722.0,505.75,310.0,346.85,3.89,89.0,877.07,
2008,7,28,14,21.62,37.87,410.0,78.07,353.0,351.38,3.94,96.0,876.76,
2008,7,28,15,21.17,37.6,346.0,105.0,284.0,355.92,3.98,102.0,876.44,
2008,7,28,16,20.73,37.34,173.0,24.68,163.0,360.45,4.03,108.0,876.13,
2008,7,28,17,19.53,41.29,94.0,96.26,76.0,352.77,3.59,111.0,876.58,
2008,7,28,18,18.32,45.25,0.0,0.0,0.0,345.08,3.15,113.0,877.04,
2008,7,28,19,17.11,49.2,0.0,0.0,0.0,337.4,2.72,116.0,877.5,
2008,7,28,20,16.54,51.49,0.0,0.0,0.0,334.93,2.82,116.0,877.85,
2008,7,28,21,15.98,53.79,0.0,0.0,0.0,332.47,2.93,116.0,878.19,
2008,7,28,22,15.41,56.08,0.0,0.0,0.0,330.0,3.03,116.0,878.53,
2008,7,28,23,15.23,57.3,0.0,0.0,0.0,329.4,2.97,117.0,878.53,
2008,7,29,0,15.06,58.51,0.0,0.0,0.0,328.8,2.91,119.0,878.53,
2008,7,29,1,14.88,59.73,0.0,0.0,0.0,328.2,2.86,120.0,878.53,
2008,7,29,2,13.42,64.59,0.0,0.0,0.0,315.97,3.0,119.0,878.59,
2008,7,29,3,11.97,69.44,0.0,0.0,0.0,303.73,3.14,117.0,878.65,
2008,7,29,4,10.51,74.3,0.0,0.0,0.0,291.5,3.28,115.0,878.71,
2008,7,29,5,11.96,69.81,0.0,0.0,0.0,291.95,3.15,111.0,879.14,
2008,7,29,6,13.42,65.32,0.0,0.0,0.0,292.4,3.03,106.0,879.57,
2008,7,29,7,14.88,60.83,85.0,319.19,43.0,292.85,2.9,102.0,880.0,
2008,7,29,8,17.06,53.5,324.0,702.3,74.0,301.15,3.35,101.0,879.77,
2008,7,29,9,19.24,46.16,548.0,838.77,86.0,309.45,3.81,100.0,879.54,
2008,7,29,10,21.42,38.83,720.0,873.64,106.0,317.75,4.26,100.0,879.31,
2008,7,29,11,22.03,36.66,825.0,857.03,138.0,326.53,4.18,102.0,878.28,
2008,7,29,12,22.65,34.48,763.0,547.3,303.0,335.32,4.11,104.0,877.24,
2008,7,29,13,23.26,32.31,410.0,40.4,377.0,344.1,4.03,106.0,876.21,
2008,7,29,14,22.58,32.85,390.0,60.1,346.0,348.23,4.12,108.0,876.01,
2008,7,29,15,21.9,33.4,526.0,553.8,198.0,352.37,4.22,111.0,875.81,
2008,7,29,16,21.22,33.94,345.0,518.74,134.0,356.5,4.32,114.0,875.61,
2008,7,29,17,19.95,37.76,80.0,47.82,71.0,349.57,3.8,116.0,876.13,
2008,7,29,18,18.68,41.58,0.0,0.0,0.0,342.63,3.28,118.0,876.64,
2008,7,29,19,17.4,45.4,0.0,0.0,0.0,335.7,2.76,119.0,877.16,
2008,7,29,20,16.46,49.04,0.0,0.0,0.0,330.92,2.88,119.0,877.56,
2008,7,29,21,15.51,52.67,0.0,0.0,0.0,326.13,3.0,118.0,877.96,
2008,7,29,22,14.57,56.31,0.0,0.0,0.0,321.35,3.12,118.0,878.36,
2008,7,29,23,14.11,59.03,0.0,0.0,0.0,319.83,3.23,115.0,878.19,
2008,7,30,0,13.66,61.76,0.0,0.0,0.0,318.32,3.34,113.0,878.02,
2008,7,30,1,13.2,64.48,0.0,0.0,0.0,316.8,3.45,110.0,877.85,
2008,7,30,2,12.76,65.97,0.0,0.0,0.0,311.03,3.41,107.0,877.99,
2008,7,30,3,12.31,67.45,0.0,0.0,0.0,305.27,3.37,105.0,878.13,
2008,7,30,4,11.87,68.94,0.0,0.0,0.0,299.5,3.32,103.0,878.28,
2008,7,30,5,13.23,65.78,0.0,0.0,0.0,300.72,3.61,100.0,878.85,
2008,7,30,6,14.6,62.63,0.0,0.0,0.0,301.93,3.9,97.0,879.42,
2008,7,30,7,15.97,59.47,41.0,15.04,39.0,303.15,4.19,94.0,880.0,
2008,7,30,8,17.93,53.29,118.0,5.59,116.0,311.72,5.01,96.0,879.91,
2008,7,30,9,19.89,47.1,240.0,21.71,228.0,320.28,5.82,98.0,879.83,
2008,7,30,10,21.85,40.92,456.0,153.21,348.0,328.85,6.63,99.0,879.74,
2008,7,30,11,22.08,39.77,679.0,424.22,338.0,343.57,6.48,100.0,878.99,
2008,7,30,12,22.3,38.61,160.0,0.0,160.0,358.28,6.33,102.0,878.25,
2008,7,30,13,22.53,37.46,776.3,729.16,179.15,373.0,6.18,103.0,877.5,
2008,7,30,14,21.7,38.96,479.0,155.28,365.0,373.85,6.06,106.0,877.39,
2008,7,30,15,20.88,40.46,466.0,350.12,258.0,374.7,5.95,110.0,877.27,
2008,7,30,16,20.05,41.96,275.0,220.44,185.0,375.55,5.83,113.0,877.16,
2008,7,30,17,18.75,46.12,149.0,517.35,51.0,356.65,5.0,114.0,877.56,
2008,7,30,18,17.45,50.28,0.0,0.0,0.0,337.75,4.17,115.0,877.96,
2008,7,30,19,16.14,54.44,0.0,0.0,0.0,318.85,3.34,116.0,878.36,
2008,7,30,20,15.48,56.52,0.0,0.0,0.0,314.23,3.34,114.0,878.74,
2008,7,30,21,14.82,58.59,0.0,0.0,0.0,309.62,3.35,112.0,879.11,
2008,7,30,22,14.16,60.67,0.0,0.0,0.0,305.0,3.35,111.0,879.48,
2008,7,30,23,13.95,61.97,0.0,0.0,0.0,304.2,3.33,110.0,879.37,
2008,7,31,0,13.74,63.27,0.0,0.0,0.0,303.4,3.31,108.0,879.25,
2008,7,31,1,13.53,64.57,0.0,0.0,0.0,302.6,3.3,107.0,879.14,
2008,7,31,2,12.97,66.33,0.0,0.0,0.0,301.27,3.12,106.0,879.25,
2008,7,31,3,12.41,68.09,0.0,0.0,0.0,299.93,2.94,106.0,879.37,
2008,7,31,4,11.85,69.85,0.0,0.0,0.0,298.6,2.76,105.0,879.48,
2008,7,31,5,12.71,68.24,0.0,0.0,0.0,297.2,3.3,105.0,879.94,
2008,7,31,6,13.57,66.63,0.0,0.0,0.0,295.8,3.83,105.0,880.4,
2008,7,31,7,14.43,65.02,95.0,439.09,36.0,294.4,4.37,105.0,880.86,
2008,7,31,8,16.36,58.01,329.0,717.93,71.0,299.45,4.88,103.0,880.69,
2008,7,31,9,18.3,50.99,549.0,825.67,91.0,304.5,5.39,102.0,880.51,
2008,7,31,10,20.24,43.98,729.0,892.41,98.0,309.55,5.9,100.0,880.34,
2008,7,31,11,21.07,40.87,769.0,661.22,236.0,315.1,5.72,101.0,879.22,
2008,7,31,12,21.9,37.76,680.0,347.93,386.0,320.65,5.54,102.0,878.1,
2008,7,31,13,22.73,34.65,706.0,449.36,337.0,326.2,5.37,103.0,876.99,
2008,7,31,14,21.94,35.7,669.0,565.07,253.0,324.05,5.24,106.0,876.73,
2008,7,31,15,21.16,36.75,557.0,657.85,165.0,321.9,5.11,109.0,876.47,
2008,7,31,16,20.37,37.8,367.0,629.58,109.0,319.75,4.98,112.0,876.21,
2008,7,31,17,18.76,42.72,126.0,278.04,73.0,313.38,4.28,113.0,876.81,
2008,7,31,18,14.15,55.86,0.0,0.0,0.0,300.78,2.65,114.0,877.42,
2008,7,31,19,14.0,56.94,0.0,0.0,0.0,298.65,2.74,116.0,878.02,
2008,7,31,20,13.85,58.03,0.0,0.0,0.0,296.52,2.82,115.0,878.19,
2008,7,31,21,13.7,59.11,0.0,0.0,0.0,294.39,2.9,114.0,878.36,
2008,7,31,22,13.56,60.2,0.0,0.0,0.0,292.26,2.98,113.0,878.53,
2008,7,31,23,13.41,61.29,0.0,0.0,0.0,290.14,3.06,113.0,878.31,
2007,8,1,0,13.26,62.37,0.0,0.0,0.0,288.01,3.15,113.0,878.08,
2007,8,1,1,13.11,63.46,0.0,0.0,0.0,285.88,3.23,112.0,877.85,
2007,8,1,2,12.96,64.54,0.0,0.0,0.0,283.75,3.31,107.0,879.31,
2007,8,1,3,12.82,65.63,0.0,0.0,0.0,281.62,3.39,106.0,879.57,
2007,8,1,4,12.67,66.72,0.0,0.0,0.0,279.5,3.48,105.0,879.83,
2007,8,1,5,12.52,67.8,0.0,0.0,0.0,277.37,3.56,106.0,880.28,
2007,8,1,6,12.37,68.89,0.0,0.0,0.0,275.24,3.64,107.0,880.74,
2007,8,1,7,12.23,69.97,88.0,316.51,45.0,273.11,3.72,108.0,881.2,
2007,8,1,8,12.08,71.06,320.0,634.08,91.0,270.99,3.81,106.0,880.92,
2007,8,1,9,11.93,72.15,540.0,757.98,118.0,268.86,3.89,105.0,880.63,
2007,8,1,10,18.79,48.26,717.0,819.13,136.0,290.65,5.12,104.0,880.34,
2007,8,1,11,19.99,44.51,832.0,844.89,149.0,296.23,5.08,104.0,879.14,
2007,8,1,12,21.2,40.76,880.0,859.19,152.0,301.82,5.03,105.0,877.93,
2007,8,1,13,22.4,37.01,855.0,865.94,142.0,307.4,4.99,105.0,876.73,
2007,8,1,14,21.93,37.43,753.0,833.06,138.0,308.72,4.97,107.0,876.24,
2007,8,1,15,21.47,37.86,584.0,757.92,131.0,310.03,4.95,109.0,875.75,
2007,8,1,16,21.01,38.28,373.0,646.72,107.0,311.35,4.92,110.0,875.26,
2007,8,1,17,19.31,41.92,144.0,437.97,60.0,306.92,4.41,113.0,875.9,
2007,8,1,18,17.61,45.57,0.0,0.0,0.0,302.48,3.9,115.0,876.53,
2007,8,1,19,15.91,49.21,0.0,0.0,0.0,298.05,3.39,118.0,877.16,
2007,8,1,20,15.06,50.56,0.0,0.0,0.0,295.77,3.26,115.0,877.5,
2007,8,1,21,14.22,51.92,0.0,0.0,0.0,293.48,3.12,112.0,877.85,
2007,8,1,22,13.38,53.27,0.0,0.0,0.0,291.2,2.98,109.0,878.19,
2007,8,1,23,13.06,54.48,0.0,0.0,0.0,289.4,2.99,107.0,877.99,
2007,8,2,0,12.75,55.69,0.0,0.0,0.0,287.6,3.0,105.0,877.79,
2007,8,2,1,12.44,56.9,0.0,0.0,0.0,285.8,3.01,102.0,877.59,
2007,8,2,2,11.8,59.45,0.0,0.0,0.0,283.92,3.01,100.0,877.79,
2007,8,2,3,11.16,62.0,0.0,0.0,0.0,282.03,3.02,97.0,877.99,
2007,8,2,4,10.52,64.55,0.0,0.0,0.0,280.15,3.02,94.0,878.19,
2007,8,2,5,11.63,62.6,0.0,0.0,0.0,281.35,3.01,92.0,878.68,
2007,8,2,6,12.75,60.66,0.0,0.0,0.0,282.55,2.99,89.0,879.17,
2007,8,2,7,13.87,58.71,93.0,363.87,43.0,283.75,2.98,87.0,879.65,
2007,8,2,8,16.44,52.71,326.0,658.39,87.0,291.55,3.18,83.0,879.31,
2007,8,2,9,19.02,46.71,545.0,773.04,113.0,299.35,3.37,80.0,878.97,
2007,8,2,10,21.6,40.71,720.0,820.75,136.0,307.15,3.57,76.0,878.62,
2007,8,2,11,22.76,38.05,839.0,860.94,141.0,314.67,3.56,77.0,877.36,
2007,8,2,12,23.92,35.39,883.0,859.18,153.0,322.18,3.54,78.0,876.1,
2007,8,2,13,25.08,32.73,845.0,822.41,166.0,329.7,3.53,79.0,874.83,
2007,8,2,14,24.46,33.17,740.0,778.07,164.0,330.17,3.6,88.0,874.32,
2007,8,2,15,23.84,33.61,583.0,745.63,136.0,330.63,3.66,97.0,873.8,
2007,8,2,16,23.22,34.05,373.0,637.11,110.0,331.1,3.72,106.0,873.29,
2007,8,2,17,21.35,39.64,144.0,424.98,62.0,326.32,3.42,110.0,873.89,
2007,8,2,18,19.48,45.22,0.0,0.0,0.0,321.53,3.12,115.0,874.49,
2007,8,2,19,17.62,50.81,0.0,0.0,0.0,316.75,2.81,120.0,875.09,
2007,8,2,20,16.78,54.62,0.0,0.0,0.0,314.3,2.88,117.0,875.67,
2007,8,2,21,15.95,58.43,0.0,0.0,0.0,311.85,2.94,115.0,876.24,
2007,8,2,22,15.12,62.24,0.0,0.0,0.0,309.4,3.01,113.0,876.81,
2007,8,2,23,14.77,65.01,0.0,0.0,0.0,307.38,3.04,111.0,876.76,
2007,8,3,0,14.43,67.77,0.0,0.0,0.0,305.37,3.07,109.0,876.7,
2007,8,3,1,14.09,70.54,0.0,0.0,0.0,303.35,3.1,108.0,876.64,
2007,8,3,2,13.78,72.45,0.0,0.0,0.0,303.02,3.15,105.0,876.58,
2007,8,3,3,13.47,74.37,0.0,0.0,0.0,302.68,3.2,103.0,876.53,
2007,8,3,4,13.16,76.28,0.0,0.0,0.0,302.35,3.26,101.0,876.47,
2007,8,3,5,14.35,72.81,0.0,0.0,0.0,303.2,3.37,98.0,877.01,
2007,8,3,6,15.54,69.34,0.0,0.0,0.0,304.05,3.48,95.0,877.56,
2007,8,3,7,16.74,65.87,87.0,280.51,48.0,304.9,3.59,93.0,878.1,
2007,8,3,8,19.14,57.5,317.0,583.68,104.0,313.57,3.85,87.0,877.9,
2007,8,3,9,21.55,49.12,540.0,734.42,128.0,322.23,4.12,82.0,877.7,
2007,8,3,10,23.95,40.75,715.0,794.27,148.0,330.9,4.39,77.0,877.5,
2007,8,3,11,24.69,37.95,838.0,846.12,150.0,341.57,4.17,76.0,876.53,
2007,8,3,12,25.42,35.14,886.0,860.32,153.0,352.23,3.95,75.0,875.55,
2007,8,3,13,26.16,32.34,751.0,538.73,305.0,362.9,3.74,74.0,874.58,
2007,8,3,14,25.44,32.75,614.0,396.03,320.0,365.07,3.58,82.0,874.26,
2007,8,3,15,24.73,33.17,503.0,439.05,239.0,367.23,3.42,89.0,873.94,
2007,8,3,16,24.02,33.58,277.0,212.41,189.0,369.4,3.26,97.0,873.63,
2007,8,3,17,22.64,37.37,143.0,407.03,64.0,363.0,3.14,103.0,874.17,
2007,8,3,18,21.26,41.17,0.0,0.0,0.0,356.6,3.03,109.0,874.72,
2007,8,3,19,19.89,44.96,0.0,0.0,0.0,350.2,2.92,116.0,875.26,
2007,8,3,20,19.16,47.95,0.0,0.0,0.0,346.35,2.93,115.0,875.67,
2007,8,3,21,18.43,50.94,0.0,0.0,0.0,342.5,2.94,114.0,876.07,
2007,8,3,22,17.7,53.93,0.0,0.0,0.0,338.65,2.95,113.0,876.47,
2007,8,3,23,17.24,56.68,0.0,0.0,0.0,333.47,3.08,112.0,876.41,
2007,8,4,0,16.79,59.43,0.0,0.0,0.0,328.28,3.2,111.0,876.35,
2007,8,4,1,16.33,62.18,0.0,0.0,0.0,323.1,3.32,110.0,876.3,
2007,8,4,2,15.53,64.49,0.0,0.0,0.0,317.85,3.31,106.0,876.24,
2007,8,4,3,14.72,66.81,0.0,0.0,0.0,312.6,3.3,103.0,876.18,
2007,8,4,4,13.91,69.12,0.0,0.0,0.0,307.35,3.28,100.0,876.13,
2007,8,4,5,15.14,65.72,0.0,0.0,0.0,306.3,3.33,99.0,876.7,
2007,8,4,6,16.38,62.31,0.0,0.0,0.0,305.25,3.37,98.0,877.27,
2007,8,4,7,17.62,58.91,89.0,284.27,49.0,304.2,3.42,96.0,877.85,
2007,8,4,8,19.97,51.19,319.0,585.99,104.0,312.68,3.62,96.0,877.7,
2007,8,4,9,22.32,43.47,540.0,724.44,132.0,321.17,3.82,95.0,877.56,
2007,8,4,10,24.67,35.75,722.0,808.41,143.0,329.65,4.01,94.0,877.42,
2007,8,4,11,25.25,33.69,841.0,847.29,150.0,339.0,3.72,100.0,876.38,
2007,8,4,12,25.82,31.63,889.0,861.42,153.0,348.35,3.43,106.0,875.35,
2007,8,4,13,26.4,29.57,860.0,854.06,151.0,357.7,3.13,112.0,874.32,
2007,8,4,14,25.76,28.99,761.0,836.88,138.0,349.23,3.44,117.0,873.92,
2007,8,4,15,25.13,28.42,594.0,774.35,127.0,340.77,3.76,122.0,873.51,
2007,8,4,16,24.5,27.84,374.0,627.77,113.0,332.3,4.07,127.0,873.11,
2007,8,4,17,22.65,31.45,147.0,435.43,62.0,325.37,3.8,126.0,873.77,
2007,8,4,18,20.8,35.06,0.0,0.0,0.0,318.43,3.53,125.0,874.43,
2007,8,4,19,18.96,38.67,0.0,0.0,0.0,311.5,3.26,124.0,875.09,
2007,8,4,20,18.09,40.84,0.0,0.0,0.0,309.05,3.3,121.0,875.52,
2007,8,4,21,17.22,43.02,0.0,0.0,0.0,306.6,3.34,118.0,875.95,
2007,8,4,22,16.35,45.19,0.0,0.0,0.0,304.15,3.38,115.0,876.38,
2007,8,4,23,15.76,47.55,0.0,0.0,0.0,301.43,3.49,110.0,876.41,
2007,8,5,0,15.18,49.91,0.0,0.0,0.0,298.72,3.6,105.0,876.44,
2007,8,5,1,14.6,52.27,0.0,0.0,0.0,296.0,3.71,100.0,876.47,
2007,8,5,2,14.2,52.51,0.0,0.0,0.0,292.85,3.67,97.0,876.61,
2007,8,5,3,13.79,52.75,0.0,0.0,0.0,289.7,3.64,95.0,876.76,
2007,8,5,4,13.38,52.99,0.0,0.0,0.0,286.55,3.6,92.0,876.9,
2007,8,5,5,14.63,50.35,0.0,0.0,0.0,287.7,3.87,93.0,877.42,
2007,8,5,6,15.88,47.7,0.0,0.0,0.0,288.85,4.13,93.0,877.93,
2007,8,5,7,17.14,45.06,91.0,294.82,49.0,290.0,4.4,94.0,878.45,
2007,8,5,8,19.39,39.04,321.0,588.18,104.0,296.4,5.1,94.0,878.42,
2007,8,5,9,21.64,33.01,545.0,737.46,128.0,302.8,5.81,95.0,878.39,
2007,8,5,10,23.89,26.99,721.0,795.96,149.0,309.2,6.51,96.0,878.36,
2007,8,5,11,24.44,25.42,845.0,848.41,151.0,313.32,6.62,98.0,877.53,
2007,8,5,12,24.99,23.84,892.0,862.49,153.0,317.43,6.72,100.0,876.7,
2007,8,5,13,25.54,22.27,863.0,855.32,151.0,321.55,6.83,101.0,875.87,
2007,8,5,14,24.49,23.1,764.0,838.58,138.0,319.6,6.78,103.0,875.81,
2007,8,5,15,23.45,23.92,596.0,775.36,127.0,317.65,6.74,104.0,875.75,
2007,8,5,16,22.41,24.75,380.0,651.94,108.0,315.7,6.69,105.0,875.69,
2007,8,5,17,20.78,28.35,148.0,432.99,63.0,311.68,6.16,107.0,876.27,
2007,8,5,18,19.16,31.96,0.0,0.0,0.0,307.67,5.62,109.0,876.84,
2007,8,5,19,17.54,35.56,0.0,0.0,0.0,303.65,5.09,111.0,877.42,
2007,8,5,20,16.71,37.21,0.0,0.0,0.0,300.78,5.36,110.0,877.9,
2007,8,5,21,15.88,38.87,0.0,0.0,0.0,297.92,5.62,109.0,878.39,
2007,8,5,22,15.05,40.52,0.0,0.0,0.0,295.05,5.89,108.0,878.88,
2007,8,5,23,14.57,43.5,0.0,0.0,0.0,292.35,5.69,108.0,879.25,
2007,8,6,0,14.09,46.49,0.0,0.0,0.0,289.65,5.49,108.0,879.63,
2007,8,6,1,13.61,49.47,0.0,0.0,0.0,286.95,5.28,108.0,880.0,
2007,8,6,2,12.83,55.23,0.0,0.0,0.0,286.1,4.9,109.0,880.28,
2007,8,6,3,12.04,61.0,0.0,0.0,0.0,285.25,4.52,109.0,880.57,
2007,8,6,4,11.25,66.76,0.0,0.0,0.0,284.4,4.14,110.0,880.86,
2007,8,6,5,11.98,69.27,0.0,0.0,0.0,290.52,4.73,108.0,881.35,
2007,8,6,6,12.71,71.79,0.0,0.0,0.0,296.63,5.32,105.0,881.83,
2007,8,6,7,13.45,74.3,100.0,395.1,43.0,302.75,5.92,103.0,882.32,
2007,8,6,8,15.13,66.53,333.0,654.93,90.0,314.82,6.24,100.0,882.06,
2007,8,6,9,16.81,58.77,556.0,778.48,114.0,326.88,6.57,96.0,881.81,
2007,8,6,10,18.49,51.0,728.0,811.29,143.0,338.95,6.9,92.0,881.55,
2007,8,6,11,19.5,47.38,852.0,865.33,142.0,344.12,6.59,93.0,880.49,
2007,8,6,12,20.5,43.77,895.0,863.53,153.0,349.28,6.28,94.0,879.42,
2007,8,6,13,21.51,40.15,862.0,840.99,160.0,354.45,5.97,95.0,878.36,
2007,8,6,14,20.92,40.18,755.0,796.18,159.0,349.6,5.9,99.0,877.82,
2007,8,6,15,20.33,40.22,574.0,672.54,166.0,344.75,5.83,103.0,877.27,
2007,8,6,16,19.75,40.25,376.0,618.64,117.0,339.9,5.77,106.0,876.73,
2007,8,6,17,18.36,44.76,147.0,415.43,65.0,334.0,5.3,111.0,877.27,
2007,8,6,18,16.97,49.28,0.0,0.0,0.0,328.1,4.84,115.0,877.82,
2007,8,6,19,15.59,53.79,0.0,0.0,0.0,322.2,4.37,119.0,878.36,
2007,8,6,20,14.73,58.23,0.0,0.0,0.0,314.57,4.08,116.0,878.79,
2007,8,6,21,13.87,62.66,0.0,0.0,0.0,306.93,3.78,113.0,879.22,
2007,8,6,22,13.01,67.1,0.0,0.0,0.0,299.3,3.49,111.0,879.65,
2007,8,6,23,12.58,71.48,0.0,0.0,0.0,297.08,3.12,108.0,879.68,
2007,8,7,0,12.16,75.87,0.0,0.0,0.0,294.87,2.74,106.0,879.71,
2007,8,7,1,11.74,80.25,0.0,0.0,0.0,292.65,2.37,104.0,879.74,
2007,8,7,2,11.05,84.15,0.0,0.0,0.0,289.98,2.35,105.0,879.8,
2007,8,7,3,10.35,88.04,0.0,0.0,0.0,287.32,2.33,106.0,879.85,
2007,8,7,4,9.66,91.94,0.0,0.0,0.0,284.65,2.3,107.0,879.91,
2007,8,7,5,10.51,88.85,0.0,0.0,0.0,285.42,2.77,105.0,880.34,
2007,8,7,6,11.36,85.75,0.0,0.0,0.0,286.18,3.24,103.0,880.77,
2007,8,7,7,12.21,82.66,100.0,369.51,46.0,286.95,3.71,101.0,881.2,
2007,8,7,8,14.31,71.96,335.0,656.51,90.0,292.27,3.76,99.0,880.77,
2007,8,7,9,16.42,61.25,556.0,766.48,119.0,297.58,3.81,97.0,880.34,
2007,8,7,10,18.53,50.55,731.0,812.64,143.0,302.9,3.86,94.0,879.91,
2007,8,7,11,19.72,45.55,843.0,821.36,167.0,307.18,3.76,97.0,878.74,
2007,8,7,12,20.9,40.54,890.0,835.53,170.0,311.47,3.65,100.0,877.56,
2007,8,7,13,22.09,35.54,865.0,842.25,160.0,315.75,3.54,103.0,876.38,
2007,8,7,14,21.41,35.19,766.0,825.96,146.0,314.4,3.67,109.0,875.95,
2007,8,7,15,20.74,34.83,601.0,777.42,128.0,313.05,3.8,115.0,875.52,
2007,8,7,16,20.07,34.48,383.0,654.64,108.0,311.7,3.93,121.0,875.09,
2007,8,7,17,18.3,39.27,152.0,448.5,63.0,306.25,3.55,122.0,875.9,
2007,8,7,18,16.53,44.06,0.0,0.0,0.0,300.8,3.18,123.0,876.7,
2007,8,7,19,14.76,48.85,0.0,0.0,0.0,295.35,2.8,124.0,877.5,
2007,8,7,20,13.83,51.97,0.0,0.0,0.0,292.88,2.88,123.0,878.13,
2007,8,7,21,12.9,55.08,0.0,0.0,0.0,290.42,2.97,122.0,878.76,
2007,8,7,22,11.97,58.2,0.0,0.0,0.0,287.95,3.05,121.0,879.4,
2007,8,7,23,11.4,61.02,0.0,0.0,0.0,285.3,3.13,116.0,879.4,
2007,8,8,0,10.84,63.85,0.0,0.0,0.0,282.65,3.21,111.0,879.4,
2007,8,8,1,10.28,66.67,0.0,0.0,0.0,280.0,3.3,106.0,879.4,
2007,8,8,2,9.67,67.79,0.0,0.0,0.0,277.68,3.36,104.0,879.37,
2007,8,8,3,9.05,68.91,0.0,0.0,0.0,275.37,3.42,103.0,879.34,
2007,8,8,4,8.44,70.03,0.0,0.0,0.0,273.05,3.48,102.0,879.31,
2007,8,8,5,9.97,64.91,0.0,0.0,0.0,273.7,3.6,103.0,879.91,
2007,8,8,6,11.5,59.78,0.0,0.0,0.0,274.35,3.73,105.0,880.51,
2007,8,8,7,13.03,54.66,104.0,411.96,43.0,275.0,3.86,106.0,881.12,
2007,8,8,8,15.16,48.46,343.0,692.59,83.0,281.15,4.63,107.0,881.03,
2007,8,8,9,17.29,42.27,559.0,768.48,119.0,287.3,5.4,108.0,880.94,
2007,8,8,10,19.42,36.07,742.0,842.85,130.0,293.45,6.17,109.0,880.86,
2007,8,8,11,20.14,34.61,859.0,867.26,143.0,298.22,6.31,110.0,879.85,
2007,8,8,12,20.85,33.16,906.0,881.73,144.0,302.98,6.46,111.0,878.85,
2007,8,8,13,21.57,31.7,872.0,857.8,152.0,307.75,6.61,113.0,877.85,
2007,8,8,14,20.68,33.17,768.0,826.34,146.0,308.08,6.54,112.0,877.65,
2007,8,8,15,19.8,34.64,600.0,765.34,133.0,308.42,6.47,112.0,877.44,
2007,8,8,16,18.92,36.11,385.0,654.83,109.0,308.75,6.4,111.0,877.24,
2007,8,8,17,17.47,40.61,152.0,446.17,63.0,303.98,5.76,112.0,877.79,
2007,8,8,18,16.03,45.1,0.0,0.0,0.0,299.22,5.12,112.0,878.33,
2007,8,8,19,14.59,49.6,0.0,0.0,0.0,294.45,4.48,113.0,878.88,
2007,8,8,20,13.87,52.19,0.0,0.0,0.0,292.4,4.52,111.0,879.14,
2007,8,8,21,13.15,54.77,0.0,0.0,0.0,290.35,4.57,110.0,879.4,
2007,8,8,22,12.43,57.36,0.0,0.0,0.0,288.3,4.61,108.0,879.65,
2007,8,8,23,12.2,59.26,0.0,0.0,0.0,287.27,4.58,108.0,879.63,
2007,8,9,0,11.98,61.17,0.0,0.0,0.0,286.23,4.55,107.0,879.6,
2007,8,9,1,11.75,63.07,0.0,0.0,0.0,285.2,4.52,107.0,879.57,
2007,8,9,2,11.1,65.65,0.0,0.0,0.0,283.1,4.26,108.0,879.83,
2007,8,9,3,10.45,68.24,0.0,0.0,0.0,281.0,3.99,109.0,880.08,
2007,8,9,4,9.8,70.82,0.0,0.0,0.0,278.9,3.72,110.0,880.34,
2007,8,9,5,10.53,70.46,0.0,0.0,0.0,279.48,4.15,110.0,880.92,
2007,8,9,6,11.26,70.09,0.0,0.0,0.0,280.07,4.58,109.0,881.49,
2007,8,9,7,12.0,69.73,105.0,393.16,46.0,280.65,5.01,108.0,882.06,
2007,8,9,8,13.87,62.82,340.0,659.31,91.0,289.1,5.49,103.0,881.78,
2007,8,9,9,15.75,55.9,562.0,770.4,119.0,297.55,5.96,98.0,881.49,
2007,8,9,10,17.62,48.99,738.0,815.17,144.0,306.0,6.44,93.0,881.2,
2007,8,9,11,18.5,46.34,845.0,809.01,175.0,314.12,5.99,93.0,880.08,
2007,8,9,12,19.38,43.7,807.0,582.66,302.0,322.23,5.53,94.0,878.97,
2007,8,9,13,20.26,41.05,422.0,40.4,388.0,330.35,5.08,94.0,877.85,
2007,8,9,14,19.67,42.0,486.0,144.41,377.0,330.22,5.12,98.0,877.36,
2007,8,9,15,19.08,42.94,506.0,415.08,252.0,330.08,5.16,102.0,876.87,
2007,8,9,16,18.49,43.89,309.0,295.6,184.0,329.95,5.2,106.0,876.38,
2007,8,9,17,17.28,48.06,153.0,443.93,64.0,328.37,4.73,108.0,876.78,
2007,8,9,18,16.07,52.24,0.0,0.0,0.0,326.78,4.25,111.0,877.19,
2007,8,9,19,14.86,56.41,0.0,0.0,0.0,325.2,3.78,113.0,877.59,
2007,8,9,20,14.02,59.79,0.0,0.0,0.0,317.45,3.54,111.0,877.76,
2007,8,9,21,13.18,63.18,0.0,0.0,0.0,309.7,3.3,109.0,877.93,
2007,8,9,22,12.34,66.56,0.0,0.0,0.0,301.95,3.06,108.0,878.1,
2007,8,9,23,12.06,69.09,0.0,0.0,0.0,298.43,2.91,106.0,878.02,
2007,8,10,0,11.78,71.62,0.0,0.0,0.0,294.92,2.77,105.0,877.93,
2007,8,10,1,11.5,74.15,0.0,0.0,0.0,291.4,2.62,103.0,877.85,
2007,8,10,2,10.93,76.67,0.0,0.0,0.0,290.6,2.61,102.0,878.05,
2007,8,10,3,10.35,79.18,0.0,0.0,0.0,289.8,2.59,101.0,878.25,
2007,8,10,4,9.78,81.7,0.0,0.0,0.0,289.0,2.58,100.0,878.45,
2007,8,10,5,10.8,79.42,0.0,0.0,0.0,289.32,2.85,100.0,878.82,
2007,8,10,6,11.83,77.14,0.0,0.0,0.0,289.63,3.12,100.0,879.19,
2007,8,10,7,12.86,74.86,100.0,315.53,52.0,289.95,3.39,100.0,879.57,
2007,8,10,8,15.11,65.67,336.0,618.43,101.0,296.97,3.92,92.0,879.14,
2007,8,10,9,17.36,56.47,560.0,744.54,130.0,303.98,4.45,84.0,878.71,
2007,8,10,10,19.61,47.28,745.0,830.03,138.0,311.0,4.98,76.0,878.28,
2007,8,10,11,20.57,43.83,861.0,854.61,151.0,324.85,4.66,76.0,877.13,
2007,8,10,12,21.54,40.39,909.0,868.58,154.0,338.7,4.34,76.0,875.98,
2007,8,10,13,22.5,36.94,861.0,802.12,184.0,352.55,4.01,77.0,874.83,
2007,8,10,14,21.8,37.5,758.0,772.95,173.0,352.95,4.08,84.0,874.58,
2007,8,10,15,21.1,38.05,599.0,741.45,144.0,353.35,4.15,91.0,874.32,
2007,8,10,16,20.41,38.61,389.0,657.66,110.0,353.75,4.22,99.0,874.06,
2007,8,10,17,18.78,44.32,154.0,446.72,64.0,341.97,3.91,104.0,874.72,
2007,8,10,18,17.15,50.03,0.0,0.0,0.0,330.18,3.6,109.0,875.38,
2007,8,10,19,15.53,55.74,0.0,0.0,0.0,318.4,3.28,114.0,876.04,
2007,8,10,20,14.7,60.4,0.0,0.0,0.0,313.63,3.13,112.0,876.56,
2007,8,10,21,13.88,65.05,0.0,0.0,0.0,308.87,2.97,109.0,877.07,
2007,8,10,22,13.06,69.71,0.0,0.0,0.0,304.1,2.81,107.0,877.59,
2007,8,10,23,12.83,72.37,0.0,0.0,0.0,302.23,2.82,105.0,877.5,
2007,8,11,0,12.61,75.02,0.0,0.0,0.0,300.37,2.82,102.0,877.42,
2007,8,11,1,12.39,77.68,0.0,0.0,0.0,298.5,2.83,100.0,877.33,
2007,8,11,2,11.92,79.62,0.0,0.0,0.0,297.23,2.9,98.0,877.42,
2007,8,11,3,11.44,81.55,0.0,0.0,0.0,295.97,2.97,95.0,877.5,
2007,8,11,4,10.96,83.49,0.0,0.0,0.0,294.7,3.03,93.0,877.59,
2007,8,11,5,12.13,79.57,0.0,0.0,0.0,295.6,3.08,90.0,878.1,
2007,8,11,6,13.31,75.66,0.0,0.0,0.0,296.5,3.13,87.0,878.62,
2007,8,11,7,14.49,71.74,99.0,285.27,55.0,297.4,3.17,84.0,879.14,
2007,8,11,8,16.93,61.56,330.0,567.51,113.0,304.52,3.43,77.0,878.65,
2007,8,11,9,19.38,51.39,557.0,720.56,139.0,311.63,3.7,69.0,878.16,
2007,8,11,10,21.83,41.21,737.0,788.89,158.0,318.75,3.96,62.0,877.67,
2007,8,11,11,22.81,37.74,860.0,841.11,159.0,329.32,3.61,62.0,876.47,
2007,8,11,12,23.78,34.27,912.0,869.5,154.0,339.88,3.27,61.0,875.26,
2007,8,11,13,24.76,30.8,882.0,861.36,153.0,350.45,2.92,61.0,874.06,
2007,8,11,14,24.11,31.46,777.0,830.16,147.0,345.2,2.98,76.0,873.72,
2007,8,11,15,23.47,32.12,594.0,716.63,153.0,339.95,3.03,91.0,873.37,
2007,8,11,16,22.83,32.78,392.0,672.03,106.0,334.7,3.09,106.0,873.03,
2007,8,11,17,20.99,37.28,156.0,454.49,64.0,328.97,3.0,111.0,873.6,
2007,8,11,18,19.15,41.79,0.0,0.0,0.0,323.23,2.91,115.0,874.17,
2007,8,11,19,17.31,46.29,0.0,0.0,0.0,317.5,2.81,119.0,874.75,
2007,8,11,20,16.49,48.75,0.0,0.0,0.0,315.17,2.95,116.0,875.18,
2007,8,11,21,15.68,51.2,0.0,0.0,0.0,312.83,3.08,114.0,875.61,
2007,8,11,22,14.87,53.66,0.0,0.0,0.0,310.5,3.21,112.0,876.04,
2007,8,11,23,14.43,56.13,0.0,0.0,0.0,307.42,3.31,111.0,875.95,
2007,8,12,0,14.0,58.59,0.0,0.0,0.0,304.33,3.41,110.0,875.87,
2007,8,12,1,13.56,61.06,0.0,0.0,0.0,301.25,3.5,109.0,875.78,
2007,8,12,2,12.99,63.15,0.0,0.0,0.0,300.12,3.41,108.0,875.9,
2007,8,12,3,12.42,65.24,0.0,0.0,0.0,298.98,3.31,107.0,876.01,
2007,8,12,4,11.85,67.33,0.0,0.0,0.0,297.85,3.21,105.0,876.13,
2007,8,12,5,13.31,63.74,0.0,0.0,0.0,298.25,3.1,102.0,876.73,
2007,8,12,6,14.78,60.15,0.0,0.0,0.0,298.65,2.98,99.0,877.33,
2007,8,12,7,16.25,56.56,100.0,287.7,55.0,299.05,2.87,95.0,877.93,
2007,8,12,8,18.65,48.98,330.0,548.33,119.0,307.82,3.18,90.0,877.73,
2007,8,12,9,21.05,41.39,554.0,696.75,148.0,316.58,3.49,85.0,877.53,
2007,8,12,10,23.45,33.81,740.0,790.08,158.0,325.35,3.79,79.0,877.33,
2007,8,12,11,24.22,32.0,864.0,842.01,160.0,330.07,3.55,82.0,876.24,
2007,8,12,12,25.0,30.19,915.0,870.4,154.0,334.78,3.31,85.0,875.15,
2007,8,12,13,25.77,28.38,889.0,877.84,144.0,339.5,3.08,88.0,874.06,
2007,8,12,14,25.14,28.39,787.0,860.78,132.0,337.18,3.1,96.0,873.69,
2007,8,12,15,24.51,28.41,612.0,782.72,129.0,334.87,3.12,104.0,873.31,
2007,8,12,16,23.88,28.42,394.0,672.29,107.0,332.55,3.14,112.0,872.94,
2007,8,12,17,21.95,32.53,157.0,457.32,64.0,327.1,3.08,114.0,873.43,
2007,8,12,18,20.02,36.63,0.0,0.0,0.0,321.65,3.01,116.0,873.92,
2007,8,12,19,18.1,40.74,0.0,0.0,0.0,316.2,2.94,118.0,874.4,
2007,8,12,20,17.36,43.34,0.0,0.0,0.0,314.65,3.04,116.0,874.92,
2007,8,12,21,16.63,45.94,0.0,0.0,0.0,313.1,3.14,113.0,875.44,
2007,8,12,22,15.9,48.54,0.0,0.0,0.0,311.55,3.24,111.0,875.95,
2007,8,12,23,15.52,51.34,0.0,0.0,0.0,309.43,3.29,110.0,875.9,
2007,8,13,0,15.15,54.13,0.0,0.0,0.0,307.32,3.34,110.0,875.84,
2007,8,13,1,14.78,56.93,0.0,0.0,0.0,305.2,3.39,109.0,875.78,
2007,8,13,2,14.17,59.12,0.0,0.0,0.0,302.92,3.45,108.0,875.81,
2007,8,13,3,13.55,61.3,0.0,0.0,0.0,300.63,3.51,106.0,875.84,
2007,8,13,4,12.94,63.49,0.0,0.0,0.0,298.35,3.57,105.0,875.87,
2007,8,13,5,14.41,60.28,0.0,0.0,0.0,298.85,3.58,101.0,876.41,
2007,8,13,6,15.89,57.08,0.0,0.0,0.0,299.35,3.59,97.0,876.96,
2007,8,13,7,17.37,53.87,104.0,308.87,55.0,299.85,3.6,94.0,877.5,
2007,8,13,8,19.57,47.42,345.0,624.86,103.0,309.47,3.99,88.0,877.24,
2007,8,13,9,21.77,40.96,569.0,749.97,130.0,319.08,4.37,82.0,876.99,
2007,8,13,10,23.97,34.51,751.0,819.64,145.0,328.7,4.76,76.0,876.73,
2007,8,13,11,24.69,33.26,872.0,858.39,152.0,336.32,4.64,78.0,875.55,
2007,8,13,12,25.4,32.01,919.0,872.43,154.0,343.93,4.52,79.0,874.38,
2007,8,13,13,26.12,30.76,888.0,863.69,153.0,351.55,4.4,80.0,873.2,
2007,8,13,14,25.43,31.03,782.0,832.27,147.0,347.2,4.49,86.0,872.8,
2007,8,13,15,24.75,31.31,611.0,770.9,134.0,342.85,4.58,92.0,872.4,
2007,8,13,16,24.07,31.58,392.0,649.24,114.0,338.5,4.68,97.0,871.99,
2007,8,13,17,22.4,35.87,156.0,445.49,65.0,335.97,4.06,100.0,872.57,
2007,8,13,18,20.73,40.15,0.0,0.0,0.0,333.43,3.44,104.0,873.14,
2007,8,13,19,19.06,44.44,0.0,0.0,0.0,330.9,2.83,107.0,873.72,
2007,8,13,20,18.25,47.21,0.0,0.0,0.0,329.2,2.84,106.0,874.06,
2007,8,13,21,17.44,49.98,0.0,0.0,0.0,327.5,2.85,106.0,874.4,
2007,8,13,22,16.63,52.75,0.0,0.0,0.0,325.8,2.86,106.0,874.75,
2007,8,13,23,16.28,54.98,0.0,0.0,0.0,323.72,2.83,106.0,874.63,
2007,8,14,0,15.94,57.2,0.0,0.0,0.0,321.63,2.8,106.0,874.52,
2007,8,14,1,15.59,59.43,0.0,0.0,0.0,319.55,2.77,106.0,874.4,
2007,8,14,2,14.94,61.19,0.0,0.0,0.0,315.78,2.84,106.0,874.6,
2007,8,14,3,14.28,62.96,0.0,0.0,0.0,312.02,2.9,105.0,874.81,
2007,8,14,4,13.62,64.72,0.0,0.0,0.0,308.25,2.97,104.0,875.01,
2007,8,14,5,14.87,62.39,0.0,0.0,0.0,308.45,3.12,102.0,875.52,
2007,8,14,6,16.12,60.07,0.0,0.0,0.0,308.65,3.28,99.0,876.04,
2007,8,14,7,17.37,57.74,109.0,335.54,55.0,308.85,3.43,97.0,876.56,
2007,8,14,8,19.59,50.86,346.0,615.66,106.0,316.53,3.84,90.0,876.3,
2007,8,14,9,21.82,43.98,572.0,751.64,130.0,324.22,4.25,83.0,876.04,
2007,8,14,10,24.04,37.1,751.0,807.17,152.0,331.9,4.66,77.0,875.78,
2007,8,14,11,24.89,35.41,871.0,844.93,160.0,339.12,4.46,76.0,874.66,
2007,8,14,12,25.74,33.71,922.0,873.3,154.0,346.33,4.26,76.0,873.54,
2007,8,14,13,26.59,32.02,891.0,864.84,153.0,353.55,4.06,76.0,872.42,
2007,8,14,14,25.95,32.06,785.0,834.0,147.0,350.72,3.95,81.0,871.88,
2007,8,14,15,25.31,32.11,614.0,772.06,135.0,347.88,3.85,87.0,871.33,
2007,8,14,16,24.68,32.15,393.0,651.97,113.0,345.05,3.75,92.0,870.79,
2007,8,14,17,22.83,36.72,156.0,438.7,66.0,340.15,3.4,99.0,871.28,
2007,8,14,18,20.98,41.28,0.0,0.0,0.0,335.25,3.05,105.0,871.76,
2007,8,14,19,19.13,45.85,0.0,0.0,0.0,330.35,2.7,112.0,872.25,
2007,8,14,20,18.32,48.73,0.0,0.0,0.0,328.32,2.83,110.0,872.74,
2007,8,14,21,17.52,51.62,0.0,0.0,0.0,326.28,2.96,108.0,873.23,
2007,8,14,22,16.72,54.5,0.0,0.0,0.0,324.25,3.09,106.0,873.72,
2007,8,14,23,16.21,57.63,0.0,0.0,0.0,321.7,3.13,102.0,873.6,
2007,8,15,0,15.71,60.75,0.0,0.0,0.0,319.15,3.16,99.0,873.49,
2007,8,15,1,15.2,63.88,0.0,0.0,0.0,316.6,3.2,95.0,873.37,
2007,8,15,2,14.42,66.94,0.0,0.0,0.0,313.42,3.11,90.0,873.26,
2007,8,15,3,13.63,70.0,0.0,0.0,0.0,310.23,3.03,86.0,873.14,
2007,8,15,4,12.84,73.06,0.0,0.0,0.0,307.05,2.94,81.0,873.03,
2007,8,15,5,14.43,68.51,0.0,0.0,0.0,307.15,2.91,75.0,873.34,
2007,8,15,6,16.02,63.96,0.0,0.0,0.0,307.25,2.88,70.0,873.66,
2007,8,15,7,17.62,59.41,112.0,355.22,54.0,307.35,2.86,64.0,873.97,
2007,8,15,8,20.19,51.51,349.0,616.71,107.0,316.95,2.83,59.0,873.66,
2007,8,15,9,22.76,43.62,576.0,753.24,131.0,326.55,2.81,55.0,873.34,
2007,8,15,10,25.33,35.72,755.0,808.18,153.0,336.15,2.79,50.0,873.03,
2007,8,15,11,26.22,33.57,879.0,861.16,152.0,342.27,2.18,42.0,871.85,
2007,8,15,12,27.11,31.43,926.0,874.16,155.0,348.38,1.57,35.0,870.67,
2007,8,15,13,28.0,29.28,894.0,866.0,153.0,354.5,0.97,28.0,869.5,
2007,8,15,14,27.49,28.56,788.0,834.42,148.0,351.93,1.07,65.0,869.01,
2007,8,15,15,26.98,27.84,616.0,773.24,135.0,349.37,1.17,102.0,868.52,
2007,8,15,16,26.48,27.12,397.0,664.01,111.0,346.8,1.27,138.0,868.04,
2007,8,15,17,24.03,32.64,159.0,456.3,65.0,340.25,1.9,136.0,868.49,
2007,8,15,18,21.58,38.17,0.0,0.0,0.0,333.7,2.54,134.0,868.95,
2007,8,15,19,19.14,43.69,0.0,0.0,0.0,327.15,3.17,132.0,869.41,
2007,8,15,20,18.12,46.94,0.0,0.0,0.0,324.27,3.24,128.0,870.01,
2007,8,15,21,17.1,50.2,0.0,0.0,0.0,321.38,3.3,124.0,870.62,
2007,8,15,22,16.08,53.45,0.0,0.0,0.0,318.5,3.37,120.0,871.22,
2007,8,15,23,15.78,55.72,0.0,0.0,0.0,315.92,2.92,118.0,871.31,
2007,8,16,0,15.49,58.0,0.0,0.0,0.0,313.33,2.47,116.0,871.39,
2007,8,16,1,15.2,60.27,0.0,0.0,0.0,310.75,2.03,114.0,871.48,
2007,8,16,2,14.82,61.15,0.0,0.0,0.0,308.77,1.67,107.0,871.62,
2007,8,16,3,14.43,62.02,0.0,0.0,0.0,306.78,1.32,101.0,871.76,
2007,8,16,4,14.04,62.9,0.0,0.0,0.0,304.8,0.97,94.0,871.91,
2007,8,16,5,15.56,59.94,0.0,0.0,0.0,305.15,1.01,93.0,872.34,
2007,8,16,6,17.09,56.99,0.0,0.0,0.0,305.5,1.05,92.0,872.77,
2007,8,16,7,18.62,54.03,113.0,344.04,56.0,305.85,1.09,91.0,873.2,
2007,8,16,8,21.55,45.68,352.0,620.19,107.0,316.25,1.54,107.0,873.06,
2007,8,16,9,24.49,37.34,579.0,754.78,131.0,326.65,1.98,123.0,872.91,
2007,8,16,10,27.42,28.99,762.0,823.87,146.0,337.05,2.43,140.0,872.77,
2007,8,16,11,28.2,26.9,883.0,861.91,153.0,342.4,2.65,145.0,871.79,
2007,8,16,12,28.99,24.8,929.0,875.0,155.0,347.75,2.87,150.0,870.82,
2007,8,16,13,29.77,22.71,898.0,867.15,154.0,353.1,3.09,155.0,869.84,
2007,8,16,14,28.87,23.04,790.0,836.16,147.0,349.28,3.51,155.0,869.81,
2007,8,16,15,27.98,23.38,618.0,774.43,135.0,345.47,3.94,155.0,869.79,
2007,8,16,16,27.09,23.71,398.0,664.45,111.0,341.65,4.36,155.0,869.76,
2007,8,16,17,25.08,27.21,159.0,449.63,66.0,334.72,3.97,155.0,870.5,
2007,8,16,18,23.07,30.71,0.0,0.0,0.0,327.78,3.58,155.0,871.25,
2007,8,16,19,21.07,34.21,0.0,0.0,0.0,320.85,3.19,154.0,871.99,
2007,8,16,20,19.97,36.24,0.0,0.0,0.0,317.95,3.25,155.0,872.65,
2007,8,16,21,18.87,38.26,0.0,0.0,0.0,315.05,3.31,156.0,873.31,
2007,8,16,22,17.78,40.29,0.0,0.0,0.0,312.15,3.37,157.0,873.97,
2007,8,16,23,17.16,42.16,0.0,0.0,0.0,310.52,3.45,160.0,873.86,
2007,8,17,0,16.55,44.04,0.0,0.0,0.0,308.88,3.54,162.0,873.74,
2007,8,17,1,15.94,45.91,0.0,0.0,0.0,307.25,3.63,165.0,873.63,
2007,8,17,2,15.62,43.84,0.0,0.0,0.0,303.28,3.59,155.0,873.97,
2007,8,17,3,15.29,41.76,0.0,0.0,0.0,299.32,3.54,146.0,874.32,
2007,8,17,4,14.97,39.69,0.0,0.0,0.0,295.35,3.5,137.0,874.66,
2007,8,17,5,16.05,43.72,0.0,0.0,0.0,298.18,4.39,127.0,875.52,
2007,8,17,6,17.14,47.75,0.0,0.0,0.0,301.02,5.27,118.0,876.38,
2007,8,17,7,18.23,51.78,111.0,309.28,59.0,303.85,6.15,109.0,877.24,
2007,8,17,8,19.9,50.76,342.0,548.13,124.0,314.18,6.58,105.0,877.33,
2007,8,17,9,21.57,49.74,568.0,692.53,155.0,324.52,7.01,101.0,877.42,
2007,8,17,10,23.24,48.72,754.0,783.45,166.0,334.85,7.43,97.0,877.5,
2007,8,17,11,24.0,45.65,873.0,819.1,177.0,343.87,7.14,96.0,876.58,
2007,8,17,12,24.76,42.59,919.0,831.88,181.0,352.88,6.84,96.0,875.67,
2007,8,17,13,25.52,39.52,892.0,838.09,171.0,361.9,6.54,96.0,874.75,
2007,8,17,14,24.69,40.91,793.0,836.6,148.0,368.87,6.61,100.0,874.72,
2007,8,17,15,23.87,42.3,620.0,775.65,135.0,375.83,6.68,104.0,874.69,
2007,8,17,16,23.05,43.69,396.0,644.14,117.0,382.8,6.74,108.0,874.66,
2007,8,17,17,21.92,46.89,160.0,447.9,67.0,376.37,6.53,110.0,875.35,
2007,8,17,18,20.8,50.1,0.0,0.0,0.0,369.93,6.32,112.0,876.04,
2007,8,17,19,19.68,53.3,0.0,0.0,0.0,363.5,6.11,113.0,876.73,
2007,8,17,20,18.74,56.03,0.0,0.0,0.0,353.95,6.11,111.0,877.5,
2007,8,17,21,17.8,58.77,0.0,0.0,0.0,344.4,6.1,109.0,878.28,
2007,8,17,22,16.86,61.5,0.0,0.0,0.0,334.85,6.1,107.0,879.05,
2007,8,17,23,16.32,64.66,0.0,0.0,0.0,330.58,5.79,105.0,879.4,
2007,8,18,0,15.79,67.81,0.0,0.0,0.0,326.32,5.49,102.0,879.74,
2007,8,18,1,15.26,70.97,0.0,0.0,0.0,322.05,5.19,100.0,880.08,
2007,8,18,2,14.56,73.9,0.0,0.0,0.0,318.75,5.07,100.0,880.11,
2007,8,18,3,13.85,76.82,0.0,0.0,0.0,315.45,4.95,100.0,880.14,
2007,8,18,4,13.15,79.75,0.0,0.0,0.0,312.15,4.83,100.0,880.17,
2007,8,18,5,13.79,78.27,0.0,0.0,0.0,311.9,5.31,99.0,880.49,
2007,8,18,6,14.43,76.8,0.0,0.0,0.0,311.65,5.8,98.0,880.8,
2007,8,18,7,15.07,75.32,112.0,298.88,61.0,311.4,6.29,97.0,881.12,
2007,8,18,8,16.96,67.08,350.0,581.86,117.0,316.27,6.58,95.0,881.03,
2007,8,18,9,18.86,58.85,574.0,705.94,151.0,321.13,6.88,94.0,880.94,
2007,8,18,10,20.76,50.61,762.0,799.06,160.0,326.0,7.17,92.0,880.86,
2007,8,18,11,21.65,47.27,886.0,849.29,162.0,331.65,6.85,94.0,879.8,
2007,8,18,12,22.54,43.93,936.0,877.8,155.0,337.3,6.53,96.0,878.74,
2007,8,18,13,23.43,40.59,904.0,869.47,154.0,342.95,6.21,98.0,877.67,
2007,8,18,14,22.72,41.83,771.0,752.97,189.0,343.02,6.16,100.0,877.22,
2007,8,18,15,22.02,43.06,542.0,480.18,241.0,343.08,6.11,102.0,876.76,
2007,8,18,16,21.32,44.3,356.0,439.78,165.0,343.15,6.06,104.0,876.3,
2007,8,18,17,20.07,47.44,158.0,427.04,69.0,340.27,5.59,107.0,876.84,
2007,8,18,18,18.82,50.57,0.0,0.0,0.0,337.38,5.12,110.0,877.39,
2007,8,18,19,17.57,53.71,0.0,0.0,0.0,334.5,4.65,113.0,877.93,
2007,8,18,20,16.66,55.35,0.0,0.0,0.0,327.53,4.59,112.0,878.39,
2007,8,18,21,15.76,57.0,0.0,0.0,0.0,320.57,4.53,110.0,878.85,
2007,8,18,22,14.86,58.64,0.0,0.0,0.0,313.6,4.47,109.0,879.31,
2007,8,18,23,14.37,59.89,0.0,0.0,0.0,308.02,4.34,108.0,879.48,
2007,8,19,0,13.89,61.15,0.0,0.0,0.0,302.43,4.21,107.0,879.65,
2007,8,19,1,13.41,62.4,0.0,0.0,0.0,296.85,4.08,105.0,879.83,
2007,8,19,2,12.76,64.83,0.0,0.0,0.0,294.52,3.83,106.0,880.0,
2007,8,19,3,12.11,67.25,0.0,0.0,0.0,292.18,3.59,107.0,880.17,
2007,8,19,4,11.46,69.68,0.0,0.0,0.0,289.85,3.34,107.0,880.34,
2007,8,19,5,12.18,68.21,0.0,0.0,0.0,288.7,3.77,106.0,880.6,
2007,8,19,6,12.91,66.74,0.0,0.0,0.0,287.55,4.2,104.0,880.86,
2007,8,19,7,13.64,65.27,94.0,150.12,68.0,286.4,4.63,102.0,881.12,
2007,8,19,8,15.77,57.87,357.0,605.15,113.0,292.17,4.84,102.0,880.77,
2007,8,19,9,17.9,50.48,587.0,745.75,138.0,297.93,5.04,102.0,880.43,
2007,8,19,10,20.03,43.08,769.0,814.53,153.0,303.7,5.24,101.0,880.08,
2007,8,19,11,21.14,39.85,889.0,851.21,161.0,309.23,5.1,105.0,878.91,
2007,8,19,12,22.24,36.62,935.0,864.05,164.0,314.77,4.97,108.0,877.73,
2007,8,19,13,23.35,33.39,907.0,870.63,154.0,320.3,4.83,112.0,876.56,
2007,8,19,14,22.71,33.56,794.0,824.64,155.0,319.25,4.81,114.0,876.27,
2007,8,19,15,22.07,33.72,618.0,751.11,146.0,318.2,4.8,115.0,875.98,
2007,8,19,16,21.43,33.89,357.0,440.93,165.0,317.15,4.79,117.0,875.69,
2007,8,19,17,19.75,37.65,152.0,368.15,75.0,311.7,4.46,119.0,876.33,
2007,8,19,18,18.08,41.41,0.0,0.0,0.0,306.25,4.14,120.0,876.96,
2007,8,19,19,16.41,45.17,0.0,0.0,0.0,300.8,3.82,122.0,877.59,
2007,8,19,20,15.52,47.41,0.0,0.0,0.0,297.5,3.57,120.0,878.22,
2007,8,19,21,14.63,49.65,0.0,0.0,0.0,294.2,3.32,118.0,878.85,
2007,8,19,22,13.75,51.89,0.0,0.0,0.0,290.9,3.08,116.0,879.48,
2007,8,19,23,13.34,53.98,0.0,0.0,0.0,288.03,3.03,114.0,879.42,
2007,8,20,0,12.94,56.07,0.0,0.0,0.0,285.17,2.99,112.0,879.37,
2007,8,20,1,12.54,58.16,0.0,0.0,0.0,282.3,2.95,110.0,879.31,
2007,8,20,2,11.95,59.93,0.0,0.0,0.0,280.47,2.95,109.0,879.4,
2007,8,20,3,11.35,61.71,0.0,0.0,0.0,278.63,2.94,108.0,879.48,
2007,8,20,4,10.75,63.48,0.0,0.0,0.0,276.8,2.94,107.0,879.57,
2007,8,20,5,11.92,60.93,0.0,0.0,0.0,276.58,2.95,106.0,879.94,
2007,8,20,6,13.09,58.39,0.0,0.0,0.0,276.37,2.97,105.0,880.31,
2007,8,20,7,14.26,55.84,126.0,398.17,56.0,276.15,2.98,104.0,880.69,
2007,8,20,8,16.68,49.03,368.0,650.23,104.0,283.08,3.38,103.0,880.4,
2007,8,20,9,19.11,42.23,596.0,775.23,127.0,290.02,3.79,102.0,880.11,
2007,8,20,10,21.54,35.42,777.0,829.86,147.0,296.95,4.19,101.0,879.83,
2007,8,20,11,22.61,32.82,893.0,851.94,162.0,302.42,4.21,103.0,878.68,
2007,8,20,12,23.68,30.22,939.0,864.92,165.0,307.88,4.23,105.0,877.53,
2007,8,20,13,24.75,27.62,906.0,856.81,163.0,313.35,4.25,106.0,876.38,
2007,8,20,14,23.97,27.74,797.0,825.18,156.0,311.9,4.35,110.0,876.07,
2007,8,20,15,23.19,27.87,626.0,779.46,135.0,310.45,4.45,115.0,875.75,
2007,8,20,16,22.41,27.99,402.0,657.41,115.0,309.0,4.55,119.0,875.44,
2007,8,20,17,20.56,31.99,163.0,462.18,66.0,303.83,4.15,121.0,876.13,
2007,8,20,18,18.71,36.0,0.0,0.0,0.0,298.67,3.74,123.0,876.81,
2007,8,20,19,16.86,40.0,0.0,0.0,0.0,293.5,3.34,125.0,877.5,
2007,8,20,20,15.99,42.57,0.0,0.0,0.0,291.57,3.25,122.0,877.96,
2007,8,20,21,15.12,45.14,0.0,0.0,0.0,289.63,3.15,120.0,878.42,
2007,8,20,22,14.26,47.71,0.0,0.0,0.0,287.7,3.06,117.0,878.88,
2007,8,20,23,13.95,49.44,0.0,0.0,0.0,286.0,3.08,114.0,878.79,
2007,8,21,0,13.65,51.16,0.0,0.0,0.0,284.3,3.09,112.0,878.71,
2007,8,21,1,13.35,52.89,0.0,0.0,0.0,282.6,3.1,109.0,878.62,
2007,8,21,2,12.68,55.12,0.0,0.0,0.0,280.1,3.17,108.0,878.62,
2007,8,21,3,12.0,57.35,0.0,0.0,0.0,277.6,3.24,107.0,878.62,
2007,8,21,4,11.33,59.58,0.0,0.0,0.0,275.1,3.31,106.0,878.62,
2007,8,21,5,12.77,56.46,0.0,0.0,0.0,276.63,3.32,104.0,879.05,
2007,8,21,6,14.21,53.35,0.0,0.0,0.0,278.17,3.34,103.0,879.48,
2007,8,21,7,15.66,50.23,129.0,409.06,56.0,279.7,3.35,102.0,879.91,
2007,8,21,8,18.11,45.18,371.0,653.04,104.0,288.6,3.7,99.0,879.65,
2007,8,21,9,20.56,40.14,597.0,763.26,133.0,297.5,4.05,96.0,879.4,
2007,8,21,10,23.01,35.09,777.0,817.49,154.0,306.4,4.4,94.0,879.14,
2007,8,21,11,24.07,33.24,892.0,838.72,170.0,313.7,4.4,95.0,877.9,
2007,8,21,12,25.12,31.39,937.0,851.29,173.0,321.0,4.39,97.0,876.67,
2007,8,21,13,26.18,29.54,904.0,843.07,171.0,328.3,4.39,99.0,875.44,
2007,8,21,14,25.28,29.38,800.0,827.02,156.0,324.9,4.51,103.0,875.12,
2007,8,21,15,24.38,29.23,628.0,780.77,135.0,321.5,4.63,108.0,874.81,
2007,8,21,16,23.49,29.07,404.0,660.35,115.0,318.1,4.76,112.0,874.49,
2007,8,21,17,21.69,33.64,162.0,446.42,68.0,313.53,4.28,115.0,875.09,
2007,8,21,18,19.89,38.21,0.0,0.0,0.0,308.97,3.8,119.0,875.69,
2007,8,21,19,18.1,42.78,0.0,0.0,0.0,304.4,3.32,122.0,876.3,
2007,8,21,20,17.29,45.73,0.0,0.0,0.0,302.7,3.24,121.0,876.7,
2007,8,21,21,16.48,48.68,0.0,0.0,0.0,301.0,3.16,120.0,877.1,
2007,8,21,22,15.67,51.63,0.0,0.0,0.0,299.3,3.08,118.0,877.5,
2007,8,21,23,15.38,53.25,0.0,0.0,0.0,298.08,3.08,117.0,877.36,
2007,8,22,0,15.1,54.88,0.0,0.0,0.0,296.87,3.08,115.0,877.22,
2007,8,22,1,14.82,56.5,0.0,0.0,0.0,295.65,3.08,114.0,877.07,
2007,8,22,2,14.34,57.69,0.0,0.0,0.0,293.95,3.14,111.0,877.01,
2007,8,22,3,13.85,58.87,0.0,0.0,0.0,292.25,3.2,108.0,876.96,
2007,8,22,4,13.37,60.06,0.0,0.0,0.0,290.55,3.27,105.0,876.9,
2007,8,22,5,14.71,56.84,0.0,0.0,0.0,292.03,3.37,103.0,877.33,
2007,8,22,6,16.05,53.62,0.0,0.0,0.0,293.52,3.47,101.0,877.76,
2007,8,22,7,17.39,50.4,125.0,347.76,62.0,295.0,3.57,99.0,878.19,
2007,8,22,8,19.76,45.45,369.0,621.75,113.0,303.65,4.0,96.0,877.82,
2007,8,22,9,22.14,40.51,595.0,738.27,144.0,312.3,4.42,93.0,877.44,
2007,8,22,10,24.51,35.56,777.0,803.9,162.0,320.95,4.84,90.0,877.07,
2007,8,22,11,25.52,32.62,905.0,869.58,154.0,327.38,4.64,91.0,875.81,
2007,8,22,12,26.53,29.69,946.0,867.75,165.0,333.82,4.44,93.0,874.55,
2007,8,22,13,27.54,26.75,907.0,844.33,171.0,340.25,4.23,94.0,873.29,
2007,8,22,14,26.73,26.87,790.0,785.31,177.0,337.53,4.29,99.0,872.94,
2007,8,22,15,25.93,27.0,618.0,728.4,157.0,334.82,4.34,104.0,872.6,
2007,8,22,16,25.13,27.12,403.0,649.65,118.0,332.1,4.39,109.0,872.25,
2007,8,22,17,23.43,31.27,165.0,463.95,67.0,328.48,4.06,113.0,872.88,
2007,8,22,18,21.73,35.41,0.0,0.0,0.0,324.87,3.73,116.0,873.51,
2007,8,22,19,20.03,39.56,0.0,0.0,0.0,321.25,3.41,120.0,874.15,
2007,8,22,20,19.19,43.01,0.0,0.0,0.0,320.5,3.25,119.0,874.49,
2007,8,22,21,18.36,46.47,0.0,0.0,0.0,319.75,3.09,118.0,874.83,
2007,8,22,22,17.53,49.92,0.0,0.0,0.0,319.0,2.94,117.0,875.18,
2007,8,22,23,17.14,52.53,0.0,0.0,0.0,315.5,2.91,115.0,875.09,
2007,8,23,0,16.75,55.15,0.0,0.0,0.0,312.0,2.88,113.0,875.01,
2007,8,23,1,16.36,57.76,0.0,0.0,0.0,308.5,2.86,111.0,874.92,
2007,8,23,2,15.89,59.39,0.0,0.0,0.0,308.65,2.92,107.0,874.98,
2007,8,23,3,15.41,61.03,0.0,0.0,0.0,308.8,2.99,103.0,875.04,
2007,8,23,4,14.94,62.66,0.0,0.0,0.0,308.95,3.06,99.0,875.09,
2007,8,23,5,16.25,60.01,0.0,0.0,0.0,311.1,3.27,95.0,875.41,
2007,8,23,6,17.56,57.37,0.0,0.0,0.0,313.25,3.49,90.0,875.72,
2007,8,23,7,18.88,54.72,125.0,331.69,64.0,315.4,3.7,86.0,876.04,
2007,8,23,8,21.21,48.66,360.0,559.49,128.0,324.0,4.0,81.0,875.47,
2007,8,23,9,23.55,42.6,592.0,713.5,154.0,332.6,4.3,76.0,874.89,
2007,8,23,10,25.88,36.54,781.0,806.02,162.0,341.2,4.61,70.0,874.32,
2007,8,23,11,26.67,33.8,895.0,826.37,179.0,352.43,4.03,69.0,873.08,
2007,8,23,12,27.47,31.06,945.0,853.11,175.0,363.67,3.45,67.0,871.85,
2007,8,23,13,28.26,28.32,872.0,730.03,234.0,374.9,2.87,65.0,870.62,
2007,8,23,14,27.72,28.09,700.0,509.94,301.0,375.7,2.7,79.0,870.22,
2007,8,23,15,27.18,27.86,415.0,162.37,312.0,376.5,2.54,93.0,869.81,
2007,8,23,16,26.65,27.63,339.0,347.94,186.0,377.3,2.37,107.0,869.41,
2007,8,23,17,25.42,30.28,167.0,481.44,65.0,379.72,2.57,111.0,869.87,
2007,8,23,18,24.19,32.93,0.0,0.0,0.0,382.13,2.77,115.0,870.33,
2007,8,23,19,22.97,35.58,0.0,0.0,0.0,384.55,2.97,119.0,870.79,
2007,8,23,20,22.26,37.87,0.0,0.0,0.0,381.52,2.96,116.0,871.1,
2007,8,23,21,21.55,40.15,0.0,0.0,0.0,378.48,2.95,113.0,871.42,
2007,8,23,22,20.85,42.44,0.0,0.0,0.0,375.45,2.94,110.0,871.74,
2007,8,23,23,20.38,44.78,0.0,0.0,0.0,366.25,2.93,107.0,871.65,
2007,8,24,0,19.92,47.12,0.0,0.0,0.0,357.05,2.92,104.0,871.56,
2007,8,24,1,19.46,49.46,0.0,0.0,0.0,347.85,2.91,101.0,871.48,
2007,8,24,2,18.79,51.47,0.0,0.0,0.0,349.7,2.85,95.0,871.62,
2007,8,24,3,18.11,53.48,0.0,0.0,0.0,351.55,2.78,90.0,871.76,
2007,8,24,4,17.44,55.49,0.0,0.0,0.0,353.4,2.72,84.0,871.91,
2007,8,24,5,18.49,53.47,0.0,0.0,0.0,356.35,3.33,80.0,872.45,
2007,8,24,6,19.55,51.45,0.0,0.0,0.0,359.3,3.95,77.0,873.0,
2007,8,24,7,20.61,49.43,122.0,283.88,69.0,362.25,4.57,73.0,873.54,
2007,8,24,8,22.9,43.74,356.0,522.01,138.0,364.02,4.79,73.0,873.29,
2007,8,24,9,25.2,38.06,593.0,703.53,159.0,365.78,5.02,72.0,873.03,
2007,8,24,10,27.5,32.37,776.0,779.58,175.0,367.55,5.24,72.0,872.77,
2007,8,24,11,28.12,30.77,899.0,827.15,180.0,373.6,4.5,81.0,871.82,
2007,8,24,12,28.73,29.17,948.0,855.12,174.0,379.65,3.75,89.0,870.88,
2007,8,24,13,29.35,27.57,918.0,861.72,163.0,385.7,3.01,98.0,869.93,
2007,8,24,14,28.75,27.81,673.0,437.35,330.0,388.22,3.28,106.0,869.76,
2007,8,24,15,28.15,28.06,393.0,127.41,312.0,390.73,3.55,113.0,869.58,
2007,8,24,16,27.55,28.3,374.0,492.37,157.0,393.25,3.82,121.0,869.41,
2007,8,24,17,26.36,30.86,159.0,395.35,75.0,395.88,3.79,120.0,870.1,
2007,8,24,18,25.18,33.42,0.0,0.0,0.0,398.52,3.76,119.0,870.79,
2007,8,24,19,24.0,35.98,0.0,0.0,0.0,401.15,3.72,118.0,871.48,
2007,8,24,20,23.03,38.55,0.0,0.0,0.0,391.93,3.51,116.0,871.99,
2007,8,24,21,22.06,41.13,0.0,0.0,0.0,382.72,3.29,113.0,872.51,
2007,8,24,22,21.1,43.7,0.0,0.0,0.0,373.5,3.08,110.0,873.03,
2007,8,24,23,20.65,45.75,0.0,0.0,0.0,362.17,3.04,108.0,872.97,
2007,8,25,0,20.2,47.81,0.0,0.0,0.0,350.83,3.01,106.0,872.91,
2007,8,25,1,19.75,49.86,0.0,0.0,0.0,339.5,2.98,104.0,872.85,
2007,8,25,2,19.29,51.15,0.0,0.0,0.0,338.32,2.93,100.0,872.91,
2007,8,25,3,18.82,52.44,0.0,0.0,0.0,337.13,2.89,96.0,872.97,
2007,8,25,4,18.36,53.73,0.0,0.0,0.0,335.95,2.84,92.0,873.03,
2007,8,25,5,19.46,51.54,0.0,0.0,0.0,335.32,3.5,89.0,873.72,
2007,8,25,6,20.56,49.36,0.0,0.0,0.0,334.68,4.16,87.0,874.4,
2007,8,25,7,21.66,47.17,124.0,279.63,71.0,334.05,4.81,84.0,875.09,
2007,8,25,8,23.71,41.94,367.0,563.47,130.0,340.07,5.43,87.0,874.89,
2007,8,25,9,25.77,36.71,603.0,730.73,150.0,346.08,6.05,90.0,874.69,
2007,8,25,10,27.82,31.48,780.0,780.46,176.0,352.1,6.66,93.0,874.49,
2007,8,25,11,28.49,29.65,907.0,843.99,171.0,355.87,6.8,96.0,873.54,
2007,8,25,12,29.17,27.83,956.0,871.46,165.0,359.63,6.94,99.0,872.6,
2007,8,25,13,29.84,26.0,921.0,861.84,164.0,363.4,7.08,102.0,871.65,
2007,8,25,14,28.94,26.47,810.0,830.71,157.0,360.68,6.96,103.0,871.54,
2007,8,25,15,28.05,26.95,636.0,784.75,136.0,357.97,6.84,105.0,871.42,
2007,8,25,16,27.16,27.42,409.0,663.36,116.0,355.25,6.72,107.0,871.31,
2007,8,25,17,25.55,29.7,168.0,474.06,67.0,349.28,6.21,110.0,872.02,
2007,8,25,18,23.94,31.99,0.0,0.0,0.0,343.32,5.7,112.0,872.74,
2007,8,25,19,22.33,34.27,0.0,0.0,0.0,337.35,5.19,115.0,873.46,
2007,8,25,20,21.42,34.95,0.0,0.0,0.0,332.5,5.61,114.0,874.23,
2007,8,25,21,20.51,35.62,0.0,0.0,0.0,327.65,6.03,114.0,875.01,
2007,8,25,22,19.6,36.3,0.0,0.0,0.0,322.8,6.46,113.0,875.78,
2007,8,25,23,18.95,38.59,0.0,0.0,0.0,317.92,6.26,112.0,876.04,
2007,8,26,0,18.3,40.88,0.0,0.0,0.0,313.03,6.07,110.0,876.3,
2007,8,26,1,17.65,43.17,0.0,0.0,0.0,308.15,5.88,108.0,876.56,
2007,8,26,2,16.95,45.41,0.0,0.0,0.0,305.35,5.62,106.0,876.67,
2007,8,26,3,16.24,47.66,0.0,0.0,0.0,302.55,5.36,104.0,876.78,
2007,8,26,4,15.54,49.9,0.0,0.0,0.0,299.75,5.1,102.0,876.9,
2007,8,26,5,16.12,50.96,0.0,0.0,0.0,299.02,5.43,102.0,877.5,
2007,8,26,6,16.7,52.01,0.0,0.0,0.0,298.28,5.76,102.0,878.1,
2007,8,26,7,17.29,53.07,132.0,327.43,69.0,297.55,6.08,102.0,878.71,
2007,8,26,8,19.09,48.92,368.0,554.74,133.0,304.13,6.45,101.0,878.51,
2007,8,26,9,20.9,44.77,594.0,680.6,170.0,310.72,6.82,100.0,878.31,
2007,8,26,10,22.7,40.62,759.0,700.23,215.0,317.3,7.19,99.0,878.1,
2007,8,26,11,23.67,37.98,897.0,801.28,196.0,322.93,6.94,99.0,876.9,
2007,8,26,12,24.65,35.33,940.0,811.91,201.0,328.57,6.7,99.0,875.69,
2007,8,26,13,25.62,32.69,905.0,804.06,197.0,334.2,6.46,100.0,874.49,
2007,8,26,14,24.92,32.95,809.0,817.41,165.0,333.95,6.35,101.0,874.17,
2007,8,26,15,24.23,33.2,632.0,758.03,148.0,333.7,6.24,103.0,873.86,
2007,8,26,16,23.54,33.46,406.0,641.62,122.0,333.45,6.14,104.0,873.54,
2007,8,26,17,21.98,37.11,165.0,444.74,70.0,327.63,5.48,107.0,874.03,
2007,8,26,18,20.43,40.77,0.0,0.0,0.0,321.82,4.81,110.0,874.52,
2007,8,26,19,18.88,44.42,0.0,0.0,0.0,316.0,4.15,113.0,875.01,
2007,8,26,20,17.99,46.65,0.0,0.0,0.0,312.57,3.93,114.0,875.64,
2007,8,26,21,17.1,48.87,0.0,0.0,0.0,309.13,3.7,115.0,876.27,
2007,8,26,22,16.21,51.1,0.0,0.0,0.0,305.7,3.48,116.0,876.9,
2007,8,26,23,15.75,53.46,0.0,0.0,0.0,303.18,3.2,116.0,876.9,
2007,8,27,0,15.3,55.81,0.0,0.0,0.0,300.67,2.92,116.0,876.9,
2007,8,27,1,14.84,58.17,0.0,0.0,0.0,298.15,2.65,116.0,876.9,
2007,8,27,2,14.15,60.89,0.0,0.0,0.0,296.2,2.7,111.0,876.93,
2007,8,27,3,13.45,63.6,0.0,0.0,0.0,294.25,2.75,106.0,876.96,
2007,8,27,4,12.75,66.32,0.0,0.0,0.0,292.3,2.8,102.0,876.99,
2007,8,27,5,13.91,64.38,0.0,0.0,0.0,292.63,2.96,97.0,877.33,
2007,8,27,6,15.07,62.43,0.0,0.0,0.0,292.97,3.12,92.0,877.67,
2007,8,27,7,16.24,60.49,150.0,481.27,56.0,293.3,3.28,87.0,878.02,
2007,8,27,8,18.54,53.16,392.0,667.96,107.0,301.25,3.48,84.0,877.56,
2007,8,27,9,20.84,45.82,620.0,773.1,136.0,309.2,3.68,82.0,877.1,
2007,8,27,10,23.14,38.49,800.0,825.78,156.0,317.15,3.88,79.0,876.64,
2007,8,27,11,24.31,34.49,920.0,861.4,164.0,323.73,3.68,86.0,875.29,
2007,8,27,12,25.48,30.5,964.0,873.22,167.0,330.32,3.48,94.0,873.94,
2007,8,27,13,26.65,26.5,918.0,834.95,181.0,336.9,3.28,101.0,872.6,
2007,8,27,14,26.02,26.03,803.0,790.26,179.0,335.58,3.46,108.0,872.25,
2007,8,27,15,25.4,25.55,634.0,759.58,148.0,334.27,3.63,116.0,871.91,
2007,8,27,16,24.78,25.08,412.0,665.1,117.0,332.95,3.81,124.0,871.56,
2007,8,27,17,22.84,29.31,167.0,462.33,68.0,327.12,3.48,126.0,872.11,
2007,8,27,18,20.9,33.53,0.0,0.0,0.0,321.28,3.15,129.0,872.65,
2007,8,27,19,18.96,37.76,0.0,0.0,0.0,315.45,2.83,131.0,873.2,
2007,8,27,20,17.91,41.57,0.0,0.0,0.0,312.5,2.97,129.0,873.66,
2007,8,27,21,16.86,45.37,0.0,0.0,0.0,309.55,3.11,127.0,874.12,
2007,8,27,22,15.81,49.18,0.0,0.0,0.0,306.6,3.26,125.0,874.58,
2007,8,27,23,15.2,52.92,0.0,0.0,0.0,303.7,3.01,120.0,874.4,
2007,8,28,0,14.6,56.66,0.0,0.0,0.0,300.8,2.76,114.0,874.23,
2007,8,28,1,13.99,60.4,0.0,0.0,0.0,297.9,2.51,108.0,874.06,
2007,8,28,2,13.57,60.97,0.0,0.0,0.0,295.22,2.13,102.0,874.15,
2007,8,28,3,13.14,61.54,0.0,0.0,0.0,292.53,1.75,95.0,874.23,
2007,8,28,4,12.71,62.11,0.0,0.0,0.0,289.85,1.37,88.0,874.32,
2007,8,28,5,14.41,58.45,0.0,0.0,0.0,291.35,1.54,81.0,874.92,
2007,8,28,6,16.11,54.79,0.0,0.0,0.0,292.85,1.71,74.0,875.52,
2007,8,28,7,17.82,51.13,154.0,494.28,56.0,294.35,1.89,67.0,876.13,
2007,8,28,8,20.44,42.88,399.0,693.44,101.0,305.47,2.54,72.0,875.84,
2007,8,28,9,23.07,34.63,624.0,775.66,136.0,316.58,3.2,77.0,875.55,
2007,8,28,10,25.69,26.38,804.0,827.73,156.0,327.7,3.85,82.0,875.26,
2007,8,28,11,26.6,24.46,919.0,847.31,173.0,332.75,3.94,87.0,874.09,
2007,8,28,12,27.52,22.54,962.0,858.82,176.0,337.8,4.02,92.0,872.91,
2007,8,28,13,28.43,20.62,926.0,851.02,173.0,342.85,4.11,96.0,871.74,
2007,8,28,14,27.75,20.41,814.0,820.14,165.0,340.95,4.11,102.0,871.48,
2007,8,28,15,27.07,20.19,636.0,759.61,149.0,339.05,4.12,108.0,871.22,
2007,8,28,16,26.4,19.98,411.0,654.79,120.0,337.15,4.12,113.0,870.96,
2007,8,28,17,24.35,23.58,169.0,470.57,68.0,331.9,3.76,115.0,871.62,
2007,8,28,18,22.31,27.19,0.0,0.0,0.0,326.65,3.4,117.0,872.28,
2007,8,28,19,20.27,30.79,0.0,0.0,0.0,321.4,3.03,119.0,872.94,
2007,8,28,20,19.39,33.33,0.0,0.0,0.0,319.3,3.21,116.0,873.46,
2007,8,28,21,18.51,35.87,0.0,0.0,0.0,317.2,3.39,113.0,873.97,
2007,8,28,22,17.63,38.41,0.0,0.0,0.0,315.1,3.57,110.0,874.49,
2007,8,28,23,16.99,40.92,0.0,0.0,0.0,312.07,3.66,104.0,874.26,
2007,8,29,0,16.36,43.42,0.0,0.0,0.0,309.03,3.75,98.0,874.03,
2007,8,29,1,15.72,45.93,0.0,0.0,0.0,306.0,3.83,91.0,873.8,
2007,8,29,2,15.15,46.66,0.0,0.0,0.0,303.2,3.74,88.0,873.8,
2007,8,29,3,14.57,47.4,0.0,0.0,0.0,300.4,3.64,85.0,873.8,
2007,8,29,4,13.99,48.13,0.0,0.0,0.0,297.6,3.54,82.0,873.8,
2007,8,29,5,15.8,44.31,0.0,0.0,0.0,298.03,3.77,85.0,874.6,
2007,8,29,6,17.61,40.5,0.0,0.0,0.0,298.47,4.0,87.0,875.41,
2007,8,29,7,19.42,36.68,145.0,377.64,69.0,298.9,4.22,90.0,876.21,
2007,8,29,8,21.73,31.2,387.0,605.3,125.0,306.12,4.82,89.0,876.18,
2007,8,29,9,24.04,25.71,615.0,724.41,157.0,313.33,5.42,89.0,876.15,
2007,8,29,10,26.35,20.23,800.0,800.41,171.0,320.55,6.01,88.0,876.13,
2007,8,29,11,27.1,19.39,918.0,833.32,182.0,325.18,5.87,89.0,874.92,
2007,8,29,12,27.86,18.55,966.0,860.86,176.0,329.82,5.72,91.0,873.72,
2007,8,29,13,28.61,17.71,924.0,836.6,182.0,334.45,5.57,92.0,872.51,
2007,8,29,14,27.79,18.07,812.0,805.77,173.0,333.37,5.34,95.0,872.22,
2007,8,29,15,26.97,18.42,638.0,761.23,149.0,332.28,5.11,98.0,871.94,
2007,8,29,16,26.15,18.78,410.0,644.55,123.0,331.2,4.88,101.0,871.65,
2007,8,29,17,24.2,21.76,166.0,436.98,72.0,325.57,4.34,104.0,872.34,
2007,8,29,18,22.25,24.75,0.0,0.0,0.0,319.93,3.8,107.0,873.03,
2007,8,29,19,20.31,27.73,0.0,0.0,0.0,314.3,3.26,111.0,873.72,
2007,8,29,20,19.43,29.73,0.0,0.0,0.0,311.17,3.19,110.0,874.2,
2007,8,29,21,18.55,31.72,0.0,0.0,0.0,308.03,3.12,109.0,874.69,
2007,8,29,22,17.68,33.72,0.0,0.0,0.0,304.9,3.05,109.0,875.18,
2007,8,29,23,17.24,35.86,0.0,0.0,0.0,302.5,3.05,109.0,875.24,
2007,8,30,0,16.81,38.01,0.0,0.0,0.0,300.1,3.06,108.0,875.29,
2007,8,30,1,16.37,40.15,0.0,0.0,0.0,297.7,3.06,108.0,875.35,
2007,8,30,2,15.74,42.23,0.0,0.0,0.0,296.03,3.13,104.0,875.58,
2007,8,30,3,15.1,44.32,0.0,0.0,0.0,294.37,3.19,100.0,875.81,
2007,8,30,4,14.47,46.4,0.0,0.0,0.0,292.7,3.26,96.0,876.04,
2007,8,30,5,15.81,45.53,0.0,0.0,0.0,293.27,3.41,92.0,876.56,
2007,8,30,6,17.15,44.66,0.0,0.0,0.0,293.83,3.57,89.0,877.07,
2007,8,30,7,18.5,43.79,140.0,318.21,75.0,294.4,3.72,86.0,877.59,
2007,8,30,8,21.03,38.32,380.0,552.8,139.0,302.3,4.07,84.0,877.19,
2007,8,30,9,23.57,32.84,612.0,700.4,167.0,310.2,4.41,83.0,876.78,
2007,8,30,10,26.11,27.37,796.0,773.28,186.0,318.1,4.76,82.0,876.38,
2007,8,30,11,26.99,24.55,917.0,820.56,190.0,324.13,4.66,86.0,875.26,
2007,8,30,12,27.88,21.72,964.0,846.6,185.0,330.17,4.57,90.0,874.15,
2007,8,30,13,28.76,18.9,927.0,838.01,182.0,336.2,4.47,95.0,873.03,
2007,8,30,14,27.99,18.75,818.0,821.7,165.0,335.12,4.58,99.0,872.71,
2007,8,30,15,27.22,18.59,639.0,762.87,148.0,334.03,4.7,103.0,872.4,
2007,8,30,16,26.46,18.44,413.0,656.82,120.0,332.95,4.81,107.0,872.08,
2007,8,30,17,24.49,21.61,172.0,487.1,67.0,327.87,4.23,108.0,872.71,
2007,8,30,18,22.53,24.77,0.0,0.0,0.0,322.78,3.65,110.0,873.34,
2007,8,30,19,20.57,27.94,0.0,0.0,0.0,317.7,3.06,111.0,873.97,
2007,8,30,20,19.65,30.89,0.0,0.0,0.0,316.12,3.05,108.0,874.46,
2007,8,30,21,18.74,33.83,0.0,0.0,0.0,314.53,3.03,105.0,874.95,
2007,8,30,22,17.83,36.78,0.0,0.0,0.0,312.95,3.02,102.0,875.44,
2007,8,30,23,17.32,39.6,0.0,0.0,0.0,311.83,3.02,98.0,875.29,
2007,8,31,0,16.81,42.42,0.0,0.0,0.0,310.72,3.02,93.0,875.15,
2007,8,31,1,16.3,45.24,0.0,0.0,0.0,309.6,3.02,89.0,875.01,
2007,8,31,2,15.39,48.02,0.0,0.0,0.0,306.38,3.2,86.0,875.18,
2007,8,31,3,14.47,50.81,0.0,0.0,0.0,303.17,3.39,84.0,875.35,
2007,8,31,4,13.56,53.59,0.0,0.0,0.0,299.95,3.57,82.0,875.52,
2007,8,31,5,15.21,50.61,0.0,0.0,0.0,299.53,3.27,84.0,876.15,
2007,8,31,6,16.86,47.63,0.0,0.0,0.0,299.12,2.97,85.0,876.78,
2007,8,31,7,18.52,44.65,158.0,453.42,64.0,298.7,2.66,87.0,877.42,
2007,8,31,8,21.06,37.03,404.0,664.99,112.0,306.85,3.09,88.0,877.1,
2007,8,31,9,23.6,29.42,632.0,767.46,142.0,315.0,3.52,90.0,876.78,
2007,8,31,10,26.14,21.8,812.0,817.09,165.0,323.15,3.94,91.0,876.47,
2007,8,31,11,27.04,19.82,926.0,836.01,183.0,327.55,4.21,98.0,875.29,
2007,8,31,12,27.95,17.85,968.0,847.62,186.0,331.95,4.47,105.0,874.12,
2007,8,31,13,28.85,15.87,930.0,838.32,183.0,336.35,4.73,112.0,872.94,
2007,8,31,14,27.87,15.98,808.0,779.83,187.0,333.72,4.85,115.0,872.63,
2007,8,31,15,26.9,16.09,638.0,749.05,155.0,331.08,4.96,118.0,872.31,
2007,8,31,16,25.93,16.2,414.0,657.9,120.0,328.45,5.08,120.0,871.99,
2007,8,31,17,23.87,19.01,164.0,416.69,74.0,322.28,4.41,120.0,872.54,
2007,8,31,18,16.88,27.4,0.0,0.0,0.0,301.15,2.96,119.0,873.08,
2007,8,31,19,17.22,28.5,0.0,0.0,0.0,303.85,3.05,118.0,873.63,
2007,8,31,20,17.56,29.59,0.0,0.0,0.0,306.56,3.13,115.0,874.12,
2007,8,31,21,17.91,30.69,0.0,0.0,0.0,309.26,3.22,111.0,874.6,
2007,8,31,22,18.25,31.79,0.0,0.0,0.0,311.97,3.31,108.0,875.09,
2007,8,31,23,18.6,32.89,0.0,0.0,0.0,314.67,3.4,104.0,875.06,
2013,9,1,0,18.94,33.99,0.0,0.0,0.0,317.38,3.49,100.0,875.04,
2013,9,1,1,19.29,35.09,0.0,0.0,0.0,320.08,3.58,96.0,875.01,
2013,9,1,2,19.63,36.18,0.0,0.0,0.0,322.78,3.66,130.0,872.68,
2013,9,1,3,19.97,37.28,0.0,0.0,0.0,325.49,3.75,122.0,872.94,
2013,9,1,4,20.32,38.38,0.0,0.0,0.0,328.19,3.84,114.0,873.2,
2013,9,1,5,20.66,39.48,0.0,0.0,0.0,330.9,3.93,109.0,873.92,
2013,9,1,6,21.01,40.58,0.0,0.0,0.0,333.6,4.02,104.0,874.63,
2013,9,1,7,21.35,41.67,128.0,196.73,86.0,336.31,4.11,99.0,875.35,
2013,9,1,8,21.7,42.77,377.0,505.13,152.0,339.01,4.2,96.0,875.21,
2013,9,1,9,22.04,43.87,616.0,687.11,173.0,341.72,4.28,92.0,875.06,
2013,9,1,10,27.89,26.24,813.0,808.47,168.0,350.45,5.42,89.0,874.92,
2013,9,1,11,28.74,24.38,936.0,859.98,167.0,355.75,5.43,92.0,873.89,
2013,9,1,12,29.58,22.53,978.0,871.26,170.0,361.05,5.43,95.0,872.85,
2013,9,1,13,30.43,20.67,944.0,878.13,158.0,366.35,5.43,98.0,871.82,
2013,9,1,14,29.57,21.64,845.0,908.07,119.0,368.12,5.44,102.0,871.68,
2013,9,1,15,28.7,22.61,651.0,806.64,129.0,369.88,5.44,105.0,871.54,
2013,9,1,16,27.83,23.58,415.0,662.4,118.0,371.65,5.45,109.0,871.39,
2013,9,1,17,26.18,28.6,168.0,456.7,69.0,364.48,4.75,110.0,872.28,
2013,9,1,18,24.53,33.62,0.0,0.0,0.0,357.32,4.05,111.0,873.17,
2013,9,1,19,22.88,38.64,0.0,0.0,0.0,350.15,3.35,112.0,874.06,
2013,9,1,20,21.97,43.54,0.0,0.0,0.0,348.07,3.46,111.0,874.72,
2013,9,1,21,21.06,48.44,0.0,0.0,0.0,345.98,3.56,109.0,875.38,
2013,9,1,22,20.15,53.34,0.0,0.0,0.0,343.9,3.67,108.0,876.04,
2013,9,1,23,19.66,57.68,0.0,0.0,0.0,341.02,3.74,107.0,876.18,
2013,9,2,0,19.17,62.01,0.0,0.0,0.0,338.13,3.82,106.0,876.33,
2013,9,2,1,18.68,66.35,0.0,0.0,0.0,335.25,3.89,105.0,876.47,
2013,9,2,2,17.92,69.41,0.0,0.0,0.0,331.48,3.72,102.0,876.53,
2013,9,2,3,17.16,72.47,0.0,0.0,0.0,327.72,3.56,99.0,876.58,
2013,9,2,4,16.39,75.53,0.0,0.0,0.0,323.95,3.39,97.0,876.64,
2013,9,2,5,17.27,73.37,0.0,0.0,0.0,326.18,4.13,95.0,877.33,
2013,9,2,6,18.14,71.21,0.0,0.0,0.0,328.42,4.86,94.0,878.02,
2013,9,2,7,19.02,69.05,136.0,226.2,87.0,330.65,5.6,93.0,878.71,
2013,9,2,8,21.17,60.01,392.0,559.49,141.0,340.15,5.22,91.0,878.22,
2013,9,2,9,23.31,50.96,631.0,730.09,158.0,349.65,4.85,89.0,877.73,
2013,9,2,10,25.46,41.92,817.0,809.22,169.0,359.15,4.47,87.0,877.24,
2013,9,2,11,26.5,37.01,940.0,860.72,168.0,361.1,4.34,91.0,875.95,
2013,9,2,12,27.55,32.1,981.0,873.34,169.0,363.05,4.21,95.0,874.66,
2013,9,2,13,28.59,27.19,947.0,879.54,158.0,365.0,4.08,99.0,873.37,
2013,9,2,14,27.87,28.48,766.0,641.67,252.0,364.67,4.3,102.0,873.11,
2013,9,2,15,27.14,29.77,540.0,413.43,272.0,364.33,4.52,106.0,872.85,
2013,9,2,16,26.41,31.06,379.0,483.21,162.0,364.0,4.74,109.0,872.6,
2013,9,2,17,24.79,36.19,170.0,465.16,69.0,358.02,4.28,111.0,873.37,
2013,9,2,18,23.18,41.31,0.0,0.0,0.0,352.03,3.82,113.0,874.15,
2013,9,2,19,21.56,46.44,0.0,0.0,0.0,346.05,3.35,114.0,874.92,
2013,9,2,20,20.65,50.26,0.0,0.0,0.0,342.83,2.99,113.0,875.52,
2013,9,2,21,19.75,54.08,0.0,0.0,0.0,339.62,2.63,112.0,876.13,
2013,9,2,22,18.84,57.9,0.0,0.0,0.0,336.4,2.28,111.0,876.73,
2013,9,2,23,18.33,61.33,0.0,0.0,0.0,333.65,2.26,110.0,876.73,
2013,9,3,0,17.82,64.75,0.0,0.0,0.0,330.9,2.25,109.0,876.73,
2013,9,3,1,17.31,68.18,0.0,0.0,0.0,328.15,2.23,108.0,876.73,
2013,9,3,2,16.71,71.25,0.0,0.0,0.0,326.65,2.23,107.0,876.96,
2013,9,3,3,16.11,74.32,0.0,0.0,0.0,325.15,2.23,105.0,877.19,
2013,9,3,4,15.5,77.39,0.0,0.0,0.0,323.65,2.23,104.0,877.42,
2013,9,3,5,16.8,73.84,0.0,0.0,0.0,324.88,2.52,102.0,877.96,
2013,9,3,6,18.09,70.29,0.0,0.0,0.0,326.12,2.81,100.0,878.51,
2013,9,3,7,19.39,66.74,140.0,241.16,87.0,327.35,3.1,98.0,879.05,
2013,9,3,8,21.68,57.03,400.0,584.31,136.0,336.05,3.18,99.0,878.56,
2013,9,3,9,23.98,47.32,638.0,745.01,153.0,344.75,3.25,100.0,878.08,
2013,9,3,10,26.27,37.61,826.0,826.15,162.0,353.45,3.32,101.0,877.59,
2013,9,3,11,26.97,34.38,944.0,862.6,168.0,363.75,3.75,107.0,876.5,
2013,9,3,12,27.66,31.15,985.0,874.37,170.0,374.05,4.17,114.0,875.41,
2013,9,3,13,28.36,27.92,705.0,300.34,435.0,384.35,4.59,120.0,874.32,
2013,9,3,14,27.32,30.78,496.0,114.64,404.0,387.03,4.79,121.0,874.17,
2013,9,3,15,26.28,33.65,204.0,0.0,204.0,389.72,4.99,121.0,874.03,
2013,9,3,16,25.24,36.51,415.0,651.47,122.0,392.4,5.19,122.0,873.89,
2013,9,3,17,23.89,40.93,165.0,413.86,75.0,382.15,4.51,121.0,874.46,
2013,9,3,18,22.54,45.35,0.0,0.0,0.0,371.9,3.84,121.0,875.04,
2013,9,3,19,21.19,49.77,0.0,0.0,0.0,361.65,3.17,121.0,875.61,
2013,9,3,20,20.27,53.31,0.0,0.0,0.0,354.78,2.86,118.0,875.98,
2013,9,3,21,19.35,56.86,0.0,0.0,0.0,347.92,2.56,116.0,876.35,
2013,9,3,22,18.43,60.4,0.0,0.0,0.0,341.05,2.25,113.0,876.73,
2013,9,3,23,18.13,62.63,0.0,0.0,0.0,339.05,2.31,112.0,876.61,
2013,9,4,0,17.83,64.87,0.0,0.0,0.0,337.05,2.37,111.0,876.5,
2013,9,4,1,17.52,67.1,0.0,0.0,0.0,335.05,2.43,109.0,876.38,
2013,9,4,2,17.08,68.73,0.0,0.0,0.0,333.92,2.61,109.0,876.53,
2013,9,4,3,16.64,70.35,0.0,0.0,0.0,332.78,2.8,109.0,876.67,
2013,9,4,4,16.19,71.98,0.0,0.0,0.0,331.65,2.98,109.0,876.81,
2013,9,4,5,17.01,68.52,0.0,0.0,0.0,328.72,3.59,107.0,877.42,
2013,9,4,6,17.82,65.05,0.0,0.0,0.0,325.78,4.2,106.0,878.02,
2013,9,4,7,18.64,61.59,159.0,358.84,79.0,322.85,4.81,104.0,878.62,
2013,9,4,8,20.42,53.88,422.0,683.48,111.0,326.33,4.95,105.0,878.51,
2013,9,4,9,22.19,46.18,660.0,819.41,124.0,329.82,5.09,105.0,878.39,
2013,9,4,10,23.97,38.47,843.0,875.2,137.0,333.3,5.23,106.0,878.28,
2013,9,4,11,24.75,33.51,953.0,880.0,159.0,335.32,5.37,109.0,877.13,
2013,9,4,12,25.53,28.55,988.0,875.42,170.0,337.33,5.52,112.0,875.98,
2013,9,4,13,26.31,23.59,948.0,864.7,169.0,339.35,5.67,115.0,874.83,
2013,9,4,14,25.54,22.7,825.0,815.91,169.0,336.18,5.6,116.0,874.58,
2013,9,4,15,24.77,21.81,643.0,751.9,154.0,333.02,5.54,117.0,874.32,
2013,9,4,16,24.0,20.92,415.0,652.75,121.0,329.85,5.48,118.0,874.06,
2013,9,4,17,22.18,23.28,168.0,440.81,72.0,322.3,4.86,117.0,874.69,
2013,9,4,18,20.37,25.63,0.0,0.0,0.0,314.75,4.25,116.0,875.32,
2013,9,4,19,18.55,27.99,0.0,0.0,0.0,307.2,3.64,114.0,875.95,
2013,9,4,20,17.56,29.64,0.0,0.0,0.0,302.95,3.57,112.0,876.56,
2013,9,4,21,16.58,31.28,0.0,0.0,0.0,298.7,3.5,110.0,877.16,
2013,9,4,22,15.6,32.93,0.0,0.0,0.0,294.45,3.43,107.0,877.76,
2013,9,4,23,15.15,35.3,0.0,0.0,0.0,291.77,3.47,106.0,877.85,
2013,9,5,0,14.69,37.68,0.0,0.0,0.0,289.08,3.5,105.0,877.93,
2013,9,5,1,14.23,40.05,0.0,0.0,0.0,286.4,3.53,104.0,878.02,
2013,9,5,2,13.45,42.27,0.0,0.0,0.0,283.52,3.28,104.0,878.13,
2013,9,5,3,12.66,44.5,0.0,0.0,0.0,280.63,3.03,104.0,878.25,
2013,9,5,4,11.87,46.72,0.0,0.0,0.0,277.75,2.79,103.0,878.36,
2013,9,5,5,12.92,47.33,0.0,0.0,0.0,277.72,3.28,102.0,878.99,
2013,9,5,6,13.98,47.95,0.0,0.0,0.0,277.68,3.78,102.0,879.63,
2013,9,5,7,15.03,48.56,178.0,499.72,65.0,277.65,4.28,101.0,880.26,
2013,9,5,8,17.39,41.87,436.0,746.33,94.0,285.13,4.46,102.0,879.91,
2013,9,5,9,19.76,35.18,671.0,852.03,111.0,292.62,4.65,103.0,879.57,
2013,9,5,10,22.12,28.49,847.0,876.97,137.0,300.1,4.84,104.0,879.22,
2013,9,5,11,23.28,25.29,956.0,881.84,158.0,306.4,4.8,107.0,878.1,
2013,9,5,12,24.43,22.1,986.0,860.47,180.0,312.7,4.76,110.0,876.99,
2013,9,5,13,25.59,18.9,945.0,849.61,178.0,319.0,4.72,114.0,875.87,
2013,9,5,14,24.84,19.17,823.0,800.8,178.0,318.68,4.8,116.0,875.47,
2013,9,5,15,24.09,19.44,641.0,738.45,160.0,318.37,4.89,118.0,875.06,
2013,9,5,16,23.34,19.71,414.0,640.77,125.0,318.05,4.98,120.0,874.66,
2013,9,5,17,21.49,23.34,168.0,440.22,72.0,312.73,4.28,119.0,875.32,
2013,9,5,18,19.65,26.97,0.0,0.0,0.0,307.42,3.58,118.0,875.98,
2013,9,5,19,17.8,30.6,0.0,0.0,0.0,302.1,2.88,117.0,876.64,
2013,9,5,20,16.87,33.34,0.0,0.0,0.0,300.07,2.85,115.0,877.19,
2013,9,5,21,15.95,36.08,0.0,0.0,0.0,298.03,2.82,112.0,877.73,
2013,9,5,22,15.02,38.82,0.0,0.0,0.0,296.0,2.79,110.0,878.28,
2013,9,5,23,14.74,41.02,0.0,0.0,0.0,295.13,2.79,108.0,878.22,
2013,9,6,0,14.45,43.21,0.0,0.0,0.0,294.27,2.79,106.0,878.16,
2013,9,6,1,14.16,45.41,0.0,0.0,0.0,293.4,2.79,103.0,878.1,
2013,9,6,2,13.55,47.92,0.0,0.0,0.0,291.53,2.75,101.0,878.08,
2013,9,6,3,12.94,50.43,0.0,0.0,0.0,289.67,2.72,99.0,878.05,
2013,9,6,4,12.33,52.94,0.0,0.0,0.0,287.8,2.69,96.0,878.02,
2013,9,6,5,13.62,51.87,0.0,0.0,0.0,288.43,3.13,96.0,878.62,
2013,9,6,6,14.92,50.81,0.0,0.0,0.0,289.07,3.57,96.0,879.22,
2013,9,6,7,16.21,49.74,176.0,453.49,72.0,289.7,4.01,96.0,879.83,
2013,9,6,8,18.41,42.73,439.0,741.13,97.0,297.53,4.43,97.0,879.45,
2013,9,6,9,20.6,35.72,668.0,823.77,124.0,305.37,4.85,98.0,879.08,
2013,9,6,10,22.8,28.71,847.0,862.74,146.0,313.2,5.27,100.0,878.71,
2013,9,6,11,23.62,26.68,960.0,882.6,159.0,318.32,5.13,103.0,877.53,
2013,9,6,12,24.43,24.64,989.0,861.6,180.0,323.43,4.99,106.0,876.35,
2013,9,6,13,25.25,22.61,943.0,834.62,188.0,328.55,4.86,109.0,875.18,
2013,9,6,14,24.45,23.33,820.0,787.02,185.0,329.22,4.69,111.0,874.83,
2013,9,6,15,23.65,24.06,642.0,738.88,160.0,329.88,4.52,114.0,874.49,
2013,9,6,16,22.85,24.78,415.0,642.14,125.0,330.55,4.36,116.0,874.15,
2013,9,6,17,21.16,27.86,168.0,435.08,73.0,324.48,3.82,118.0,874.72,
2013,9,6,18,19.46,30.95,0.0,0.0,0.0,318.42,3.27,120.0,875.29,
2013,9,6,19,17.77,34.03,0.0,0.0,0.0,312.35,2.73,121.0,875.87,
2013,9,6,20,16.89,35.71,0.0,0.0,0.0,308.8,2.77,120.0,876.41,
2013,9,6,21,16.02,37.39,0.0,0.0,0.0,305.25,2.81,119.0,876.96,
2013,9,6,22,15.15,39.07,0.0,0.0,0.0,301.7,2.86,117.0,877.5,
2013,9,6,23,14.7,40.58,0.0,0.0,0.0,298.62,2.82,116.0,877.39,
2013,9,7,0,14.25,42.1,0.0,0.0,0.0,295.53,2.79,115.0,877.27,
2013,9,7,1,13.8,43.61,0.0,0.0,0.0,292.45,2.76,114.0,877.16,
2013,9,7,2,13.09,44.64,0.0,0.0,0.0,288.35,2.68,113.0,877.16,
2013,9,7,3,12.37,45.67,0.0,0.0,0.0,284.25,2.6,112.0,877.16,
2013,9,7,4,11.65,46.7,0.0,0.0,0.0,280.15,2.52,111.0,877.16,
2013,9,7,5,13.27,44.06,0.0,0.0,0.0,280.45,2.91,110.0,877.65,
2013,9,7,6,14.88,41.42,0.0,0.0,0.0,280.75,3.3,108.0,878.13,
2013,9,7,7,16.5,38.78,159.0,301.01,89.0,281.05,3.68,106.0,878.62,
2013,9,7,8,18.89,34.08,422.0,630.54,129.0,289.4,3.64,105.0,878.08,
2013,9,7,9,21.28,29.37,658.0,767.16,149.0,297.75,3.6,103.0,877.53,
2013,9,7,10,23.67,24.67,842.0,832.7,163.0,306.1,3.56,102.0,876.99,
2013,9,7,11,24.54,23.35,959.0,868.0,169.0,312.37,3.06,103.0,875.69,
2013,9,7,12,25.42,22.04,993.0,862.76,181.0,318.63,2.57,103.0,874.4,
2013,9,7,13,26.29,20.72,951.0,851.72,179.0,324.9,2.07,104.0,873.11,
2013,9,7,14,25.86,20.62,832.0,819.09,170.0,325.48,2.34,111.0,872.57,
2013,9,7,15,25.42,20.52,647.0,754.65,154.0,326.07,2.62,117.0,872.02,
2013,9,7,16,24.98,20.42,414.0,630.28,129.0,326.65,2.9,124.0,871.48,
2013,9,7,17,22.97,23.63,168.0,434.56,73.0,320.82,3.02,125.0,872.14,
2013,9,7,18,20.96,26.85,0.0,0.0,0.0,314.98,3.14,126.0,872.8,
2013,9,7,19,18.95,30.06,0.0,0.0,0.0,309.15,3.27,128.0,873.46,
2013,9,7,20,18.06,32.21,0.0,0.0,0.0,307.07,3.01,126.0,874.03,
2013,9,7,21,17.17,34.36,0.0,0.0,0.0,304.98,2.74,124.0,874.6,
2013,9,7,22,16.28,36.51,0.0,0.0,0.0,302.9,2.48,122.0,875.18,
2013,9,7,23,15.76,38.79,0.0,0.0,0.0,300.22,2.38,122.0,875.12,
2013,9,8,0,15.24,41.06,0.0,0.0,0.0,297.53,2.28,121.0,875.06,
2013,9,8,1,14.72,43.34,0.0,0.0,0.0,294.85,2.18,120.0,875.01,
2013,9,8,2,14.18,45.25,0.0,0.0,0.0,293.53,2.29,116.0,874.95,
2013,9,8,3,13.63,47.17,0.0,0.0,0.0,292.22,2.4,111.0,874.89,
2013,9,8,4,13.08,49.08,0.0,0.0,0.0,290.9,2.51,107.0,874.83,
2013,9,8,5,15.12,45.48,0.0,0.0,0.0,292.57,2.76,104.0,875.24,
2013,9,8,6,17.16,41.89,0.0,0.0,0.0,294.23,3.02,101.0,875.64,
2013,9,8,7,19.2,38.29,154.0,254.48,94.0,295.9,3.27,99.0,876.04,
2013,9,8,8,21.75,33.93,416.0,585.6,142.0,306.08,3.16,96.0,875.64,
2013,9,8,9,24.3,29.57,651.0,726.09,167.0,316.27,3.06,93.0,875.24,
2013,9,8,10,26.85,25.21,841.0,818.77,171.0,326.45,2.95,90.0,874.83,
2013,9,8,11,27.71,23.39,957.0,852.42,179.0,333.37,2.46,95.0,873.63,
2013,9,8,12,28.56,21.57,996.0,863.94,181.0,340.28,1.96,100.0,872.42,
2013,9,8,13,29.42,19.75,959.0,869.89,169.0,347.2,1.46,104.0,871.22,
2013,9,8,14,28.83,19.95,843.0,851.1,154.0,347.22,1.85,114.0,870.85,
2013,9,8,15,28.24,20.15,649.0,755.12,155.0,347.23,2.23,124.0,870.47,
2013,9,8,16,27.65,20.35,417.0,644.98,125.0,347.25,2.62,134.0,870.1,
2013,9,8,17,25.52,23.95,169.0,434.08,74.0,340.63,2.96,131.0,870.65,
2013,9,8,18,23.38,27.54,0.0,0.0,0.0,334.02,3.3,128.0,871.19,
2013,9,8,19,21.25,31.14,0.0,0.0,0.0,327.4,3.64,124.0,871.74,
2013,9,8,20,20.44,32.99,0.0,0.0,0.0,324.88,3.33,120.0,872.45,
2013,9,8,21,19.63,34.83,0.0,0.0,0.0,322.37,3.02,116.0,873.17,
2013,9,8,22,18.82,36.68,0.0,0.0,0.0,319.85,2.7,113.0,873.89,
2013,9,8,23,18.42,38.14,0.0,0.0,0.0,317.42,2.61,109.0,873.92,
2013,9,9,0,18.02,39.61,0.0,0.0,0.0,314.98,2.52,106.0,873.94,
2013,9,9,1,17.62,41.07,0.0,0.0,0.0,312.55,2.43,103.0,873.97,
2013,9,9,2,17.17,41.87,0.0,0.0,0.0,309.87,2.54,100.0,873.72,
2013,9,9,3,16.72,42.68,0.0,0.0,0.0,307.18,2.66,97.0,873.46,
2013,9,9,4,16.27,43.48,0.0,0.0,0.0,304.5,2.77,94.0,873.2,
2013,9,9,5,17.96,40.92,0.0,0.0,0.0,305.1,3.22,93.0,873.69,
2013,9,9,6,19.65,38.35,0.0,0.0,0.0,305.7,3.67,91.0,874.17,
2013,9,9,7,21.34,35.79,144.0,184.09,100.0,306.3,4.12,89.0,874.66,
2013,9,9,8,23.61,31.7,403.0,509.43,163.0,315.58,3.98,89.0,874.35,
2013,9,9,9,25.89,27.62,640.0,673.46,189.0,324.87,3.83,89.0,874.03,
2013,9,9,10,28.16,23.53,836.0,789.13,188.0,334.15,3.68,89.0,873.72,
2013,9,9,11,28.85,21.97,956.0,838.04,189.0,340.32,3.13,94.0,872.51,
2013,9,9,12,29.55,20.4,999.0,865.15,181.0,346.48,2.57,100.0,871.31,
2013,9,9,13,30.24,18.84,924.0,760.53,232.0,352.65,2.01,105.0,870.1,
2013,9,9,14,29.62,19.2,757.0,582.11,285.0,351.97,2.4,108.0,869.56,
2013,9,9,15,29.0,19.55,527.0,360.26,291.0,351.28,2.8,110.0,869.01,
2013,9,9,16,28.37,19.91,332.0,284.61,203.0,350.6,3.19,113.0,868.47,
2013,9,9,17,26.77,22.39,153.0,310.39,85.0,349.65,3.38,114.0,869.18,
2013,9,9,18,25.17,24.87,0.0,0.0,0.0,348.7,3.58,115.0,869.9,
2013,9,9,19,23.57,27.35,0.0,0.0,0.0,347.75,3.78,116.0,870.62,
2013,9,9,20,22.91,28.74,0.0,0.0,0.0,347.98,3.43,112.0,871.22,
2013,9,9,21,22.25,30.12,0.0,0.0,0.0,348.22,3.07,109.0,871.82,
2013,9,9,22,21.59,31.51,0.0,0.0,0.0,348.45,2.72,106.0,872.42,
2013,9,9,23,21.25,32.87,0.0,0.0,0.0,345.42,2.68,103.0,872.28,
2013,9,10,0,20.9,34.23,0.0,0.0,0.0,342.38,2.64,100.0,872.14,
2013,9,10,1,20.55,35.59,0.0,0.0,0.0,339.35,2.61,97.0,871.99,
2013,9,10,2,20.03,36.75,0.0,0.0,0.0,338.6,2.74,95.0,872.08,
2013,9,10,3,19.51,37.91,0.0,0.0,0.0,337.85,2.87,92.0,872.17,
2013,9,10,4,18.98,39.07,0.0,0.0,0.0,337.1,3.01,89.0,872.25,
2013,9,10,5,19.96,38.29,0.0,0.0,0.0,334.02,3.29,85.0,872.77,
2013,9,10,6,20.94,37.51,0.0,0.0,0.0,330.93,3.57,82.0,873.29,
2013,9,10,7,21.92,36.73,149.0,202.27,100.0,327.85,3.85,78.0,873.8,
2013,9,10,8,24.25,32.55,405.0,501.76,167.0,333.92,4.0,77.0,873.26,
2013,9,10,9,26.59,28.36,644.0,674.85,190.0,339.98,4.14,76.0,872.71,
2013,9,10,10,28.92,24.18,840.0,791.28,188.0,346.05,4.29,75.0,872.17,
2013,9,10,11,29.61,22.37,964.0,855.36,179.0,355.25,3.66,85.0,870.9,
2013,9,10,12,30.29,20.56,1002.0,866.38,181.0,364.45,3.04,96.0,869.64,
2013,9,10,13,30.98,18.75,964.0,872.11,169.0,373.65,2.41,106.0,868.38,
2013,9,10,14,30.38,18.95,856.0,885.36,137.0,377.87,2.54,116.0,868.01,
2013,9,10,15,29.78,19.16,601.0,573.23,225.0,382.08,2.66,127.0,867.63,
2013,9,10,16,29.17,19.36,411.0,610.48,134.0,386.3,2.79,137.0,867.26,
2013,9,10,17,27.64,21.76,163.0,378.49,80.0,380.05,2.96,131.0,867.81,
2013,9,10,18,26.12,24.16,0.0,0.0,0.0,373.8,3.13,125.0,868.35,
2013,9,10,19,24.59,26.56,0.0,0.0,0.0,367.55,3.3,118.0,868.9,
2013,9,10,20,23.63,28.61,0.0,0.0,0.0,361.6,3.09,113.0,869.61,
2013,9,10,21,22.67,30.66,0.0,0.0,0.0,355.65,2.88,108.0,870.33,
2013,9,10,22,21.71,32.71,0.0,0.0,0.0,349.7,2.68,103.0,871.05,
2013,9,10,23,21.2,34.26,0.0,0.0,0.0,343.05,2.62,99.0,871.05,
2013,9,11,0,20.69,35.81,0.0,0.0,0.0,336.4,2.56,96.0,871.05,
2013,9,11,1,20.17,37.36,0.0,0.0,0.0,329.75,2.5,93.0,871.05,
2013,9,11,2,19.63,37.97,0.0,0.0,0.0,328.05,2.63,91.0,871.13,
2013,9,11,3,19.09,38.57,0.0,0.0,0.0,326.35,2.77,90.0,871.22,
2013,9,11,4,18.54,39.18,0.0,0.0,0.0,324.65,2.91,88.0,871.31,
2013,9,11,5,20.07,37.29,0.0,0.0,0.0,324.77,2.99,86.0,871.94,
2013,9,11,6,21.59,35.4,0.0,0.0,0.0,324.88,3.07,83.0,872.57,
2013,9,11,7,23.12,33.51,155.0,219.96,101.0,325.0,3.14,80.0,873.2,
2013,9,11,8,25.45,29.74,406.0,492.11,171.0,333.45,3.31,82.0,872.8,
2013,9,11,9,27.77,25.98,652.0,691.03,185.0,341.9,3.47,83.0,872.4,
2013,9,11,10,30.1,22.21,843.0,792.22,188.0,350.35,3.63,84.0,871.99,
2013,9,11,11,30.61,21.13,963.0,841.11,189.0,362.32,3.15,96.0,870.88,
2013,9,11,12,31.13,20.04,1005.0,867.65,181.0,374.28,2.67,108.0,869.76,
2013,9,11,13,31.64,18.96,966.0,872.72,169.0,386.25,2.19,120.0,868.64,
2013,9,11,14,30.84,19.53,831.0,791.81,187.0,387.08,2.31,119.0,868.41,
2013,9,11,15,30.04,20.09,497.0,284.73,310.0,387.92,2.42,118.0,868.18,
2013,9,11,16,29.24,20.66,415.0,623.06,132.0,388.75,2.54,117.0,867.95,
2013,9,11,17,27.91,22.66,165.0,396.37,78.0,384.1,2.93,116.0,868.61,
2013,9,11,18,26.58,24.65,0.0,0.0,0.0,379.45,3.32,115.0,869.27,
2013,9,11,19,25.25,26.65,0.0,0.0,0.0,374.8,3.71,114.0,869.93,
2013,9,11,20,24.48,27.99,0.0,0.0,0.0,371.58,3.27,112.0,870.5,
2013,9,11,21,23.72,29.33,0.0,0.0,0.0,368.37,2.84,110.0,871.08,
2013,9,11,22,22.96,30.67,0.0,0.0,0.0,365.15,2.4,108.0,871.65,
2013,9,11,23,22.53,31.85,0.0,0.0,0.0,358.97,2.46,107.0,871.56,
2013,9,12,0,22.1,33.03,0.0,0.0,0.0,352.78,2.53,105.0,871.48,
2013,9,12,1,21.66,34.21,0.0,0.0,0.0,346.6,2.59,104.0,871.39,
2013,9,12,2,21.22,34.8,0.0,0.0,0.0,342.47,2.62,101.0,871.45,
2013,9,12,3,20.78,35.38,0.0,0.0,0.0,338.33,2.65,98.0,871.51,
2013,9,12,4,20.33,35.97,0.0,0.0,0.0,334.2,2.68,95.0,871.56,
2013,9,12,5,21.49,35.24,0.0,0.0,0.0,331.48,3.12,91.0,872.14,
2013,9,12,6,22.65,34.5,0.0,0.0,0.0,328.77,3.57,88.0,872.71,
2013,9,12,7,23.81,33.77,160.0,233.17,102.0,326.05,4.01,84.0,873.29,
2013,9,12,8,25.97,30.55,422.0,549.17,158.0,334.6,4.17,83.0,872.91,
2013,9,12,9,28.12,27.34,660.0,705.62,181.0,343.15,4.33,81.0,872.54,
2013,9,12,10,30.28,24.12,847.0,794.4,188.0,351.7,4.48,80.0,872.17,
2013,9,12,11,30.79,22.73,972.0,858.4,180.0,361.78,4.03,87.0,871.19,
2013,9,12,12,31.29,21.35,1009.0,867.89,183.0,371.87,3.58,94.0,870.22,
2013,9,12,13,31.8,19.96,959.0,841.66,189.0,381.95,3.13,101.0,869.24,
2013,9,12,14,31.17,19.95,683.0,391.64,364.0,381.43,3.22,107.0,869.04,
2013,9,12,15,30.53,19.94,505.0,301.12,307.0,380.92,3.31,113.0,868.84,
2013,9,12,16,29.89,19.93,413.0,611.44,135.0,380.4,3.39,119.0,868.64,
2013,9,12,17,28.22,22.32,175.0,487.08,68.0,373.57,3.24,117.0,869.38,
2013,9,12,18,26.54,24.7,0.0,0.0,0.0,366.73,3.08,116.0,870.13,
2013,9,12,19,24.87,27.09,0.0,0.0,0.0,359.9,2.92,114.0,870.88,
2013,9,12,20,23.89,28.99,0.0,0.0,0.0,353.6,2.81,112.0,871.51,
2013,9,12,21,22.92,30.89,0.0,0.0,0.0,347.3,2.69,110.0,872.14,
2013,9,12,22,21.95,32.79,0.0,0.0,0.0,341.0,2.58,107.0,872.77,
2013,9,12,23,21.51,34.46,0.0,0.0,0.0,337.38,2.48,104.0,872.71,
2013,9,13,0,21.07,36.12,0.0,0.0,0.0,333.77,2.38,101.0,872.65,
2013,9,13,1,20.62,37.79,0.0,0.0,0.0,330.15,2.28,98.0,872.6,
2013,9,13,2,20.12,38.92,0.0,0.0,0.0,328.9,2.29,93.0,872.68,
2013,9,13,3,19.62,40.05,0.0,0.0,0.0,327.65,2.3,89.0,872.77,
2013,9,13,4,19.12,41.18,0.0,0.0,0.0,326.4,2.32,84.0,872.85,
2013,9,13,5,20.61,39.54,0.0,0.0,0.0,327.68,2.73,80.0,873.31,
2013,9,13,6,22.09,37.9,0.0,0.0,0.0,328.97,3.14,75.0,873.77,
2013,9,13,7,23.58,36.26,168.0,265.88,101.0,330.25,3.54,71.0,874.23,
2013,9,13,8,25.95,32.08,433.0,584.82,150.0,339.07,3.23,72.0,873.74,
2013,9,13,9,28.31,27.91,675.0,749.44,164.0,347.88,2.91,72.0,873.26,
2013,9,13,10,30.68,23.73,865.0,842.24,164.0,356.7,2.59,73.0,872.77,
2013,9,13,11,31.4,22.04,980.0,875.63,170.0,363.02,2.78,86.0,871.62,
2013,9,13,12,32.11,20.34,1017.0,885.99,172.0,369.33,2.96,99.0,870.47,
2013,9,13,13,32.83,18.65,977.0,891.5,160.0,375.65,3.14,112.0,869.33,
2013,9,13,14,32.21,18.33,853.0,855.74,155.0,372.82,3.23,115.0,869.1,
2013,9,13,15,31.59,18.0,662.0,788.38,143.0,369.98,3.31,119.0,868.87,
2013,9,13,16,30.96,17.68,425.0,672.39,119.0,367.15,3.39,122.0,868.64,
2013,9,13,17,28.95,20.42,176.0,486.69,69.0,360.6,3.3,121.0,869.38,
2013,9,13,18,26.93,23.15,0.0,0.0,0.0,354.05,3.21,120.0,870.13,
2013,9,13,19,24.92,25.89,0.0,0.0,0.0,347.5,3.12,118.0,870.88,
2013,9,13,20,24.02,28.12,0.0,0.0,0.0,344.7,2.94,114.0,871.28,
2013,9,13,21,23.13,30.35,0.0,0.0,0.0,341.9,2.77,109.0,871.68,
2013,9,13,22,22.24,32.58,0.0,0.0,0.0,339.1,2.59,105.0,872.08,
2013,9,13,23,21.71,34.89,0.0,0.0,0.0,336.25,2.65,99.0,871.97,
2013,9,14,0,21.17,37.19,0.0,0.0,0.0,333.4,2.7,93.0,871.85,
2013,9,14,1,20.63,39.5,0.0,0.0,0.0,330.55,2.76,87.0,871.74,
2013,9,14,2,20.07,40.89,0.0,0.0,0.0,328.42,2.72,83.0,871.91,
2013,9,14,3,19.51,42.28,0.0,0.0,0.0,326.28,2.69,79.0,872.08,
2013,9,14,4,18.94,43.67,0.0,0.0,0.0,324.15,2.65,75.0,872.25,
2013,9,14,5,20.63,41.49,0.0,0.0,0.0,324.73,2.58,74.0,872.77,
2013,9,14,6,22.33,39.3,0.0,0.0,0.0,325.32,2.52,73.0,873.29,
2013,9,14,7,24.02,37.12,182.0,336.94,96.0,325.9,2.46,72.0,873.8,
2013,9,14,8,26.53,31.92,452.0,659.03,131.0,335.6,2.57,79.0,873.37,
2013,9,14,9,29.05,26.72,686.0,779.75,152.0,345.3,2.69,85.0,872.94,
2013,9,14,10,31.56,21.52,869.0,843.09,165.0,355.0,2.8,92.0,872.51,
2013,9,14,11,32.26,19.43,984.0,876.64,171.0,360.73,2.97,100.0,871.36,
2013,9,14,12,32.95,17.33,1015.0,870.57,183.0,366.47,3.14,108.0,870.22,
2013,9,14,13,33.65,15.24,969.0,859.5,180.0,372.2,3.31,116.0,869.07,
2013,9,14,14,32.9,15.2,841.0,809.27,180.0,369.07,3.54,118.0,868.81,
2013,9,14,15,32.15,15.17,660.0,775.36,149.0,365.93,3.78,120.0,868.55,
2013,9,14,16,31.39,15.13,421.0,647.64,126.0,362.8,4.01,121.0,868.29,
2013,9,14,17,29.29,18.64,166.0,395.42,79.0,356.92,3.64,119.0,869.01,
2013,9,14,18,27.2,22.16,0.0,0.0,0.0,351.03,3.27,117.0,869.73,
2013,9,14,19,25.1,25.67,0.0,0.0,0.0,345.15,2.9,115.0,870.44,
2013,9,14,20,24.13,28.53,0.0,0.0,0.0,343.25,2.83,111.0,870.9,
2013,9,14,21,23.17,31.4,0.0,0.0,0.0,341.35,2.77,107.0,871.36,
2013,9,14,22,22.21,34.26,0.0,0.0,0.0,339.45,2.7,103.0,871.82,
2013,9,14,23,21.71,36.17,0.0,0.0,0.0,337.95,2.6,100.0,871.74,
2013,9,15,0,21.21,38.09,0.0,0.0,0.0,336.45,2.5,97.0,871.65,
2013,9,15,1,20.7,40.0,0.0,0.0,0.0,334.95,2.4,94.0,871.56,
2013,9,15,2,20.22,40.77,0.0,0.0,0.0,333.8,2.42,93.0,871.68,
2013,9,15,3,19.74,41.54,0.0,0.0,0.0,332.65,2.45,92.0,871.79,
2013,9,15,4,19.25,42.31,0.0,0.0,0.0,331.5,2.47,91.0,871.91,
2013,9,15,5,21.07,39.69,0.0,0.0,0.0,332.7,2.5,89.0,872.57,
2013,9,15,6,22.89,37.06,0.0,0.0,0.0,333.9,2.52,87.0,873.23,
2013,9,15,7,24.71,34.44,181.0,309.5,101.0,335.1,2.55,85.0,873.89,
2013,9,15,8,26.97,30.54,453.0,648.67,135.0,344.7,2.98,88.0,873.51,
2013,9,15,9,29.24,26.64,690.0,782.21,152.0,354.3,3.42,90.0,873.14,
2013,9,15,10,31.5,22.74,873.0,845.17,165.0,363.9,3.85,93.0,872.77,
2013,9,15,11,32.21,21.49,987.0,878.75,170.0,369.97,4.34,100.0,871.59,
2013,9,15,12,32.92,20.25,1018.0,871.95,183.0,376.03,4.84,107.0,870.42,
2013,9,15,13,33.63,19.0,976.0,876.59,170.0,382.1,5.34,115.0,869.24,
2013,9,15,14,32.7,19.26,852.0,841.21,164.0,379.83,5.33,116.0,868.98,
2013,9,15,15,31.77,19.51,665.0,789.69,144.0,377.57,5.33,116.0,868.72,
2013,9,15,16,30.83,19.77,422.0,649.27,126.0,375.3,5.32,117.0,868.47,
2013,9,15,17,28.94,22.54,170.0,431.47,75.0,368.93,4.35,116.0,869.18,
2013,9,15,18,27.05,25.32,0.0,0.0,0.0,362.57,3.38,115.0,869.9,
2013,9,15,19,25.16,28.09,0.0,0.0,0.0,356.2,2.41,114.0,870.62,
2013,9,15,20,24.04,30.1,0.0,0.0,0.0,352.1,2.51,111.0,871.16,
2013,9,15,21,22.92,32.11,0.0,0.0,0.0,348.0,2.62,107.0,871.71,
2013,9,15,22,21.8,34.12,0.0,0.0,0.0,343.9,2.72,103.0,872.25,
2013,9,15,23,21.54,35.15,0.0,0.0,0.0,341.4,2.69,104.0,872.28,
2013,9,16,0,21.28,36.17,0.0,0.0,0.0,338.9,2.67,105.0,872.31,
2013,9,16,1,21.01,37.2,0.0,0.0,0.0,336.4,2.65,107.0,872.34,
2013,9,16,2,20.46,38.94,0.0,0.0,0.0,332.77,2.78,107.0,872.65,
2013,9,16,3,19.9,40.67,0.0,0.0,0.0,329.13,2.91,108.0,872.97,
2013,9,16,4,19.34,42.41,0.0,0.0,0.0,325.5,3.05,109.0,873.29,
2013,9,16,5,20.37,42.1,0.0,0.0,0.0,323.43,3.46,107.0,873.86,
2013,9,16,6,21.41,41.78,0.0,0.0,0.0,321.37,3.87,105.0,874.43,
2013,9,16,7,22.44,41.47,192.0,363.0,97.0,319.3,4.28,103.0,875.01,
2013,9,16,8,24.38,37.6,462.0,676.99,128.0,326.93,4.74,101.0,874.75,
2013,9,16,9,26.32,33.72,698.0,799.16,146.0,334.57,5.2,99.0,874.49,
2013,9,16,10,28.26,29.85,877.0,846.09,166.0,342.2,5.67,97.0,874.23,
2013,9,16,11,29.12,27.38,991.0,879.81,171.0,348.95,5.54,100.0,873.0,
2013,9,16,12,29.98,24.91,1021.0,873.37,183.0,355.7,5.4,104.0,871.76,
2013,9,16,13,30.84,22.44,979.0,877.38,171.0,362.45,5.27,107.0,870.53,
2013,9,16,14,30.2,22.85,844.0,810.82,180.0,362.42,5.11,109.0,870.24,
2013,9,16,15,29.55,23.27,663.0,776.76,150.0,362.38,4.96,110.0,869.96,
2013,9,16,16,28.9,23.68,425.0,661.89,123.0,362.35,4.8,112.0,869.67,
2013,9,16,17,27.23,27.05,170.0,431.17,75.0,356.87,4.03,114.0,870.39,
2013,9,16,18,25.57,30.42,0.0,0.0,0.0,351.38,3.26,115.0,871.1,
2013,9,16,19,23.9,33.79,0.0,0.0,0.0,345.9,2.48,117.0,871.82,
2013,9,16,20,23.08,35.95,0.0,0.0,0.0,343.53,2.84,117.0,872.42,
2013,9,16,21,22.26,38.12,0.0,0.0,0.0,341.17,3.19,116.0,873.03,
2013,9,16,22,21.44,40.28,0.0,0.0,0.0,338.8,3.54,116.0,873.63,
2013,9,16,23,21.03,42.36,0.0,0.0,0.0,336.18,3.35,114.0,873.57,
2013,9,17,0,20.61,44.45,0.0,0.0,0.0,333.57,3.15,113.0,873.51,
2013,9,17,1,20.19,46.53,0.0,0.0,0.0,330.95,2.95,112.0,873.46,
2013,9,17,2,19.61,48.14,0.0,0.0,0.0,327.75,2.83,110.0,873.72,
2013,9,17,3,19.02,49.75,0.0,0.0,0.0,324.55,2.7,109.0,873.97,
2013,9,17,4,18.43,51.36,0.0,0.0,0.0,321.35,2.58,107.0,874.23,
2013,9,17,5,19.66,48.68,0.0,0.0,0.0,321.17,3.02,105.0,874.6,
2013,9,17,6,20.88,46.0,0.0,0.0,0.0,320.98,3.46,102.0,874.98,
2013,9,17,7,22.11,43.32,187.0,313.29,104.0,320.8,3.9,100.0,875.35,
2013,9,17,8,24.01,38.71,453.0,616.35,147.0,328.87,3.92,96.0,874.92,
2013,9,17,9,25.92,34.09,694.0,771.31,159.0,336.93,3.94,92.0,874.49,
2013,9,17,10,27.82,29.48,871.0,816.19,183.0,345.0,3.96,89.0,874.06,
2013,9,17,11,28.59,27.04,967.0,800.64,219.0,350.6,3.96,95.0,872.71,
2013,9,17,12,29.35,24.61,1023.0,873.78,183.0,356.2,3.97,101.0,871.36,
2013,9,17,13,30.12,22.17,976.0,861.93,181.0,361.8,3.97,107.0,870.01,
2013,9,17,14,29.57,22.06,846.0,812.26,180.0,360.55,4.02,108.0,869.67,
2013,9,17,15,29.02,21.94,660.0,762.38,156.0,359.3,4.06,109.0,869.33,
2013,9,17,16,28.47,21.83,426.0,661.38,124.0,358.05,4.11,110.0,868.98,
2013,9,17,17,26.76,24.66,172.0,449.03,73.0,351.9,3.86,112.0,869.56,
2013,9,17,18,25.04,27.5,0.0,0.0,0.0,345.75,3.61,114.0,870.13,
2013,9,17,19,23.33,30.33,0.0,0.0,0.0,339.6,3.37,117.0,870.7,
2013,9,17,20,22.53,32.16,0.0,0.0,0.0,337.33,3.08,115.0,871.22,
2013,9,17,21,21.74,33.98,0.0,0.0,0.0,335.07,2.8,114.0,871.74,
2013,9,17,22,20.94,35.81,0.0,0.0,0.0,332.8,2.51,112.0,872.25,
2013,9,17,23,20.62,37.31,0.0,0.0,0.0,331.07,2.46,110.0,872.14,
2013,9,18,0,20.29,38.82,0.0,0.0,0.0,329.33,2.4,108.0,872.02,
2013,9,18,1,19.96,40.32,0.0,0.0,0.0,327.6,2.34,106.0,871.91,
2013,9,18,2,19.45,41.47,0.0,0.0,0.0,325.87,2.34,101.0,872.02,
2013,9,18,3,18.93,42.61,0.0,0.0,0.0,324.13,2.33,96.0,872.14,
2013,9,18,4,18.41,43.76,0.0,0.0,0.0,322.4,2.32,91.0,872.25,
2013,9,18,5,19.76,42.31,0.0,0.0,0.0,323.25,2.97,87.0,872.88,
2013,9,18,6,21.12,40.87,0.0,0.0,0.0,324.1,3.61,82.0,873.51,
2013,9,18,7,22.47,39.42,188.0,302.09,107.0,324.95,4.26,78.0,874.15,
2013,9,18,8,24.5,35.3,467.0,668.59,133.0,333.52,4.04,75.0,873.66,
2013,9,18,9,26.54,31.18,706.0,802.59,147.0,342.08,3.81,72.0,873.17,
2013,9,18,10,28.57,27.06,884.0,849.19,166.0,350.65,3.59,68.0,872.68,
2013,9,18,11,29.3,25.33,992.0,866.03,181.0,356.27,3.43,71.0,871.22,
2013,9,18,12,30.02,23.59,1021.0,858.65,194.0,361.88,3.28,74.0,869.76,
2013,9,18,13,30.75,21.86,978.0,863.89,180.0,367.5,3.13,77.0,868.29,
2013,9,18,14,30.16,21.89,834.0,767.44,204.0,365.82,3.06,81.0,867.81,
2013,9,18,15,29.57,21.91,661.0,763.17,156.0,364.13,2.98,85.0,867.32,
2013,9,18,16,28.97,21.94,426.0,663.08,123.0,362.45,2.91,90.0,866.83,
2013,9,18,17,27.11,24.84,172.0,448.74,73.0,356.5,3.06,94.0,867.55,
2013,9,18,18,25.24,27.73,0.0,0.0,0.0,350.55,3.2,99.0,868.26,
2013,9,18,19,23.38,30.63,0.0,0.0,0.0,344.6,3.35,104.0,868.98,
2013,9,18,20,22.55,32.2,0.0,0.0,0.0,341.98,3.11,102.0,869.5,
2013,9,18,21,21.73,33.76,0.0,0.0,0.0,339.37,2.87,100.0,870.01,
2013,9,18,22,20.91,35.33,0.0,0.0,0.0,336.75,2.63,98.0,870.53,
2013,9,18,23,20.5,36.6,0.0,0.0,0.0,334.05,2.51,95.0,870.39,
2013,9,19,0,20.09,37.87,0.0,0.0,0.0,331.35,2.4,92.0,870.24,
2013,9,19,1,19.67,39.14,0.0,0.0,0.0,328.65,2.28,89.0,870.1,
2013,9,19,2,19.25,39.77,0.0,0.0,0.0,326.68,2.3,85.0,870.04,
2013,9,19,3,18.83,40.41,0.0,0.0,0.0,324.72,2.33,82.0,869.99,
2013,9,19,4,18.4,41.04,0.0,0.0,0.0,322.75,2.36,78.0,869.93,
2013,9,19,5,19.99,38.91,0.0,0.0,0.0,324.03,2.7,74.0,870.42,
2013,9,19,6,21.59,36.78,0.0,0.0,0.0,325.32,3.05,69.0,870.9,
2013,9,19,7,23.18,34.65,197.0,342.76,104.0,326.6,3.39,65.0,871.39,
2013,9,19,8,25.9,30.34,465.0,646.61,140.0,336.52,2.84,59.0,870.85,
2013,9,19,9,28.63,26.03,702.0,775.03,160.0,346.43,2.29,53.0,870.3,
2013,9,19,10,31.35,21.72,883.0,834.87,175.0,356.35,1.74,47.0,869.76,
2013,9,19,11,32.15,20.06,995.0,867.24,181.0,364.85,1.43,29.0,868.41,
2013,9,19,12,32.94,18.4,1023.0,860.21,193.0,373.35,1.12,12.0,867.06,
2013,9,19,13,33.74,16.74,980.0,864.8,180.0,381.85,0.81,355.0,865.71,
2013,9,19,14,33.24,16.78,854.0,829.82,172.0,381.55,1.34,41.0,865.28,
2013,9,19,15,32.73,16.83,666.0,779.09,150.0,381.25,1.87,88.0,864.85,
2013,9,19,16,32.22,16.87,422.0,638.55,130.0,380.95,2.4,135.0,864.42,
2013,9,19,17,29.95,19.93,169.0,416.74,77.0,373.6,3.0,128.0,865.22,
2013,9,19,18,27.68,22.99,0.0,0.0,0.0,366.25,3.6,121.0,866.03,
2013,9,19,19,25.41,26.05,0.0,0.0,0.0,358.9,4.21,114.0,866.83,
2013,9,19,20,24.67,27.77,0.0,0.0,0.0,356.7,3.66,110.0,867.66,
2013,9,19,21,23.94,29.48,0.0,0.0,0.0,354.5,3.12,105.0,868.49,
2013,9,19,22,23.21,31.2,0.0,0.0,0.0,352.3,2.58,100.0,869.33,
2013,9,19,23,22.98,32.28,0.0,0.0,0.0,349.95,2.47,97.0,869.24,
2013,9,20,0,22.74,33.35,0.0,0.0,0.0,347.6,2.37,94.0,869.15,
2013,9,20,1,22.5,34.43,0.0,0.0,0.0,345.25,2.26,91.0,869.07,
2013,9,20,2,22.33,34.03,0.0,0.0,0.0,347.47,2.28,87.0,868.92,
2013,9,20,3,22.16,33.64,0.0,0.0,0.0,349.68,2.3,84.0,868.78,
2013,9,20,4,21.98,33.24,0.0,0.0,0.0,351.9,2.32,81.0,868.64,
2013,9,20,5,23.12,32.44,0.0,0.0,0.0,355.47,2.71,78.0,869.24,
2013,9,20,6,24.26,31.63,0.0,0.0,0.0,359.03,3.1,74.0,869.84,
2013,9,20,7,25.4,30.83,197.0,327.87,107.0,362.6,3.49,70.0,870.44,
2013,9,20,8,27.69,27.7,445.0,541.87,171.0,370.08,3.11,68.0,870.07,
2013,9,20,9,29.97,24.57,689.35,734.27,173.8,377.57,2.73,66.0,869.7,
2013,9,20,10,32.26,21.44,872.0,790.11,200.0,385.05,2.34,64.0,869.33,
2013,9,20,11,32.68,20.22,988.0,835.53,202.0,389.22,2.05,76.0,868.29,
2013,9,20,12,33.11,19.01,1020.0,844.2,204.0,393.38,1.75,87.0,867.26,
2013,9,20,13,33.53,17.79,972.0,833.37,200.0,397.55,1.45,98.0,866.23,
2013,9,20,14,33.11,17.44,576.0,189.6,420.0,394.25,1.99,108.0,866.0,
2013,9,20,15,32.68,17.1,649.0,709.02,179.0,390.95,2.53,117.0,865.77,
2013,9,20,16,32.25,16.75,423.0,640.3,130.0,387.65,3.08,127.0,865.54,
2013,9,20,17,30.58,19.02,175.0,475.34,70.0,382.27,3.06,127.0,866.4,
2013,9,20,18,28.92,21.28,0.0,0.0,0.0,376.88,3.04,127.0,867.26,
2013,9,20,19,27.25,23.55,0.0,0.0,0.0,371.5,3.02,128.0,868.12,
2013,9,20,20,26.42,25.45,0.0,0.0,0.0,367.37,2.94,125.0,868.9,
2013,9,20,21,25.6,27.35,0.0,0.0,0.0,363.23,2.86,122.0,869.67,
2013,9,20,22,24.77,29.25,0.0,0.0,0.0,359.1,2.77,119.0,870.44,
2013,9,20,23,24.43,30.4,0.0,0.0,0.0,355.43,2.66,115.0,870.42,
2013,9,21,0,24.08,31.56,0.0,0.0,0.0,351.77,2.55,111.0,870.39,
2013,9,21,1,23.73,32.71,0.0,0.0,0.0,348.1,2.44,108.0,870.36,
2013,9,21,2,23.24,32.95,0.0,0.0,0.0,345.9,2.58,104.0,870.44,
2013,9,21,3,22.75,33.18,0.0,0.0,0.0,343.7,2.72,101.0,870.53,
2013,9,21,4,22.26,33.42,0.0,0.0,0.0,341.5,2.86,97.0,870.62,
2013,9,21,5,23.2,32.58,0.0,0.0,0.0,343.42,3.48,98.0,871.39,
2013,9,21,6,24.15,31.73,0.0,0.0,0.0,345.33,4.11,99.0,872.17,
2013,9,21,7,25.09,30.89,184.0,244.91,116.0,347.25,4.73,99.0,872.94,
2013,9,21,8,26.64,29.01,452.0,554.4,170.0,352.45,5.4,99.0,872.85,
2013,9,21,9,28.2,27.13,670.0,639.82,219.0,357.65,6.07,98.0,872.77,
2013,9,21,10,29.75,25.25,855.0,731.57,231.0,362.85,6.74,97.0,872.68,
2013,9,21,11,30.42,23.85,952.0,728.69,265.0,366.82,6.47,99.0,871.51,
2013,9,21,12,31.09,22.44,1023.0,845.85,204.0,370.78,6.19,101.0,870.33,
2013,9,21,13,31.76,21.04,974.0,834.39,200.0,374.75,5.92,103.0,869.15,
2013,9,21,14,30.98,21.07,819.0,711.46,233.0,369.85,5.81,104.0,869.07,
2013,9,21,15,30.2,21.1,628.0,628.54,211.0,364.95,5.71,105.0,868.98,
2013,9,21,16,29.42,21.13,301.0,181.26,218.0,360.05,5.6,107.0,868.9,
2013,9,21,17,27.8,23.39,136.0,190.02,94.0,354.58,4.86,109.0,869.79,
2013,9,21,18,26.18,25.66,0.0,0.0,0.0,349.12,4.12,112.0,870.67,
2013,9,21,19,24.56,27.92,0.0,0.0,0.0,343.65,3.38,114.0,871.56,
2013,9,21,20,23.55,31.2,0.0,0.0,0.0,340.72,3.63,114.0,872.51,
2013,9,21,21,22.54,34.48,0.0,0.0,0.0,337.78,3.89,113.0,873.46,
2013,9,21,22,21.53,37.76,0.0,0.0,0.0,334.85,4.14,112.0,874.4,
2013,9,21,23,20.93,42.31,0.0,0.0,0.0,332.92,4.21,110.0,874.69,
2013,9,22,0,20.33,46.86,0.0,0.0,0.0,330.98,4.28,109.0,874.98,
2013,9,22,1,19.73,51.41,0.0,0.0,0.0,329.05,4.34,107.0,875.26,
2013,9,22,2,19.09,56.14,0.0,0.0,0.0,328.35,4.1,106.0,875.38,
2013,9,22,3,18.44,60.86,0.0,0.0,0.0,327.65,3.85,105.0,875.49,
2013,9,22,4,17.79,65.59,0.0,0.0,0.0,326.95,3.6,104.0,875.61,
2013,9,22,5,18.61,64.7,0.0,0.0,0.0,328.48,4.39,101.0,876.13,
2013,9,22,6,19.43,63.82,0.0,0.0,0.0,330.02,5.17,97.0,876.64,
2013,9,22,7,20.25,62.93,196.0,292.05,114.0,331.55,5.96,94.0,877.16,
2013,9,22,8,21.92,55.98,463.0,592.23,160.0,341.23,5.98,92.0,876.73,
2013,9,22,9,23.58,49.04,689.0,693.89,198.0,350.92,6.0,91.0,876.3,
2013,9,22,10,25.25,42.09,755.0,462.97,359.0,360.6,6.01,89.0,875.87,
2013,9,22,11,25.97,39.29,838.0,458.29,405.0,370.92,5.62,92.0,874.58,
2013,9,22,12,26.69,36.49,687.0,187.65,505.0,381.23,5.22,96.0,873.29,
2013,9,22,13,27.41,33.69,741.0,306.84,456.0,391.55,4.83,100.0,871.99,
2013,9,22,14,26.77,35.04,555.0,160.1,423.0,388.58,4.8,102.0,871.74,
2013,9,22,15,26.12,36.38,599.0,531.65,246.0,385.62,4.78,104.0,871.48,
2013,9,22,16,25.47,37.73,180.0,13.1,174.0,382.65,4.76,106.0,871.22,
2013,9,22,17,24.08,42.49,91.0,31.65,84.0,372.98,4.29,107.0,871.91,
2013,9,22,18,22.68,47.24,0.0,0.0,0.0,363.32,3.83,109.0,872.6,
2013,9,22,19,21.29,52.0,0.0,0.0,0.0,353.65,3.37,110.0,873.29,
2013,9,22,20,20.5,54.97,0.0,0.0,0.0,347.62,3.05,109.0,873.94,
2013,9,22,21,19.72,57.93,0.0,0.0,0.0,341.58,2.73,108.0,874.6,
2013,9,22,22,18.93,60.9,0.0,0.0,0.0,335.55,2.41,107.0,875.26,
2013,9,22,23,18.62,62.81,0.0,0.0,0.0,333.22,2.54,107.0,875.21,
2013,9,23,0,18.3,64.73,0.0,0.0,0.0,330.88,2.67,107.0,875.15,
2013,9,23,1,17.98,66.64,0.0,0.0,0.0,328.55,2.8,106.0,875.09,
2013,9,23,2,17.53,67.41,0.0,0.0,0.0,327.45,2.69,105.0,875.24,
2013,9,23,3,17.07,68.18,0.0,0.0,0.0,326.35,2.58,104.0,875.38,
2013,9,23,4,16.61,68.95,0.0,0.0,0.0,325.25,2.47,103.0,875.52,
2013,9,23,5,17.94,64.54,0.0,0.0,0.0,325.77,3.07,101.0,875.92,
2013,9,23,6,19.26,60.14,0.0,0.0,0.0,326.28,3.66,99.0,876.33,
2013,9,23,7,20.59,55.73,231.0,496.68,90.0,326.8,4.26,98.0,876.73,
2013,9,23,8,22.72,48.11,501.0,759.87,110.0,334.63,4.21,96.0,876.18,
2013,9,23,9,24.84,40.5,732.0,841.92,134.0,342.47,4.16,94.0,875.64,
2013,9,23,10,26.97,32.88,907.0,873.27,158.0,350.3,4.11,92.0,875.09,
2013,9,23,11,27.86,30.05,896.0,578.81,348.0,356.37,4.09,96.0,873.86,
2013,9,23,12,28.74,27.21,919.0,571.32,364.0,362.43,4.07,100.0,872.63,
2013,9,23,13,29.63,24.38,940.0,727.95,263.0,368.5,4.06,104.0,871.39,
2013,9,23,14,28.89,24.78,794.0,630.06,274.0,366.48,4.17,106.0,871.08,
2013,9,23,15,28.14,25.18,644.0,683.25,190.0,364.47,4.28,107.0,870.76,
2013,9,23,16,27.39,25.58,427.0,654.36,127.0,362.45,4.39,109.0,870.44,
2013,9,23,17,25.78,28.68,172.0,442.81,74.0,356.3,3.94,110.0,871.19,
2013,9,23,18,24.17,31.78,0.0,0.0,0.0,350.15,3.49,112.0,871.94,
2013,9,23,19,22.56,34.88,0.0,0.0,0.0,344.0,3.05,113.0,872.68,
2013,9,23,20,21.66,37.18,0.0,0.0,0.0,340.72,2.82,112.0,873.2,
2013,9,23,21,20.76,39.47,0.0,0.0,0.0,337.43,2.6,112.0,873.72,
2013,9,23,22,19.86,41.77,0.0,0.0,0.0,334.15,2.37,111.0,874.23,
2013,9,23,23,19.3,44.27,0.0,0.0,0.0,330.57,2.39,110.0,874.15,
2013,9,24,0,18.73,46.77,0.0,0.0,0.0,326.98,2.4,109.0,874.06,
2013,9,24,1,18.16,49.27,0.0,0.0,0.0,323.4,2.41,109.0,873.97,
2013,9,24,2,17.58,50.67,0.0,0.0,0.0,320.03,2.42,103.0,874.03,
2013,9,24,3,16.99,52.08,0.0,0.0,0.0,316.67,2.42,98.0,874.09,
2013,9,24,4,16.4,53.48,0.0,0.0,0.0,313.3,2.43,92.0,874.15,
2013,9,24,5,18.49,48.78,0.0,0.0,0.0,314.37,2.23,89.0,874.63,
2013,9,24,6,20.59,44.08,0.0,0.0,0.0,315.43,2.02,86.0,875.12,
2013,9,24,7,22.68,39.38,232.0,480.9,94.0,316.5,1.82,83.0,875.61,
2013,9,24,8,24.81,33.87,505.0,761.42,111.0,326.42,2.06,86.0,875.12,
2013,9,24,9,26.94,28.36,732.0,829.0,141.0,336.33,2.3,88.0,874.63,
2013,9,24,10,29.07,22.85,905.0,858.14,167.0,346.25,2.54,91.0,874.15,
2013,9,24,11,29.88,20.68,1011.0,872.77,183.0,351.0,2.73,98.0,872.85,
2013,9,24,12,30.68,18.5,1037.0,864.37,196.0,355.75,2.92,104.0,871.56,
2013,9,24,13,31.49,16.33,986.0,852.71,192.0,360.5,3.12,110.0,870.27,
2013,9,24,14,30.8,16.37,848.0,786.84,198.0,358.13,3.27,110.0,870.04,
2013,9,24,15,30.1,16.4,667.0,766.96,157.0,355.77,3.43,110.0,869.81,
2013,9,24,16,29.4,16.44,428.0,653.98,128.0,353.4,3.59,110.0,869.58,
2013,9,24,17,27.49,19.37,171.0,424.45,77.0,346.97,3.46,112.0,870.42,
2013,9,24,18,25.57,22.31,0.0,0.0,0.0,340.53,3.34,113.0,871.25,
2013,9,24,19,23.66,25.24,0.0,0.0,0.0,334.1,3.21,114.0,872.08,
2013,9,24,20,22.69,27.83,0.0,0.0,0.0,331.88,3.0,112.0,872.6,
2013,9,24,21,21.72,30.41,0.0,0.0,0.0,329.67,2.79,110.0,873.11,
2013,9,24,22,20.75,33.0,0.0,0.0,0.0,327.45,2.58,108.0,873.63,
2013,9,24,23,20.18,35.32,0.0,0.0,0.0,325.27,2.49,104.0,873.31,
2013,9,25,0,19.61,37.63,0.0,0.0,0.0,323.08,2.4,99.0,873.0,
2013,9,25,1,19.04,39.95,0.0,0.0,0.0,320.9,2.32,95.0,872.68,
2013,9,25,2,18.43,41.2,0.0,0.0,0.0,319.57,2.38,94.0,872.8,
2013,9,25,3,17.81,42.44,0.0,0.0,0.0,318.23,2.45,92.0,872.91,
2013,9,25,4,17.19,43.69,0.0,0.0,0.0,316.9,2.51,90.0,873.03,
2013,9,25,5,19.55,39.89,0.0,0.0,0.0,319.18,2.3,92.0,873.6,
2013,9,25,6,21.9,36.08,1.0,24.83,0.0,321.47,2.1,93.0,874.17,
2013,9,25,7,24.26,32.28,231.0,458.61,98.0,323.75,1.89,94.0,874.75,
2013,9,25,8,26.45,28.78,501.0,724.56,124.0,333.73,2.39,92.0,874.26,
2013,9,25,9,28.65,25.27,732.0,814.82,149.0,343.72,2.89,90.0,873.77,
2013,9,25,10,30.84,21.77,909.0,859.38,168.0,353.7,3.39,88.0,873.29,
2013,9,25,11,31.63,20.11,1014.0,874.21,183.0,359.65,3.6,91.0,871.99,
2013,9,25,12,32.43,18.44,1039.0,866.13,195.0,365.6,3.8,95.0,870.7,
2013,9,25,13,33.22,16.78,993.0,869.94,182.0,371.55,4.0,99.0,869.41,
2013,9,25,14,32.48,16.98,868.0,850.22,165.0,369.7,4.19,101.0,869.07,
2013,9,25,15,31.74,17.17,672.0,782.95,151.0,367.85,4.38,104.0,868.72,
2013,9,25,16,30.99,17.37,430.0,666.67,124.0,366.0,4.57,107.0,868.38,
2013,9,25,17,29.09,20.07,174.0,451.24,74.0,359.13,4.22,109.0,869.04,
2013,9,25,18,27.18,22.77,0.0,0.0,0.0,352.27,3.87,112.0,869.7,
2013,9,25,19,25.28,25.47,0.0,0.0,0.0,345.4,3.52,114.0,870.36,
2013,9,25,20,24.3,27.5,0.0,0.0,0.0,341.83,3.25,113.0,870.9,
2013,9,25,21,23.33,29.53,0.0,0.0,0.0,338.27,2.97,111.0,871.45,
2013,9,25,22,22.35,31.56,0.0,0.0,0.0,334.7,2.7,109.0,871.99,
2013,9,25,23,21.78,33.46,0.0,0.0,0.0,331.75,2.58,107.0,871.88,
2013,9,26,0,21.2,35.36,0.0,0.0,0.0,328.8,2.46,105.0,871.76,
2013,9,26,1,20.62,37.26,0.0,0.0,0.0,325.85,2.34,103.0,871.65,
2013,9,26,2,20.2,37.31,0.0,0.0,0.0,324.6,2.39,99.0,871.76,
2013,9,26,3,19.78,37.36,0.0,0.0,0.0,323.35,2.44,95.0,871.88,
2013,9,26,4,19.36,37.41,0.0,0.0,0.0,322.1,2.48,92.0,871.99,
2013,9,26,5,21.37,34.96,0.0,0.0,0.0,324.35,2.8,87.0,872.4,
2013,9,26,6,23.37,32.52,1.0,23.05,0.0,326.6,3.13,83.0,872.8,
2013,9,26,7,25.38,30.07,214.0,337.86,115.0,328.85,3.45,79.0,873.2,
2013,9,26,8,27.71,26.52,483.0,623.17,157.0,338.67,3.31,77.0,872.63,
2013,9,26,9,30.04,22.97,719.0,757.62,175.0,348.48,3.17,74.0,872.05,
2013,9,26,10,32.37,19.42,907.0,844.47,177.0,358.3,3.03,72.0,871.48,
2013,9,26,11,33.11,17.67,1011.0,858.89,193.0,364.8,3.07,80.0,870.24,
2013,9,26,12,33.86,15.93,1042.0,866.91,196.0,371.3,3.11,88.0,869.01,
2013,9,26,13,34.6,14.18,995.0,871.1,182.0,377.8,3.14,96.0,867.78,
2013,9,26,14,33.88,13.82,865.0,834.98,174.0,374.75,3.39,99.0,867.35,
2013,9,26,15,33.15,13.45,673.0,783.93,151.0,371.7,3.64,102.0,866.92,
2013,9,26,16,32.42,13.09,429.0,655.42,128.0,368.65,3.89,106.0,866.49,
2013,9,26,17,30.38,15.66,173.0,441.89,75.0,362.0,3.77,106.0,867.2,
2013,9,26,18,28.33,18.24,0.0,0.0,0.0,355.35,3.65,106.0,867.92,
2013,9,26,19,26.29,20.81,0.0,0.0,0.0,348.7,3.53,106.0,868.64,
2013,9,26,20,25.26,22.88,0.0,0.0,0.0,345.75,3.22,103.0,869.13,
2013,9,26,21,24.24,24.94,0.0,0.0,0.0,342.8,2.91,101.0,869.61,
2013,9,26,22,23.21,27.01,0.0,0.0,0.0,339.85,2.59,98.0,870.1,
2013,9,26,23,22.46,29.23,0.0,0.0,0.0,336.83,2.55,95.0,870.01,
2013,9,27,0,21.71,31.44,0.0,0.0,0.0,333.82,2.51,91.0,869.93,
2013,9,27,1,20.96,33.66,0.0,0.0,0.0,330.8,2.47,88.0,869.84,
2013,9,27,2,20.64,33.57,0.0,0.0,0.0,329.5,2.49,84.0,869.93,
2013,9,27,3,20.32,33.47,0.0,0.0,0.0,328.2,2.51,79.0,870.01,
2013,9,27,4,20.0,33.38,0.0,0.0,0.0,326.9,2.54,74.0,870.1,
2013,9,27,5,22.09,30.75,0.0,0.0,0.0,328.57,2.46,70.0,870.67,
2013,9,27,6,24.18,28.11,2.0,0.0,2.0,330.23,2.38,65.0,871.25,
2013,9,27,7,26.27,25.48,224.0,378.37,112.0,331.9,2.3,60.0,871.82,
2013,9,27,8,28.82,21.87,503.0,701.65,134.0,342.2,2.34,66.0,871.22,
2013,9,27,9,31.37,18.26,739.0,818.85,149.0,352.5,2.39,71.0,870.62,
2013,9,27,10,33.92,14.65,910.0,845.84,177.0,362.8,2.43,76.0,870.01,
2013,9,27,11,34.52,13.33,1020.0,876.16,184.0,367.98,2.76,89.0,868.81,
2013,9,27,12,35.13,12.02,1050.0,884.1,186.0,373.17,3.1,101.0,867.6,
2013,9,27,13,35.73,10.7,936.0,702.12,280.0,378.35,3.43,113.0,866.4,
2013,9,27,14,34.88,11.18,861.0,819.8,182.0,375.73,3.68,113.0,866.08,
2013,9,27,15,34.03,11.65,110.0,0.0,110.0,373.12,3.93,114.0,865.77,
2013,9,27,16,33.18,12.13,190.0,17.41,182.0,370.5,4.18,114.0,865.45,
2013,9,27,17,31.12,14.32,172.0,428.04,77.0,364.88,3.81,112.0,866.37,
2013,9,27,18,29.07,16.5,0.0,0.0,0.0,359.27,3.43,110.0,867.29,
2013,9,27,19,27.01,18.69,0.0,0.0,0.0,353.65,3.06,108.0,868.21,
2013,9,27,20,26.07,20.45,0.0,0.0,0.0,351.55,2.91,104.0,868.72,
2013,9,27,21,25.13,22.22,0.0,0.0,0.0,349.45,2.75,100.0,869.24,
2013,9,27,22,24.19,23.98,0.0,0.0,0.0,347.35,2.59,96.0,869.76,
2013,9,27,23,23.48,25.93,0.0,0.0,0.0,345.2,2.52,91.0,869.44,
2013,9,28,0,22.77,27.89,0.0,0.0,0.0,343.05,2.45,85.0,869.13,
2013,9,28,1,22.05,29.84,0.0,0.0,0.0,340.9,2.37,80.0,868.81,
2013,9,28,2,21.63,30.13,0.0,0.0,0.0,338.52,2.37,73.0,868.98,
2013,9,28,3,21.21,30.41,0.0,0.0,0.0,336.13,2.37,66.0,869.15,
2013,9,28,4,20.79,30.7,0.0,0.0,0.0,333.75,2.37,59.0,869.33,
2013,9,28,5,22.87,28.79,0.0,0.0,0.0,336.95,2.33,56.0,869.84,
2013,9,28,6,24.96,26.89,2.0,0.0,2.0,340.15,2.28,53.0,870.36,
2013,9,28,7,27.04,24.98,206.0,270.95,125.0,343.35,2.23,50.0,870.88,
2013,9,28,8,29.61,21.28,473.0,556.15,179.0,352.9,2.57,60.0,870.33,
2013,9,28,9,32.19,17.57,714.0,717.88,195.0,362.45,2.91,69.0,869.79,
2013,9,28,10,34.76,13.87,893.0,785.09,211.0,372.0,3.26,79.0,869.24,
2013,9,28,11,35.08,13.5,1011.0,844.25,204.0,379.35,3.66,87.0,868.18,
2013,9,28,12,35.39,13.13,1040.0,852.24,206.0,386.7,4.07,95.0,867.12,
2013,9,28,13,35.71,12.76,988.0,840.38,202.0,394.05,4.48,104.0,866.06,
2013,9,28,14,34.62,13.52,709.0,408.97,370.0,399.73,4.71,103.0,866.17,
2013,9,28,15,33.53,14.27,496.0,257.98,324.0,405.42,4.94,103.0,866.29,
2013,9,28,16,32.44,15.03,261.0,95.7,217.0,411.1,5.17,102.0,866.4,
2013,9,28,17,30.86,16.7,109.0,76.54,92.0,401.5,4.7,102.0,867.2,
2013,9,28,18,29.28,18.38,0.0,0.0,0.0,391.9,4.23,101.0,868.01,
2013,9,28,19,27.7,20.05,0.0,0.0,0.0,382.3,3.77,100.0,868.81,
2013,9,28,20,26.93,21.22,0.0,0.0,0.0,379.6,3.44,101.0,869.64,
2013,9,28,21,26.16,22.38,0.0,0.0,0.0,376.9,3.11,101.0,870.47,
2013,9,28,22,25.39,23.55,0.0,0.0,0.0,374.2,2.79,102.0,871.31,
2013,9,28,23,24.9,26.32,0.0,0.0,0.0,377.15,3.39,103.0,871.62,
2013,9,29,0,24.4,29.08,0.0,0.0,0.0,380.1,4.0,103.0,871.94,
2013,9,29,1,23.9,31.85,0.0,0.0,0.0,383.05,4.61,104.0,872.25,
2013,9,29,2,23.08,35.46,0.0,0.0,0.0,377.55,4.48,106.0,872.74,
2013,9,29,3,22.25,39.08,0.0,0.0,0.0,372.05,4.35,108.0,873.23,
2013,9,29,4,21.42,42.69,0.0,0.0,0.0,366.55,4.22,111.0,873.72,
2013,9,29,5,21.68,47.47,0.0,0.0,0.0,363.72,5.43,108.0,874.66,
2013,9,29,6,21.94,52.24,2.0,0.0,2.0,360.88,6.64,105.0,875.61,
2013,9,29,7,22.2,57.02,173.0,129.2,134.0,358.05,7.85,103.0,876.56,
2013,9,29,8,23.57,52.33,313.0,109.16,255.0,365.75,7.58,103.0,876.27,
2013,9,29,9,24.94,47.64,367.0,42.74,336.0,373.45,7.31,103.0,875.98,
2013,9,29,10,26.31,42.95,587.0,157.34,450.0,381.15,7.05,103.0,875.69,
2013,9,29,11,26.7,41.03,770.0,311.21,472.0,387.13,6.37,107.0,874.55,
2013,9,29,12,27.09,39.12,646.0,134.71,514.0,393.12,5.69,111.0,873.4,
2013,9,29,13,27.48,37.2,586.0,107.88,485.0,399.1,5.01,115.0,872.25,
2013,9,29,14,26.45,39.4,352.0,12.05,342.0,399.63,5.42,117.0,872.65,
2013,9,29,15,25.42,41.59,214.0,1.5,213.0,400.17,5.83,120.0,873.06,
2013,9,29,16,24.39,43.79,123.0,0.0,123.0,400.7,6.25,122.0,873.46,
2013,9,29,17,23.61,45.57,164.0,364.36,83.0,397.2,6.13,120.0,874.2,
2013,9,29,18,22.84,47.34,0.0,0.0,0.0,393.7,6.02,117.0,874.95,
2013,9,29,19,22.06,49.12,0.0,0.0,0.0,390.2,5.9,115.0,875.69,
2013,9,29,20,20.86,55.15,0.0,0.0,0.0,393.1,5.94,113.0,876.5,
2013,9,29,21,19.67,61.18,0.0,0.0,0.0,396.0,5.98,111.0,877.3,
2013,9,29,22,18.48,67.21,0.0,0.0,0.0,398.9,6.01,109.0,878.1,
2013,9,29,23,17.93,70.53,0.0,0.0,0.0,394.5,6.01,110.0,878.05,
2013,9,30,0,17.37,73.84,0.0,0.0,0.0,390.1,6.01,110.0,877.99,
2013,9,30,1,16.81,77.16,0.0,0.0,0.0,385.7,6.01,111.0,877.93,
2013,9,30,2,16.27,78.1,0.0,0.0,0.0,379.67,5.92,113.0,878.13,
2013,9,30,3,15.73,79.03,0.0,0.0,0.0,373.63,5.83,114.0,878.33,
2013,9,30,4,15.19,79.97,0.0,0.0,0.0,367.6,5.74,116.0,878.53,
2013,9,30,5,15.44,79.4,0.0,0.0,0.0,365.23,6.11,115.0,879.19,
2013,9,30,6,15.68,78.84,5.0,0.0,5.0,362.87,6.48,114.0,879.85,
2013,9,30,7,15.93,78.27,105.0,9.85,102.0,360.5,6.86,114.0,880.51,
2013,9,30,8,17.14,71.63,219.0,16.86,210.0,364.6,6.89,111.0,880.28,
2013,9,30,9,18.35,65.0,370.0,46.72,336.0,368.7,6.92,108.0,880.06,
2013,9,30,10,19.57,58.36,179.0,0.0,179.0,372.8,6.95,104.0,879.83,
2013,9,30,11,20.04,56.02,367.0,4.17,363.0,377.15,6.61,107.0,878.59,
2013,9,30,12,20.51,53.69,552.0,66.25,487.0,381.5,6.26,109.0,877.36,
2013,9,30,13,20.99,51.35,261.0,0.0,261.0,385.85,5.92,111.0,876.13,
2013,9,30,14,20.3,52.5,114.0,0.0,114.0,384.8,5.75,112.0,876.21,
2013,9,30,15,19.61,53.64,199.0,0.0,199.0,383.75,5.58,114.0,876.3,
2013,9,30,16,18.92,54.79,154.0,4.35,152.0,382.7,5.41,115.0,876.38,
2013,9,30,17,18.09,56.52,80.0,17.98,76.0,373.6,5.13,113.0,876.78,
2013,9,30,18,13.13,69.69,0.0,0.0,0.0,344.04,4.56,111.0,877.19,
2013,9,30,19,13.86,67.38,0.0,0.0,0.0,344.96,4.43,109.0,877.59,
2013,9,30,20,14.59,65.06,0.0,0.0,0.0,345.89,4.29,105.0,878.1,
2013,9,30,21,15.31,62.74,0.0,0.0,0.0,346.81,4.16,102.0,878.62,
2013,9,30,22,16.04,60.43,0.0,0.0,0.0,347.74,4.03,99.0,879.14,
2013,9,30,23,16.77,58.11,0.0,0.0,0.0,348.67,3.9,99.0,879.05,
2011,10,1,0,17.5,55.8,0.0,0.0,0.0,349.59,3.76,99.0,878.97,
2011,10,1,1,18.23,53.48,0.0,0.0,0.0,350.52,3.63,99.0,878.88,
2011,10,1,2,18.96,51.16,0.0,0.0,0.0,351.44,3.5,95.0,872.02,
2011,10,1,3,19.69,48.85,0.0,0.0,0.0,352.37,3.36,84.0,872.05,
2011,10,1,4,20.42,46.53,0.0,0.0,0.0,353.3,3.23,74.0,872.08,
2011,10,1,5,21.15,44.21,0.0,0.0,0.0,354.22,3.1,73.0,872.68,
2011,10,1,6,21.88,41.9,12.0,0.0,12.0,355.15,2.96,71.0,873.29,
2011,10,1,7,22.61,39.58,97.0,6.56,95.0,356.07,2.83,70.0,873.89,
2011,10,1,8,23.34,37.27,126.0,0.0,126.0,357.0,2.7,68.0,873.4,
2011,10,1,9,24.07,34.95,299.0,12.37,290.0,357.93,2.56,67.0,872.91,
2011,10,1,10,28.62,29.4,550.0,120.32,445.0,380.3,3.85,66.0,872.42,
2011,10,1,11,28.83,28.72,882.0,527.55,376.0,390.32,3.52,70.0,871.19,
2011,10,1,12,29.04,28.04,735.0,239.52,500.0,400.33,3.19,74.0,869.96,
2011,10,1,13,29.25,27.36,486.0,43.75,445.0,410.35,2.86,78.0,868.72,
2011,10,1,14,28.3,29.4,783.0,597.48,287.0,408.08,2.18,83.0,868.72,
2011,10,1,15,27.35,31.45,470.0,212.74,328.0,405.82,1.5,88.0,868.72,
2011,10,1,16,26.4,33.49,295.0,167.3,218.0,403.55,0.83,93.0,868.72,
2011,10,1,17,25.16,37.49,147.0,256.17,90.0,396.43,1.27,102.0,869.53,
2011,10,1,18,23.92,41.49,0.0,0.0,0.0,389.32,1.72,111.0,870.33,
2011,10,1,19,22.68,45.49,0.0,0.0,0.0,382.2,2.17,119.0,871.13,
2011,10,1,20,21.91,49.54,0.0,0.0,0.0,377.58,2.52,119.0,871.91,
2011,10,1,21,21.14,53.59,0.0,0.0,0.0,372.97,2.87,118.0,872.68,
2011,10,1,22,20.37,57.64,0.0,0.0,0.0,368.35,3.23,118.0,873.46,
2011,10,1,23,20.2,60.22,0.0,0.0,0.0,368.82,3.16,115.0,873.31,
2011,10,2,0,20.03,62.81,0.0,0.0,0.0,369.28,3.1,112.0,873.17,
2011,10,2,1,19.86,65.39,0.0,0.0,0.0,369.75,3.03,108.0,873.03,
2011,10,2,2,19.29,66.77,0.0,0.0,0.0,368.15,2.81,107.0,873.11,
2011,10,2,3,18.72,68.16,0.0,0.0,0.0,366.55,2.58,105.0,873.2,
2011,10,2,4,18.14,69.54,0.0,0.0,0.0,364.95,2.36,103.0,873.29,
2011,10,2,5,19.32,65.45,0.0,0.0,0.0,363.02,2.92,99.0,873.57,
2011,10,2,6,20.49,61.37,2.0,0.0,2.0,361.08,3.48,94.0,873.86,
2011,10,2,7,21.66,57.28,49.0,0.0,49.0,359.15,4.04,90.0,874.15,
2011,10,2,8,23.63,50.13,525.0,775.35,109.0,365.05,3.69,79.0,873.63,
2011,10,2,9,25.6,42.99,726.0,747.99,180.0,370.95,3.34,68.0,873.11,
2011,10,2,10,27.58,35.84,906.0,820.91,188.0,376.85,2.99,57.0,872.6,
2011,10,2,11,27.96,34.01,963.0,714.05,277.0,386.7,2.4,53.0,871.33,
2011,10,2,12,28.34,32.17,1047.0,875.48,187.0,396.55,1.81,49.0,870.07,
2011,10,2,13,28.73,30.34,959.0,767.6,239.0,406.4,1.21,44.0,868.81,
2011,10,2,14,28.52,29.92,539.0,138.43,424.0,404.42,0.97,60.0,868.29,
2011,10,2,15,28.31,29.5,550.0,389.3,290.0,402.43,0.74,75.0,867.78,
2011,10,2,16,28.11,29.08,295.0,167.22,218.0,400.45,0.5,91.0,867.26,
2011,10,2,17,26.45,32.69,165.0,372.66,82.0,392.3,1.04,107.0,868.01,
2011,10,2,18,24.79,36.3,0.0,0.0,0.0,384.15,1.59,123.0,868.75,
2011,10,2,19,23.13,39.91,0.0,0.0,0.0,376.0,2.14,139.0,869.5,
2011,10,2,20,22.5,41.73,0.0,0.0,0.0,373.28,2.36,136.0,870.16,
2011,10,2,21,21.86,43.55,0.0,0.0,0.0,370.57,2.59,132.0,870.82,
2011,10,2,22,21.22,45.37,0.0,0.0,0.0,367.85,2.81,129.0,871.48,
2011,10,2,23,21.06,46.88,0.0,0.0,0.0,365.58,2.21,125.0,871.31,
2011,10,3,0,20.91,48.4,0.0,0.0,0.0,363.32,1.6,120.0,871.13,
2011,10,3,1,20.75,49.91,0.0,0.0,0.0,361.05,0.99,116.0,870.96,
2011,10,3,2,20.24,52.52,0.0,0.0,0.0,359.65,1.48,114.0,871.02,
2011,10,3,3,19.74,55.13,0.0,0.0,0.0,358.25,1.97,111.0,871.08,
2011,10,3,4,19.23,57.74,0.0,0.0,0.0,356.85,2.46,108.0,871.13,
2011,10,3,5,20.94,53.45,0.0,0.0,0.0,358.58,1.78,98.0,871.68,
2011,10,3,6,22.65,49.16,25.0,113.74,18.0,360.32,1.1,87.0,872.22,
2011,10,3,7,24.36,44.87,213.0,270.69,129.0,362.05,0.43,76.0,872.77,
2011,10,3,8,26.24,39.23,497.0,627.02,159.0,372.3,0.67,62.0,872.14,
2011,10,3,9,28.13,33.58,737.0,777.14,168.0,382.55,0.91,48.0,871.51,
2011,10,3,10,30.02,27.94,919.0,853.39,171.0,392.8,1.14,34.0,870.88,
2011,10,3,11,30.37,26.8,1027.0,884.42,176.0,400.63,1.15,39.0,869.56,
2011,10,3,12,30.72,25.65,968.0,663.98,315.0,408.47,1.16,44.0,868.24,
2011,10,3,13,31.07,24.51,950.0,738.17,257.0,416.3,1.17,49.0,866.92,
2011,10,3,14,30.32,25.76,245.0,0.0,245.0,415.82,1.61,77.0,867.15,
2011,10,3,15,29.57,27.01,261.0,8.98,255.0,415.33,2.05,105.0,867.38,
2011,10,3,16,28.82,28.26,89.0,0.0,89.0,414.85,2.48,133.0,867.6,
2011,10,3,17,27.45,31.92,32.0,0.0,32.0,408.68,2.49,153.0,868.47,
2011,10,3,18,26.08,35.57,0.0,0.0,0.0,402.52,2.49,173.0,869.33,
2011,10,3,19,24.71,39.23,0.0,0.0,0.0,396.35,2.5,193.0,870.19,
2011,10,3,20,23.71,44.64,0.0,0.0,0.0,396.0,2.64,197.0,871.05,
2011,10,3,21,22.7,50.05,0.0,0.0,0.0,395.65,2.78,200.0,871.91,
2011,10,3,22,21.69,55.46,0.0,0.0,0.0,395.3,2.92,203.0,872.77,
2011,10,3,23,21.18,60.44,0.0,0.0,0.0,389.42,2.58,202.0,872.68,
2011,10,4,0,20.66,65.41,0.0,0.0,0.0,383.53,2.23,200.0,872.6,
2011,10,4,1,20.15,70.39,0.0,0.0,0.0,377.65,1.89,198.0,872.51,
2011,10,4,2,19.51,75.45,0.0,0.0,0.0,379.05,1.77,192.0,872.63,
2011,10,4,3,18.87,80.5,0.0,0.0,0.0,380.45,1.65,186.0,872.74,
2011,10,4,4,18.23,85.56,0.0,0.0,0.0,381.85,1.53,180.0,872.85,
2011,10,4,5,18.64,85.8,0.0,0.0,0.0,386.2,1.63,167.0,873.4,
2011,10,4,6,19.04,86.04,20.0,31.03,18.0,390.55,1.73,154.0,873.94,
2011,10,4,7,19.45,86.28,162.0,86.25,135.0,394.9,1.83,141.0,874.49,
2011,10,4,8,20.62,78.19,385.0,241.91,254.0,395.45,2.11,136.0,874.15,
2011,10,4,9,21.8,70.1,679.0,578.75,254.0,396.0,2.39,131.0,873.8,
2011,10,4,10,22.98,62.01,866.0,689.95,260.0,396.55,2.66,126.0,873.46,
2011,10,4,11,23.95,56.35,1001.0,805.26,225.0,398.28,1.94,122.0,872.11,
2011,10,4,12,24.93,50.69,964.0,651.05,323.0,400.02,1.22,119.0,870.76,
2011,10,4,13,25.91,45.03,979.0,815.25,213.0,401.75,0.5,116.0,869.41,
2011,10,4,14,26.32,41.36,872.0,855.97,160.0,401.28,0.51,125.0,868.87,
2011,10,4,15,26.73,37.68,153.0,0.0,153.0,400.82,0.52,135.0,868.32,
2011,10,4,16,27.15,34.01,82.0,0.0,82.0,400.35,0.54,144.0,867.78,
2011,10,4,17,25.5,40.07,34.0,0.0,34.0,393.55,1.18,146.0,868.9,
2011,10,4,18,23.86,46.13,0.0,0.0,0.0,386.75,1.82,149.0,870.01,
2011,10,4,19,22.22,52.19,0.0,0.0,0.0,379.95,2.46,151.0,871.13,
2011,10,4,20,21.34,56.64,0.0,0.0,0.0,377.02,2.14,146.0,871.74,
2011,10,4,21,20.46,61.1,0.0,0.0,0.0,374.08,1.82,140.0,872.34,
2011,10,4,22,19.57,65.55,0.0,0.0,0.0,371.15,1.5,135.0,872.94,
2011,10,4,23,19.33,67.54,0.0,0.0,0.0,367.43,1.83,122.0,872.74,
2011,10,5,0,19.09,69.54,0.0,0.0,0.0,363.72,2.16,110.0,872.54,
2011,10,5,1,18.85,71.53,0.0,0.0,0.0,360.0,2.48,97.0,872.34,
2011,10,5,2,18.18,78.01,0.0,0.0,0.0,360.23,2.11,92.0,872.68,
2011,10,5,3,17.52,84.48,0.0,0.0,0.0,360.47,1.73,87.0,873.03,
2011,10,5,4,16.85,90.96,0.0,0.0,0.0,360.7,1.35,81.0,873.37,
2011,10,5,5,17.68,88.9,0.0,0.0,0.0,360.9,1.9,82.0,873.83,
2011,10,5,6,18.5,86.83,31.0,148.53,21.0,361.1,2.46,84.0,874.29,
2011,10,5,7,19.33,84.77,254.0,465.58,107.0,361.3,3.01,85.0,874.75,
2011,10,5,8,20.24,80.41,328.0,123.17,261.0,368.78,2.94,83.0,874.52,
2011,10,5,9,21.16,76.06,698.0,630.06,234.0,376.27,2.88,81.0,874.29,
2011,10,5,10,22.08,71.7,753.0,412.47,390.0,383.75,2.81,80.0,874.06,
2011,10,5,11,21.85,75.01,953.0,673.53,303.0,387.72,2.78,88.0,873.11,
2011,10,5,12,21.63,78.31,1047.0,861.39,198.0,391.68,2.75,96.0,872.17,
2011,10,5,13,21.41,81.62,865.0,526.41,370.0,395.65,2.72,104.0,871.22,
2011,10,5,14,20.93,81.06,859.0,809.79,185.0,393.08,2.86,111.0,871.68,
2011,10,5,15,20.45,80.5,490.0,248.17,324.0,390.52,3.01,117.0,872.14,
2011,10,5,16,19.97,79.94,227.0,49.87,204.0,387.95,3.16,123.0,872.6,
2011,10,5,17,19.37,82.53,123.0,125.3,95.0,382.43,2.81,122.0,873.34,
2011,10,5,18,18.78,85.13,0.0,0.0,0.0,376.92,2.46,120.0,874.09,
2011,10,5,19,18.18,87.72,0.0,0.0,0.0,371.4,2.11,118.0,874.83,
2011,10,5,20,17.82,89.13,0.0,0.0,0.0,368.9,2.33,114.0,875.32,
2011,10,5,21,17.45,90.55,0.0,0.0,0.0,366.4,2.55,110.0,875.81,
2011,10,5,22,17.08,91.96,0.0,0.0,0.0,363.9,2.77,106.0,876.3,
2011,10,5,23,17.16,93.19,0.0,0.0,0.0,363.85,3.4,107.0,876.24,
2011,10,6,0,17.24,94.41,0.0,0.0,0.0,363.8,4.03,108.0,876.18,
2011,10,6,1,17.32,95.64,0.0,0.0,0.0,363.75,4.66,109.0,876.13,
2011,10,6,2,17.17,95.88,0.0,0.0,0.0,370.62,5.13,110.0,876.13,
2011,10,6,3,17.02,96.12,0.0,0.0,0.0,377.48,5.59,111.0,876.13,
2011,10,6,4,16.87,96.36,0.0,0.0,0.0,384.35,6.06,112.0,876.13,
2011,10,6,5,17.08,96.6,0.0,0.0,0.0,389.27,6.88,113.0,876.81,
2011,10,6,6,17.29,96.84,28.0,85.52,22.0,394.18,7.7,113.0,877.5,
2011,10,6,7,17.5,97.08,241.0,376.93,121.0,399.1,8.52,113.0,878.19,
2011,10,6,8,17.93,93.11,268.0,45.76,243.0,399.82,8.67,111.0,878.28,
2011,10,6,9,18.36,89.13,582.0,320.93,345.0,400.53,8.82,110.0,878.36,
2011,10,6,10,18.79,85.16,573.0,136.09,453.0,401.25,8.97,109.0,878.45,
2011,10,6,11,19.54,77.88,859.0,461.51,413.0,400.32,8.8,109.0,877.53,
2011,10,6,12,20.29,70.61,501.0,36.49,465.0,399.38,8.63,109.0,876.61,
2011,10,6,13,21.05,63.33,867.0,527.07,371.0,398.45,8.47,110.0,875.69,
2011,10,6,14,20.34,63.18,382.0,22.81,363.0,392.15,8.31,109.0,875.9,
2011,10,6,15,19.63,63.02,211.0,1.49,210.0,385.85,8.16,109.0,876.1,
2011,10,6,16,18.92,62.87,215.0,39.0,197.0,379.55,8.0,108.0,876.3,
2011,10,6,17,18.27,63.46,103.0,58.1,90.0,374.4,7.55,108.0,876.99,
2011,10,6,18,17.62,64.04,0.0,0.0,0.0,369.25,7.11,107.0,877.67,
2011,10,6,19,16.97,64.63,0.0,0.0,0.0,364.1,6.66,107.0,878.36,
2011,10,6,20,16.49,65.54,0.0,0.0,0.0,363.45,6.46,106.0,878.97,
2011,10,6,21,16.0,66.46,0.0,0.0,0.0,362.8,6.25,105.0,879.57,
2011,10,6,22,15.51,67.37,0.0,0.0,0.0,362.15,6.04,105.0,880.17,
2011,10,6,23,15.23,69.43,0.0,0.0,0.0,354.47,6.46,105.0,880.08,
2011,10,7,0,14.95,71.48,0.0,0.0,0.0,346.78,6.89,106.0,880.0,
2011,10,7,1,14.67,73.54,0.0,0.0,0.0,339.1,7.31,107.0,879.91,
2011,10,7,2,14.05,75.43,0.0,0.0,0.0,332.88,6.97,108.0,880.11,
2011,10,7,3,13.43,77.32,0.0,0.0,0.0,326.67,6.64,108.0,880.31,
2011,10,7,4,12.8,79.21,0.0,0.0,0.0,320.45,6.3,109.0,880.51,
2011,10,7,5,13.36,76.36,0.0,0.0,0.0,322.9,6.81,108.0,881.09,
2011,10,7,6,13.91,73.51,32.0,109.67,24.0,325.35,7.31,106.0,881.66,
2011,10,7,7,14.46,70.66,145.0,43.62,131.0,327.8,7.82,104.0,882.24,
2011,10,7,8,16.12,62.61,145.0,0.0,145.0,330.13,7.77,103.0,881.63,
2011,10,7,9,17.78,54.56,437.0,95.89,366.0,332.47,7.71,102.0,881.03,
2011,10,7,10,19.44,46.51,626.0,195.83,453.0,334.8,7.66,101.0,880.43,
2011,10,7,11,20.47,42.85,810.0,367.89,454.0,331.87,7.37,102.0,879.02,
2011,10,7,12,21.5,39.18,975.0,667.29,316.0,328.93,7.09,102.0,877.62,
2011,10,7,13,22.54,35.52,1016.0,914.28,155.0,326.0,6.8,103.0,876.21,
2011,10,7,14,21.92,35.74,875.0,858.09,160.0,325.53,6.55,104.0,875.87,
2011,10,7,15,21.3,35.97,682.0,814.0,137.0,325.07,6.29,105.0,875.52,
2011,10,7,16,20.69,36.19,430.0,658.36,126.0,324.6,6.04,106.0,875.18,
2011,10,7,17,19.21,40.02,171.0,415.08,78.0,319.28,5.08,108.0,875.81,
2011,10,7,18,17.73,43.86,0.0,0.0,0.0,313.97,4.11,110.0,876.44,
2011,10,7,19,16.25,47.69,0.0,0.0,0.0,308.65,3.14,111.0,877.07,
2011,10,7,20,15.45,50.5,0.0,0.0,0.0,305.58,3.32,112.0,877.56,
2011,10,7,21,14.65,53.32,0.0,0.0,0.0,302.52,3.49,112.0,878.05,
2011,10,7,22,13.84,56.13,0.0,0.0,0.0,299.45,3.67,112.0,878.53,
2011,10,7,23,13.57,59.24,0.0,0.0,0.0,297.73,3.78,111.0,878.48,
2011,10,8,0,13.29,62.36,0.0,0.0,0.0,296.02,3.9,110.0,878.42,
2011,10,8,1,13.02,65.47,0.0,0.0,0.0,294.3,4.01,109.0,878.36,
2011,10,8,2,12.66,66.26,0.0,0.0,0.0,292.65,3.82,108.0,878.51,
2011,10,8,3,12.31,67.06,0.0,0.0,0.0,291.0,3.63,107.0,878.65,
2011,10,8,4,11.95,67.85,0.0,0.0,0.0,289.35,3.43,106.0,878.79,
2011,10,8,5,13.25,64.38,0.0,0.0,0.0,290.7,4.44,104.0,879.22,
2011,10,8,6,14.54,60.91,34.0,132.12,24.0,292.05,5.45,102.0,879.65,
2011,10,8,7,15.84,57.44,272.0,531.74,100.0,293.4,6.46,100.0,880.08,
2011,10,8,8,17.78,51.93,529.0,711.61,137.0,301.27,6.23,99.0,879.51,
2011,10,8,9,19.72,46.41,760.0,814.94,155.0,309.13,6.0,98.0,878.94,
2011,10,8,10,21.66,40.9,932.0,858.78,172.0,317.0,5.78,96.0,878.36,
2011,10,8,11,22.59,38.25,1044.0,906.17,166.0,323.18,5.71,99.0,876.99,
2011,10,8,12,23.52,35.59,1064.0,897.33,177.0,329.37,5.65,101.0,875.61,
2011,10,8,13,24.46,32.94,1028.0,949.74,133.0,335.55,5.59,103.0,874.23,
2011,10,8,14,23.81,33.12,885.0,890.03,143.0,334.62,5.57,104.0,873.86,
2011,10,8,15,23.17,33.31,683.0,813.62,138.0,333.68,5.55,104.0,873.49,
2011,10,8,16,22.53,33.49,430.0,660.14,125.0,332.75,5.53,105.0,873.11,
2011,10,8,17,20.96,36.59,168.0,392.19,80.0,326.72,4.68,107.0,873.8,
2011,10,8,18,19.4,39.69,0.0,0.0,0.0,320.68,3.82,110.0,874.49,
2011,10,8,19,17.84,42.79,0.0,0.0,0.0,314.65,2.97,112.0,875.18,
2011,10,8,20,17.04,44.04,0.0,0.0,0.0,311.25,2.91,112.0,875.84,
2011,10,8,21,16.24,45.28,0.0,0.0,0.0,307.85,2.86,111.0,876.5,
2011,10,8,22,15.44,46.53,0.0,0.0,0.0,304.45,2.81,110.0,877.16,
2011,10,8,23,15.18,48.25,0.0,0.0,0.0,303.13,3.15,110.0,877.19,
2011,10,9,0,14.93,49.98,0.0,0.0,0.0,301.82,3.49,110.0,877.22,
2011,10,9,1,14.67,51.7,0.0,0.0,0.0,300.5,3.82,110.0,877.24,
2011,10,9,2,14.21,54.15,0.0,0.0,0.0,299.13,3.67,109.0,877.47,
2011,10,9,3,13.76,56.6,0.0,0.0,0.0,297.77,3.53,108.0,877.7,
2011,10,9,4,13.3,59.05,0.0,0.0,0.0,296.4,3.38,107.0,877.93,
2011,10,9,5,14.74,57.4,0.0,0.0,0.0,298.35,4.51,105.0,878.36,
2011,10,9,6,16.17,55.76,37.0,140.33,26.0,300.3,5.63,102.0,878.79,
2011,10,9,7,17.61,54.11,272.0,515.44,104.0,302.25,6.76,100.0,879.22,
2011,10,9,8,19.67,48.99,532.0,714.23,137.0,311.57,6.54,97.0,878.59,
2011,10,9,9,21.74,43.86,759.0,800.82,163.0,320.88,6.32,95.0,877.96,
2011,10,9,10,23.81,38.74,935.0,860.7,172.0,330.2,6.1,93.0,877.33,
2011,10,9,11,24.57,36.14,1041.0,890.64,177.0,338.75,5.5,92.0,875.92,
2011,10,9,12,25.34,33.53,1019.0,770.2,257.0,347.3,4.9,91.0,874.52,
2011,10,9,13,26.11,30.93,449.0,25.45,425.0,355.85,4.3,90.0,873.11,
2011,10,9,14,25.46,31.68,777.0,563.49,307.0,359.15,4.38,94.0,872.85,
2011,10,9,15,24.81,32.42,628.0,610.31,219.0,362.45,4.45,99.0,872.6,
2011,10,9,16,24.16,33.17,433.0,672.71,122.0,365.75,4.52,103.0,872.34,
2011,10,9,17,22.71,36.93,179.0,476.13,72.0,357.52,4.06,108.0,872.94,
2011,10,9,18,21.26,40.7,0.0,0.0,0.0,349.28,3.6,112.0,873.54,
2011,10,9,19,19.81,44.46,0.0,0.0,0.0,341.05,3.14,117.0,874.15,
2011,10,9,20,19.11,46.42,0.0,0.0,0.0,338.5,3.21,117.0,874.75,
2011,10,9,21,18.41,48.37,0.0,0.0,0.0,335.95,3.28,117.0,875.35,
2011,10,9,22,17.7,50.33,0.0,0.0,0.0,333.4,3.35,117.0,875.95,
2011,10,9,23,17.45,52.23,0.0,0.0,0.0,331.15,3.49,116.0,875.9,
2011,10,10,0,17.19,54.12,0.0,0.0,0.0,328.9,3.64,115.0,875.84,
2011,10,10,1,16.94,56.02,0.0,0.0,0.0,326.65,3.78,113.0,875.78,
2011,10,10,2,16.63,57.3,0.0,0.0,0.0,325.22,3.69,111.0,876.01,
2011,10,10,3,16.32,58.57,0.0,0.0,0.0,323.78,3.6,108.0,876.24,
2011,10,10,4,16.0,59.85,0.0,0.0,0.0,322.35,3.52,106.0,876.47,
2011,10,10,5,17.27,57.42,0.0,0.0,0.0,324.87,4.51,103.0,876.96,
2011,10,10,6,18.53,55.0,13.0,0.0,13.0,327.38,5.5,100.0,877.44,
2011,10,10,7,19.79,52.57,124.0,15.23,119.0,329.9,6.5,96.0,877.93,
2011,10,10,8,21.75,47.75,387.0,219.75,265.0,339.8,6.23,93.0,877.24,
2011,10,10,9,23.71,42.92,789.0,906.13,113.0,349.7,5.96,89.0,876.56,
2011,10,10,10,25.67,38.1,942.0,877.32,163.0,359.6,5.7,86.0,875.87,
2011,10,10,11,25.93,36.46,1032.0,858.73,198.0,370.88,5.12,88.0,874.6,
2011,10,10,12,26.19,34.82,992.0,696.85,302.0,382.17,4.55,90.0,873.34,
2011,10,10,13,26.45,33.18,1020.0,916.76,155.0,393.45,3.97,93.0,872.08,
2011,10,10,14,25.84,34.03,802.0,627.93,278.0,394.78,3.98,100.0,871.88,
2011,10,10,15,25.23,34.88,559.0,401.22,290.0,396.12,3.98,108.0,871.68,
2011,10,10,16,24.62,35.73,357.0,337.23,201.0,397.45,3.99,115.0,871.48,
2011,10,10,17,23.59,38.18,97.0,39.98,88.0,390.88,3.66,117.0,871.97,
2011,10,10,18,22.57,40.64,0.0,0.0,0.0,384.32,3.32,119.0,872.45,
2011,10,10,19,21.54,43.09,0.0,0.0,0.0,377.75,2.99,121.0,872.94,
2011,10,10,20,20.92,44.66,0.0,0.0,0.0,372.25,3.19,119.0,873.34,
2011,10,10,21,20.3,46.23,0.0,0.0,0.0,366.75,3.39,117.0,873.74,
2011,10,10,22,19.68,47.8,0.0,0.0,0.0,361.25,3.59,114.0,874.15,
2011,10,10,23,19.49,49.81,0.0,0.0,0.0,358.97,3.74,111.0,874.0,
2011,10,11,0,19.3,51.83,0.0,0.0,0.0,356.68,3.9,108.0,873.86,
2011,10,11,1,19.11,53.84,0.0,0.0,0.0,354.4,4.06,105.0,873.72,
2011,10,11,2,18.62,56.12,0.0,0.0,0.0,352.25,3.64,103.0,874.06,
2011,10,11,3,18.14,58.41,0.0,0.0,0.0,350.1,3.22,100.0,874.4,
2011,10,11,4,17.65,60.69,0.0,0.0,0.0,347.95,2.8,98.0,874.75,
2011,10,11,5,18.33,60.36,0.0,0.0,0.0,347.25,3.34,97.0,875.38,
2011,10,11,6,19.0,60.04,8.0,0.0,8.0,346.55,3.88,96.0,876.01,
2011,10,11,7,19.68,59.71,86.0,0.0,86.0,345.85,4.41,95.0,876.64,
2011,10,11,8,20.64,58.32,218.0,10.77,212.0,350.17,4.35,92.0,876.21,
2011,10,11,9,21.61,56.92,418.0,72.22,364.0,354.48,4.29,89.0,875.78,
2011,10,11,10,22.58,55.53,556.0,112.45,456.0,358.8,4.23,86.0,875.35,
2011,10,11,11,22.32,58.89,493.0,36.0,458.0,364.77,3.6,90.0,874.4,
2011,10,11,12,22.07,62.26,650.0,132.2,519.0,370.73,2.96,93.0,873.46,
2011,10,11,13,21.82,65.62,807.0,395.09,434.0,376.7,2.32,96.0,872.51,
2011,10,11,14,20.55,74.44,78.0,0.0,78.0,376.0,2.57,104.0,872.51,
2011,10,11,15,19.29,83.25,81.0,0.0,81.0,375.3,2.81,111.0,872.51,
2011,10,11,16,18.03,92.07,71.0,0.0,71.0,374.6,3.06,118.0,872.51,
2011,10,11,17,17.34,93.63,42.0,0.0,42.0,369.53,2.83,113.0,873.17,
2011,10,11,18,16.66,95.19,0.0,0.0,0.0,364.47,2.6,109.0,873.83,
2011,10,11,19,15.97,96.75,0.0,0.0,0.0,359.4,2.37,105.0,874.49,
2011,10,11,20,15.67,96.88,0.0,0.0,0.0,355.0,2.32,100.0,874.58,
2011,10,11,21,15.37,97.02,0.0,0.0,0.0,350.6,2.26,96.0,874.66,
2011,10,11,22,15.07,97.15,0.0,0.0,0.0,346.2,2.21,92.0,874.75,
2011,10,11,23,15.09,97.38,0.0,0.0,0.0,343.43,2.2,94.0,874.4,
2011,10,12,0,15.1,97.61,0.0,0.0,0.0,340.67,2.2,96.0,874.06,
2011,10,12,1,15.12,97.84,0.0,0.0,0.0,337.9,2.19,98.0,873.72,
2011,10,12,2,14.87,97.68,0.0,0.0,0.0,336.48,2.13,96.0,873.63,
2011,10,12,3,14.62,97.51,0.0,0.0,0.0,335.07,2.07,93.0,873.54,
2011,10,12,4,14.37,97.35,0.0,0.0,0.0,333.65,2.01,91.0,873.46,
2011,10,12,5,15.71,92.74,0.0,0.0,0.0,337.0,2.49,88.0,874.03,
2011,10,12,6,17.04,88.14,40.0,127.65,29.0,340.35,2.97,85.0,874.6,
2011,10,12,7,18.37,83.53,278.0,513.53,107.0,343.7,3.45,82.0,875.18,
2011,10,12,8,19.41,79.03,517.0,616.94,172.0,356.7,3.4,77.0,874.81,
2011,10,12,9,20.45,74.54,754.0,760.59,184.0,369.7,3.36,72.0,874.43,
2011,10,12,10,21.49,70.04,927.0,816.26,200.0,382.7,3.31,68.0,874.06,
2011,10,12,11,21.1,74.34,841.0,409.96,442.0,381.78,2.83,75.0,873.08,
2011,10,12,12,20.72,78.65,657.0,138.15,520.0,380.87,2.34,83.0,872.11,
2011,10,12,13,20.34,82.95,320.0,1.06,319.0,379.95,1.86,91.0,871.13,
2011,10,12,14,20.27,71.17,96.0,0.0,96.0,375.53,2.39,100.0,871.33,
2011,10,12,15,20.2,59.4,678.0,786.84,150.0,371.12,2.91,109.0,871.54,
2011,10,12,16,20.13,47.62,430.0,649.81,129.0,366.7,3.43,119.0,871.74,
2011,10,12,17,18.87,52.59,175.0,433.78,77.0,356.02,3.18,114.0,872.25,
2011,10,12,18,17.62,57.57,0.0,0.0,0.0,345.33,2.93,109.0,872.77,
2011,10,12,19,16.37,62.54,0.0,0.0,0.0,334.65,2.68,104.0,873.29,
2011,10,12,20,15.67,67.04,0.0,0.0,0.0,331.57,2.69,101.0,873.72,
2011,10,12,21,14.97,71.55,0.0,0.0,0.0,328.48,2.71,98.0,874.15,
2011,10,12,22,14.26,76.05,0.0,0.0,0.0,325.4,2.73,95.0,874.58,
2011,10,12,23,14.14,79.76,0.0,0.0,0.0,324.12,2.77,94.0,874.23,
2011,10,13,0,14.02,83.47,0.0,0.0,0.0,322.83,2.8,94.0,873.89,
2011,10,13,1,13.9,87.18,0.0,0.0,0.0,321.55,2.84,93.0,873.54,
2011,10,13,2,13.99,88.2,0.0,0.0,0.0,322.37,2.59,92.0,873.2,
2011,10,13,3,14.08,89.22,0.0,0.0,0.0,323.18,2.34,90.0,872.85,
2011,10,13,4,14.16,90.24,0.0,0.0,0.0,324.0,2.08,89.0,872.51,
2011,10,13,5,16.04,85.17,0.0,0.0,0.0,327.48,2.58,90.0,873.03,
2011,10,13,6,17.92,80.09,24.0,11.28,23.0,330.97,3.09,91.0,873.54,
2011,10,13,7,19.8,75.02,287.0,554.86,101.0,334.45,3.59,92.0,874.06,
2011,10,13,8,20.71,72.06,543.0,719.97,139.0,346.53,3.8,91.0,873.63,
2011,10,13,9,21.62,69.1,777.0,837.54,148.0,358.62,4.01,91.0,873.2,
2011,10,13,10,22.53,66.14,949.0,881.26,163.0,370.7,4.22,91.0,872.77,
2011,10,13,11,22.37,67.21,1015.0,798.58,237.0,370.93,3.93,95.0,871.82,
2011,10,13,12,22.21,68.29,698.0,179.37,520.0,371.17,3.64,99.0,870.88,
2011,10,13,13,22.05,69.36,858.0,494.15,391.0,371.4,3.35,103.0,869.93,
2011,10,13,14,22.13,63.66,267.0,0.0,267.0,369.55,3.4,99.0,869.96,
2011,10,13,15,22.21,57.97,60.0,0.0,60.0,367.7,3.44,96.0,869.99,
2011,10,13,16,22.29,52.27,79.0,0.0,79.0,365.85,3.49,93.0,870.01,
2011,10,13,17,20.83,57.72,32.0,0.0,32.0,359.5,3.12,91.0,870.67,
2011,10,13,18,19.38,63.17,0.0,0.0,0.0,353.15,2.75,90.0,871.33,
2011,10,13,19,17.93,68.62,0.0,0.0,0.0,346.8,2.39,88.0,871.99,
2011,10,13,20,17.1,72.22,0.0,0.0,0.0,341.8,2.36,87.0,872.65,
2011,10,13,21,16.27,75.82,0.0,0.0,0.0,336.8,2.34,87.0,873.31,
2011,10,13,22,15.44,79.42,0.0,0.0,0.0,331.8,2.32,86.0,873.97,
2011,10,13,23,15.17,82.06,0.0,0.0,0.0,329.93,2.23,84.0,873.72,
2011,10,14,0,14.91,84.69,0.0,0.0,0.0,328.07,2.13,83.0,873.46,
2011,10,14,1,14.64,87.33,0.0,0.0,0.0,326.2,2.04,81.0,873.2,
2011,10,14,2,14.56,87.66,0.0,0.0,0.0,325.27,2.14,76.0,873.11,
2011,10,14,3,14.48,88.0,0.0,0.0,0.0,324.33,2.23,71.0,873.03,
2011,10,14,4,14.4,88.33,0.0,0.0,0.0,323.4,2.33,66.0,872.94,
2011,10,14,5,16.54,81.35,0.0,0.0,0.0,325.48,2.76,71.0,873.4,
2011,10,14,6,18.68,74.38,49.0,197.59,31.0,327.57,3.2,76.0,873.86,
2011,10,14,7,20.82,67.4,291.0,569.08,99.0,329.65,3.63,80.0,874.32,
2011,10,14,8,22.63,59.15,549.0,735.36,135.0,339.52,3.53,81.0,873.72,
2011,10,14,9,24.44,50.89,776.0,822.55,157.0,349.38,3.43,81.0,873.11,
2011,10,14,10,26.25,42.64,957.0,897.99,155.0,359.25,3.32,82.0,872.51,
2011,10,14,11,26.57,40.81,1011.0,783.49,247.0,365.85,3.06,87.0,871.33,
2011,10,14,12,26.9,38.97,968.0,629.41,343.0,372.45,2.8,93.0,870.16,
2011,10,14,13,27.23,37.14,776.0,338.44,456.0,379.05,2.54,98.0,868.98,
2011,10,14,14,26.61,37.36,729.0,439.05,362.0,376.68,2.95,100.0,868.84,
2011,10,14,15,25.99,37.58,385.0,84.87,328.0,374.32,3.37,102.0,868.69,
2011,10,14,16,25.38,37.8,262.0,94.85,218.0,371.95,3.78,104.0,868.55,
2011,10,14,17,23.77,43.67,181.0,476.09,73.0,364.98,3.6,101.0,869.5,
2011,10,14,18,22.17,49.55,0.0,0.0,0.0,358.02,3.41,98.0,870.44,
2011,10,14,19,20.56,55.42,0.0,0.0,0.0,351.05,3.23,96.0,871.39,
2011,10,14,20,19.74,59.44,0.0,0.0,0.0,348.18,3.04,92.0,872.02,
2011,10,14,21,18.91,63.47,0.0,0.0,0.0,345.32,2.86,89.0,872.65,
2011,10,14,22,18.08,67.49,0.0,0.0,0.0,342.45,2.68,86.0,873.29,
2011,10,14,23,17.67,70.83,0.0,0.0,0.0,339.93,2.62,85.0,873.11,
2011,10,15,0,17.25,74.17,0.0,0.0,0.0,337.42,2.56,83.0,872.94,
2011,10,15,1,16.84,77.51,0.0,0.0,0.0,334.9,2.5,82.0,872.77,
2011,10,15,2,16.59,79.47,0.0,0.0,0.0,334.68,2.46,74.0,872.8,
2011,10,15,3,16.34,81.42,0.0,0.0,0.0,334.47,2.43,67.0,872.83,
2011,10,15,4,16.08,83.38,0.0,0.0,0.0,334.25,2.4,60.0,872.85,
2011,10,15,5,17.9,76.99,0.0,0.0,0.0,334.88,2.76,59.0,873.46,
2011,10,15,6,19.71,70.61,49.0,171.17,33.0,335.52,3.13,59.0,874.06,
2011,10,15,7,21.53,64.22,289.0,541.99,105.0,336.15,3.49,58.0,874.66,
2011,10,15,8,23.33,56.7,545.0,710.01,144.0,346.37,3.2,59.0,873.97,
2011,10,15,9,25.13,49.18,774.0,809.02,164.0,356.58,2.92,61.0,873.29,
2011,10,15,10,26.94,41.66,954.0,883.43,164.0,366.8,2.63,62.0,872.6,
2011,10,15,11,27.58,38.52,1030.0,830.97,219.0,375.03,2.36,72.0,871.31,
2011,10,15,12,28.22,35.37,999.0,700.49,303.0,383.27,2.08,83.0,870.01,
2011,10,15,13,28.86,32.23,705.0,230.46,487.0,391.5,1.81,93.0,868.72,
2011,10,15,14,28.33,32.95,754.0,495.1,340.0,388.22,1.83,94.0,868.52,
2011,10,15,15,27.81,33.68,647.0,663.78,201.0,384.93,1.86,95.0,868.32,
2011,10,15,16,27.29,34.4,418.0,581.59,148.0,381.65,1.89,96.0,868.12,
2011,10,15,17,25.55,39.51,177.0,444.24,76.0,375.45,2.15,92.0,868.87,
2011,10,15,18,23.82,44.61,0.0,0.0,0.0,369.25,2.41,87.0,869.61,
2011,10,15,19,22.08,49.72,0.0,0.0,0.0,363.05,2.68,83.0,870.36,
2011,10,15,20,21.08,53.94,0.0,0.0,0.0,359.57,2.66,82.0,870.93,
2011,10,15,21,20.07,58.16,0.0,0.0,0.0,356.08,2.65,82.0,871.51,
2011,10,15,22,19.06,62.38,0.0,0.0,0.0,352.6,2.63,81.0,872.08,
2011,10,15,23,18.57,66.27,0.0,0.0,0.0,349.32,2.64,79.0,871.85,
2011,10,16,0,18.09,70.16,0.0,0.0,0.0,346.03,2.65,77.0,871.62,
2011,10,16,1,17.6,74.05,0.0,0.0,0.0,342.75,2.66,74.0,871.39,
2011,10,16,2,17.29,75.5,0.0,0.0,0.0,339.82,2.74,65.0,871.42,
2011,10,16,3,16.98,76.96,0.0,0.0,0.0,336.88,2.81,56.0,871.45,
2011,10,16,4,16.67,78.41,0.0,0.0,0.0,333.95,2.88,47.0,871.48,
2011,10,16,5,18.87,71.79,0.0,0.0,0.0,336.4,3.16,44.0,871.99,
2011,10,16,6,21.06,65.18,53.0,208.78,33.0,338.85,3.43,42.0,872.51,
2011,10,16,7,23.25,58.56,291.0,541.69,106.0,341.3,3.71,39.0,873.03,
2011,10,16,8,25.28,49.76,554.0,739.63,135.0,352.22,3.8,50.0,872.48,
2011,10,16,9,27.31,40.95,780.0,826.07,156.0,363.13,3.89,62.0,871.94,
2011,10,16,10,29.34,32.15,950.0,867.85,173.0,374.05,3.97,73.0,871.39,
2011,10,16,11,29.95,29.71,1060.0,914.26,167.0,379.63,4.22,82.0,870.1,
2011,10,16,12,30.57,27.28,995.0,687.03,312.0,385.22,4.46,91.0,868.81,
2011,10,16,13,31.19,24.84,933.0,660.47,308.0,390.8,4.7,100.0,867.52,
2011,10,16,14,30.64,24.57,268.0,0.0,268.0,387.58,4.45,102.0,867.17,
2011,10,16,15,30.09,24.3,156.0,0.0,156.0,384.37,4.19,104.0,866.83,
2011,10,16,16,29.55,24.03,402.0,505.8,167.0,381.15,3.93,106.0,866.49,
2011,10,16,17,28.01,27.84,173.0,403.71,81.0,381.72,3.69,100.0,867.2,
2011,10,16,18,26.48,31.65,0.0,0.0,0.0,382.28,3.45,94.0,867.92,
2011,10,16,19,24.95,35.46,0.0,0.0,0.0,382.85,3.21,88.0,868.64,
2011,10,16,20,23.58,40.48,0.0,0.0,0.0,374.48,3.14,82.0,869.18,
2011,10,16,21,22.21,45.5,0.0,0.0,0.0,366.12,3.06,77.0,869.73,
2011,10,16,22,20.84,50.52,0.0,0.0,0.0,357.75,2.98,71.0,870.27,
2011,10,16,23,20.33,54.43,0.0,0.0,0.0,355.72,2.84,66.0,870.13,
2011,10,17,0,19.82,58.35,0.0,0.0,0.0,353.68,2.7,60.0,869.99,
2011,10,17,1,19.31,62.26,0.0,0.0,0.0,351.65,2.57,54.0,869.84,
2011,10,17,2,19.06,63.41,0.0,0.0,0.0,352.4,2.74,60.0,869.84,
2011,10,17,3,18.81,64.56,0.0,0.0,0.0,353.15,2.92,66.0,869.84,
2011,10,17,4,18.55,65.71,0.0,0.0,0.0,353.9,3.1,72.0,869.84,
2011,10,17,5,20.51,60.25,0.0,0.0,0.0,355.28,3.64,69.0,870.22,
2011,10,17,6,22.47,54.78,47.0,132.59,34.0,356.67,4.17,66.0,870.59,
2011,10,17,7,24.43,49.32,281.0,468.72,120.0,358.05,4.7,63.0,870.96,
2011,10,17,8,26.39,42.84,544.0,688.2,153.0,367.3,4.63,63.0,870.36,
2011,10,17,9,28.36,36.37,774.0,796.87,171.0,376.55,4.55,62.0,869.76,
2011,10,17,10,30.33,29.89,947.0,852.37,183.0,385.8,4.47,62.0,869.15,
2011,10,17,11,30.4,28.65,1056.0,898.22,178.0,393.63,4.31,73.0,868.15,
2011,10,17,12,30.48,27.42,1078.0,904.84,178.0,401.47,4.16,83.0,867.15,
2011,10,17,13,30.56,26.18,796.0,367.61,448.0,409.3,4.0,94.0,866.14,
2011,10,17,14,30.28,25.99,726.0,430.22,366.0,405.8,3.76,97.0,865.68,
2011,10,17,15,30.0,25.8,346.0,49.07,313.0,402.3,3.52,99.0,865.22,
2011,10,17,16,29.72,25.61,102.0,0.0,102.0,398.8,3.28,102.0,864.76,
2011,10,17,17,28.02,28.92,150.0,240.75,95.0,390.45,3.42,100.0,865.6,
2011,10,17,18,26.33,32.24,0.0,0.0,0.0,382.1,3.55,98.0,866.43,
2011,10,17,19,24.64,35.55,0.0,0.0,0.0,373.75,3.68,96.0,867.26,
2011,10,17,20,23.84,38.07,0.0,0.0,0.0,370.5,3.41,96.0,868.01,
2011,10,17,21,23.04,40.58,0.0,0.0,0.0,367.25,3.13,97.0,868.75,
2011,10,17,22,22.24,43.1,0.0,0.0,0.0,364.0,2.86,98.0,869.5,
2011,10,17,23,21.99,45.72,0.0,0.0,0.0,361.03,2.86,99.0,869.61,
2011,10,18,0,21.75,48.33,0.0,0.0,0.0,358.07,2.87,100.0,869.73,
2011,10,18,1,21.5,50.95,0.0,0.0,0.0,355.1,2.88,100.0,869.84,
2011,10,18,2,21.03,51.6,0.0,0.0,0.0,353.65,2.86,98.0,869.93,
2011,10,18,3,20.56,52.24,0.0,0.0,0.0,352.2,2.84,96.0,870.01,
2011,10,18,4,20.09,52.89,0.0,0.0,0.0,350.75,2.81,93.0,870.1,
2011,10,18,5,21.65,49.52,0.0,0.0,0.0,351.17,3.54,87.0,870.62,
2011,10,18,6,23.2,46.16,38.0,49.88,33.0,351.58,4.26,80.0,871.13,
2011,10,18,7,24.76,42.79,249.0,298.21,146.0,352.0,4.98,74.0,871.65,
2011,10,18,8,26.79,37.75,528.0,614.33,178.0,361.4,4.88,70.0,870.99,
2011,10,18,9,28.83,32.71,733.0,657.02,235.0,370.8,4.78,65.0,870.33,
2011,10,18,10,30.87,27.67,939.0,822.49,201.0,380.2,4.68,61.0,869.67,
2011,10,18,11,31.41,25.78,1051.0,882.27,188.0,389.68,4.28,68.0,868.35,
2011,10,18,12,31.96,23.9,1068.0,872.26,200.0,399.17,3.89,76.0,867.03,
2011,10,18,13,32.51,22.01,1030.0,922.93,156.0,408.65,3.49,83.0,865.71,
2011,10,18,14,31.95,21.92,838.0,714.41,240.0,405.23,3.09,86.0,865.34,
2011,10,18,15,31.39,21.84,676.0,762.49,163.0,401.82,2.7,90.0,864.97,
2011,10,18,16,30.84,21.75,358.0,330.89,204.0,398.4,2.3,94.0,864.59,
2011,10,18,17,28.94,24.89,164.0,327.44,89.0,388.98,2.77,94.0,865.42,
2011,10,18,18,27.05,28.04,0.0,0.0,0.0,379.57,3.24,95.0,866.26,
2011,10,18,19,25.16,31.18,0.0,0.0,0.0,370.15,3.71,96.0,867.09,
2011,10,18,20,24.31,33.32,0.0,0.0,0.0,366.8,3.49,94.0,867.72,
2011,10,18,21,23.45,35.46,0.0,0.0,0.0,363.45,3.26,93.0,868.35,
2011,10,18,22,22.59,37.6,0.0,0.0,0.0,360.1,3.03,92.0,868.98,
2011,10,18,23,22.28,39.74,0.0,0.0,0.0,356.48,2.85,92.0,868.98,
2011,10,19,0,21.96,41.88,0.0,0.0,0.0,352.87,2.66,91.0,868.98,
2011,10,19,1,21.65,44.02,0.0,0.0,0.0,349.25,2.47,91.0,868.98,
2011,10,19,2,20.91,45.61,0.0,0.0,0.0,344.4,2.62,87.0,869.18,
2011,10,19,3,20.17,47.2,0.0,0.0,0.0,339.55,2.77,83.0,869.38,
2011,10,19,4,19.42,48.79,0.0,0.0,0.0,334.7,2.92,79.0,869.58,
2011,10,19,5,21.36,44.59,0.0,0.0,0.0,335.7,3.49,74.0,869.93,
2011,10,19,6,23.29,40.39,40.0,58.61,34.0,336.7,4.06,68.0,870.27,
2011,10,19,7,25.22,36.19,258.0,328.32,144.0,337.7,4.63,62.0,870.62,
2011,10,19,8,27.44,31.48,506.0,521.68,208.0,347.92,4.41,59.0,869.9,
2011,10,19,9,29.67,26.77,748.0,698.15,218.0,358.13,4.18,55.0,869.18,
2011,10,19,10,31.9,22.06,935.0,807.21,210.0,368.35,3.96,52.0,868.47,
2011,10,19,11,32.59,20.14,1047.0,866.38,199.0,374.73,3.81,60.0,867.17,
2011,10,19,12,33.28,18.22,1075.0,888.96,190.0,381.12,3.66,68.0,865.88,
2011,10,19,13,33.97,16.3,1042.0,957.47,135.0,387.5,3.5,76.0,864.59,
2011,10,19,14,33.16,16.47,901.0,914.84,135.0,382.4,3.32,82.0,864.51,
2011,10,19,15,32.35,16.64,691.0,821.58,138.0,377.3,3.14,88.0,864.42,
2011,10,19,16,31.54,16.81,433.0,641.85,134.0,372.2,2.95,94.0,864.33,
2011,10,19,17,29.44,19.86,169.0,361.38,86.0,365.08,3.15,98.0,865.25,
2011,10,19,18,27.35,22.9,0.0,0.0,0.0,357.97,3.36,102.0,866.17,
2011,10,19,19,25.26,25.95,0.0,0.0,0.0,350.85,3.56,106.0,867.09,
2011,10,19,20,24.28,28.37,0.0,0.0,0.0,347.72,3.39,103.0,867.55,
2011,10,19,21,23.29,30.78,0.0,0.0,0.0,344.58,3.22,101.0,868.01,
2011,10,19,22,22.3,33.2,0.0,0.0,0.0,341.45,3.05,98.0,868.47,
2011,10,19,23,22.02,34.75,0.0,0.0,0.0,338.68,2.89,95.0,868.12,
2011,10,20,0,21.74,36.3,0.0,0.0,0.0,335.92,2.73,91.0,867.78,
2011,10,20,1,21.46,37.85,0.0,0.0,0.0,333.15,2.57,87.0,867.43,
2011,10,20,2,20.73,39.16,0.0,0.0,0.0,332.28,2.71,79.0,867.92,
2011,10,20,3,20.01,40.46,0.0,0.0,0.0,331.42,2.86,70.0,868.41,
2011,10,20,4,19.28,41.77,0.0,0.0,0.0,330.55,3.01,61.0,868.9,
2011,10,20,5,21.25,39.28,0.0,0.0,0.0,332.83,3.41,53.0,869.41,
2011,10,20,6,23.22,36.78,53.0,153.19,37.0,335.12,3.81,45.0,869.93,
2011,10,20,7,25.19,34.29,248.0,280.81,150.0,337.4,4.21,37.0,870.44,
2011,10,20,8,27.31,30.68,496.0,480.2,221.0,348.7,3.61,43.0,869.84,
2011,10,20,9,29.43,27.08,716.0,593.21,265.0,360.0,3.01,49.0,869.24,
2011,10,20,10,31.56,23.47,932.0,793.12,219.0,371.3,2.41,56.0,868.64,
2011,10,20,11,32.22,21.45,1025.0,803.58,238.0,378.0,2.64,70.0,867.58,
2011,10,20,12,32.88,19.43,970.0,619.52,353.0,384.7,2.87,84.0,866.51,
2011,10,20,13,33.55,17.41,971.0,749.29,261.0,391.4,3.1,98.0,865.45,
2011,10,20,14,33.0,17.54,709.0,390.42,382.0,389.57,3.31,108.0,865.02,
2011,10,20,15,32.46,17.67,599.0,497.47,264.0,387.73,3.53,118.0,864.59,
2011,10,20,16,31.92,17.8,364.0,347.42,202.0,385.9,3.74,128.0,864.16,
2011,10,20,17,30.07,20.21,172.0,377.72,85.0,384.47,3.48,128.0,864.97,
2011,10,20,18,28.23,22.62,0.0,0.0,0.0,383.03,3.22,128.0,865.77,
2011,10,20,19,26.39,25.03,0.0,0.0,0.0,381.6,2.97,128.0,866.57,
2011,10,20,20,25.69,26.47,0.0,0.0,0.0,380.2,3.01,125.0,867.23,
2011,10,20,21,24.98,27.91,0.0,0.0,0.0,378.8,3.06,122.0,867.89,
2011,10,20,22,24.27,29.35,0.0,0.0,0.0,377.4,3.1,120.0,868.55,
2011,10,20,23,24.04,30.81,0.0,0.0,0.0,374.4,2.91,118.0,868.41,
2011,10,21,0,23.81,32.26,0.0,0.0,0.0,371.4,2.73,117.0,868.26,
2011,10,21,1,23.58,33.72,0.0,0.0,0.0,368.4,2.54,115.0,868.12,
2011,10,21,2,23.08,34.73,0.0,0.0,0.0,361.22,2.77,116.0,868.15,
2011,10,21,3,22.58,35.73,0.0,0.0,0.0,354.03,3.0,116.0,868.18,
2011,10,21,4,22.07,36.74,0.0,0.0,0.0,346.85,3.23,117.0,868.21,
2011,10,21,5,23.78,34.93,0.0,0.0,0.0,349.35,4.08,112.0,868.69,
2011,10,21,6,25.49,33.13,38.0,37.58,34.0,351.85,4.93,107.0,869.18,
2011,10,21,7,27.2,31.32,213.0,153.99,159.0,354.35,5.78,103.0,869.67,
2011,10,21,8,28.78,28.6,501.0,491.26,219.0,362.98,6.16,97.0,869.21,
2011,10,21,9,30.36,25.89,696.0,533.29,290.0,371.62,6.54,92.0,868.75,
2011,10,21,10,31.94,23.17,891.0,676.86,282.0,380.25,6.92,86.0,868.29,
2011,10,21,11,32.35,22.1,911.0,526.59,395.0,388.37,6.73,89.0,867.23,
2011,10,21,12,32.76,21.03,870.0,416.55,455.0,396.48,6.54,92.0,866.17,
2011,10,21,13,33.18,19.96,1011.0,858.81,197.0,404.6,6.34,94.0,865.11,
2011,10,21,14,32.05,21.86,840.0,714.97,241.0,406.85,6.36,101.0,865.05,
2011,10,21,15,30.93,23.76,566.0,403.73,294.0,409.1,6.37,107.0,864.99,
2011,10,21,16,29.81,25.66,406.0,507.76,169.0,411.35,6.39,113.0,864.94,
2011,10,21,17,28.58,28.06,164.0,315.99,91.0,403.62,5.49,115.0,865.85,
2011,10,21,18,27.36,30.45,0.0,0.0,0.0,395.88,4.59,116.0,866.77,
2011,10,21,19,26.13,32.85,0.0,0.0,0.0,388.15,3.7,118.0,867.69,
2011,10,21,20,25.41,34.57,0.0,0.0,0.0,383.6,3.63,116.0,868.24,
2011,10,21,21,24.68,36.3,0.0,0.0,0.0,379.05,3.56,114.0,868.78,
2011,10,21,22,23.95,38.02,0.0,0.0,0.0,374.5,3.49,112.0,869.33,
2011,10,21,23,23.45,41.27,0.0,0.0,0.0,369.95,3.9,112.0,869.47,
2011,10,22,0,22.96,44.53,0.0,0.0,0.0,365.4,4.31,112.0,869.61,
2011,10,22,1,22.46,47.78,0.0,0.0,0.0,360.85,4.72,111.0,869.76,
2011,10,22,2,21.79,50.36,0.0,0.0,0.0,356.33,4.46,110.0,869.96,
2011,10,22,3,21.12,52.94,0.0,0.0,0.0,351.82,4.19,108.0,870.16,
2011,10,22,4,20.44,55.52,0.0,0.0,0.0,347.3,3.93,106.0,870.36,
2011,10,22,5,21.61,54.7,0.0,0.0,0.0,348.53,4.84,102.0,870.99,
2011,10,22,6,22.78,53.88,37.0,27.68,34.0,349.77,5.74,99.0,871.62,
2011,10,22,7,23.95,53.06,280.0,414.43,134.0,351.0,6.65,96.0,872.25,
2011,10,22,8,25.89,45.85,539.0,630.94,176.0,360.13,6.63,91.0,871.65,
2011,10,22,9,27.83,38.64,766.0,742.5,200.0,369.27,6.62,86.0,871.05,
2011,10,22,10,29.78,31.43,929.0,779.62,227.0,378.4,6.61,81.0,870.44,
2011,10,22,11,30.29,29.44,1045.0,852.75,209.0,384.7,6.28,86.0,869.27,
2011,10,22,12,30.8,27.44,1019.0,733.5,288.0,391.0,5.95,91.0,868.09,
2011,10,22,13,31.32,25.45,889.0,545.33,372.0,397.3,5.63,96.0,866.92,
2011,10,22,14,30.54,26.77,725.0,421.22,372.0,398.8,5.55,99.0,866.54,
2011,10,22,15,29.76,28.1,656.0,680.96,197.0,400.3,5.47,103.0,866.17,
2011,10,22,16,28.99,29.42,382.0,410.92,190.0,401.8,5.39,107.0,865.8,
2011,10,22,17,27.57,32.24,177.0,401.3,84.0,390.7,4.74,110.0,866.54,
2011,10,22,18,26.15,35.07,0.0,0.0,0.0,379.6,4.08,113.0,867.29,
2011,10,22,19,24.73,37.89,0.0,0.0,0.0,368.5,3.42,116.0,868.04,
2011,10,22,20,23.94,40.19,0.0,0.0,0.0,365.68,3.26,116.0,868.58,
2011,10,22,21,23.14,42.49,0.0,0.0,0.0,362.87,3.1,115.0,869.13,
2011,10,22,22,22.34,44.79,0.0,0.0,0.0,360.05,2.94,115.0,869.67,
2011,10,22,23,22.06,46.89,0.0,0.0,0.0,357.37,2.82,114.0,869.56,
2011,10,23,0,21.78,48.99,0.0,0.0,0.0,354.68,2.71,113.0,869.44,
2011,10,23,1,21.5,51.09,0.0,0.0,0.0,352.0,2.59,112.0,869.33,
2011,10,23,2,21.11,52.55,0.0,0.0,0.0,348.67,2.65,108.0,869.56,
2011,10,23,3,20.72,54.01,0.0,0.0,0.0,345.33,2.7,104.0,869.79,
2011,10,23,4,20.32,55.47,0.0,0.0,0.0,342.0,2.76,100.0,870.01,
2011,10,23,5,22.2,50.76,0.0,0.0,0.0,343.67,3.33,95.0,870.44,
2011,10,23,6,24.07,46.04,61.0,190.47,40.0,345.33,3.91,91.0,870.88,
2011,10,23,7,25.95,41.33,298.0,508.7,118.0,347.0,4.48,86.0,871.31,
2011,10,23,8,27.95,35.36,556.0,695.52,155.0,356.9,4.3,87.0,870.62,
2011,10,23,9,29.96,29.38,781.0,787.47,180.0,366.8,4.12,87.0,869.93,
2011,10,23,10,31.97,23.41,957.0,857.87,184.0,376.7,3.94,88.0,869.24,
2011,10,23,11,32.63,21.27,1064.0,902.35,179.0,381.45,3.54,95.0,868.06,
2011,10,23,12,33.3,19.12,1073.0,875.74,200.0,386.2,3.14,102.0,866.89,
2011,10,23,13,33.97,16.98,996.0,812.01,226.0,390.95,2.74,110.0,865.71,
2011,10,23,14,33.22,17.24,875.0,820.74,187.0,388.1,2.94,112.0,865.63,
2011,10,23,15,32.48,17.51,538.0,330.68,315.0,385.25,3.13,114.0,865.54,
2011,10,23,16,31.74,17.77,311.0,188.13,223.0,382.4,3.32,117.0,865.45,
2011,10,23,17,29.85,21.17,161.0,283.87,95.0,376.3,3.32,117.0,866.14,
2011,10,23,18,27.96,24.56,0.0,0.0,0.0,370.2,3.31,118.0,866.83,
2011,10,23,19,26.07,27.96,0.0,0.0,0.0,364.1,3.31,118.0,867.52,
2011,10,23,20,25.14,30.72,0.0,0.0,0.0,362.12,3.49,116.0,868.06,
2011,10,23,21,24.21,33.47,0.0,0.0,0.0,360.13,3.67,115.0,868.61,
2011,10,23,22,23.27,36.23,0.0,0.0,0.0,358.15,3.85,113.0,869.15,
2011,10,23,23,22.56,39.48,0.0,0.0,0.0,355.87,3.77,107.0,868.81,
2011,10,24,0,21.86,42.74,0.0,0.0,0.0,353.58,3.7,102.0,868.47,
2011,10,24,1,21.15,45.99,0.0,0.0,0.0,351.3,3.63,96.0,868.12,
2011,10,24,2,20.53,47.52,0.0,0.0,0.0,347.65,3.46,89.0,868.18,
2011,10,24,3,19.91,49.06,0.0,0.0,0.0,344.0,3.3,83.0,868.24,
2011,10,24,4,19.28,50.59,0.0,0.0,0.0,340.35,3.13,76.0,868.29,
2011,10,24,5,22.2,44.75,0.0,0.0,0.0,344.3,2.67,79.0,868.87,
2011,10,24,6,25.11,38.9,62.0,187.41,41.0,348.25,2.2,82.0,869.44,
2011,10,24,7,28.02,33.06,300.0,509.4,119.0,352.2,1.74,85.0,870.01,
2011,10,24,8,29.84,29.12,561.0,709.71,151.0,364.52,2.48,90.0,869.47,
2011,10,24,9,31.66,25.18,787.0,803.62,173.0,376.83,3.23,96.0,868.92,
2011,10,24,10,33.49,21.24,963.0,875.06,174.0,389.15,3.97,101.0,868.38,
2011,10,24,11,34.03,20.03,1065.0,903.03,179.0,393.4,4.31,105.0,867.26,
2011,10,24,12,34.57,18.83,1080.0,892.59,190.0,397.65,4.64,108.0,866.14,
2011,10,24,13,35.11,17.62,1041.0,943.65,146.0,401.9,4.98,112.0,865.02,
2011,10,24,14,34.34,17.72,707.0,381.64,387.0,397.17,4.96,114.0,864.74,
2011,10,24,15,33.58,17.81,695.0,824.05,139.0,392.43,4.93,115.0,864.45,
2011,10,24,16,32.82,17.91,441.0,670.52,127.0,387.7,4.91,117.0,864.16,
2011,10,24,17,30.93,20.48,179.0,411.5,83.0,381.18,4.31,114.0,864.79,
2011,10,24,18,29.05,23.04,0.0,0.0,0.0,374.67,3.71,112.0,865.42,
2011,10,24,19,27.16,25.61,0.0,0.0,0.0,368.15,3.12,109.0,866.06,
2011,10,24,20,26.14,27.66,0.0,0.0,0.0,365.47,3.38,104.0,866.31,
2011,10,24,21,25.12,29.7,0.0,0.0,0.0,362.78,3.65,100.0,866.57,
2011,10,24,22,24.09,31.75,0.0,0.0,0.0,360.1,3.92,95.0,866.83,
2011,10,24,23,23.57,33.78,0.0,0.0,0.0,357.05,3.64,92.0,866.66,
2011,10,25,0,23.05,35.82,0.0,0.0,0.0,354.0,3.36,90.0,866.49,
2011,10,25,1,22.53,37.85,0.0,0.0,0.0,350.95,3.08,88.0,866.31,
2011,10,25,2,22.09,39.3,0.0,0.0,0.0,347.6,3.05,87.0,866.49,
2011,10,25,3,21.65,40.74,0.0,0.0,0.0,344.25,3.02,87.0,866.66,
2011,10,25,4,21.2,42.19,0.0,0.0,0.0,340.9,2.99,87.0,866.83,
2011,10,25,5,23.42,38.71,0.0,0.0,0.0,341.97,3.38,82.0,867.38,
2011,10,25,6,25.63,35.23,65.0,210.93,41.0,343.03,3.77,78.0,867.92,
2011,10,25,7,27.84,31.75,302.0,510.21,120.0,344.1,4.17,73.0,868.47,
2011,10,25,8,29.85,27.62,554.0,672.11,165.0,354.65,4.26,66.0,867.83,
2011,10,25,9,31.86,23.48,775.0,759.66,194.0,365.2,4.35,60.0,867.2,
2011,10,25,10,33.87,19.35,949.0,828.01,202.0,375.75,4.44,53.0,866.57,
2011,10,25,11,34.51,17.46,1049.0,854.85,210.0,381.47,4.11,60.0,865.22,
2011,10,25,12,35.15,15.57,1081.0,893.41,190.0,387.18,3.77,67.0,863.88,
2011,10,25,13,35.79,13.68,1014.0,861.26,197.0,392.9,3.43,74.0,862.53,
2011,10,25,14,35.09,13.7,896.0,884.7,154.0,388.7,3.19,81.0,862.1,
2011,10,25,15,34.39,13.71,699.0,839.92,132.0,384.5,2.95,87.0,861.67,
2011,10,25,16,33.7,13.73,437.0,646.26,134.0,380.3,2.7,93.0,861.24,
2011,10,25,17,31.38,16.22,177.0,388.69,86.0,372.7,2.8,96.0,862.01,
2011,10,25,18,29.07,18.71,0.0,0.0,0.0,365.1,2.9,99.0,862.79,
2011,10,25,19,26.76,21.2,0.0,0.0,0.0,357.5,2.99,102.0,863.56,
2011,10,25,20,25.74,23.02,0.0,0.0,0.0,355.03,3.05,100.0,864.25,
2011,10,25,21,24.72,24.84,0.0,0.0,0.0,352.57,3.1,99.0,864.94,
2011,10,25,22,23.69,26.66,0.0,0.0,0.0,350.1,3.16,97.0,865.63,
2011,10,25,23,23.27,28.43,0.0,0.0,0.0,346.67,3.05,96.0,865.45,
2011,10,26,0,22.84,30.19,0.0,0.0,0.0,343.23,2.94,95.0,865.28,
2011,10,26,1,22.42,31.96,0.0,0.0,0.0,339.8,2.83,94.0,865.11,
2011,10,26,2,21.88,33.46,0.0,0.0,0.0,338.28,3.08,86.0,865.28,
2011,10,26,3,21.35,34.95,0.0,0.0,0.0,336.77,3.33,77.0,865.45,
2011,10,26,4,20.81,36.45,0.0,0.0,0.0,335.25,3.59,69.0,865.63,
2011,10,26,5,23.25,33.21,0.0,0.0,0.0,338.85,3.45,52.0,866.29,
2011,10,26,6,25.68,29.97,58.0,129.93,43.0,342.45,3.31,35.0,866.95,
2011,10,26,7,28.12,26.73,293.0,455.25,130.0,346.05,3.17,18.0,867.6,
2011,10,26,8,30.13,24.02,555.0,672.68,165.0,357.3,3.25,15.0,866.97,
2011,10,26,9,32.14,21.32,781.0,775.95,187.0,368.55,3.32,13.0,866.34,
2011,10,26,10,34.15,18.61,956.0,844.21,194.0,379.8,3.39,10.0,865.71,
2011,10,26,11,34.77,16.87,1056.0,871.93,200.0,386.27,3.11,32.0,864.59,
2011,10,26,12,35.39,15.13,1058.0,828.09,232.0,392.73,2.83,54.0,863.47,
2011,10,26,13,36.01,13.39,1004.0,829.51,217.0,399.2,2.55,76.0,862.36,
2011,10,26,14,35.43,13.25,810.0,622.23,288.0,399.22,2.6,91.0,862.04,
2011,10,26,15,34.85,13.1,551.0,358.29,309.0,399.23,2.65,107.0,861.72,
2011,10,26,16,34.28,12.96,419.0,553.86,159.0,399.25,2.7,123.0,861.41,
2011,10,26,17,31.82,15.57,175.0,370.24,88.0,389.47,2.83,123.0,862.1,
2011,10,26,18,29.36,18.17,0.0,0.0,0.0,379.68,2.95,122.0,862.79,
2011,10,26,19,26.9,20.78,0.0,0.0,0.0,369.9,3.08,122.0,863.47,
2011,10,26,20,25.98,22.11,0.0,0.0,0.0,366.88,3.36,116.0,864.08,
2011,10,26,21,25.06,23.43,0.0,0.0,0.0,363.87,3.65,110.0,864.68,
2011,10,26,22,24.14,24.76,0.0,0.0,0.0,360.85,3.93,104.0,865.28,
2011,10,26,23,23.76,26.25,0.0,0.0,0.0,358.67,3.65,95.0,865.22,
2011,10,27,0,23.39,27.75,0.0,0.0,0.0,356.48,3.37,86.0,865.17,
2011,10,27,1,23.01,29.24,0.0,0.0,0.0,354.3,3.09,78.0,865.11,
2011,10,27,2,22.06,31.79,0.0,0.0,0.0,353.35,2.81,53.0,865.51,
2011,10,27,3,21.12,34.33,0.0,0.0,0.0,352.4,2.54,28.0,865.91,
2011,10,27,4,20.17,36.88,0.0,0.0,0.0,351.45,2.26,3.0,866.31,
2011,10,27,5,22.73,33.94,0.0,0.0,0.0,351.63,2.84,344.0,867.06,
2011,10,27,6,25.29,30.99,58.0,119.62,44.0,351.82,3.41,325.0,867.81,
2011,10,27,7,27.85,28.05,221.0,155.86,165.0,352.0,3.99,306.0,868.55,
2011,10,27,8,29.93,24.81,513.0,508.0,218.0,366.13,2.89,263.0,867.83,
2011,10,27,9,32.02,21.57,756.0,690.46,227.0,380.27,1.79,219.0,867.12,
2011,10,27,10,34.11,18.33,930.0,767.43,237.0,394.4,0.69,176.0,866.4,
2011,10,27,11,34.9,16.59,986.0,687.4,311.0,400.4,1.55,159.0,865.14,
2011,10,27,12,35.7,14.85,987.0,649.56,339.0,406.4,2.42,141.0,863.88,
2011,10,27,13,36.5,13.11,937.0,652.34,318.0,412.4,3.28,123.0,862.61,
2011,10,27,14,35.43,13.6,864.0,777.0,212.0,404.95,2.99,125.0,862.84,
2011,10,27,15,34.36,14.1,649.0,643.68,214.0,397.5,2.69,127.0,863.07,
2011,10,27,16,33.29,14.59,396.0,451.02,184.0,390.05,2.4,129.0,863.3,
2011,10,27,17,31.35,16.65,137.0,148.38,102.0,384.12,2.85,130.0,864.02,
2011,10,27,18,29.42,18.71,0.0,0.0,0.0,378.18,3.29,131.0,864.74,
2011,10,27,19,27.48,20.77,0.0,0.0,0.0,372.25,3.74,132.0,865.45,
2011,10,27,20,26.6,22.09,0.0,0.0,0.0,368.07,3.84,129.0,865.97,
2011,10,27,21,25.72,23.4,0.0,0.0,0.0,363.88,3.94,127.0,866.49,
2011,10,27,22,24.83,24.72,0.0,0.0,0.0,359.7,4.04,124.0,867.0,
2011,10,27,23,24.59,25.43,0.0,0.0,0.0,356.03,3.94,120.0,866.8,
2011,10,28,0,24.34,26.14,0.0,0.0,0.0,352.37,3.84,117.0,866.6,
2011,10,28,1,24.1,26.85,0.0,0.0,0.0,348.7,3.74,114.0,866.4,
2011,10,28,2,24.2,26.57,0.0,0.0,0.0,351.02,3.6,107.0,866.83,
2011,10,28,3,24.3,26.3,0.0,0.0,0.0,353.33,3.45,101.0,867.26,
2011,10,28,4,24.39,26.02,0.0,0.0,0.0,355.65,3.31,95.0,867.69,
2011,10,28,5,25.96,25.11,0.0,0.0,0.0,353.48,3.78,90.0,868.18,
2011,10,28,6,27.52,24.21,35.0,8.44,34.0,351.32,4.26,86.0,868.67,
2011,10,28,7,29.08,23.3,210.0,124.83,165.0,349.15,4.73,81.0,869.15,
2011,10,28,8,30.85,21.08,424.0,247.61,280.0,358.42,5.13,79.0,868.55,
2011,10,28,9,32.62,18.86,640.0,376.93,351.0,367.68,5.52,76.0,867.95,
2011,10,28,10,34.39,16.64,730.0,316.6,444.0,376.95,5.92,74.0,867.35,
2011,10,28,11,34.78,15.68,911.0,517.24,403.0,385.07,6.0,77.0,866.31,
2011,10,28,12,35.17,14.73,834.0,347.8,487.0,393.18,6.08,80.0,865.28,
2011,10,28,13,35.56,13.77,887.0,535.3,379.0,401.3,6.17,84.0,864.25,
2011,10,28,14,34.62,14.52,845.0,718.43,242.0,398.23,6.31,86.0,864.22,
2011,10,28,15,33.69,15.27,627.0,569.37,242.0,395.17,6.45,88.0,864.19,
2011,10,28,16,32.76,16.02,438.0,635.26,139.0,392.1,6.59,90.0,864.16,
2011,10,28,17,31.05,17.31,179.0,384.29,88.0,383.87,5.75,92.0,864.99,
2011,10,28,18,29.35,18.61,0.0,0.0,0.0,375.63,4.91,94.0,865.83,
2011,10,28,19,27.65,19.9,0.0,0.0,0.0,367.4,4.07,95.0,866.66,
2011,10,28,20,26.79,19.92,0.0,0.0,0.0,363.03,3.83,90.0,867.26,
2011,10,28,21,25.93,19.93,0.0,0.0,0.0,358.67,3.59,85.0,867.86,
2011,10,28,22,25.07,19.95,0.0,0.0,0.0,354.3,3.35,80.0,868.47,
2011,10,28,23,24.55,20.2,0.0,0.0,0.0,349.93,3.54,72.0,868.49,
2011,10,29,0,24.02,20.45,0.0,0.0,0.0,345.57,3.72,63.0,868.52,
2011,10,29,1,23.5,20.7,0.0,0.0,0.0,341.2,3.9,55.0,868.55,
2011,10,29,2,22.86,22.33,0.0,0.0,0.0,337.12,3.89,48.0,868.95,
2011,10,29,3,22.22,23.96,0.0,0.0,0.0,333.03,3.89,41.0,869.35,
2011,10,29,4,21.58,25.59,0.0,0.0,0.0,328.95,3.88,34.0,869.76,
2011,10,29,5,23.34,26.25,0.0,0.0,0.0,330.55,4.73,31.0,870.24,
2011,10,29,6,25.09,26.9,76.0,283.35,42.0,332.15,5.59,29.0,870.73,
2011,10,29,7,26.84,27.56,284.0,387.18,144.0,333.75,6.44,26.0,871.22,
2011,10,29,8,28.85,23.7,538.0,589.0,195.0,344.92,6.69,35.0,870.47,
2011,10,29,9,30.86,19.84,772.0,733.81,209.0,356.08,6.93,45.0,869.73,
2011,10,29,10,32.88,15.98,948.0,814.49,212.0,367.25,7.17,54.0,868.98,
2011,10,29,11,33.5,14.37,1052.0,857.2,210.0,371.28,7.29,60.0,867.81,
2011,10,29,12,34.12,12.76,1078.0,878.96,201.0,375.32,7.4,66.0,866.63,
2011,10,29,13,34.74,11.15,978.0,753.35,263.0,379.35,7.52,72.0,865.45,
2011,10,29,14,33.97,11.11,724.0,412.13,378.0,377.32,7.37,74.0,865.08,
2011,10,29,15,33.2,11.07,662.0,684.32,199.0,375.28,7.22,76.0,864.71,
2011,10,29,16,32.44,11.03,366.0,335.22,208.0,373.25,7.08,78.0,864.33,
2011,10,29,17,30.5,12.46,137.0,143.0,103.0,365.1,6.09,81.0,865.08,
2011,10,29,18,28.57,13.88,0.0,0.0,0.0,356.95,5.1,84.0,865.83,
2011,10,29,19,26.64,15.31,0.0,0.0,0.0,348.8,4.11,87.0,866.57,
2011,10,29,20,25.61,16.31,0.0,0.0,0.0,345.2,3.88,83.0,867.23,
2011,10,29,21,24.58,17.3,0.0,0.0,0.0,341.6,3.64,79.0,867.89,
2011,10,29,22,23.55,18.3,0.0,0.0,0.0,338.0,3.41,75.0,868.55,
2011,10,29,23,23.07,19.2,0.0,0.0,0.0,334.47,3.26,71.0,868.61,
2011,10,30,0,22.6,20.11,0.0,0.0,0.0,330.93,3.12,67.0,868.67,
2011,10,30,1,22.12,21.01,0.0,0.0,0.0,327.4,2.98,63.0,868.72,
2011,10,30,2,21.27,22.39,0.0,0.0,0.0,324.82,3.07,59.0,869.24,
2011,10,30,3,20.42,23.77,0.0,0.0,0.0,322.23,3.15,54.0,869.76,
2011,10,30,4,19.56,25.15,0.0,0.0,0.0,319.65,3.24,49.0,870.27,
2011,10,30,5,21.85,23.83,0.0,0.0,0.0,321.3,3.8,46.0,870.82,
2011,10,30,6,24.14,22.52,67.0,181.27,45.0,322.95,4.36,43.0,871.36,
2011,10,30,7,26.43,21.2,282.0,372.3,147.0,324.6,4.92,40.0,871.91,
2011,10,30,8,28.57,18.97,548.0,626.01,183.0,336.12,5.05,43.0,871.05,
2011,10,30,9,30.71,16.73,773.0,734.7,209.0,347.63,5.18,46.0,870.19,
2011,10,30,10,32.85,14.5,949.0,815.4,212.0,359.15,5.31,48.0,869.33,
2011,10,30,11,33.42,13.36,1053.0,857.13,211.0,363.33,4.88,53.0,868.09,
2011,10,30,12,33.99,12.21,1079.0,878.93,202.0,367.52,4.45,59.0,866.86,
2011,10,30,13,34.56,11.07,1012.0,847.06,208.0,371.7,4.01,64.0,865.63,
2011,10,30,14,33.91,10.78,551.0,135.76,437.0,368.8,4.05,72.0,865.05,
2011,10,30,15,33.26,10.49,602.0,490.4,270.0,365.9,4.08,81.0,864.48,
2011,10,30,16,32.62,10.2,420.0,546.6,162.0,363.0,4.11,89.0,863.9,
2011,10,30,17,30.44,11.79,187.0,435.58,83.0,356.73,4.14,94.0,864.39,
2011,10,30,18,28.26,13.37,0.0,0.0,0.0,350.47,4.17,100.0,864.88,
2011,10,30,19,26.08,14.96,0.0,0.0,0.0,344.2,4.19,105.0,865.37,
2011,10,30,20,25.18,16.23,0.0,0.0,0.0,342.15,3.91,104.0,865.97,
2011,10,30,21,24.27,17.5,0.0,0.0,0.0,340.1,3.62,104.0,866.57,
2011,10,30,22,23.36,18.77,0.0,0.0,0.0,338.05,3.34,103.0,867.17,
2011,10,30,23,22.88,20.26,0.0,0.0,0.0,335.77,3.15,98.0,867.29,
2011,10,31,0,22.41,21.75,0.0,0.0,0.0,333.48,2.96,94.0,867.4,
2011,10,31,1,21.93,23.24,0.0,0.0,0.0,331.2,2.77,89.0,867.52,
2011,10,31,2,21.37,23.61,0.0,0.0,0.0,329.22,2.99,81.0,867.83,
2011,10,31,3,20.82,23.97,0.0,0.0,0.0,327.23,3.2,73.0,868.15,
2011,10,31,4,20.26,24.34,0.0,0.0,0.0,325.25,3.42,65.0,868.47,
2011,10,31,5,22.77,22.62,0.0,0.0,0.0,329.07,3.76,61.0,868.98,
2011,10,31,6,25.27,20.91,58.0,97.83,46.0,332.88,4.1,56.0,869.5,
2011,10,31,7,27.77,19.19,281.0,365.82,148.0,336.7,4.44,52.0,870.01,
2011,10,31,8,29.94,17.13,540.0,591.07,195.0,347.82,4.43,56.0,869.35,
2011,10,31,9,32.12,15.06,765.0,707.0,222.0,358.93,4.42,60.0,868.69,
2011,10,31,10,34.3,13.0,944.0,799.76,221.0,370.05,4.41,64.0,868.04,
2011,10,31,11,34.72,12.42,1054.0,858.11,211.0,378.07,4.29,69.0,866.89,
2011,10,31,12,35.14,11.84,800.0,293.64,507.0,386.08,4.16,74.0,865.74,
2011,10,31,13,35.56,11.26,625.0,131.69,500.0,394.1,4.03,79.0,864.59,
2011,10,31,14,34.92,11.66,101.0,0.0,101.0,388.8,4.17,84.0,864.1,
2011,10,31,15,34.29,12.06,659.0,673.14,203.0,383.5,4.32,89.0,863.62,
2011,10,31,16,33.66,12.46,80.0,0.0,80.0,378.2,4.47,93.0,863.13,
2011,10,31,17,31.91,13.86,172.0,316.94,96.0,376.05,4.17,97.0,863.85,
2011,10,31,18,26.63,15.06,0.0,0.0,0.0,377.81,3.0,101.0,864.56,
2011,10,31,19,26.57,16.55,0.0,0.0,0.0,374.67,3.14,104.0,865.28,
2011,10,31,20,26.51,18.04,0.0,0.0,0.0,371.53,3.28,103.0,865.88,
2011,10,31,21,26.45,19.54,0.0,0.0,0.0,368.38,3.42,102.0,866.49,
2011,10,31,22,26.39,21.03,0.0,0.0,0.0,365.24,3.56,100.0,867.09,
2011,10,31,23,26.33,22.53,0.0,0.0,0.0,362.1,3.7,96.0,866.89,
2006,11,1,0,26.27,24.02,0.0,0.0,0.0,358.96,3.84,91.0,866.69,
2006,11,1,1,26.21,25.51,0.0,0.0,0.0,355.81,3.97,86.0,866.49,
2006,11,1,2,26.15,27.01,0.0,0.0,0.0,352.67,4.11,83.0,868.67,
2006,11,1,3,26.09,28.5,0.0,0.0,0.0,349.53,4.25,75.0,868.87,
2006,11,1,4,26.03,29.99,0.0,0.0,0.0,346.39,4.39,67.0,869.07,
2006,11,1,5,25.97,31.49,0.0,0.0,0.0,343.25,4.53,66.0,869.5,
2006,11,1,6,25.91,32.98,68.0,169.51,47.0,340.1,4.67,64.0,869.93,
2006,11,1,7,25.85,34.47,310.0,529.56,117.0,336.96,4.81,62.0,870.36,
2006,11,1,8,25.79,35.97,563.0,705.17,151.0,333.82,4.95,67.0,869.64,
2006,11,1,9,25.73,37.46,781.0,788.72,175.0,330.68,5.09,72.0,868.92,
2006,11,1,10,34.19,20.44,962.0,885.93,161.0,373.95,5.39,77.0,868.21,
2006,11,1,11,34.71,18.35,1066.0,928.34,154.0,378.55,5.36,82.0,866.83,
2006,11,1,12,35.23,16.26,1057.0,849.87,209.0,383.15,5.32,87.0,865.45,
2006,11,1,13,35.76,14.17,1019.0,901.74,163.0,387.75,5.28,92.0,864.08,
2006,11,1,14,34.98,15.01,903.0,930.78,121.0,384.3,5.4,95.0,864.16,
2006,11,1,15,34.19,15.84,686.0,796.62,146.0,380.85,5.52,98.0,864.25,
2006,11,1,16,33.41,16.68,448.0,694.89,119.0,377.4,5.64,101.0,864.33,
2006,11,1,17,31.59,19.55,185.0,419.32,84.0,372.92,4.97,104.0,865.22,
2006,11,1,18,29.77,22.41,0.0,0.0,0.0,368.43,4.29,106.0,866.11,
2006,11,1,19,27.95,25.28,0.0,0.0,0.0,363.95,3.61,108.0,867.0,
2006,11,1,20,27.37,27.04,0.0,0.0,0.0,366.83,3.48,106.0,867.81,
2006,11,1,21,26.8,28.79,0.0,0.0,0.0,369.72,3.34,104.0,868.61,
2006,11,1,22,26.23,30.55,0.0,0.0,0.0,372.6,3.2,102.0,869.41,
2006,11,1,23,25.94,31.93,0.0,0.0,0.0,372.6,3.38,92.0,869.35,
2006,11,2,0,25.65,33.32,0.0,0.0,0.0,372.6,3.57,83.0,869.3,
2006,11,2,1,25.36,34.7,0.0,0.0,0.0,372.6,3.75,74.0,869.24,
2006,11,2,2,24.71,38.07,0.0,0.0,0.0,368.98,3.97,64.0,869.44,
2006,11,2,3,24.07,41.45,0.0,0.0,0.0,365.37,4.19,55.0,869.64,
2006,11,2,4,23.42,44.82,0.0,0.0,0.0,361.75,4.41,45.0,869.84,
2006,11,2,5,24.69,44.82,0.0,0.0,0.0,362.88,4.81,39.0,870.22,
2006,11,2,6,25.97,44.83,59.0,95.97,47.0,364.02,5.21,33.0,870.59,
2006,11,2,7,27.24,44.83,308.0,509.23,122.0,365.15,5.61,26.0,870.96,
2006,11,2,8,28.99,39.83,558.0,680.63,160.0,376.57,5.4,35.0,870.13,
2006,11,2,9,30.74,34.82,786.0,804.09,168.0,387.98,5.18,44.0,869.3,
2006,11,2,10,32.49,29.82,958.0,870.39,171.0,399.4,4.97,53.0,868.47,
2006,11,2,11,32.86,27.92,1038.0,844.91,208.0,408.43,4.86,60.0,867.2,
2006,11,2,12,33.23,26.02,844.0,375.85,469.0,417.47,4.75,66.0,865.94,
2006,11,2,13,33.61,24.12,959.0,727.89,268.0,426.5,4.65,73.0,864.68,
2006,11,2,14,32.76,24.99,421.0,35.7,391.0,425.93,4.35,67.0,864.85,
2006,11,2,15,31.92,25.85,544.0,344.97,310.0,425.37,4.05,60.0,865.02,
2006,11,2,16,31.07,26.72,390.0,425.97,188.0,424.8,3.75,53.0,865.2,
2006,11,2,17,29.79,29.45,183.0,396.75,87.0,417.73,2.96,24.0,866.06,
2006,11,2,18,28.51,32.19,0.0,0.0,0.0,410.67,2.16,356.0,866.92,
2006,11,2,19,27.23,34.92,0.0,0.0,0.0,403.6,1.37,327.0,867.78,
2006,11,2,20,26.05,39.52,0.0,0.0,0.0,400.72,1.42,313.0,868.49,
2006,11,2,21,24.87,44.11,0.0,0.0,0.0,397.83,1.47,299.0,869.21,
2006,11,2,22,23.69,48.71,0.0,0.0,0.0,394.95,1.52,285.0,869.93,
2006,11,2,23,23.4,52.57,0.0,0.0,0.0,393.43,1.81,285.0,869.76,
2006,11,3,0,23.12,56.42,0.0,0.0,0.0,391.92,2.11,284.0,869.58,
2006,11,3,1,22.83,60.28,0.0,0.0,0.0,390.4,2.4,284.0,869.41,
2006,11,3,2,22.25,64.53,0.0,0.0,0.0,383.4,2.24,288.0,869.27,
2006,11,3,3,21.67,68.79,0.0,0.0,0.0,376.4,2.08,292.0,869.13,
2006,11,3,4,21.09,73.04,0.0,0.0,0.0,369.4,1.92,296.0,868.98,
2006,11,3,5,23.03,67.06,0.0,0.0,0.0,369.83,1.72,288.0,869.44,
2006,11,3,6,24.98,61.09,48.0,39.65,43.0,370.27,1.52,281.0,869.9,
2006,11,3,7,26.92,55.11,289.0,407.12,140.0,370.7,1.32,273.0,870.36,
2006,11,3,8,27.95,49.23,556.0,668.17,165.0,382.38,1.69,333.0,869.96,
2006,11,3,9,28.97,43.36,791.0,820.81,160.0,394.07,2.06,32.0,869.56,
2006,11,3,10,30.0,37.48,974.0,920.16,142.0,405.75,2.43,92.0,869.15,
2006,11,3,11,30.83,33.93,1067.0,929.48,154.0,413.08,2.78,94.0,867.69,
2006,11,3,12,31.67,30.38,1016.0,739.72,278.0,420.42,3.13,96.0,866.23,
2006,11,3,13,32.51,26.83,753.0,295.99,472.0,427.75,3.48,99.0,864.76,
2006,11,3,14,32.55,25.29,851.0,756.62,215.0,424.13,3.75,106.0,864.31,
2006,11,3,15,32.6,23.75,620.0,555.4,243.0,420.52,4.03,112.0,863.85,
2006,11,3,16,32.64,22.21,440.0,646.31,133.0,416.9,4.3,119.0,863.39,
2006,11,3,17,30.85,25.74,81.0,8.23,79.0,410.83,3.7,148.0,864.22,
2006,11,3,18,29.05,29.28,0.0,0.0,0.0,404.77,3.1,177.0,865.05,
2006,11,3,19,27.26,32.81,0.0,0.0,0.0,398.7,2.5,206.0,865.88,
2006,11,3,20,26.13,37.32,0.0,0.0,0.0,395.05,2.02,229.0,866.6,
2006,11,3,21,25.01,41.82,0.0,0.0,0.0,391.4,1.55,251.0,867.32,
2006,11,3,22,23.89,46.33,0.0,0.0,0.0,387.75,1.08,274.0,868.04,
2006,11,3,23,23.45,51.48,0.0,0.0,0.0,383.33,1.19,273.0,867.92,
2006,11,4,0,23.0,56.64,0.0,0.0,0.0,378.92,1.31,272.0,867.81,
2006,11,4,1,22.56,61.79,0.0,0.0,0.0,374.5,1.42,271.0,867.69,
2006,11,4,2,22.31,66.7,0.0,0.0,0.0,375.7,1.78,267.0,867.92,
2006,11,4,3,22.05,71.6,0.0,0.0,0.0,376.9,2.14,264.0,868.15,
2006,11,4,4,21.8,76.51,0.0,0.0,0.0,378.1,2.5,260.0,868.38,
2006,11,4,5,23.27,71.78,0.0,0.0,0.0,382.03,2.57,254.0,868.87,
2006,11,4,6,24.73,67.06,31.0,0.0,31.0,385.97,2.63,248.0,869.35,
2006,11,4,7,26.2,62.33,301.0,463.66,131.0,389.9,2.7,242.0,869.84,
2006,11,4,8,27.37,55.33,559.0,681.43,160.0,396.68,2.3,215.0,869.44,
2006,11,4,9,28.55,48.32,788.0,805.08,169.0,403.47,1.9,188.0,869.04,
2006,11,4,10,29.72,41.32,964.0,887.03,162.0,410.25,1.5,161.0,868.64,
2006,11,4,11,30.84,35.78,1068.0,930.61,154.0,413.3,2.25,141.0,867.29,
2006,11,4,12,31.96,30.24,1099.0,970.35,131.0,416.35,3.0,122.0,865.94,
2006,11,4,13,33.08,24.7,882.0,537.2,372.0,419.4,3.75,102.0,864.59,
2006,11,4,14,32.83,23.73,201.0,0.0,201.0,419.07,3.77,111.0,864.59,
2006,11,4,15,32.57,22.77,662.0,697.8,188.0,418.73,3.8,120.0,864.59,
2006,11,4,16,32.32,21.8,40.0,0.0,40.0,418.4,3.82,130.0,864.59,
2006,11,4,17,30.49,25.55,151.0,188.32,105.0,415.28,3.16,156.0,865.37,
2006,11,4,18,28.66,29.31,0.0,0.0,0.0,412.17,2.51,182.0,866.14,
2006,11,4,19,26.83,33.06,0.0,0.0,0.0,409.05,1.85,208.0,866.92,
2006,11,4,20,25.6,36.89,0.0,0.0,0.0,403.15,1.67,232.0,867.58,
2006,11,4,21,24.37,40.71,0.0,0.0,0.0,397.25,1.5,257.0,868.24,
2006,11,4,22,23.14,44.54,0.0,0.0,0.0,391.35,1.32,282.0,868.9,
2006,11,4,23,22.72,47.75,0.0,0.0,0.0,383.65,1.36,270.0,868.81,
2006,11,5,0,22.29,50.96,0.0,0.0,0.0,375.95,1.39,258.0,868.72,
2006,11,5,1,21.87,54.17,0.0,0.0,0.0,368.25,1.42,246.0,868.64,
2006,11,5,2,21.7,53.96,0.0,0.0,0.0,366.7,1.53,233.0,868.87,
2006,11,5,3,21.54,53.74,0.0,0.0,0.0,365.15,1.64,221.0,869.1,
2006,11,5,4,21.37,53.53,0.0,0.0,0.0,363.6,1.75,208.0,869.33,
2006,11,5,5,23.25,50.24,0.0,0.0,0.0,365.7,1.75,193.0,869.7,
2006,11,5,6,25.13,46.95,29.0,0.0,29.0,367.8,1.74,179.0,870.07,
2006,11,5,7,27.01,43.66,275.0,332.22,153.0,369.9,1.74,164.0,870.44,
2006,11,5,8,28.83,37.23,516.0,510.4,217.0,375.93,2.7,143.0,869.93,
2006,11,5,9,30.66,30.8,762.0,717.89,210.0,381.97,3.67,122.0,869.41,
2006,11,5,10,32.48,24.37,959.0,871.64,171.0,388.0,4.63,101.0,868.9,
2006,11,5,11,32.74,23.07,1068.0,930.76,154.0,394.63,4.8,99.0,867.72,
2006,11,5,12,33.01,21.77,1094.0,953.43,143.0,401.27,4.96,96.0,866.54,
2006,11,5,13,33.28,20.47,1011.0,870.05,185.0,407.9,5.12,94.0,865.37,
2006,11,5,14,32.94,20.28,775.0,539.82,321.0,406.2,5.22,95.0,865.11,
2006,11,5,15,32.6,20.1,235.0,1.47,234.0,404.5,5.32,96.0,864.85,
2006,11,5,16,32.26,19.91,442.0,648.27,133.0,402.8,5.42,98.0,864.59,
2006,11,5,17,30.84,21.61,162.0,240.35,103.0,400.12,4.84,102.0,865.37,
2006,11,5,18,29.41,23.31,0.0,0.0,0.0,397.43,4.25,106.0,866.14,
2006,11,5,19,27.99,25.01,0.0,0.0,0.0,394.75,3.67,110.0,866.92,
2006,11,5,20,27.35,26.13,0.0,0.0,0.0,392.58,4.06,113.0,867.58,
2006,11,5,21,26.71,27.25,0.0,0.0,0.0,390.42,4.44,116.0,868.24,
2006,11,5,22,26.08,28.37,0.0,0.0,0.0,388.25,4.83,118.0,868.9,
2006,11,5,23,25.95,29.28,0.0,0.0,0.0,389.18,5.03,116.0,868.84,
2006,11,6,0,25.82,30.18,0.0,0.0,0.0,390.12,5.24,113.0,868.78,
2006,11,6,1,25.69,31.09,0.0,0.0,0.0,391.05,5.45,110.0,868.72,
2006,11,6,2,25.18,31.01,0.0,0.0,0.0,383.62,5.35,107.0,869.01,
2006,11,6,3,24.67,30.94,0.0,0.0,0.0,376.18,5.25,104.0,869.3,
2006,11,6,4,24.16,30.86,0.0,0.0,0.0,368.75,5.14,101.0,869.58,
2006,11,6,5,25.42,29.7,0.0,0.0,0.0,366.82,5.81,98.0,870.13,
2006,11,6,6,26.67,28.53,59.0,85.34,48.0,364.88,6.47,95.0,870.67,
2006,11,6,7,27.93,27.37,120.0,2.72,119.0,362.95,7.13,92.0,871.22,
2006,11,6,8,29.0,26.26,416.0,225.24,284.0,369.75,7.15,91.0,870.76,
2006,11,6,9,30.06,25.15,767.0,732.21,204.0,376.55,7.17,91.0,870.3,
2006,11,6,10,31.13,24.04,923.0,761.15,235.0,383.35,7.19,91.0,869.84,
2006,11,6,11,31.45,23.14,1040.0,847.42,208.0,387.82,7.29,93.0,868.75,
2006,11,6,12,31.77,22.24,935.0,547.47,389.0,392.28,7.39,96.0,867.66,
2006,11,6,13,32.09,21.34,989.0,805.8,224.0,396.75,7.49,98.0,866.57,
2006,11,6,14,31.48,21.98,480.0,72.51,419.0,393.63,7.6,101.0,866.63,
2006,11,6,15,30.88,22.62,604.0,498.3,265.0,390.52,7.7,104.0,866.69,
2006,11,6,16,30.27,23.26,370.0,337.16,209.0,387.4,7.81,107.0,866.74,
2006,11,6,17,28.96,24.91,20.0,0.0,20.0,381.53,7.37,111.0,867.72,
2006,11,6,18,27.65,26.57,0.0,0.0,0.0,375.67,6.93,114.0,868.69,
2006,11,6,19,26.35,28.22,0.0,0.0,0.0,369.8,6.5,118.0,869.67,
2006,11,6,20,25.5,30.26,0.0,0.0,0.0,368.75,7.14,117.0,870.67,
2006,11,6,21,24.65,32.29,0.0,0.0,0.0,367.7,7.79,116.0,871.68,
2006,11,6,22,23.81,34.33,0.0,0.0,0.0,366.65,8.44,116.0,872.68,
2006,11,6,23,22.77,42.51,0.0,0.0,0.0,362.35,8.35,112.0,873.03,
2006,11,7,0,21.72,50.7,0.0,0.0,0.0,358.05,8.26,109.0,873.37,
2006,11,7,1,20.68,58.88,0.0,0.0,0.0,353.75,8.17,106.0,873.72,
2006,11,7,2,19.73,67.47,0.0,0.0,0.0,353.12,8.2,103.0,873.89,
2006,11,7,3,18.79,76.07,0.0,0.0,0.0,352.48,8.23,101.0,874.06,
2006,11,7,4,17.84,84.66,0.0,0.0,0.0,351.85,8.26,98.0,874.23,
2006,11,7,5,18.72,80.88,0.0,0.0,0.0,361.1,8.56,97.0,874.83,
2006,11,7,6,19.6,77.09,50.0,38.56,45.0,370.35,8.86,96.0,875.44,
2006,11,7,7,20.48,73.31,275.0,325.93,155.0,379.6,9.16,95.0,876.04,
2006,11,7,8,22.56,63.12,492.0,426.49,242.0,383.03,9.06,92.0,875.38,
2006,11,7,9,24.64,52.92,732.0,621.71,254.0,386.47,8.97,89.0,874.72,
2006,11,7,10,26.72,42.73,923.0,761.31,235.0,389.9,8.87,86.0,874.06,
2006,11,7,11,27.47,39.0,906.0,519.58,396.0,389.72,8.47,88.0,872.68,
2006,11,7,12,28.23,35.26,994.0,682.95,313.0,389.53,8.07,91.0,871.31,
2006,11,7,13,28.99,31.53,721.0,247.53,486.0,389.35,7.67,93.0,869.93,
2006,11,7,14,28.05,34.76,582.0,175.88,434.0,386.28,7.7,97.0,869.99,
2006,11,7,15,27.1,37.98,337.0,38.19,311.0,383.22,7.73,101.0,870.04,
2006,11,7,16,26.16,41.21,242.0,54.35,216.0,380.15,7.77,104.0,870.1,
2006,11,7,17,24.97,43.55,198.0,471.82,81.0,374.27,7.41,106.0,871.1,
2006,11,7,18,23.78,45.88,0.0,0.0,0.0,368.38,7.06,108.0,872.11,
2006,11,7,19,22.6,48.22,0.0,0.0,0.0,362.5,6.7,110.0,873.11,
2006,11,7,20,21.74,51.12,0.0,0.0,0.0,358.17,6.59,108.0,873.94,
2006,11,7,21,20.89,54.02,0.0,0.0,0.0,353.83,6.48,106.0,874.78,
2006,11,7,22,20.04,56.92,0.0,0.0,0.0,349.5,6.37,104.0,875.61,
2006,11,7,23,19.59,59.86,0.0,0.0,0.0,345.73,6.1,103.0,875.47,
2006,11,8,0,19.13,62.79,0.0,0.0,0.0,341.97,5.83,101.0,875.32,
2006,11,8,1,18.68,65.73,0.0,0.0,0.0,338.2,5.56,100.0,875.18,
2006,11,8,2,18.19,68.28,0.0,0.0,0.0,337.03,5.46,99.0,875.32,
2006,11,8,3,17.69,70.83,0.0,0.0,0.0,335.87,5.37,99.0,875.47,
2006,11,8,4,17.2,73.38,0.0,0.0,0.0,334.7,5.27,98.0,875.61,
2006,11,8,5,18.36,69.47,0.0,0.0,0.0,336.17,5.69,97.0,876.04,
2006,11,8,6,19.51,65.57,13.0,0.0,13.0,337.63,6.11,96.0,876.47,
2006,11,8,7,20.67,61.66,270.0,303.9,158.0,339.1,6.52,94.0,876.9,
2006,11,8,8,22.96,53.72,499.0,446.9,237.0,347.32,6.45,94.0,876.18,
2006,11,8,9,25.25,45.78,685.0,487.83,310.0,355.53,6.37,93.0,875.47,
2006,11,8,10,27.54,37.84,939.0,808.01,209.0,363.75,6.29,92.0,874.75,
2006,11,8,11,28.07,35.56,1052.0,881.48,187.0,369.52,6.18,95.0,873.4,
2006,11,8,12,28.6,33.29,1072.0,885.69,189.0,375.28,6.08,98.0,872.05,
2006,11,8,13,29.14,31.01,984.0,791.07,233.0,381.05,5.97,102.0,870.7,
2006,11,8,14,28.83,31.11,899.0,900.54,141.0,378.67,6.17,103.0,870.3,
2006,11,8,15,28.51,31.2,696.0,817.42,139.0,376.28,6.38,104.0,869.9,
2006,11,8,16,28.2,31.3,461.0,728.09,112.0,373.9,6.58,105.0,869.5,
2006,11,8,17,26.81,33.56,187.0,381.1,92.0,367.72,5.94,109.0,870.36,
2006,11,8,18,25.42,35.81,0.0,0.0,0.0,361.53,5.29,113.0,871.22,
2006,11,8,19,24.03,38.07,0.0,0.0,0.0,355.35,4.65,118.0,872.08,
2006,11,8,20,23.38,39.35,0.0,0.0,0.0,356.58,4.69,118.0,872.77,
2006,11,8,21,22.73,40.64,0.0,0.0,0.0,357.82,4.73,119.0,873.46,
2006,11,8,22,22.08,41.92,0.0,0.0,0.0,359.05,4.77,119.0,874.15,
2006,11,8,23,21.49,44.55,0.0,0.0,0.0,353.73,4.34,117.0,874.03,
2006,11,9,0,20.91,47.19,0.0,0.0,0.0,348.42,3.9,114.0,873.92,
2006,11,9,1,20.32,49.82,0.0,0.0,0.0,343.1,3.46,111.0,873.8,
2006,11,9,2,19.93,52.09,0.0,0.0,0.0,343.42,3.42,110.0,874.09,
2006,11,9,3,19.53,54.36,0.0,0.0,0.0,343.73,3.37,108.0,874.38,
2006,11,9,4,19.14,56.63,0.0,0.0,0.0,344.05,3.32,106.0,874.66,
2006,11,9,5,20.28,54.83,0.0,0.0,0.0,345.35,3.79,104.0,875.06,
2006,11,9,6,21.42,53.04,29.0,0.0,29.0,346.65,4.25,102.0,875.47,
2006,11,9,7,22.56,51.24,151.0,21.69,143.0,347.95,4.72,100.0,875.87,
2006,11,9,8,24.78,45.7,537.0,581.63,196.0,356.6,4.75,100.0,875.18,
2006,11,9,9,27.01,40.17,794.0,823.65,161.0,365.25,4.79,100.0,874.49,
2006,11,9,10,29.23,34.63,965.0,890.2,161.0,373.9,4.83,99.0,873.8,
2006,11,9,11,29.78,32.34,1069.0,932.71,154.0,381.93,4.69,104.0,872.51,
2006,11,9,12,30.34,30.04,1007.0,712.31,297.0,389.97,4.54,108.0,871.22,
2006,11,9,13,30.9,27.75,951.0,700.49,286.0,398.0,4.4,112.0,869.93,
2006,11,9,14,30.46,28.23,778.0,541.59,322.0,394.8,4.62,115.0,869.56,
2006,11,9,15,30.01,28.71,466.0,180.36,343.0,391.6,4.83,118.0,869.18,
2006,11,9,16,29.57,29.19,435.0,591.31,151.0,388.4,5.05,121.0,868.81,
2006,11,9,17,28.24,31.34,192.0,407.0,90.0,384.65,4.65,122.0,869.5,
2006,11,9,18,26.91,33.5,0.0,0.0,0.0,380.9,4.25,123.0,870.19,
2006,11,9,19,25.59,35.65,0.0,0.0,0.0,377.15,3.85,124.0,870.88,
2006,11,9,20,24.77,37.14,0.0,0.0,0.0,372.7,3.51,120.0,871.65,
2006,11,9,21,23.95,38.63,0.0,0.0,0.0,368.25,3.18,117.0,872.42,
2006,11,9,22,23.13,40.12,0.0,0.0,0.0,363.8,2.84,114.0,873.2,
2006,11,9,23,22.73,41.26,0.0,0.0,0.0,360.42,2.73,109.0,872.94,
2006,11,10,0,22.33,42.41,0.0,0.0,0.0,357.03,2.61,104.0,872.68,
2006,11,10,1,21.93,43.55,0.0,0.0,0.0,353.65,2.5,99.0,872.42,
2006,11,10,2,21.41,44.14,0.0,0.0,0.0,351.22,2.54,96.0,872.6,
2006,11,10,3,20.9,44.72,0.0,0.0,0.0,348.78,2.59,93.0,872.77,
2006,11,10,4,20.38,45.31,0.0,0.0,0.0,346.35,2.63,90.0,872.94,
2006,11,10,5,22.26,41.35,0.0,0.0,0.0,347.95,2.96,89.0,873.17,
2006,11,10,6,24.14,37.39,68.0,129.21,51.0,349.55,3.28,89.0,873.4,
2006,11,10,7,26.02,33.43,298.0,428.12,140.0,351.15,3.6,88.0,873.63,
2006,11,10,8,28.05,29.61,566.0,697.68,157.0,358.53,3.71,91.0,872.83,
2006,11,10,9,30.09,25.79,794.0,823.91,161.0,365.92,3.83,94.0,872.02,
2006,11,10,10,32.12,21.97,971.0,907.15,152.0,373.3,3.94,96.0,871.22,
2006,11,10,11,32.75,20.48,1069.0,933.03,154.0,377.67,4.11,103.0,869.99,
2006,11,10,12,33.38,19.0,1101.0,973.38,131.0,382.03,4.29,110.0,868.75,
2006,11,10,13,34.01,17.51,1052.0,993.36,109.0,386.4,4.46,117.0,867.52,
2006,11,10,14,33.36,17.8,749.0,471.37,352.0,383.55,4.76,120.0,867.2,
2006,11,10,15,32.72,18.1,596.0,467.34,277.0,380.7,5.07,123.0,866.89,
2006,11,10,16,32.07,18.39,441.0,615.05,145.0,377.85,5.38,126.0,866.57,
2006,11,10,17,30.41,20.16,197.0,432.58,88.0,373.42,4.74,126.0,867.52,
2006,11,10,18,28.75,21.93,0.0,0.0,0.0,368.98,4.1,127.0,868.47,
2006,11,10,19,27.09,23.7,0.0,0.0,0.0,364.55,3.46,127.0,869.41,
2006,11,10,20,26.06,25.23,0.0,0.0,0.0,360.93,3.37,123.0,869.99,
2006,11,10,21,25.03,26.76,0.0,0.0,0.0,357.32,3.27,120.0,870.56,
2006,11,10,22,24.01,28.29,0.0,0.0,0.0,353.7,3.17,116.0,871.13,
2006,11,10,23,23.5,29.61,0.0,0.0,0.0,350.15,3.22,110.0,870.85,
2006,11,11,0,23.0,30.92,0.0,0.0,0.0,346.6,3.26,105.0,870.56,
2006,11,11,1,22.49,32.24,0.0,0.0,0.0,343.05,3.31,100.0,870.27,
2006,11,11,2,22.15,32.89,0.0,0.0,0.0,342.9,3.2,98.0,870.56,
2006,11,11,3,21.81,33.54,0.0,0.0,0.0,342.75,3.09,95.0,870.85,
2006,11,11,4,21.47,34.19,0.0,0.0,0.0,342.6,2.98,93.0,871.13,
2006,11,11,5,23.57,31.6,0.0,0.0,0.0,345.02,3.39,93.0,871.54,
2006,11,11,6,25.67,29.0,58.0,68.16,49.0,347.43,3.81,93.0,871.94,
2006,11,11,7,27.77,26.41,269.0,297.94,159.0,349.85,4.22,94.0,872.34,
2006,11,11,8,29.57,24.41,537.0,583.5,195.0,358.98,4.3,96.0,871.68,
2006,11,11,9,31.38,22.42,781.0,778.65,183.0,368.12,4.39,97.0,871.02,
2006,11,11,10,33.18,20.42,950.0,841.04,191.0,377.25,4.47,99.0,870.36,
2006,11,11,11,33.65,19.48,1017.0,784.44,248.0,383.92,4.39,104.0,869.13,
2006,11,11,12,34.12,18.55,1037.0,788.93,251.0,390.58,4.31,109.0,867.89,
2006,11,11,13,34.6,17.61,834.0,434.01,422.0,397.25,4.23,114.0,866.66,
2006,11,11,14,34.07,17.58,92.0,0.0,92.0,394.48,4.45,118.0,866.43,
2006,11,11,15,33.54,17.55,78.0,0.0,78.0,391.72,4.66,122.0,866.2,
2006,11,11,16,33.01,17.52,60.0,0.0,60.0,388.95,4.87,126.0,865.97,
2006,11,11,17,31.42,19.5,28.0,0.0,28.0,385.32,4.52,127.0,866.74,
2006,11,11,18,29.82,21.47,0.0,0.0,0.0,381.68,4.17,128.0,867.52,
2006,11,11,19,28.23,23.45,0.0,0.0,0.0,378.05,3.82,128.0,868.29,
2006,11,11,20,27.53,25.26,0.0,0.0,0.0,379.85,3.61,125.0,868.81,
2006,11,11,21,26.83,27.06,0.0,0.0,0.0,381.65,3.4,121.0,869.33,
2006,11,11,22,26.14,28.87,0.0,0.0,0.0,383.45,3.19,118.0,869.84,
2006,11,11,23,25.59,30.92,0.0,0.0,0.0,377.12,3.05,113.0,869.67,
2006,11,12,0,25.05,32.97,0.0,0.0,0.0,370.78,2.91,108.0,869.5,
2006,11,12,1,24.5,35.02,0.0,0.0,0.0,364.45,2.77,103.0,869.33,
2006,11,12,2,24.03,35.75,0.0,0.0,0.0,362.33,2.89,96.0,869.73,
2006,11,12,3,23.57,36.49,0.0,0.0,0.0,360.22,3.01,89.0,870.13,
2006,11,12,4,23.1,37.22,0.0,0.0,0.0,358.1,3.13,82.0,870.53,
2006,11,12,5,24.88,35.49,0.0,0.0,0.0,360.77,3.79,78.0,870.82,
2006,11,12,6,26.66,33.77,19.0,0.0,19.0,363.43,4.46,74.0,871.1,
2006,11,12,7,28.44,32.04,85.0,0.0,85.0,366.1,5.12,70.0,871.39,
2006,11,12,8,29.73,30.15,544.0,607.57,188.0,375.35,5.02,73.0,870.76,
2006,11,12,9,31.02,28.26,550.0,208.43,390.0,384.6,4.91,77.0,870.13,
2006,11,12,10,32.31,26.37,760.0,375.82,421.0,393.85,4.81,81.0,869.5,
2006,11,12,11,32.46,25.51,971.0,666.37,318.0,402.33,4.86,84.0,868.32,
2006,11,12,12,32.62,24.64,298.0,0.0,298.0,410.82,4.91,86.0,867.15,
2006,11,12,13,32.78,23.78,121.0,0.0,121.0,419.3,4.95,89.0,865.97,
2006,11,12,14,32.24,24.36,80.0,0.0,80.0,412.67,5.17,88.0,865.8,
2006,11,12,15,31.71,24.94,63.0,0.0,63.0,406.03,5.39,88.0,865.63,
2006,11,12,16,31.17,25.52,70.0,0.0,70.0,399.4,5.61,88.0,865.45,
2006,11,12,17,29.68,27.62,78.0,3.92,77.0,392.8,4.56,81.0,866.2,
2006,11,12,18,28.19,29.73,0.0,0.0,0.0,386.2,3.5,74.0,866.95,
2006,11,12,19,26.71,31.83,0.0,0.0,0.0,379.6,2.44,67.0,867.69,
2006,11,12,20,25.65,34.54,0.0,0.0,0.0,375.48,2.33,57.0,868.29,
2006,11,12,21,24.59,37.25,0.0,0.0,0.0,371.37,2.22,47.0,868.9,
2006,11,12,22,23.54,39.96,0.0,0.0,0.0,367.25,2.11,37.0,869.5,
2006,11,12,23,22.9,43.74,0.0,0.0,0.0,363.12,2.16,35.0,869.35,
2006,11,13,0,22.25,47.52,0.0,0.0,0.0,358.98,2.21,33.0,869.21,
2006,11,13,1,21.61,51.3,0.0,0.0,0.0,354.85,2.26,31.0,869.07,
2006,11,13,2,21.07,51.44,0.0,0.0,0.0,353.62,2.25,42.0,869.3,
2006,11,13,3,20.54,51.59,0.0,0.0,0.0,352.38,2.23,53.0,869.53,
2006,11,13,4,20.0,51.73,0.0,0.0,0.0,351.15,2.22,63.0,869.76,
2006,11,13,5,22.12,48.51,0.0,0.0,0.0,355.17,2.86,63.0,870.19,
2006,11,13,6,24.23,45.28,25.0,0.0,25.0,359.18,3.5,62.0,870.62,
2006,11,13,7,26.35,42.06,98.0,0.0,98.0,363.2,4.14,62.0,871.05,
2006,11,13,8,27.51,40.9,178.0,0.0,178.0,376.25,4.1,59.0,870.5,
2006,11,13,9,28.66,39.73,406.0,50.83,367.0,389.3,4.06,56.0,869.96,
2006,11,13,10,29.82,38.57,297.0,0.0,297.0,402.35,4.01,53.0,869.41,
2006,11,13,11,30.05,37.2,247.0,0.0,247.0,410.63,3.77,57.0,868.32,
2006,11,13,12,30.29,35.84,150.0,0.0,150.0,418.92,3.52,61.0,867.23,
2006,11,13,13,30.53,34.47,160.0,0.0,160.0,427.2,3.27,65.0,866.14,
2006,11,13,14,29.77,36.17,902.0,903.86,140.0,425.85,3.28,67.0,866.26,
2006,11,13,15,29.01,37.86,702.0,819.59,141.0,424.5,3.29,69.0,866.37,
2006,11,13,16,28.25,39.56,239.0,47.49,216.0,423.15,3.3,70.0,866.49,
2006,11,13,17,26.9,44.16,98.0,19.51,93.0,420.02,2.88,60.0,867.66,
2006,11,13,18,25.54,48.75,0.0,0.0,0.0,416.88,2.46,49.0,868.84,
2006,11,13,19,24.19,53.35,0.0,0.0,0.0,413.75,2.04,39.0,870.01,
2006,11,13,20,23.11,60.3,0.0,0.0,0.0,411.35,1.76,17.0,870.53,
2006,11,13,21,22.03,67.25,0.0,0.0,0.0,408.95,1.48,354.0,871.05,
2006,11,13,22,20.95,74.2,0.0,0.0,0.0,406.55,1.2,332.0,871.56,
2006,11,13,23,20.79,77.34,0.0,0.0,0.0,404.27,1.05,308.0,871.13,
2006,11,14,0,20.64,80.49,0.0,0.0,0.0,401.98,0.9,283.0,870.7,
2006,11,14,1,20.48,83.63,0.0,0.0,0.0,399.7,0.74,259.0,870.27,
2006,11,14,2,20.36,84.85,0.0,0.0,0.0,396.42,0.64,233.0,870.5,
2006,11,14,3,20.24,86.08,0.0,0.0,0.0,393.13,0.53,206.0,870.73,
2006,11,14,4,20.12,87.3,0.0,0.0,0.0,389.85,0.43,180.0,870.96,
2006,11,14,5,20.4,87.48,0.0,0.0,0.0,391.18,0.57,150.0,871.56,
2006,11,14,6,20.69,87.66,23.0,0.0,23.0,392.52,0.7,120.0,872.17,
2006,11,14,7,20.97,87.84,92.0,0.0,92.0,393.85,0.84,91.0,872.77,
2006,11,14,8,21.59,85.63,100.0,0.0,100.0,395.52,0.86,85.0,872.25,
2006,11,14,9,22.21,83.41,189.0,0.0,189.0,397.18,0.88,79.0,871.74,
2006,11,14,10,22.83,81.2,686.0,251.92,459.0,398.85,0.9,74.0,871.22,
2006,11,14,11,22.77,81.08,287.0,0.0,287.0,400.77,1.03,58.0,870.42,
2006,11,14,12,22.71,80.95,877.0,430.94,448.0,402.68,1.16,43.0,869.61,
2006,11,14,13,22.65,80.83,903.0,578.38,354.0,404.6,1.3,28.0,868.81,
2006,11,14,14,22.9,74.38,889.0,854.92,168.0,400.47,1.06,329.0,869.1,
2006,11,14,15,23.15,67.93,607.0,490.39,271.0,396.33,0.83,270.0,869.38,
2006,11,14,16,23.4,61.48,356.0,269.87,225.0,392.2,0.59,211.0,869.67,
2006,11,14,17,22.61,64.57,211.0,500.52,82.0,386.02,0.83,171.0,870.22,
2006,11,14,18,21.82,67.67,0.0,0.0,0.0,379.83,1.07,130.0,870.76,
2006,11,14,19,21.04,70.76,0.0,0.0,0.0,373.65,1.31,89.0,871.31,
2006,11,14,20,20.36,74.29,0.0,0.0,0.0,370.67,1.38,72.0,871.62,
2006,11,14,21,19.69,77.81,0.0,0.0,0.0,367.68,1.46,54.0,871.94,
2006,11,14,22,19.02,81.34,0.0,0.0,0.0,364.7,1.53,36.0,872.25,
2006,11,14,23,18.88,83.58,0.0,0.0,0.0,364.22,1.54,24.0,871.97,
2006,11,15,0,18.75,85.81,0.0,0.0,0.0,363.73,1.54,12.0,871.68,
2006,11,15,1,18.61,88.05,0.0,0.0,0.0,363.25,1.54,360.0,871.39,
2006,11,15,2,18.44,89.57,0.0,0.0,0.0,361.9,1.54,358.0,871.42,
2006,11,15,3,18.26,91.08,0.0,0.0,0.0,360.55,1.54,357.0,871.45,
2006,11,15,4,18.09,92.6,0.0,0.0,0.0,359.2,1.53,356.0,871.48,
2006,11,15,5,19.28,89.3,0.0,0.0,0.0,362.05,1.71,353.0,871.99,
2006,11,15,6,20.46,85.99,91.0,345.23,45.0,364.9,1.89,351.0,872.51,
2006,11,15,7,21.65,82.69,317.0,528.29,122.0,367.75,2.07,348.0,873.03,
2006,11,15,8,21.73,84.83,582.0,769.18,132.0,373.13,1.97,342.0,872.65,
2006,11,15,9,21.81,86.96,803.0,857.37,146.0,378.52,1.88,336.0,872.28,
2006,11,15,10,21.89,89.1,976.0,926.12,142.0,383.9,1.78,331.0,871.91,
2006,11,15,11,21.72,87.69,1075.0,952.37,143.0,385.12,1.7,327.0,871.08,
2006,11,15,12,21.56,86.27,1026.0,759.65,270.0,386.33,1.61,323.0,870.24,
2006,11,15,13,21.4,84.86,701.0,218.09,494.0,387.55,1.53,318.0,869.41,
2006,11,15,14,21.91,78.81,552.0,136.31,437.0,386.08,1.44,270.0,869.24,
2006,11,15,15,22.43,72.77,700.0,806.29,147.0,384.62,1.35,222.0,869.07,
2006,11,15,16,22.94,66.72,220.0,28.78,206.0,383.15,1.26,174.0,868.9,
2006,11,15,17,21.89,71.88,89.0,7.71,87.0,380.95,1.37,150.0,869.67,
2006,11,15,18,20.84,77.03,0.0,0.0,0.0,378.75,1.49,126.0,870.44,
2006,11,15,19,19.79,82.19,0.0,0.0,0.0,376.55,1.61,102.0,871.22,
2006,11,15,20,19.2,85.15,0.0,0.0,0.0,374.4,1.66,92.0,871.59,
2006,11,15,21,18.62,88.1,0.0,0.0,0.0,372.25,1.7,82.0,871.97,
2006,11,15,22,18.04,91.06,0.0,0.0,0.0,370.1,1.74,73.0,872.34,
2006,11,15,23,18.01,92.3,0.0,0.0,0.0,369.37,1.76,65.0,872.05,
2006,11,16,0,17.98,93.55,0.0,0.0,0.0,368.63,1.77,57.0,871.76,
2006,11,16,1,17.95,94.79,0.0,0.0,0.0,367.9,1.79,49.0,871.48,
2006,11,16,2,18.02,94.79,0.0,0.0,0.0,369.38,1.82,48.0,871.74,
2006,11,16,3,18.09,94.78,0.0,0.0,0.0,370.87,1.84,46.0,871.99,
2006,11,16,4,18.16,94.78,0.0,0.0,0.0,372.35,1.86,45.0,872.25,
2006,11,16,5,19.44,89.82,0.0,0.0,0.0,375.95,2.27,37.0,872.6,
2006,11,16,6,20.73,84.86,8.0,0.0,8.0,379.55,2.68,30.0,872.94,
2006,11,16,7,22.01,79.9,29.0,0.0,29.0,383.15,3.09,23.0,873.29,
2006,11,16,8,22.5,79.74,119.0,0.0,119.0,388.58,3.08,21.0,872.65,
2006,11,16,9,23.0,79.59,328.0,13.06,318.0,394.02,3.07,20.0,872.02,
2006,11,16,10,23.49,79.43,140.0,0.0,140.0,399.45,3.06,18.0,871.39,
2006,11,16,11,23.59,78.61,270.0,0.0,270.0,402.85,3.15,20.0,870.36,
2006,11,16,12,23.7,77.8,765.0,252.29,514.0,406.25,3.24,22.0,869.33,
2006,11,16,13,23.81,76.98,752.0,289.74,477.0,409.65,3.32,24.0,868.29,
2006,11,16,14,22.94,79.93,822.0,646.94,276.0,404.02,2.99,30.0,868.78,
2006,11,16,15,22.06,82.88,475.0,187.89,346.0,398.38,2.66,37.0,869.27,
2006,11,16,16,21.19,85.83,459.0,670.55,132.0,392.75,2.33,43.0,869.76,
2006,11,16,17,20.44,88.46,171.0,226.24,112.0,389.72,1.95,49.0,870.67,
2006,11,16,18,19.68,91.1,0.0,0.0,0.0,386.68,1.57,56.0,871.59,
2006,11,16,19,18.93,93.73,0.0,0.0,0.0,383.65,1.19,62.0,872.51,
2006,11,16,20,18.53,94.71,0.0,0.0,0.0,381.05,1.22,67.0,872.71,
2006,11,16,21,18.13,95.69,0.0,0.0,0.0,378.45,1.25,71.0,872.91,
2006,11,16,22,17.74,96.67,0.0,0.0,0.0,375.85,1.28,75.0,873.11,
2006,11,16,23,17.74,97.28,0.0,0.0,0.0,372.78,1.22,70.0,872.77,
2006,11,17,0,17.73,97.88,0.0,0.0,0.0,369.72,1.16,65.0,872.42,
2006,11,17,1,17.73,98.49,0.0,0.0,0.0,366.65,1.1,61.0,872.08,
2006,11,17,2,17.75,98.16,0.0,0.0,0.0,367.05,1.31,64.0,872.08,
2006,11,17,3,17.78,97.82,0.0,0.0,0.0,367.45,1.52,67.0,872.08,
2006,11,17,4,17.8,97.49,0.0,0.0,0.0,367.85,1.72,71.0,872.08,
2006,11,17,5,18.86,93.96,0.0,0.0,0.0,371.65,2.27,66.0,872.42,
2006,11,17,6,19.91,90.44,59.0,67.46,50.0,375.45,2.82,61.0,872.77,
2006,11,17,7,20.97,86.91,338.0,664.55,93.0,379.25,3.37,56.0,873.11,
2006,11,17,8,21.8,84.52,591.0,813.16,116.0,383.58,3.24,51.0,872.51,
2006,11,17,9,22.64,82.13,811.0,890.02,130.0,387.92,3.11,47.0,871.91,
2006,11,17,10,23.47,79.74,907.0,719.41,260.0,392.25,2.98,42.0,871.31,
2006,11,17,11,23.65,78.25,1040.0,851.06,208.0,392.78,2.97,45.0,870.36,
2006,11,17,12,23.84,76.75,1055.0,839.55,220.0,393.32,2.95,48.0,869.41,
2006,11,17,13,24.03,75.26,679.0,190.7,498.0,393.85,2.94,51.0,868.47,
2006,11,17,14,23.43,77.21,470.0,62.77,417.0,391.07,2.65,58.0,868.64,
2006,11,17,15,22.83,79.15,185.0,0.0,185.0,388.28,2.37,65.0,868.81,
2006,11,17,16,22.23,81.1,62.0,0.0,62.0,385.5,2.08,73.0,868.98,
2006,11,17,17,21.34,84.07,43.0,0.0,43.0,382.35,1.92,77.0,869.79,
2006,11,17,18,20.45,87.04,0.0,0.0,0.0,379.2,1.76,81.0,870.59,
2006,11,17,19,19.57,90.01,0.0,0.0,0.0,376.05,1.6,85.0,871.39,
2006,11,17,20,19.27,90.99,0.0,0.0,0.0,376.9,1.57,91.0,871.94,
2006,11,17,21,18.97,91.96,0.0,0.0,0.0,377.75,1.54,97.0,872.48,
2006,11,17,22,18.68,92.94,0.0,0.0,0.0,378.6,1.5,103.0,873.03,
2006,11,17,23,18.77,93.69,0.0,0.0,0.0,379.65,1.44,99.0,872.51,
2006,11,18,0,18.86,94.43,0.0,0.0,0.0,380.7,1.37,95.0,871.99,
2006,11,18,1,18.95,95.18,0.0,0.0,0.0,381.75,1.31,91.0,871.48,
2006,11,18,2,18.8,96.29,0.0,0.0,0.0,378.27,1.43,90.0,871.42,
2006,11,18,3,18.64,97.39,0.0,0.0,0.0,374.78,1.55,88.0,871.36,
2006,11,18,4,18.49,98.5,0.0,0.0,0.0,371.3,1.67,87.0,871.31,
2006,11,18,5,19.21,96.1,0.0,0.0,0.0,375.2,2.17,82.0,871.65,
2006,11,18,6,19.94,93.69,15.0,0.0,15.0,379.1,2.67,77.0,871.99,
2006,11,18,7,20.66,91.29,90.0,0.0,90.0,383.0,3.17,72.0,872.34,
2006,11,18,8,21.69,87.41,562.0,687.1,161.0,387.78,3.21,72.0,871.91,
2006,11,18,9,22.71,83.53,754.0,693.26,224.0,392.57,3.26,71.0,871.48,
2006,11,18,10,23.74,79.65,912.0,734.39,252.0,397.35,3.3,70.0,871.05,
2006,11,18,11,23.71,79.47,935.0,585.42,363.0,397.02,3.23,76.0,870.24,
2006,11,18,12,23.68,79.28,759.0,244.4,516.0,396.68,3.17,82.0,869.44,
2006,11,18,13,23.66,79.1,870.0,504.69,391.0,396.35,3.1,88.0,868.64,
2006,11,18,14,23.42,79.76,315.0,3.55,312.0,393.08,2.89,92.0,868.78,
2006,11,18,15,23.17,80.42,63.0,0.0,63.0,389.82,2.68,96.0,868.92,
2006,11,18,16,22.93,81.08,52.0,0.0,52.0,386.55,2.47,101.0,869.07,
2006,11,18,17,21.8,84.98,121.0,49.26,108.0,384.97,2.15,108.0,870.01,
2006,11,18,18,20.67,88.87,0.0,0.0,0.0,383.38,1.83,115.0,870.96,
2006,11,18,19,19.54,92.77,0.0,0.0,0.0,381.8,1.5,122.0,871.91,
2006,11,18,20,19.07,94.11,0.0,0.0,0.0,377.95,1.51,122.0,872.4,
2006,11,18,21,18.61,95.46,0.0,0.0,0.0,374.1,1.52,121.0,872.88,
2006,11,18,22,18.15,96.8,0.0,0.0,0.0,370.25,1.53,121.0,873.37,
2006,11,18,23,18.18,97.62,0.0,0.0,0.0,369.42,1.67,120.0,873.23,
2006,11,19,0,18.22,98.44,0.0,0.0,0.0,368.58,1.82,120.0,873.08,
2006,11,19,1,18.25,99.26,0.0,0.0,0.0,367.75,1.96,119.0,872.94,
2006,11,19,2,18.18,99.02,0.0,0.0,0.0,374.98,2.29,114.0,873.11,
2006,11,19,3,18.11,98.79,0.0,0.0,0.0,382.22,2.61,110.0,873.29,
2006,11,19,4,18.04,98.55,0.0,0.0,0.0,389.45,2.94,106.0,873.46,
2006,11,19,5,18.49,96.86,0.0,0.0,0.0,391.58,3.46,101.0,873.92,
2006,11,19,6,18.95,95.18,19.0,0.0,19.0,393.72,3.98,96.0,874.38,
2006,11,19,7,19.4,93.49,63.0,0.0,63.0,395.85,4.5,90.0,874.83,
2006,11,19,8,20.45,90.53,316.0,66.89,277.0,394.17,4.54,86.0,874.38,
2006,11,19,9,21.49,87.57,327.0,13.09,317.0,392.48,4.59,80.0,873.92,
2006,11,19,10,22.54,84.61,443.0,30.07,416.0,390.8,4.63,76.0,873.46,
2006,11,19,11,22.86,81.21,362.0,2.05,360.0,391.63,4.81,80.0,872.57,
2006,11,19,12,23.19,77.81,593.0,81.49,512.0,392.47,4.99,84.0,871.68,
2006,11,19,13,23.52,74.41,893.0,554.22,367.0,393.3,5.17,88.0,870.79,
2006,11,19,14,23.36,72.57,711.0,377.51,392.0,389.68,5.01,95.0,870.99,
2006,11,19,15,23.21,70.73,643.0,587.94,238.0,386.07,4.85,102.0,871.19,
2006,11,19,16,23.05,68.89,249.0,52.93,223.0,382.45,4.69,110.0,871.39,
2006,11,19,17,21.93,73.45,170.0,207.12,115.0,376.33,4.03,114.0,871.94,
2006,11,19,18,20.81,78.01,0.0,0.0,0.0,370.22,3.37,118.0,872.48,
2006,11,19,19,19.7,82.57,0.0,0.0,0.0,364.1,2.7,122.0,873.03,
2006,11,19,20,19.22,84.45,0.0,0.0,0.0,359.12,2.69,122.0,873.66,
2006,11,19,21,18.74,86.32,0.0,0.0,0.0,354.13,2.68,123.0,874.29,
2006,11,19,22,18.27,88.2,0.0,0.0,0.0,349.15,2.66,123.0,874.92,
2006,11,19,23,18.33,87.83,0.0,0.0,0.0,348.32,2.83,122.0,874.92,
2006,11,20,0,18.39,87.45,0.0,0.0,0.0,347.48,2.99,122.0,874.92,
2006,11,20,1,18.45,87.08,0.0,0.0,0.0,346.65,3.16,122.0,874.92,
2006,11,20,2,18.47,84.05,0.0,0.0,0.0,348.12,3.47,116.0,875.01,
2006,11,20,3,18.49,81.03,0.0,0.0,0.0,349.58,3.78,111.0,875.09,
2006,11,20,4,18.51,78.0,0.0,0.0,0.0,351.05,4.1,105.0,875.18,
2006,11,20,5,19.67,73.37,0.0,0.0,0.0,349.67,4.95,104.0,875.64,
2006,11,20,6,20.82,68.74,84.0,262.89,49.0,348.28,5.8,104.0,876.1,
2006,11,20,7,21.98,64.11,338.0,663.92,94.0,346.9,6.65,103.0,876.56,
2006,11,20,8,23.3,59.38,586.0,798.45,121.0,351.33,6.62,102.0,875.9,
2006,11,20,9,24.62,54.64,805.0,874.08,138.0,355.77,6.59,102.0,875.24,
2006,11,20,10,25.94,49.91,937.0,811.29,209.0,360.2,6.57,101.0,874.58,
2006,11,20,11,26.06,49.4,1011.0,771.55,258.0,363.6,6.35,103.0,873.46,
2006,11,20,12,26.18,48.88,1085.0,923.91,167.0,367.0,6.14,104.0,872.34,
2006,11,20,13,26.31,48.37,939.0,661.7,311.0,370.4,5.93,106.0,871.22,
2006,11,20,14,25.53,52.98,795.0,570.15,313.0,371.65,5.63,106.0,871.08,
2006,11,20,15,24.74,57.59,698.0,780.12,160.0,372.9,5.33,107.0,870.93,
2006,11,20,16,23.96,62.2,450.0,601.11,154.0,374.15,5.03,108.0,870.79,
2006,11,20,17,22.69,67.36,221.0,512.77,84.0,367.62,4.11,104.0,871.48,
2006,11,20,18,21.42,72.53,0.0,0.0,0.0,361.08,3.2,101.0,872.17,
2006,11,20,19,20.15,77.69,0.0,0.0,0.0,354.55,2.28,98.0,872.85,
2006,11,20,20,19.42,81.32,0.0,0.0,0.0,350.7,2.32,98.0,873.34,
2006,11,20,21,18.69,84.94,0.0,0.0,0.0,346.85,2.36,98.0,873.83,
2006,11,20,22,17.97,88.57,0.0,0.0,0.0,343.0,2.4,98.0,874.32,
2006,11,20,23,17.79,89.79,0.0,0.0,0.0,340.9,2.51,100.0,874.09,
2006,11,21,0,17.61,91.02,0.0,0.0,0.0,338.8,2.61,103.0,873.86,
2006,11,21,1,17.43,92.24,0.0,0.0,0.0,336.7,2.72,105.0,873.63,
2006,11,21,2,17.44,92.07,0.0,0.0,0.0,336.08,2.51,105.0,873.46,
2006,11,21,3,17.45,91.91,0.0,0.0,0.0,335.47,2.3,105.0,873.29,
2006,11,21,4,17.46,91.74,0.0,0.0,0.0,334.85,2.1,105.0,873.11,
2006,11,21,5,19.26,83.76,0.0,0.0,0.0,337.35,2.94,103.0,873.4,
2006,11,21,6,21.07,75.79,83.0,248.29,50.0,339.85,3.79,101.0,873.69,
2006,11,21,7,22.87,67.81,332.0,629.42,101.0,342.35,4.63,99.0,873.97,
2006,11,21,8,24.38,61.02,583.0,783.93,127.0,348.95,4.76,96.0,873.34,
2006,11,21,9,25.9,54.22,804.0,873.65,138.0,355.55,4.89,94.0,872.71,
2006,11,21,10,27.41,47.43,968.0,910.1,152.0,362.15,5.02,91.0,872.08,
2006,11,21,11,27.94,43.81,1051.0,884.79,188.0,365.48,4.85,92.0,871.05,
2006,11,21,12,28.47,40.18,1103.0,977.58,132.0,368.82,4.68,94.0,870.01,
2006,11,21,13,29.0,36.56,1029.0,910.37,165.0,372.15,4.51,95.0,868.98,
2006,11,21,14,28.56,37.17,870.0,779.16,211.0,377.22,4.55,98.0,868.67,
2006,11,21,15,28.11,37.79,715.0,841.47,134.0,382.28,4.58,102.0,868.35,
2006,11,21,16,27.67,38.4,492.0,806.2,94.0,387.35,4.62,105.0,868.04,
2006,11,21,17,26.0,44.26,224.0,524.48,83.0,382.22,4.0,108.0,868.64,
2006,11,21,18,24.32,50.13,0.0,0.0,0.0,377.08,3.38,111.0,869.24,
2006,11,21,19,22.65,55.99,0.0,0.0,0.0,371.95,2.76,114.0,869.84,
2006,11,21,20,21.79,60.62,0.0,0.0,0.0,368.08,2.77,113.0,870.56,
2006,11,21,21,20.93,65.24,0.0,0.0,0.0,364.22,2.79,111.0,871.28,
2006,11,21,22,20.07,69.87,0.0,0.0,0.0,360.35,2.8,110.0,871.99,
2006,11,21,23,19.68,73.26,0.0,0.0,0.0,358.73,2.71,110.0,871.76,
2006,11,22,0,19.28,76.64,0.0,0.0,0.0,357.12,2.62,110.0,871.54,
2006,11,22,1,18.89,80.03,0.0,0.0,0.0,355.5,2.52,110.0,871.31,
2006,11,22,2,18.77,81.8,0.0,0.0,0.0,356.83,2.56,106.0,871.28,
2006,11,22,3,18.65,83.57,0.0,0.0,0.0,358.17,2.59,102.0,871.25,
2006,11,22,4,18.53,85.34,0.0,0.0,0.0,359.5,2.62,97.0,871.22,
2006,11,22,5,20.59,78.53,0.0,0.0,0.0,362.55,2.69,94.0,871.59,
2006,11,22,6,22.65,71.73,86.0,279.01,49.0,365.6,2.75,91.0,871.97,
2006,11,22,7,24.71,64.92,326.0,594.92,108.0,368.65,2.81,88.0,872.34,
2006,11,22,8,25.52,62.52,585.0,798.7,121.0,373.75,3.04,89.0,871.76,
2006,11,22,9,26.33,60.11,804.0,874.57,138.0,378.85,3.27,89.0,871.19,
2006,11,22,10,27.14,57.71,978.0,944.36,132.0,383.95,3.5,89.0,870.62,
2006,11,22,11,27.2,56.25,1080.0,971.51,133.0,385.47,3.44,95.0,869.73,
2006,11,22,12,27.26,54.8,990.0,671.75,323.0,386.98,3.37,101.0,868.84,
2006,11,22,13,27.33,53.34,956.0,704.9,287.0,388.5,3.31,107.0,867.95,
2006,11,22,14,26.06,61.66,600.0,190.26,439.0,387.38,3.17,109.0,868.15,
2006,11,22,15,24.8,69.98,647.0,588.75,240.0,386.27,3.03,111.0,868.35,
2006,11,22,16,23.53,78.3,445.0,567.74,164.0,385.15,2.88,113.0,868.55,
2006,11,22,17,22.54,81.21,226.0,528.62,83.0,381.58,2.57,104.0,869.15,
2006,11,22,18,21.55,84.12,0.0,0.0,0.0,378.02,2.26,96.0,869.76,
2006,11,22,19,20.57,87.03,0.0,0.0,0.0,374.45,1.94,88.0,870.36,
2006,11,22,20,19.97,88.88,0.0,0.0,0.0,371.5,2.02,87.0,870.99,
2006,11,22,21,19.38,90.74,0.0,0.0,0.0,368.55,2.09,86.0,871.62,
2006,11,22,22,18.79,92.59,0.0,0.0,0.0,365.6,2.17,86.0,872.25,
2006,11,22,23,18.65,93.21,0.0,0.0,0.0,363.48,1.94,85.0,871.94,
2006,11,23,0,18.5,93.82,0.0,0.0,0.0,361.37,1.72,85.0,871.62,
2006,11,23,1,18.36,94.44,0.0,0.0,0.0,359.25,1.5,84.0,871.31,
2006,11,23,2,18.54,94.11,0.0,0.0,0.0,358.25,1.6,82.0,871.22,
2006,11,23,3,18.73,93.79,0.0,0.0,0.0,357.25,1.7,81.0,871.13,
2006,11,23,4,18.91,93.46,0.0,0.0,0.0,356.25,1.79,79.0,871.05,
2006,11,23,5,20.25,90.21,0.0,0.0,0.0,360.25,2.67,76.0,871.39,
2006,11,23,6,21.58,86.95,83.0,257.1,49.0,364.25,3.55,73.0,871.74,
2006,11,23,7,22.92,83.7,317.0,541.27,119.0,368.25,4.43,69.0,872.08,
2006,11,23,8,23.93,78.26,563.0,699.82,157.0,377.15,4.37,65.0,871.54,
2006,11,23,9,24.94,72.81,795.0,842.68,154.0,386.05,4.31,60.0,870.99,
2006,11,23,10,25.95,67.37,973.0,927.31,143.0,394.95,4.25,55.0,870.44,
2006,11,23,11,26.4,63.23,1010.0,771.95,258.0,398.67,4.26,58.0,869.47,
2006,11,23,12,26.85,59.09,931.0,537.99,397.0,402.38,4.27,61.0,868.49,
2006,11,23,13,27.3,54.95,861.0,482.57,403.0,406.1,4.28,63.0,867.52,
2006,11,23,14,26.85,56.57,724.0,399.24,386.0,399.02,4.0,76.0,867.6,
2006,11,23,15,26.4,58.19,582.0,398.76,306.0,391.93,3.72,89.0,867.69,
2006,11,23,16,25.95,59.81,478.0,717.4,122.0,384.85,3.45,101.0,867.78,
2006,11,23,17,24.58,65.15,234.0,587.77,74.0,382.78,3.02,117.0,868.81,
2006,11,23,18,23.21,70.49,0.0,0.0,0.0,380.72,2.59,132.0,869.84,
2006,11,23,19,21.84,75.83,0.0,0.0,0.0,378.65,2.17,147.0,870.88,
2006,11,23,20,21.11,80.43,0.0,0.0,0.0,377.23,2.06,142.0,871.54,
2006,11,23,21,20.38,85.03,0.0,0.0,0.0,375.82,1.95,136.0,872.19,
2006,11,23,22,19.65,89.63,0.0,0.0,0.0,374.4,1.85,131.0,872.85,
2006,11,23,23,19.37,91.85,0.0,0.0,0.0,374.9,1.7,94.0,872.63,
2006,11,24,0,19.1,94.06,0.0,0.0,0.0,375.4,1.55,58.0,872.4,
2006,11,24,1,18.82,96.28,0.0,0.0,0.0,375.9,1.41,21.0,872.17,
2006,11,24,2,18.56,96.67,0.0,0.0,0.0,375.53,1.54,21.0,872.4,
2006,11,24,3,18.29,97.07,0.0,0.0,0.0,375.17,1.67,20.0,872.63,
2006,11,24,4,18.03,97.46,0.0,0.0,0.0,374.8,1.81,20.0,872.85,
2006,11,24,5,18.65,96.4,0.0,0.0,0.0,375.88,2.14,29.0,873.23,
2006,11,24,6,19.27,95.33,8.0,0.0,8.0,376.97,2.47,39.0,873.6,
2006,11,24,7,19.89,94.27,29.0,0.0,29.0,378.05,2.8,49.0,873.97,
2006,11,24,8,20.94,90.19,205.0,3.45,203.0,380.62,2.78,52.0,873.43,
2006,11,24,9,22.0,86.11,737.0,651.5,242.0,383.18,2.76,55.0,872.88,
2006,11,24,10,23.05,82.03,972.0,927.03,143.0,385.75,2.74,59.0,872.34,
2006,11,24,11,23.17,80.73,1073.0,954.25,144.0,389.0,2.68,58.0,871.25,
2006,11,24,12,23.3,79.42,1074.0,890.91,190.0,392.25,2.62,58.0,870.16,
2006,11,24,13,23.43,78.12,541.0,65.32,479.0,395.5,2.55,58.0,869.07,
2006,11,24,14,23.06,79.53,527.0,106.25,437.0,391.63,2.35,67.0,869.35,
2006,11,24,15,22.68,80.93,688.0,724.35,186.0,387.77,2.15,76.0,869.64,
2006,11,24,16,22.31,82.34,326.0,168.83,242.0,383.9,1.94,85.0,869.93,
2006,11,24,17,21.27,85.95,179.0,215.38,120.0,380.05,1.91,84.0,870.67,
2006,11,24,18,20.23,89.57,0.0,0.0,0.0,376.2,1.88,83.0,871.42,
2006,11,24,19,19.2,93.18,0.0,0.0,0.0,372.35,1.85,82.0,872.17,
2006,11,24,20,18.8,94.29,0.0,0.0,0.0,371.88,1.82,82.0,872.85,
2006,11,24,21,18.41,95.41,0.0,0.0,0.0,371.42,1.79,82.0,873.54,
2006,11,24,22,18.02,96.52,0.0,0.0,0.0,370.95,1.77,83.0,874.23,
2006,11,24,23,17.87,97.41,0.0,0.0,0.0,370.65,1.62,57.0,873.86,
2006,11,25,0,17.73,98.3,0.0,0.0,0.0,370.35,1.47,31.0,873.49,
2006,11,25,1,17.58,99.19,0.0,0.0,0.0,370.05,1.32,6.0,873.11,
2006,11,25,2,17.78,98.71,0.0,0.0,0.0,377.9,1.2,356.0,873.2,
2006,11,25,3,17.99,98.24,0.0,0.0,0.0,385.75,1.09,345.0,873.29,
2006,11,25,4,18.19,97.76,0.0,0.0,0.0,393.6,0.97,335.0,873.37,
2006,11,25,5,19.04,94.86,0.0,0.0,0.0,395.93,1.28,3.0,873.54,
2006,11,25,6,19.89,91.96,57.0,60.92,49.0,398.27,1.6,31.0,873.72,
2006,11,25,7,20.74,89.06,44.0,0.0,44.0,400.6,1.92,59.0,873.89,
2006,11,25,8,21.92,83.74,189.0,1.73,188.0,399.33,2.03,56.0,873.29,
2006,11,25,9,23.09,78.43,309.0,9.22,302.0,398.07,2.15,54.0,872.68,
2006,11,25,10,24.27,73.11,213.0,0.0,213.0,396.8,2.26,52.0,872.08,
2006,11,25,11,24.83,69.27,465.0,22.61,443.0,397.25,2.31,53.0,870.93,
2006,11,25,12,25.4,65.42,481.0,25.2,456.0,397.7,2.35,55.0,869.79,
2006,11,25,13,25.97,61.58,676.0,184.38,501.0,398.15,2.4,57.0,868.64,
2006,11,25,14,25.48,64.64,557.0,136.87,441.0,396.45,2.38,63.0,868.55,
2006,11,25,15,25.0,67.71,564.0,351.62,320.0,394.75,2.36,70.0,868.47,
2006,11,25,16,24.51,70.77,466.0,641.42,146.0,393.05,2.34,76.0,868.38,
2006,11,25,17,23.21,76.81,209.0,373.63,106.0,390.07,2.2,86.0,869.41,
2006,11,25,18,21.9,82.85,0.0,0.0,0.0,387.08,2.06,96.0,870.44,
2006,11,25,19,20.6,88.89,0.0,0.0,0.0,384.1,1.92,106.0,871.48,
2006,11,25,20,20.1,90.8,0.0,0.0,0.0,383.27,1.89,103.0,872.02,
2006,11,25,21,19.61,92.71,0.0,0.0,0.0,382.43,1.86,99.0,872.57,
2006,11,25,22,19.12,94.62,0.0,0.0,0.0,381.6,1.83,96.0,873.11,
2006,11,25,23,19.01,95.65,0.0,0.0,0.0,380.57,1.72,92.0,872.8,
2006,11,26,0,18.91,96.69,0.0,0.0,0.0,379.53,1.61,88.0,872.48,
2006,11,26,1,18.8,97.72,0.0,0.0,0.0,378.5,1.5,83.0,872.17,
2006,11,26,2,18.62,97.55,0.0,0.0,0.0,374.78,1.58,85.0,872.22,
2006,11,26,3,18.43,97.37,0.0,0.0,0.0,371.07,1.65,86.0,872.28,
2006,11,26,4,18.25,97.2,0.0,0.0,0.0,367.35,1.72,88.0,872.34,
2006,11,26,5,19.01,95.67,0.0,0.0,0.0,367.13,2.45,87.0,872.65,
2006,11,26,6,19.78,94.13,8.0,0.0,8.0,366.92,3.17,87.0,872.97,
2006,11,26,7,20.54,92.6,187.0,66.01,163.0,366.7,3.89,86.0,873.29,
2006,11,26,8,21.45,87.74,492.0,439.83,238.0,372.75,3.91,84.0,872.85,
2006,11,26,9,22.37,82.88,788.0,827.27,161.0,378.8,3.94,82.0,872.42,
2006,11,26,10,23.28,78.02,918.0,765.21,235.0,384.85,3.96,80.0,871.99,
2006,11,26,11,23.68,74.77,927.0,572.89,370.0,388.5,4.04,85.0,871.08,
2006,11,26,12,24.08,71.51,1062.0,858.24,211.0,392.15,4.12,91.0,870.16,
2006,11,26,13,24.48,68.26,1037.0,929.23,155.0,395.8,4.21,97.0,869.24,
2006,11,26,14,23.03,75.7,459.0,53.07,414.0,396.83,4.42,104.0,869.7,
2006,11,26,15,21.59,83.15,262.0,4.32,259.0,397.87,4.63,110.0,870.16,
2006,11,26,16,20.14,90.59,106.0,0.0,106.0,398.9,4.84,117.0,870.62,
2006,11,26,17,19.38,92.21,21.0,0.0,21.0,394.67,4.66,114.0,871.39,
2006,11,26,18,18.61,93.83,2.0,0.0,2.0,390.43,4.47,112.0,872.17,
2006,11,26,19,17.85,95.45,0.0,0.0,0.0,386.2,4.29,109.0,872.94,
2006,11,26,20,17.72,94.86,0.0,0.0,0.0,383.15,3.96,108.0,873.37,
2006,11,26,21,17.59,94.26,0.0,0.0,0.0,380.1,3.63,108.0,873.8,
2006,11,26,22,17.46,93.67,0.0,0.0,0.0,377.05,3.3,107.0,874.23,
2006,11,26,23,17.61,92.95,0.0,0.0,0.0,377.5,3.22,109.0,874.03,
2006,11,27,0,17.76,92.23,0.0,0.0,0.0,377.95,3.14,110.0,873.83,
2006,11,27,1,17.91,91.51,0.0,0.0,0.0,378.4,3.06,112.0,873.63,
2006,11,27,2,17.85,89.83,0.0,0.0,0.0,376.77,3.37,111.0,873.69,
2006,11,27,3,17.79,88.14,0.0,0.0,0.0,375.13,3.69,111.0,873.74,
2006,11,27,4,17.73,86.46,0.0,0.0,0.0,373.5,4.0,110.0,873.8,
2006,11,27,5,18.47,83.04,0.0,0.0,0.0,372.63,4.69,107.0,874.17,
2006,11,27,6,19.2,79.63,17.0,0.0,17.0,371.77,5.39,103.0,874.55,
2006,11,27,7,19.94,76.21,65.0,0.0,65.0,370.9,6.08,99.0,874.92,
2006,11,27,8,21.42,70.67,513.0,515.16,216.0,373.95,6.09,98.0,874.15,
2006,11,27,9,22.89,65.13,592.0,293.29,370.0,377.0,6.1,96.0,873.37,
2006,11,27,10,24.37,59.59,613.0,162.61,468.0,380.05,6.11,95.0,872.6,
2006,11,27,11,24.57,58.2,800.0,329.35,480.0,384.9,5.98,100.0,871.56,
2006,11,27,12,24.78,56.81,587.0,77.68,510.0,389.75,5.85,104.0,870.53,
2006,11,27,13,24.99,55.42,710.0,226.5,495.0,394.6,5.72,108.0,869.5,
2006,11,27,14,24.29,57.12,751.0,452.59,367.0,395.25,5.75,111.0,869.7,
2006,11,27,15,23.59,58.83,492.0,202.65,351.0,395.9,5.77,114.0,869.9,
2006,11,27,16,22.89,60.53,496.0,775.48,107.0,396.55,5.79,116.0,870.1,
2006,11,27,17,22.05,62.91,111.0,21.49,105.0,392.03,5.07,113.0,870.82,
2006,11,27,18,21.21,65.3,2.0,0.0,2.0,387.52,4.34,109.0,871.54,
2006,11,27,19,20.37,67.68,0.0,0.0,0.0,383.0,3.61,106.0,872.25,
2006,11,27,20,19.8,69.42,0.0,0.0,0.0,376.97,3.21,104.0,872.68,
2006,11,27,21,19.23,71.15,0.0,0.0,0.0,370.93,2.81,101.0,873.11,
2006,11,27,22,18.67,72.89,0.0,0.0,0.0,364.9,2.41,99.0,873.54,
2006,11,27,23,18.42,74.49,0.0,0.0,0.0,361.0,2.45,98.0,873.31,
2006,11,28,0,18.17,76.09,0.0,0.0,0.0,357.1,2.49,98.0,873.08,
2006,11,28,1,17.92,77.69,0.0,0.0,0.0,353.2,2.52,97.0,872.85,
2006,11,28,2,17.73,77.97,0.0,0.0,0.0,350.03,2.49,96.0,872.77,
2006,11,28,3,17.55,78.24,0.0,0.0,0.0,346.87,2.45,96.0,872.68,
2006,11,28,4,17.36,78.52,0.0,0.0,0.0,343.7,2.41,95.0,872.6,
2006,11,28,5,18.99,73.45,0.0,0.0,0.0,345.12,2.97,97.0,873.0,
2006,11,28,6,20.62,68.38,65.0,115.86,50.0,346.53,3.52,99.0,873.4,
2006,11,28,7,22.25,63.31,317.0,561.05,114.0,347.95,4.07,102.0,873.8,
2006,11,28,8,23.53,58.44,571.0,755.87,136.0,354.78,4.33,103.0,873.31,
2006,11,28,9,24.81,53.56,791.0,842.67,154.0,361.62,4.59,104.0,872.83,
2006,11,28,10,26.09,48.69,954.0,876.73,173.0,368.45,4.86,105.0,872.34,
2006,11,28,11,26.0,48.38,1054.0,903.23,177.0,377.13,4.92,109.0,871.42,
2006,11,28,12,25.91,48.08,878.0,432.94,449.0,385.82,4.99,114.0,870.5,
2006,11,28,13,25.83,47.77,931.0,635.21,328.0,394.5,5.06,119.0,869.58,
2006,11,28,14,25.48,48.27,762.0,475.88,358.0,396.1,5.05,119.0,869.38,
2006,11,28,15,25.14,48.76,697.0,740.59,181.0,397.7,5.03,119.0,869.18,
2006,11,28,16,24.79,49.26,445.0,526.82,180.0,399.3,5.02,120.0,868.98,
2006,11,28,17,23.59,52.89,209.0,348.78,111.0,389.7,4.18,116.0,869.64,
2006,11,28,18,22.39,56.52,2.0,0.0,2.0,380.1,3.34,112.0,870.3,
2006,11,28,19,21.2,60.15,0.0,0.0,0.0,370.5,2.5,108.0,870.96,
2006,11,28,20,20.43,63.06,0.0,0.0,0.0,365.52,2.48,103.0,871.62,
2006,11,28,21,19.67,65.97,0.0,0.0,0.0,360.53,2.46,99.0,872.28,
2006,11,28,22,18.91,68.88,0.0,0.0,0.0,355.55,2.44,95.0,872.94,
2006,11,28,23,18.69,70.65,0.0,0.0,0.0,354.25,2.43,94.0,872.71,
2006,11,29,0,18.46,72.41,0.0,0.0,0.0,352.95,2.41,94.0,872.48,
2006,11,29,1,18.24,74.18,0.0,0.0,0.0,351.65,2.4,94.0,872.25,
2006,11,29,2,18.26,72.31,0.0,0.0,0.0,351.03,2.49,100.0,872.31,
2006,11,29,3,18.27,70.45,0.0,0.0,0.0,350.42,2.57,106.0,872.37,
2006,11,29,4,18.29,68.58,0.0,0.0,0.0,349.8,2.66,112.0,872.42,
2006,11,29,5,19.88,63.92,0.0,0.0,0.0,345.32,3.57,111.0,872.77,
2006,11,29,6,21.48,59.26,74.0,186.45,50.0,340.83,4.47,110.0,873.11,
2006,11,29,7,23.07,54.6,300.0,468.32,131.0,336.35,5.38,109.0,873.46,
2006,11,29,8,24.37,49.69,555.0,685.88,161.0,341.3,5.81,110.0,873.06,
2006,11,29,9,25.66,44.79,781.0,810.72,169.0,346.25,6.24,111.0,872.65,
2006,11,29,10,26.96,39.88,958.0,893.35,163.0,351.2,6.68,111.0,872.25,
2006,11,29,11,27.16,38.59,1008.0,772.96,258.0,357.95,6.58,114.0,871.25,
2006,11,29,12,27.36,37.29,1085.0,926.73,167.0,364.7,6.48,117.0,870.24,
2006,11,29,13,27.57,36.0,688.0,198.03,500.0,371.45,6.39,120.0,869.24,
2006,11,29,14,26.87,37.13,703.0,350.8,405.0,369.1,6.1,119.0,869.21,
2006,11,29,15,26.17,38.26,730.0,862.81,128.0,366.75,5.82,118.0,869.18,
2006,11,29,16,25.47,39.39,478.0,672.05,139.0,364.4,5.53,116.0,869.15,
2006,11,29,17,23.86,42.49,234.0,502.16,92.0,356.58,4.61,110.0,869.9,
2006,11,29,18,22.25,45.59,2.0,0.0,2.0,348.77,3.69,104.0,870.65,
2006,11,29,19,20.64,48.69,0.0,0.0,0.0,340.95,2.77,98.0,871.39,
2006,11,29,20,19.7,50.07,0.0,0.0,0.0,338.02,2.83,91.0,871.97,
2006,11,29,21,18.76,51.46,0.0,0.0,0.0,335.08,2.88,84.0,872.54,
2006,11,29,22,17.83,52.84,0.0,0.0,0.0,332.15,2.94,77.0,873.11,
2006,11,29,23,17.56,53.52,0.0,0.0,0.0,336.72,2.86,79.0,872.85,
2006,11,30,0,17.3,54.21,0.0,0.0,0.0,341.28,2.77,81.0,872.6,
2006,11,30,1,17.03,54.89,0.0,0.0,0.0,345.85,2.69,84.0,872.34,
2006,11,30,2,16.64,55.44,0.0,0.0,0.0,335.97,2.68,86.0,872.48,
2006,11,30,3,16.26,55.99,0.0,0.0,0.0,326.08,2.67,88.0,872.63,
2006,11,30,4,15.87,56.54,0.0,0.0,0.0,316.2,2.66,90.0,872.77,
2006,11,30,5,17.81,54.15,0.0,0.0,0.0,316.58,3.17,92.0,873.2,
2006,11,30,6,19.74,51.76,81.0,257.98,48.0,316.97,3.67,95.0,873.63,
2006,11,30,7,21.68,49.37,327.0,639.13,97.0,317.35,4.18,98.0,874.06,
2006,11,30,8,23.33,45.45,575.0,783.12,126.0,323.95,4.29,101.0,873.57,
2006,11,30,9,24.97,41.53,793.0,858.29,146.0,330.55,4.41,105.0,873.08,
2006,11,30,10,26.62,37.61,968.0,928.02,143.0,337.15,4.52,109.0,872.6,
2006,11,30,11,27.05,35.4,1076.0,973.57,132.0,342.52,4.46,115.0,871.48,
2006,11,30,12,27.49,33.19,1097.0,962.38,144.0,347.88,4.4,122.0,870.36,
2006,11,30,13,27.93,30.98,892.0,543.47,376.0,353.25,4.33,129.0,869.24,
2006,11,30,14,27.29,32.38,739.0,421.17,381.0,362.18,4.38,128.0,868.92,
2006,11,30,15,26.66,33.77,590.0,400.73,310.0,371.12,4.43,128.0,868.61,
2006,11,30,16,26.02,35.17,440.0,496.19,189.0,380.05,4.48,128.0,868.29,
2006,11,30,17,24.39,39.56,230.0,460.31,99.0,372.48,3.9,124.0,868.95,
2006,11,30,18,19.21,45.78,2.0,0.0,2.0,331.7,3.01,119.0,869.61,
2006,11,30,19,19.23,49.81,0.0,0.0,0.0,336.36,2.86,115.0,870.27,
2006,11,30,20,19.25,53.84,0.0,0.0,0.0,341.02,2.72,105.0,870.96,
2006,11,30,21,19.28,57.88,0.0,0.0,0.0,345.67,2.58,95.0,871.65,
2006,11,30,22,19.3,61.91,0.0,0.0,0.0,350.33,2.44,85.0,872.34,
2006,11,30,23,19.32,65.94,0.0,0.0,0.0,354.99,2.3,78.0,872.11,
2005,12,1,0,19.34,69.98,0.0,0.0,0.0,359.65,2.16,71.0,871.88,
2005,12,1,1,19.36,74.01,0.0,0.0,0.0,364.3,2.02,64.0,871.65,
2005,12,1,2,19.38,78.05,0.0,0.0,0.0,368.96,1.88,303.0,871.33,
2005,12,1,3,19.41,82.08,0.0,0.0,0.0,373.62,1.74,324.0,871.36,
2005,12,1,4,19.43,86.11,0.0,0.0,0.0,378.28,1.6,345.0,871.39,
2005,12,1,5,19.45,90.15,0.0,0.0,0.0,382.93,1.45,3.0,871.68,
2005,12,1,6,19.47,94.18,1.0,7.93,0.0,387.59,1.31,21.0,871.97,
2005,12,1,7,19.49,98.21,126.0,44.73,110.0,392.25,1.17,39.0,872.25,
2005,12,1,8,19.51,100.0,60.0,0.0,60.0,396.9,1.03,36.0,871.79,
2005,12,1,9,19.53,100.0,162.0,0.0,162.0,401.56,0.89,34.0,871.33,
2005,12,1,10,22.67,87.93,803.0,589.56,280.0,410.1,2.84,32.0,870.88,
2005,12,1,11,22.42,87.74,1016.0,890.23,154.0,408.42,2.88,29.0,870.24,
2005,12,1,12,22.17,87.56,1075.0,928.63,156.0,406.73,2.92,25.0,869.61,
2005,12,1,13,21.93,87.37,1101.0,1090.89,65.0,405.05,2.97,21.0,868.98,
2005,12,1,14,21.78,86.47,890.0,721.38,276.0,403.32,2.69,29.0,869.18,
2005,12,1,15,21.63,85.56,802.0,936.12,146.0,401.58,2.41,36.0,869.38,
2005,12,1,16,21.48,84.66,589.0,900.22,131.0,399.85,2.14,43.0,869.58,
2005,12,1,17,20.82,87.69,330.0,718.15,123.0,396.53,1.85,36.0,870.3,
2005,12,1,18,20.16,90.72,106.0,1014.38,51.0,393.22,1.56,29.0,871.02,
2005,12,1,19,19.5,93.75,0.0,0.0,0.0,389.9,1.27,21.0,871.74,
2005,12,1,20,19.1,94.78,0.0,0.0,0.0,386.97,1.36,28.0,872.14,
2005,12,1,21,18.71,95.82,0.0,0.0,0.0,384.03,1.45,35.0,872.54,
2005,12,1,22,18.32,96.85,0.0,0.0,0.0,381.1,1.54,42.0,872.94,
2005,12,1,23,18.51,97.17,0.0,0.0,0.0,384.25,1.37,49.0,872.65,
2005,12,2,0,18.7,97.49,0.0,0.0,0.0,387.4,1.2,56.0,872.37,
2005,12,2,1,18.89,97.81,0.0,0.0,0.0,390.55,1.02,64.0,872.08,
2005,12,2,2,18.96,98.17,0.0,0.0,0.0,396.43,0.97,90.0,872.19,
2005,12,2,3,19.03,98.53,0.0,0.0,0.0,402.32,0.91,117.0,872.31,
2005,12,2,4,19.1,98.89,0.0,0.0,0.0,408.2,0.86,144.0,872.42,
2005,12,2,5,19.5,98.24,0.0,0.0,0.0,409.0,1.18,123.0,872.83,
2005,12,2,6,19.9,97.59,1.0,7.99,0.0,409.8,1.5,103.0,873.23,
2005,12,2,7,20.3,96.94,32.0,0.0,32.0,410.6,1.82,83.0,873.63,
2005,12,2,8,21.45,92.27,92.0,0.0,92.0,409.6,2.54,74.0,873.08,
2005,12,2,9,22.61,87.6,68.0,0.0,68.0,408.6,3.26,66.0,872.54,
2005,12,2,10,23.76,82.93,234.0,0.0,234.0,407.6,3.99,57.0,871.99,
2005,12,2,11,23.36,83.09,319.0,1.03,318.0,406.87,4.02,56.0,871.16,
2005,12,2,12,22.96,83.26,594.0,85.92,509.0,406.13,4.05,56.0,870.33,
2005,12,2,13,22.57,83.42,769.0,293.74,490.0,405.4,4.08,55.0,869.5,
2005,12,2,14,22.34,81.34,854.0,619.9,326.0,402.97,3.49,62.0,869.81,
2005,12,2,15,22.11,79.27,786.0,867.75,177.0,400.53,2.89,70.0,870.13,
2005,12,2,16,21.88,77.19,449.0,331.21,280.0,398.1,2.29,77.0,870.44,
2005,12,2,17,21.06,80.52,249.0,244.76,178.0,393.62,2.17,106.0,870.96,
2005,12,2,18,20.25,83.84,10.0,0.0,10.0,389.13,2.06,135.0,871.48,
2005,12,2,19,19.44,87.17,0.0,0.0,0.0,384.65,1.94,165.0,871.99,
2005,12,2,20,19.26,88.7,0.0,0.0,0.0,385.42,1.78,162.0,872.51,
2005,12,2,21,19.08,90.23,0.0,0.0,0.0,386.18,1.61,159.0,873.03,
2005,12,2,22,18.9,91.76,0.0,0.0,0.0,386.95,1.45,156.0,873.54,
2005,12,2,23,18.86,92.84,0.0,0.0,0.0,388.77,1.39,149.0,873.2,
2005,12,3,0,18.83,93.93,0.0,0.0,0.0,390.58,1.34,142.0,872.85,
2005,12,3,1,18.8,95.01,0.0,0.0,0.0,392.4,1.28,134.0,872.51,
2005,12,3,2,18.73,95.69,0.0,0.0,0.0,393.58,1.46,130.0,872.54,
2005,12,3,3,18.66,96.37,0.0,0.0,0.0,394.77,1.63,126.0,872.57,
2005,12,3,4,18.59,97.05,0.0,0.0,0.0,395.95,1.81,122.0,872.6,
2005,12,3,5,18.98,95.53,0.0,0.0,0.0,394.65,2.61,119.0,872.97,
2005,12,3,6,19.38,94.01,1.0,8.06,0.0,393.35,3.41,116.0,873.34,
2005,12,3,7,19.77,92.49,63.0,0.0,63.0,392.05,4.21,113.0,873.72,
2005,12,3,8,20.38,92.02,172.0,3.52,170.0,392.43,4.06,104.0,873.4,
2005,12,3,9,20.98,91.55,221.0,1.33,220.0,392.82,3.92,95.0,873.08,
2005,12,3,10,21.59,91.08,556.0,140.08,432.0,393.2,3.78,86.0,872.77,
2005,12,3,11,21.36,90.39,1021.0,905.93,145.0,396.62,3.55,84.0,871.99,
2005,12,3,12,21.14,89.69,624.0,108.18,517.0,400.03,3.32,82.0,871.22,
2005,12,3,13,20.92,89.0,792.0,329.49,479.0,403.45,3.09,80.0,870.44,
2005,12,3,14,22.03,79.89,423.0,23.46,403.0,394.88,2.9,86.0,869.87,
2005,12,3,15,23.14,70.77,471.0,113.82,391.0,386.32,2.71,92.0,869.3,
2005,12,3,16,24.25,61.66,592.0,900.86,131.0,377.75,2.52,98.0,868.72,
2005,12,3,17,22.79,67.49,195.0,82.21,171.0,371.18,2.37,112.0,869.18,
2005,12,3,18,21.34,73.33,76.0,239.5,62.0,364.62,2.21,126.0,869.64,
2005,12,3,19,19.88,79.16,0.0,0.0,0.0,358.05,2.06,141.0,870.1,
2005,12,3,20,19.37,81.67,0.0,0.0,0.0,355.47,2.09,140.0,870.53,
2005,12,3,21,18.86,84.18,0.0,0.0,0.0,352.88,2.12,140.0,870.96,
2005,12,3,22,18.36,86.69,0.0,0.0,0.0,350.3,2.15,139.0,871.39,
2005,12,3,23,18.27,87.49,0.0,0.0,0.0,350.48,2.11,134.0,871.08,
2005,12,4,0,18.18,88.3,0.0,0.0,0.0,350.67,2.08,129.0,870.76,
2005,12,4,1,18.09,89.1,0.0,0.0,0.0,350.85,2.04,124.0,870.44,
2005,12,4,2,18.08,89.8,0.0,0.0,0.0,353.18,2.03,118.0,870.33,
2005,12,4,3,18.07,90.49,0.0,0.0,0.0,355.52,2.01,112.0,870.22,
2005,12,4,4,18.06,91.19,0.0,0.0,0.0,357.85,2.0,105.0,870.1,
2005,12,4,5,19.04,89.51,0.0,0.0,0.0,362.7,2.55,103.0,870.36,
2005,12,4,6,20.03,87.83,1.0,8.13,0.0,367.55,3.1,100.0,870.62,
2005,12,4,7,21.01,86.15,214.0,386.87,77.0,372.4,3.66,97.0,870.88,
2005,12,4,8,21.97,84.38,456.0,588.71,122.0,381.27,3.79,88.0,870.24,
2005,12,4,9,22.94,82.62,699.0,765.89,126.0,390.13,3.93,78.0,869.61,
2005,12,4,10,23.9,80.85,892.0,860.64,131.0,399.0,4.07,69.0,868.98,
2005,12,4,11,23.58,80.65,1020.0,906.56,144.0,398.23,3.9,67.0,868.18,
2005,12,4,12,23.27,80.46,1022.0,779.75,251.0,397.47,3.73,65.0,867.38,
2005,12,4,13,22.96,80.26,1035.0,879.88,199.0,396.7,3.56,63.0,866.57,
2005,12,4,14,23.09,76.91,87.0,0.0,87.0,396.03,3.24,65.0,866.31,
2005,12,4,15,23.22,73.57,73.0,0.0,73.0,395.37,2.92,67.0,866.06,
2005,12,4,16,23.35,70.22,70.0,0.0,70.0,394.7,2.61,70.0,865.8,
2005,12,4,17,22.37,74.39,93.0,0.0,93.0,388.87,2.46,104.0,866.46,
2005,12,4,18,21.4,78.56,58.0,66.04,54.0,383.03,2.3,137.0,867.12,
2005,12,4,19,20.43,82.73,0.0,0.0,0.0,377.2,2.15,171.0,867.78,
2005,12,4,20,19.72,86.21,0.0,0.0,0.0,374.07,2.08,186.0,868.35,
2005,12,4,21,19.01,89.7,0.0,0.0,0.0,370.93,2.01,201.0,868.92,
2005,12,4,22,18.3,93.18,0.0,0.0,0.0,367.8,1.94,216.0,869.5,
2005,12,4,23,18.36,93.52,0.0,0.0,0.0,365.85,1.41,259.0,869.1,
2005,12,5,0,18.42,93.87,0.0,0.0,0.0,363.9,0.88,302.0,868.69,
2005,12,5,1,18.48,94.21,0.0,0.0,0.0,361.95,0.34,345.0,868.29,
2005,12,5,2,18.23,95.37,0.0,0.0,0.0,362.58,0.59,351.0,868.24,
2005,12,5,3,17.99,96.53,0.0,0.0,0.0,363.22,0.83,358.0,868.18,
2005,12,5,4,17.74,97.69,0.0,0.0,0.0,363.85,1.08,4.0,868.12,
2005,12,5,5,18.85,95.94,0.0,0.0,0.0,369.1,1.14,17.0,868.64,
2005,12,5,6,19.95,94.2,1.0,8.2,0.0,374.35,1.2,29.0,869.15,
2005,12,5,7,21.06,92.45,86.0,5.67,84.0,379.6,1.27,42.0,869.67,
2005,12,5,8,22.0,88.53,211.0,19.43,200.0,384.53,1.93,37.0,869.21,
2005,12,5,9,22.95,84.6,412.0,97.73,339.0,389.47,2.59,33.0,868.75,
2005,12,5,10,23.89,80.68,886.0,844.61,140.0,394.4,3.26,29.0,868.29,
2005,12,5,11,23.77,80.49,837.0,448.41,404.0,396.53,3.06,30.0,867.55,
2005,12,5,12,23.65,80.3,957.0,618.1,346.0,398.67,2.86,31.0,866.8,
2005,12,5,13,23.53,80.11,706.0,206.25,510.0,400.8,2.66,32.0,866.06,
2005,12,5,14,23.08,79.41,429.0,25.77,407.0,397.9,1.98,30.0,866.4,
2005,12,5,15,22.64,78.71,631.0,384.36,360.0,395.0,1.29,28.0,866.74,
2005,12,5,16,22.2,78.01,326.0,79.65,285.0,392.1,0.61,27.0,867.09,
2005,12,5,17,21.52,80.65,32.0,0.0,32.0,389.05,0.9,342.0,867.83,
2005,12,5,18,20.85,83.28,12.0,0.0,12.0,386.0,1.19,297.0,868.58,
2005,12,5,19,20.18,85.92,0.0,0.0,0.0,382.95,1.48,253.0,869.33,
2005,12,5,20,19.68,88.24,0.0,0.0,0.0,378.9,1.56,237.0,869.73,
2005,12,5,21,19.18,90.56,0.0,0.0,0.0,374.85,1.65,221.0,870.13,
2005,12,5,22,18.68,92.88,0.0,0.0,0.0,370.8,1.74,205.0,870.53,
2005,12,5,23,18.36,94.54,0.0,0.0,0.0,369.38,1.71,221.0,870.39,
2005,12,6,0,18.04,96.2,0.0,0.0,0.0,367.97,1.68,237.0,870.24,
2005,12,6,1,17.72,97.86,0.0,0.0,0.0,366.55,1.66,253.0,870.1,
2005,12,6,2,17.71,97.75,0.0,0.0,0.0,367.58,1.48,262.0,870.36,
2005,12,6,3,17.69,97.64,0.0,0.0,0.0,368.62,1.31,271.0,870.62,
2005,12,6,4,17.68,97.53,0.0,0.0,0.0,369.65,1.13,279.0,870.88,
2005,12,6,5,18.8,95.77,0.0,0.0,0.0,373.23,0.82,338.0,871.45,
2005,12,6,6,19.91,94.01,1.0,8.28,0.0,376.82,0.51,36.0,872.02,
2005,12,6,7,21.03,92.25,168.0,167.84,109.0,380.4,0.21,95.0,872.6,
2005,12,6,8,21.93,88.29,309.0,138.12,231.0,384.73,0.46,78.0,871.99,
2005,12,6,9,22.82,84.34,658.0,631.59,187.0,389.07,0.72,61.0,871.39,
2005,12,6,10,23.72,80.38,885.0,843.29,141.0,393.4,0.98,45.0,870.79,
2005,12,6,11,23.65,78.87,980.0,792.76,215.0,394.02,1.27,53.0,869.99,
2005,12,6,12,23.58,77.37,893.0,479.63,419.0,394.63,1.56,62.0,869.18,
2005,12,6,13,23.51,75.86,1012.0,813.25,239.0,395.25,1.85,70.0,868.38,
2005,12,6,14,23.42,75.03,851.0,607.52,332.0,394.83,2.06,73.0,868.49,
2005,12,6,15,23.33,74.19,765.0,771.74,220.0,394.42,2.26,75.0,868.61,
2005,12,6,16,23.25,73.36,552.0,683.73,199.0,394.0,2.47,78.0,868.72,
2005,12,6,17,22.2,77.96,245.0,208.4,183.0,389.68,2.21,80.0,869.38,
2005,12,6,18,21.16,82.57,82.0,262.41,65.0,385.37,1.94,82.0,870.04,
2005,12,6,19,20.12,87.17,0.0,0.0,0.0,381.05,1.68,85.0,870.7,
2005,12,6,20,19.59,89.65,0.0,0.0,0.0,376.8,1.76,80.0,871.16,
2005,12,6,21,19.06,92.14,0.0,0.0,0.0,372.55,1.83,75.0,871.62,
2005,12,6,22,18.53,94.62,0.0,0.0,0.0,368.3,1.9,71.0,872.08,
2005,12,6,23,18.3,95.49,0.0,0.0,0.0,366.65,1.51,53.0,871.82,
2005,12,7,0,18.08,96.36,0.0,0.0,0.0,365.0,1.12,36.0,871.56,
2005,12,7,1,17.85,97.23,0.0,0.0,0.0,363.35,0.73,18.0,871.31,
2005,12,7,2,17.53,97.72,0.0,0.0,0.0,361.73,0.8,2.0,871.45,
2005,12,7,3,17.21,98.21,0.0,0.0,0.0,360.12,0.86,345.0,871.59,
2005,12,7,4,16.89,98.7,0.0,0.0,0.0,358.5,0.92,328.0,871.74,
2005,12,7,5,18.71,93.51,0.0,0.0,0.0,360.92,0.67,337.0,872.17,
2005,12,7,6,20.53,88.31,1.0,8.37,0.0,363.33,0.42,347.0,872.6,
2005,12,7,7,22.35,83.12,101.0,17.13,95.0,365.75,0.17,356.0,873.03,
2005,12,7,8,22.84,83.05,400.0,379.86,186.0,374.32,0.75,9.0,872.68,
2005,12,7,9,23.34,82.97,597.0,448.61,263.0,382.88,1.34,21.0,872.34,
2005,12,7,10,23.83,82.9,875.0,812.46,159.0,391.45,1.93,33.0,871.99,
2005,12,7,11,23.64,82.05,703.0,228.14,483.0,393.08,1.92,34.0,871.33,
2005,12,7,12,23.45,81.2,518.0,41.5,477.0,394.72,1.91,34.0,870.67,
2005,12,7,13,23.26,80.35,620.0,115.7,510.0,396.35,1.9,34.0,870.01,
2005,12,7,14,23.03,78.32,87.0,0.0,87.0,395.8,1.68,44.0,870.27,
2005,12,7,15,22.8,76.28,153.0,0.0,153.0,395.25,1.46,54.0,870.53,
2005,12,7,16,22.58,74.25,111.0,0.0,111.0,394.7,1.24,65.0,870.79,
2005,12,7,17,21.54,79.07,190.0,63.46,171.0,389.5,1.49,62.0,871.22,
2005,12,7,18,20.51,83.9,69.0,119.62,61.0,384.3,1.75,59.0,871.65,
2005,12,7,19,19.47,88.72,0.0,0.0,0.0,379.1,2.0,56.0,872.08,
2005,12,7,20,19.06,90.45,0.0,0.0,0.0,376.05,1.89,62.0,872.37,
2005,12,7,21,18.65,92.19,0.0,0.0,0.0,373.0,1.79,68.0,872.65,
2005,12,7,22,18.24,93.92,0.0,0.0,0.0,369.95,1.68,74.0,872.94,
2005,12,7,23,18.22,94.72,0.0,0.0,0.0,366.82,1.27,70.0,872.57,
2005,12,8,0,18.2,95.51,0.0,0.0,0.0,363.68,0.86,66.0,872.19,
2005,12,8,1,18.18,96.31,0.0,0.0,0.0,360.55,0.44,62.0,871.82,
2005,12,8,2,17.7,97.33,0.0,0.0,0.0,361.12,0.81,68.0,871.97,
2005,12,8,3,17.23,98.34,0.0,0.0,0.0,361.68,1.18,74.0,872.11,
2005,12,8,4,16.75,99.36,0.0,0.0,0.0,362.25,1.54,80.0,872.25,
2005,12,8,5,18.59,94.62,0.0,0.0,0.0,369.92,1.71,86.0,872.85,
2005,12,8,6,20.43,89.87,1.0,8.46,0.0,377.58,1.88,92.0,873.46,
2005,12,8,7,22.27,85.13,202.0,338.32,84.0,385.25,2.04,98.0,874.06,
2005,12,8,8,22.69,83.79,455.0,606.77,114.0,391.52,2.59,91.0,873.54,
2005,12,8,9,23.1,82.45,693.0,764.18,125.0,397.78,3.14,84.0,873.03,
2005,12,8,10,23.52,81.11,873.0,812.23,158.0,404.05,3.7,77.0,872.51,
2005,12,8,11,23.16,82.95,1045.0,992.02,89.0,403.62,3.62,82.0,871.82,
2005,12,8,12,22.8,84.79,1109.0,1035.64,86.0,403.18,3.55,87.0,871.13,
2005,12,8,13,22.45,86.63,990.0,749.77,277.0,402.75,3.48,92.0,870.44,
2005,12,8,14,22.83,81.73,87.0,0.0,87.0,399.77,3.56,101.0,870.65,
2005,12,8,15,23.21,76.84,100.0,0.0,100.0,396.78,3.65,111.0,870.85,
2005,12,8,16,23.59,71.94,388.0,169.43,300.0,393.8,3.74,120.0,871.05,
2005,12,8,17,22.28,78.35,299.0,434.86,168.0,392.37,3.28,123.0,871.85,
2005,12,8,18,20.98,84.77,91.0,347.99,67.0,390.93,2.83,125.0,872.65,
2005,12,8,19,19.68,91.18,0.0,0.0,0.0,389.5,2.37,128.0,873.46,
2005,12,8,20,19.37,92.78,0.0,0.0,0.0,386.05,2.24,126.0,873.74,
2005,12,8,21,19.07,94.37,0.0,0.0,0.0,382.6,2.11,124.0,874.03,
2005,12,8,22,18.77,95.97,0.0,0.0,0.0,379.15,1.97,122.0,874.32,
2005,12,8,23,18.74,96.44,0.0,0.0,0.0,376.0,2.16,119.0,873.83,
2005,12,9,0,18.72,96.91,0.0,0.0,0.0,372.85,2.34,117.0,873.34,
2005,12,9,1,18.69,97.38,0.0,0.0,0.0,369.7,2.52,114.0,872.85,
2005,12,9,2,18.89,97.25,0.0,0.0,0.0,378.68,2.97,113.0,873.03,
2005,12,9,3,19.08,97.11,0.0,0.0,0.0,387.67,3.42,112.0,873.2,
2005,12,9,4,19.28,96.98,0.0,0.0,0.0,396.65,3.86,111.0,873.37,
2005,12,9,5,19.6,96.34,0.0,0.0,0.0,400.53,4.17,110.0,873.66,
2005,12,9,6,19.91,95.7,1.0,8.56,0.0,404.42,4.48,110.0,873.94,
2005,12,9,7,20.23,95.06,37.0,0.0,37.0,408.3,4.79,110.0,874.23,
2005,12,9,8,21.4,89.07,277.0,89.19,227.0,407.15,5.13,105.0,873.6,
2005,12,9,9,22.56,83.08,606.0,479.76,250.0,406.0,5.47,100.0,872.97,
2005,12,9,10,23.73,77.09,753.0,481.06,330.0,404.85,5.81,95.0,872.34,
2005,12,9,11,24.05,73.75,807.0,394.58,427.0,406.43,5.71,94.0,871.33,
2005,12,9,12,24.38,70.42,617.0,103.28,515.0,408.02,5.6,94.0,870.33,
2005,12,9,13,24.71,67.08,281.0,0.0,281.0,409.6,5.5,93.0,869.33,
2005,12,9,14,24.16,69.4,499.0,60.72,447.0,405.03,5.1,100.0,869.58,
2005,12,9,15,23.61,71.72,313.0,8.45,307.0,400.47,4.69,106.0,869.84,
2005,12,9,16,23.07,74.04,248.0,13.44,241.0,395.9,4.29,112.0,870.1,
2005,12,9,17,22.12,77.86,336.0,653.22,138.0,391.0,3.48,119.0,870.82,
2005,12,9,18,21.17,81.67,109.0,619.34,65.0,386.1,2.66,126.0,871.54,
2005,12,9,19,20.22,85.49,0.0,0.0,0.0,381.2,1.85,132.0,872.25,
2005,12,9,20,19.7,88.21,0.0,0.0,0.0,375.95,1.93,126.0,872.57,
2005,12,9,21,19.18,90.92,0.0,0.0,0.0,370.7,2.0,121.0,872.88,
2005,12,9,22,18.66,93.64,0.0,0.0,0.0,365.45,2.08,115.0,873.2,
2005,12,9,23,18.52,94.53,0.0,0.0,0.0,362.92,2.13,114.0,872.85,
2005,12,10,0,18.39,95.42,0.0,0.0,0.0,360.38,2.18,114.0,872.51,
2005,12,10,1,18.26,96.31,0.0,0.0,0.0,357.85,2.23,113.0,872.17,
2005,12,10,2,18.31,96.36,0.0,0.0,0.0,358.55,2.29,111.0,872.22,
2005,12,10,3,18.35,96.4,0.0,0.0,0.0,359.25,2.34,108.0,872.28,
2005,12,10,4,18.4,96.45,0.0,0.0,0.0,359.95,2.39,106.0,872.34,
2005,12,10,5,19.9,90.57,0.0,0.0,0.0,360.98,3.04,102.0,872.54,
2005,12,10,6,21.41,84.7,1.0,8.66,0.0,362.02,3.7,98.0,872.74,
2005,12,10,7,22.91,78.82,169.0,182.14,106.0,363.05,4.36,94.0,872.94,
2005,12,10,8,24.2,74.2,438.0,540.09,136.0,374.98,4.44,91.0,872.37,
2005,12,10,9,25.5,69.59,676.0,707.37,152.0,386.92,4.51,89.0,871.79,
2005,12,10,10,26.79,64.97,862.0,781.04,176.0,398.85,4.59,87.0,871.22,
2005,12,10,11,26.51,65.01,999.0,856.16,175.0,401.55,4.43,91.0,870.3,
2005,12,10,12,26.24,65.06,1044.0,843.64,211.0,404.25,4.27,95.0,869.38,
2005,12,10,13,25.97,65.1,1060.0,949.05,157.0,406.95,4.11,98.0,868.47,
2005,12,10,14,26.05,63.05,955.0,900.66,183.0,403.9,3.67,100.0,868.15,
2005,12,10,15,26.13,61.0,810.0,921.46,155.0,400.85,3.24,102.0,867.83,
2005,12,10,16,26.21,58.95,585.0,805.75,164.0,397.8,2.8,103.0,867.52,
2005,12,10,17,24.63,65.43,374.0,924.65,92.0,392.82,2.75,112.0,868.26,
2005,12,10,18,23.06,71.9,95.0,355.64,69.0,387.83,2.71,120.0,869.01,
2005,12,10,19,21.49,78.38,0.0,0.0,0.0,382.85,2.66,129.0,869.76,
2005,12,10,20,20.92,80.81,0.0,0.0,0.0,377.82,2.6,129.0,870.16,
2005,12,10,21,20.35,83.23,0.0,0.0,0.0,372.78,2.54,130.0,870.56,
2005,12,10,22,19.79,85.66,0.0,0.0,0.0,367.75,2.48,130.0,870.96,
2005,12,10,23,19.78,85.88,0.0,0.0,0.0,364.32,1.66,117.0,870.62,
2005,12,11,0,19.78,86.1,0.0,0.0,0.0,360.88,0.84,105.0,870.27,
2005,12,11,1,19.77,86.32,0.0,0.0,0.0,357.45,0.01,93.0,869.93,
2005,12,11,2,19.36,87.93,0.0,0.0,0.0,356.32,0.29,79.0,870.13,
2005,12,11,3,18.96,89.55,0.0,0.0,0.0,355.18,0.57,65.0,870.33,
2005,12,11,4,18.55,91.16,0.0,0.0,0.0,354.05,0.84,51.0,870.53,
2005,12,11,5,20.07,87.95,0.0,0.0,0.0,358.55,0.71,49.0,871.08,
2005,12,11,6,21.6,84.75,1.0,8.77,0.0,363.05,0.57,47.0,871.62,
2005,12,11,7,23.12,81.54,84.0,5.81,82.0,367.55,0.44,45.0,872.17,
2005,12,11,8,23.88,79.76,343.0,224.12,218.0,376.68,1.03,53.0,871.71,
2005,12,11,9,24.64,77.99,477.0,194.72,333.0,385.82,1.63,61.0,871.25,
2005,12,11,10,25.4,76.21,732.0,437.69,348.0,394.95,2.22,69.0,870.79,
2005,12,11,11,25.5,74.3,674.0,192.34,489.0,396.82,2.12,74.0,870.07,
2005,12,11,12,25.6,72.38,962.0,632.09,338.0,398.68,2.02,80.0,869.35,
2005,12,11,13,25.71,70.47,1008.0,797.47,249.0,400.55,1.92,85.0,868.64,
2005,12,11,14,25.47,69.84,966.0,936.0,163.0,399.57,1.96,106.0,868.55,
2005,12,11,15,25.23,69.22,727.0,626.38,281.0,398.58,2.0,127.0,868.47,
2005,12,11,16,24.99,68.59,613.0,938.81,121.0,397.6,2.04,148.0,868.38,
2005,12,11,17,23.75,74.4,186.0,52.14,170.0,392.38,2.05,155.0,869.33,
2005,12,11,18,22.52,80.2,77.0,133.05,67.0,387.17,2.06,162.0,870.27,
2005,12,11,19,21.29,86.01,0.0,0.0,0.0,381.95,2.07,169.0,871.22,
2005,12,11,20,20.72,88.59,0.0,0.0,0.0,379.37,2.21,167.0,871.54,
2005,12,11,21,20.16,91.16,0.0,0.0,0.0,376.78,2.34,165.0,871.85,
2005,12,11,22,19.6,93.74,0.0,0.0,0.0,374.2,2.48,163.0,872.17,
2005,12,11,23,19.31,95.03,0.0,0.0,0.0,369.77,2.31,154.0,871.71,
2005,12,12,0,19.03,96.32,0.0,0.0,0.0,365.33,2.14,146.0,871.25,
2005,12,12,1,18.75,97.61,0.0,0.0,0.0,360.9,1.97,138.0,870.79,
2005,12,12,2,18.66,97.89,0.0,0.0,0.0,362.83,2.07,131.0,870.85,
2005,12,12,3,18.58,98.18,0.0,0.0,0.0,364.77,2.17,124.0,870.9,
2005,12,12,4,18.49,98.46,0.0,0.0,0.0,366.7,2.26,117.0,870.96,
2005,12,12,5,19.83,95.14,0.0,0.0,0.0,368.57,2.8,113.0,871.25,
2005,12,12,6,21.17,91.82,1.0,8.89,0.0,370.43,3.34,109.0,871.54,
2005,12,12,7,22.51,88.5,40.0,0.0,40.0,372.3,3.88,105.0,871.82,
2005,12,12,8,23.59,83.47,94.0,0.0,94.0,380.45,4.12,101.0,871.36,
2005,12,12,9,24.67,78.44,74.0,0.0,74.0,388.6,4.36,97.0,870.9,
2005,12,12,10,25.75,73.41,154.0,0.0,154.0,396.75,4.61,93.0,870.44,
2005,12,12,11,25.09,76.24,201.0,0.0,201.0,397.77,4.36,95.0,869.96,
2005,12,12,12,24.43,79.07,360.0,2.03,358.0,398.78,4.11,98.0,869.47,
2005,12,12,13,23.78,81.9,327.0,0.0,327.0,399.8,3.86,100.0,868.98,
2005,12,12,14,23.23,80.02,326.0,2.33,324.0,398.03,3.74,107.0,869.53,
2005,12,12,15,22.68,78.14,199.0,0.0,199.0,396.27,3.61,113.0,870.07,
2005,12,12,16,22.14,76.26,181.0,0.0,181.0,394.5,3.49,120.0,870.62,
2005,12,12,17,21.34,79.2,266.0,252.67,188.0,390.52,3.27,121.0,871.25,
2005,12,12,18,20.54,82.14,100.0,362.72,72.0,386.53,3.05,123.0,871.88,
2005,12,12,19,19.74,85.08,0.0,0.0,0.0,382.55,2.83,125.0,872.51,
2005,12,12,20,19.39,87.58,0.0,0.0,0.0,384.75,2.96,125.0,873.03,
2005,12,12,21,19.05,90.07,0.0,0.0,0.0,386.95,3.09,124.0,873.54,
2005,12,12,22,18.71,92.57,0.0,0.0,0.0,389.15,3.23,124.0,874.06,
2005,12,12,23,18.69,93.76,0.0,0.0,0.0,391.13,3.32,124.0,873.6,
2005,12,13,0,18.68,94.96,0.0,0.0,0.0,393.12,3.42,124.0,873.14,
2005,12,13,1,18.67,96.15,0.0,0.0,0.0,395.1,3.52,124.0,872.68,
2005,12,13,2,18.71,96.5,0.0,0.0,0.0,399.88,3.67,120.0,872.57,
2005,12,13,3,18.75,96.86,0.0,0.0,0.0,404.67,3.82,117.0,872.45,
2005,12,13,4,18.79,97.21,0.0,0.0,0.0,409.45,3.97,114.0,872.34,
2005,12,13,5,19.15,96.17,0.0,0.0,0.0,410.32,4.26,112.0,872.74,
2005,12,13,6,19.51,95.13,1.0,9.01,0.0,411.18,4.55,110.0,873.14,
2005,12,13,7,19.87,94.09,80.0,5.86,78.0,412.05,4.84,109.0,873.54,
2005,12,13,8,20.73,90.09,275.0,91.93,224.0,409.67,4.97,107.0,873.08,
2005,12,13,9,21.6,86.1,512.0,261.89,319.0,407.28,5.11,106.0,872.63,
2005,12,13,10,22.46,82.1,482.0,76.54,415.0,404.9,5.24,105.0,872.17,
2005,12,13,11,22.21,82.89,568.0,90.57,481.0,404.83,5.21,106.0,871.45,
2005,12,13,12,21.96,83.67,862.0,422.54,445.0,404.77,5.18,108.0,870.73,
2005,12,13,13,21.71,84.46,1061.0,949.19,157.0,404.7,5.14,110.0,870.01,
2005,12,13,14,20.96,87.64,937.0,834.24,220.0,402.92,5.09,111.0,870.19,
2005,12,13,15,20.22,90.81,703.0,547.27,312.0,401.13,5.04,111.0,870.36,
2005,12,13,16,19.48,93.99,457.0,314.85,291.0,399.35,4.99,112.0,870.53,
2005,12,13,17,19.11,93.94,289.0,347.76,181.0,396.33,4.6,109.0,871.28,
2005,12,13,18,18.74,93.89,112.0,542.84,69.0,393.32,4.21,105.0,872.02,
2005,12,13,19,18.37,93.84,0.0,0.0,0.0,390.3,3.82,102.0,872.77,
2005,12,13,20,18.32,93.67,0.0,0.0,0.0,390.35,3.78,101.0,873.14,
2005,12,13,21,18.28,93.5,0.0,0.0,0.0,390.4,3.74,101.0,873.51,
2005,12,13,22,18.24,93.33,0.0,0.0,0.0,390.45,3.7,101.0,873.89,
2005,12,13,23,18.3,93.24,0.0,0.0,0.0,391.7,3.63,103.0,873.43,
2005,12,14,0,18.37,93.16,0.0,0.0,0.0,392.95,3.57,105.0,872.97,
2005,12,14,1,18.43,93.07,0.0,0.0,0.0,394.2,3.5,107.0,872.51,
2005,12,14,2,18.35,94.28,0.0,0.0,0.0,396.77,3.79,106.0,872.4,
2005,12,14,3,18.28,95.48,0.0,0.0,0.0,399.33,4.07,105.0,872.28,
2005,12,14,4,18.2,96.69,0.0,0.0,0.0,401.9,4.36,104.0,872.17,
2005,12,14,5,18.59,95.6,0.0,0.0,0.0,401.83,4.61,102.0,872.54,
2005,12,14,6,18.98,94.5,1.0,9.14,0.0,401.77,4.86,100.0,872.91,
2005,12,14,7,19.37,93.41,109.0,32.38,98.0,401.7,5.1,99.0,873.29,
2005,12,14,8,20.88,86.74,204.0,19.88,193.0,399.73,5.28,95.0,872.74,
2005,12,14,9,22.4,80.07,481.0,206.62,329.0,397.77,5.46,92.0,872.19,
2005,12,14,10,23.91,73.4,710.0,395.7,364.0,395.8,5.64,89.0,871.65,
2005,12,14,11,23.95,72.31,760.0,317.69,455.0,398.72,5.69,92.0,870.82,
2005,12,14,12,24.0,71.21,827.0,360.77,471.0,401.63,5.73,95.0,869.99,
2005,12,14,13,24.05,70.12,1009.0,797.7,249.0,404.55,5.78,99.0,869.15,
2005,12,14,14,22.98,76.79,943.0,850.89,211.0,399.88,5.01,101.0,869.27,
2005,12,14,15,21.92,83.45,731.0,625.97,283.0,395.22,4.23,104.0,869.38,
2005,12,14,16,20.86,90.12,389.0,158.84,305.0,390.55,3.46,106.0,869.5,
2005,12,14,17,20.24,91.6,236.0,147.24,190.0,387.27,2.98,105.0,870.24,
2005,12,14,18,19.63,93.07,78.0,110.82,69.0,383.98,2.5,103.0,870.99,
2005,12,14,19,19.02,94.55,0.0,0.0,0.0,380.7,2.01,102.0,871.74,
2005,12,14,20,18.76,95.15,0.0,0.0,0.0,377.92,1.97,101.0,872.25,
2005,12,14,21,18.5,95.75,0.0,0.0,0.0,375.13,1.93,100.0,872.77,
2005,12,14,22,18.25,96.35,0.0,0.0,0.0,372.35,1.89,99.0,873.29,
2005,12,14,23,18.2,96.59,0.0,0.0,0.0,370.18,2.0,97.0,872.97,
2005,12,15,0,18.16,96.82,0.0,0.0,0.0,368.02,2.11,95.0,872.65,
2005,12,15,1,18.11,97.06,0.0,0.0,0.0,365.85,2.22,93.0,872.34,
2005,12,15,2,17.96,97.11,0.0,0.0,0.0,362.8,2.21,90.0,872.34,
2005,12,15,3,17.82,97.15,0.0,0.0,0.0,359.75,2.19,86.0,872.34,
2005,12,15,4,17.67,97.2,0.0,0.0,0.0,356.7,2.18,83.0,872.34,
2005,12,15,5,18.79,94.6,0.0,0.0,0.0,358.08,2.71,79.0,872.71,
2005,12,15,6,19.92,92.0,1.0,9.27,0.0,359.47,3.25,76.0,873.08,
2005,12,15,7,21.04,89.4,178.0,251.42,93.0,360.85,3.78,72.0,873.46,
2005,12,15,8,21.72,89.4,442.0,589.01,117.0,370.3,3.82,72.0,873.11,
2005,12,15,9,22.39,89.4,664.0,691.75,156.0,379.75,3.85,73.0,872.77,
2005,12,15,10,23.07,89.4,856.0,779.68,175.0,389.2,3.89,73.0,872.42,
2005,12,15,11,22.65,90.01,979.0,806.68,205.0,393.97,3.72,77.0,871.76,
2005,12,15,12,22.24,90.61,1043.0,843.25,211.0,398.73,3.55,81.0,871.1,
2005,12,15,13,21.83,91.22,784.0,311.62,487.0,403.5,3.38,85.0,870.44,
2005,12,15,14,22.45,84.18,789.0,445.94,405.0,398.65,3.17,90.0,870.1,
2005,12,15,15,23.07,77.14,768.0,743.45,235.0,393.8,2.97,94.0,869.76,
2005,12,15,16,23.69,70.1,326.0,67.87,290.0,388.95,2.76,99.0,869.41,
2005,12,15,17,22.52,75.33,217.0,98.65,186.0,387.72,2.55,97.0,870.07,
2005,12,15,18,21.36,80.55,90.0,204.34,73.0,386.48,2.34,96.0,870.73,
2005,12,15,19,20.19,85.78,0.0,0.0,0.0,385.25,2.12,94.0,871.39,
2005,12,15,20,19.63,88.21,0.0,0.0,0.0,380.92,2.17,89.0,871.76,
2005,12,15,21,19.07,90.63,0.0,0.0,0.0,376.58,2.22,83.0,872.14,
2005,12,15,22,18.52,93.06,0.0,0.0,0.0,372.25,2.26,78.0,872.51,
2005,12,15,23,18.21,93.98,0.0,0.0,0.0,368.88,2.25,71.0,872.19,
2005,12,16,0,17.9,94.89,0.0,0.0,0.0,365.52,2.23,64.0,871.88,
2005,12,16,1,17.59,95.81,0.0,0.0,0.0,362.15,2.22,56.0,871.56,
2005,12,16,2,17.45,96.44,0.0,0.0,0.0,360.73,2.28,54.0,871.39,
2005,12,16,3,17.31,97.08,0.0,0.0,0.0,359.32,2.33,51.0,871.22,
2005,12,16,4,17.17,97.71,0.0,0.0,0.0,357.9,2.39,48.0,871.05,
2005,12,16,5,18.94,92.4,0.0,0.0,0.0,360.12,2.4,53.0,871.48,
2005,12,16,6,20.72,87.09,1.0,9.41,0.0,362.33,2.41,58.0,871.91,
2005,12,16,7,22.49,81.78,146.0,121.86,105.0,364.55,2.43,63.0,872.34,
2005,12,16,8,23.18,80.92,320.0,181.74,220.0,370.53,2.68,61.0,871.97,
2005,12,16,9,23.88,80.05,582.0,435.15,263.0,376.52,2.92,58.0,871.59,
2005,12,16,10,24.57,79.19,755.0,502.02,317.0,382.5,3.17,56.0,871.22,
2005,12,16,11,24.42,79.03,770.0,335.79,448.0,388.07,3.01,57.0,870.44,
2005,12,16,12,24.27,78.88,1002.0,732.85,279.0,393.63,2.84,58.0,869.67,
2005,12,16,13,24.13,78.72,1022.0,829.59,231.0,399.2,2.68,59.0,868.9,
2005,12,16,14,23.96,78.48,817.0,504.68,382.0,397.65,2.59,66.0,868.98,
2005,12,16,15,23.79,78.23,214.0,0.0,214.0,396.1,2.51,73.0,869.07,
2005,12,16,16,23.63,77.99,62.0,0.0,62.0,394.55,2.43,80.0,869.15,
2005,12,16,17,22.63,82.47,66.0,0.0,66.0,391.03,2.13,138.0,869.96,
2005,12,16,18,21.64,86.95,50.0,11.74,49.0,387.52,1.83,195.0,870.76,
2005,12,16,19,20.64,91.43,0.0,0.0,0.0,384.0,1.53,253.0,871.56,
2005,12,16,20,20.06,93.08,0.0,0.0,0.0,381.27,1.24,254.0,872.11,
2005,12,16,21,19.48,94.73,0.0,0.0,0.0,378.53,0.95,255.0,872.65,
2005,12,16,22,18.9,96.38,0.0,0.0,0.0,375.8,0.66,256.0,873.2,
2005,12,16,23,18.73,97.48,0.0,0.0,0.0,374.9,0.68,278.0,872.85,
2005,12,17,0,18.56,98.58,0.0,0.0,0.0,374.0,0.69,300.0,872.51,
2005,12,17,1,18.39,99.68,0.0,0.0,0.0,373.1,0.7,322.0,872.17,
2005,12,17,2,18.1,99.65,0.0,0.0,0.0,374.6,0.61,333.0,872.17,
2005,12,17,3,17.8,99.63,0.0,0.0,0.0,376.1,0.52,345.0,872.17,
2005,12,17,4,17.51,99.6,0.0,0.0,0.0,377.6,0.43,356.0,872.17,
2005,12,17,5,18.92,97.21,0.0,0.0,0.0,379.98,0.56,12.0,872.42,
2005,12,17,6,20.32,94.82,1.0,9.57,0.0,382.37,0.69,29.0,872.68,
2005,12,17,7,21.73,92.43,97.0,20.91,90.0,384.75,0.83,45.0,872.94,
2005,12,17,8,22.58,89.11,114.0,0.0,114.0,390.23,1.41,49.0,872.45,
2005,12,17,9,23.43,85.8,142.0,0.0,142.0,395.72,2.0,53.0,871.97,
2005,12,17,10,24.28,82.48,537.0,128.51,425.0,401.2,2.58,58.0,871.48,
2005,12,17,11,24.03,83.81,863.0,515.45,369.0,400.8,2.49,57.0,870.73,
2005,12,17,12,23.78,85.14,1101.0,1016.74,98.0,400.4,2.4,56.0,869.99,
2005,12,17,13,23.53,86.47,1107.0,1092.38,65.0,400.0,2.3,55.0,869.24,
2005,12,17,14,23.41,83.57,983.0,972.42,144.0,398.15,1.89,50.0,869.15,
2005,12,17,15,23.3,80.66,694.0,510.12,327.0,396.3,1.49,46.0,869.07,
2005,12,17,16,23.19,77.76,604.0,839.59,156.0,394.45,1.08,42.0,868.98,
2005,12,17,17,22.42,80.05,378.0,846.15,109.0,389.35,1.3,70.0,869.79,
2005,12,17,18,21.66,82.35,120.0,551.15,72.0,384.25,1.53,99.0,870.59,
2005,12,17,19,20.9,84.64,0.0,0.0,0.0,379.15,1.75,127.0,871.39,
2005,12,17,20,20.4,86.88,0.0,0.0,0.0,378.32,1.66,134.0,871.85,
2005,12,17,21,19.9,89.11,0.0,0.0,0.0,377.48,1.58,141.0,872.31,
2005,12,17,22,19.4,91.35,0.0,0.0,0.0,376.65,1.49,147.0,872.77,
2005,12,17,23,19.2,92.78,0.0,0.0,0.0,374.12,1.26,148.0,872.28,
2005,12,18,0,19.0,94.22,0.0,0.0,0.0,371.58,1.03,149.0,871.79,
2005,12,18,1,18.8,95.65,0.0,0.0,0.0,369.05,0.8,150.0,871.31,
2005,12,18,2,18.22,96.83,0.0,0.0,0.0,365.88,1.26,138.0,871.19,
2005,12,18,3,17.65,98.01,0.0,0.0,0.0,362.72,1.71,126.0,871.08,
2005,12,18,4,17.07,99.19,0.0,0.0,0.0,359.55,2.17,115.0,870.96,
2005,12,18,5,18.61,95.12,0.0,0.0,0.0,364.1,2.19,105.0,871.31,
2005,12,18,6,20.16,91.04,1.0,9.72,0.0,368.65,2.22,95.0,871.65,
2005,12,18,7,21.7,86.97,154.0,159.12,101.0,373.2,2.25,86.0,871.99,
2005,12,18,8,22.36,86.1,301.0,146.21,221.0,378.03,2.29,78.0,871.54,
2005,12,18,9,23.01,85.24,609.0,518.83,230.0,382.87,2.32,69.0,871.08,
2005,12,18,10,23.67,84.37,800.0,624.87,256.0,387.7,2.36,61.0,870.62,
2005,12,18,11,24.06,79.35,889.0,578.36,335.0,393.43,2.43,53.0,869.56,
2005,12,18,12,24.45,74.34,984.0,688.34,305.0,399.17,2.51,44.0,868.49,
2005,12,18,13,24.85,69.32,935.0,605.68,357.0,404.9,2.58,36.0,867.43,
2005,12,18,14,24.38,73.32,472.0,42.84,435.0,402.95,2.27,29.0,867.46,
2005,12,18,15,23.91,77.32,192.0,0.0,192.0,401.0,1.96,22.0,867.49,
2005,12,18,16,23.44,81.32,339.0,80.35,296.0,399.05,1.66,15.0,867.52,
2005,12,18,17,22.46,84.75,54.0,0.0,54.0,395.88,1.68,22.0,868.35,
2005,12,18,18,21.49,88.17,28.0,0.0,28.0,392.72,1.7,29.0,869.18,
2005,12,18,19,20.52,91.6,0.0,0.0,0.0,389.55,1.72,36.0,870.01,
2005,12,18,20,19.99,93.34,0.0,0.0,0.0,389.3,1.61,32.0,870.53,
2005,12,18,21,19.46,95.09,0.0,0.0,0.0,389.05,1.49,28.0,871.05,
2005,12,18,22,18.94,96.83,0.0,0.0,0.0,388.8,1.38,25.0,871.56,
2005,12,18,23,18.7,97.33,0.0,0.0,0.0,390.37,1.34,15.0,871.16,
2005,12,19,0,18.46,97.84,0.0,0.0,0.0,391.93,1.3,5.0,870.76,
2005,12,19,1,18.22,98.34,0.0,0.0,0.0,393.5,1.26,356.0,870.36,
2005,12,19,2,18.15,98.4,0.0,0.0,0.0,390.83,1.23,356.0,870.13,
2005,12,19,3,18.08,98.47,0.0,0.0,0.0,388.17,1.21,356.0,869.9,
2005,12,19,4,18.01,98.53,0.0,0.0,0.0,385.5,1.19,356.0,869.67,
2005,12,19,5,19.04,96.29,0.0,0.0,0.0,387.55,1.64,349.0,870.01,
2005,12,19,6,20.07,94.06,1.0,9.89,0.0,389.6,2.1,341.0,870.36,
2005,12,19,7,21.1,91.82,170.0,235.39,92.0,391.65,2.55,334.0,870.7,
2005,12,19,8,22.31,87.07,335.0,227.27,211.0,392.33,2.58,331.0,870.16,
2005,12,19,9,23.52,82.32,501.0,253.7,316.0,393.02,2.62,328.0,869.61,
2005,12,19,10,24.73,77.57,441.0,49.45,398.0,393.7,2.65,326.0,869.07,
2005,12,19,11,24.96,75.21,539.0,69.98,472.0,395.9,2.47,326.0,868.24,
2005,12,19,12,25.2,72.86,762.0,261.56,504.0,398.1,2.3,327.0,867.4,
2005,12,19,13,25.44,70.5,1108.0,1092.45,65.0,400.3,2.12,327.0,866.57,
2005,12,19,14,25.46,68.38,985.0,972.76,144.0,401.15,1.57,329.0,866.54,
2005,12,19,15,25.49,66.27,670.0,440.45,352.0,402.0,1.01,332.0,866.51,
2005,12,19,16,25.52,64.15,560.0,631.55,221.0,402.85,0.46,334.0,866.49,
2005,12,19,17,24.19,70.9,332.0,516.3,166.0,400.97,0.89,347.0,867.52,
2005,12,19,18,22.87,77.64,18.0,0.0,18.0,399.08,1.32,359.0,868.55,
2005,12,19,19,21.54,84.39,0.0,0.0,0.0,397.2,1.75,12.0,869.58,
2005,12,19,20,20.89,87.26,0.0,0.0,0.0,395.58,1.64,5.0,870.16,
2005,12,19,21,20.24,90.14,0.0,0.0,0.0,393.97,1.53,359.0,870.73,
2005,12,19,22,19.59,93.01,0.0,0.0,0.0,392.35,1.42,352.0,871.31,
2005,12,19,23,19.27,94.47,0.0,0.0,0.0,392.35,1.37,342.0,871.08,
2005,12,20,0,18.96,95.94,0.0,0.0,0.0,392.35,1.31,331.0,870.85,
2005,12,20,1,18.64,97.4,0.0,0.0,0.0,392.35,1.26,320.0,870.62,
2005,12,20,2,18.62,97.85,0.0,0.0,0.0,392.05,1.41,319.0,870.73,
2005,12,20,3,18.6,98.3,0.0,0.0,0.0,391.75,1.56,318.0,870.85,
2005,12,20,4,18.58,98.75,0.0,0.0,0.0,391.45,1.71,318.0,870.96,
2005,12,20,5,19.02,98.0,0.0,0.0,0.0,393.53,1.75,323.0,871.54,
2005,12,20,6,19.46,97.24,1.0,10.07,0.0,395.62,1.78,329.0,872.11,
2005,12,20,7,19.9,96.49,22.0,0.0,22.0,397.7,1.82,335.0,872.68,
2005,12,20,8,20.68,93.86,42.0,0.0,42.0,401.82,1.94,331.0,872.11,
2005,12,20,9,21.47,91.24,94.0,0.0,94.0,405.93,2.07,327.0,871.54,
2005,12,20,10,22.25,88.61,709.0,404.04,358.0,410.05,2.19,324.0,870.96,
2005,12,20,11,22.32,89.08,424.0,16.72,408.0,411.88,1.97,325.0,870.13,
2005,12,20,12,22.39,89.55,1054.0,875.94,190.0,413.72,1.75,326.0,869.3,
2005,12,20,13,22.46,90.02,925.0,577.9,373.0,415.55,1.53,327.0,868.47,
2005,12,20,14,21.91,91.41,745.0,351.26,441.0,413.53,1.5,332.0,868.9,
2005,12,20,15,21.36,92.81,427.0,60.83,383.0,411.52,1.48,336.0,869.33,
2005,12,20,16,20.82,94.2,287.0,31.58,270.0,409.5,1.45,341.0,869.76,
2005,12,20,17,20.38,95.14,135.0,3.09,134.0,406.25,1.24,357.0,870.7,
2005,12,20,18,19.95,96.07,138.0,765.48,67.0,403.0,1.03,13.0,871.65,
2005,12,20,19,19.52,97.01,0.0,0.0,0.0,399.75,0.81,29.0,872.6,
2005,12,20,20,19.22,97.49,0.0,0.0,0.0,398.57,1.04,16.0,872.8,
2005,12,20,21,18.92,97.96,0.0,0.0,0.0,397.38,1.26,2.0,873.0,
2005,12,20,22,18.62,98.44,0.0,0.0,0.0,396.2,1.49,349.0,873.2,
2005,12,20,23,18.36,98.94,0.0,0.0,0.0,391.15,1.37,340.0,872.88,
2005,12,21,0,18.11,99.43,0.0,0.0,0.0,386.1,1.26,331.0,872.57,
2005,12,21,1,17.85,99.93,0.0,0.0,0.0,381.05,1.14,322.0,872.25,
2005,12,21,2,18.02,99.83,0.0,0.0,0.0,383.3,0.97,336.0,872.37,
2005,12,21,3,18.19,99.74,0.0,0.0,0.0,385.55,0.8,349.0,872.48,
2005,12,21,4,18.36,99.64,0.0,0.0,0.0,387.8,0.63,2.0,872.6,
2005,12,21,5,19.14,98.0,0.0,0.0,0.0,393.78,1.0,14.0,872.91,
2005,12,21,6,19.91,96.35,1.0,10.26,0.0,399.77,1.37,26.0,873.23,
2005,12,21,7,20.69,94.71,78.0,6.1,76.0,405.75,1.74,38.0,873.54,
2005,12,21,8,21.51,93.05,140.0,0.0,140.0,408.38,1.69,41.0,873.14,
2005,12,21,9,22.32,91.38,430.0,137.62,330.0,411.02,1.64,44.0,872.74,
2005,12,21,10,23.14,89.72,717.0,424.06,349.0,413.65,1.59,47.0,872.34,
2005,12,21,11,22.81,90.18,773.0,344.0,444.0,412.63,1.6,55.0,871.65,
2005,12,21,12,22.49,90.65,616.0,103.41,514.0,411.62,1.6,62.0,870.96,
2005,12,21,13,22.17,91.11,583.0,83.71,503.0,410.6,1.61,69.0,870.27,
2005,12,21,14,22.23,88.25,730.0,322.04,451.0,406.28,1.74,77.0,870.33,
2005,12,21,15,22.29,85.4,618.0,318.81,387.0,401.97,1.87,85.0,870.39,
2005,12,21,16,22.35,82.54,629.0,926.02,129.0,397.65,2.0,93.0,870.44,
2005,12,21,17,21.45,85.93,308.0,378.38,185.0,393.77,1.78,95.0,871.02,
2005,12,21,18,20.55,89.32,43.0,0.0,43.0,389.88,1.56,97.0,871.59,
2005,12,21,19,19.65,92.71,0.0,0.0,0.0,386.0,1.34,98.0,872.17,
2005,12,21,20,19.25,93.83,0.0,0.0,0.0,381.48,1.4,101.0,872.45,
2005,12,21,21,18.85,94.94,0.0,0.0,0.0,376.97,1.46,103.0,872.74,
2005,12,21,22,18.45,96.06,0.0,0.0,0.0,372.45,1.52,105.0,873.03,
2005,12,21,23,18.4,96.81,0.0,0.0,0.0,375.02,1.54,106.0,872.8,
2005,12,22,0,18.35,97.57,0.0,0.0,0.0,377.58,1.56,108.0,872.57,
2005,12,22,1,18.3,98.32,0.0,0.0,0.0,380.15,1.59,109.0,872.34,
2005,12,22,2,18.51,98.45,0.0,0.0,0.0,389.15,1.94,106.0,872.4,
2005,12,22,3,18.72,98.59,0.0,0.0,0.0,398.15,2.3,103.0,872.45,
2005,12,22,4,18.93,98.72,0.0,0.0,0.0,407.15,2.66,100.0,872.51,
2005,12,22,5,19.48,97.5,0.0,0.0,0.0,408.55,2.98,93.0,872.65,
2005,12,22,6,20.03,96.29,0.0,0.0,0.0,409.95,3.31,86.0,872.8,
2005,12,22,7,20.58,95.07,100.0,27.6,91.0,411.35,3.63,79.0,872.94,
2005,12,22,8,21.4,92.9,174.0,7.4,170.0,407.45,3.63,78.0,872.45,
2005,12,22,9,22.21,90.73,570.0,421.88,264.0,403.55,3.63,76.0,871.97,
2005,12,22,10,23.03,88.56,829.0,718.65,206.0,399.65,3.63,75.0,871.48,
2005,12,22,11,23.06,87.55,969.0,789.79,214.0,402.97,3.41,76.0,870.79,
2005,12,22,12,23.09,86.54,995.0,717.77,287.0,406.28,3.2,77.0,870.1,
2005,12,22,13,23.12,85.53,1048.0,897.35,190.0,409.6,2.98,78.0,869.41,
2005,12,22,14,22.75,85.13,945.0,834.79,221.0,406.37,2.66,76.0,869.47,
2005,12,22,15,22.39,84.73,150.0,0.0,150.0,403.13,2.34,74.0,869.53,
2005,12,22,16,22.03,84.33,56.0,0.0,56.0,399.9,2.03,72.0,869.58,
2005,12,22,17,21.22,87.27,105.0,0.0,105.0,396.57,1.89,89.0,870.19,
2005,12,22,18,20.41,90.2,21.0,0.0,21.0,393.23,1.75,106.0,870.79,
2005,12,22,19,19.6,93.14,0.0,0.0,0.0,389.9,1.61,124.0,871.39,
2005,12,22,20,19.36,93.36,0.0,0.0,0.0,387.07,1.61,139.0,871.62,
2005,12,22,21,19.13,93.58,0.0,0.0,0.0,384.23,1.61,154.0,871.85,
2005,12,22,22,18.9,93.8,0.0,0.0,0.0,381.4,1.61,170.0,872.08,
2005,12,22,23,18.77,95.01,0.0,0.0,0.0,377.55,1.43,181.0,871.74,
2005,12,23,0,18.65,96.21,0.0,0.0,0.0,373.7,1.25,192.0,871.39,
2005,12,23,1,18.52,97.42,0.0,0.0,0.0,369.85,1.06,204.0,871.05,
2005,12,23,2,18.39,97.68,0.0,0.0,0.0,382.8,1.23,257.0,871.25,
2005,12,23,3,18.26,97.93,0.0,0.0,0.0,395.75,1.4,310.0,871.45,
2005,12,23,4,18.13,98.19,0.0,0.0,0.0,408.7,1.57,2.0,871.65,
2005,12,23,5,18.45,97.01,0.0,0.0,0.0,408.35,1.42,8.0,872.19,
2005,12,23,6,18.76,95.84,0.0,0.0,0.0,408.0,1.27,13.0,872.74,
2005,12,23,7,19.08,94.66,167.0,249.77,86.0,407.65,1.12,19.0,873.29,
2005,12,23,8,20.7,88.91,425.0,569.28,118.0,408.22,1.38,23.0,872.42,
2005,12,23,9,22.31,83.17,674.0,766.52,119.0,408.78,1.65,27.0,871.56,
2005,12,23,10,23.93,77.42,865.0,837.16,140.0,409.35,1.92,31.0,870.7,
2005,12,23,11,23.83,78.83,1023.0,953.42,112.0,407.87,2.01,37.0,869.7,
2005,12,23,12,23.73,80.23,1054.0,875.89,190.0,406.38,2.1,43.0,868.69,
2005,12,23,13,23.63,81.64,1042.0,880.15,200.0,404.9,2.19,49.0,867.69,
2005,12,23,14,23.83,78.72,89.0,0.0,89.0,403.07,2.21,59.0,867.75,
2005,12,23,15,24.04,75.8,160.0,0.0,160.0,401.23,2.22,68.0,867.81,
2005,12,23,16,24.25,72.88,279.0,23.94,266.0,399.4,2.23,78.0,867.86,
2005,12,23,17,23.05,78.56,127.0,0.0,127.0,398.88,2.2,87.0,868.84,
2005,12,23,18,21.86,84.25,52.0,0.0,52.0,398.37,2.16,95.0,869.81,
2005,12,23,19,20.66,89.93,0.0,0.0,0.0,397.85,2.12,104.0,870.79,
2005,12,23,20,20.21,91.34,0.0,0.0,0.0,393.63,1.69,127.0,871.22,
2005,12,23,21,19.77,92.76,0.0,0.0,0.0,389.42,1.25,151.0,871.65,
2005,12,23,22,19.33,94.17,0.0,0.0,0.0,385.2,0.81,175.0,872.08,
2005,12,23,23,19.0,95.28,0.0,0.0,0.0,381.23,0.87,120.0,871.82,
2005,12,24,0,18.68,96.4,0.0,0.0,0.0,377.27,0.93,66.0,871.56,
2005,12,24,1,18.36,97.51,0.0,0.0,0.0,373.3,0.99,12.0,871.31,
2005,12,24,2,18.2,98.25,0.0,0.0,0.0,373.87,1.09,43.0,871.51,
2005,12,24,3,18.05,98.99,0.0,0.0,0.0,374.43,1.18,75.0,871.71,
2005,12,24,4,17.89,99.73,0.0,0.0,0.0,375.0,1.27,106.0,871.91,
2005,12,24,5,18.66,98.64,0.0,0.0,0.0,381.6,1.44,99.0,872.42,
2005,12,24,6,19.44,97.55,0.0,0.0,0.0,388.2,1.61,93.0,872.94,
2005,12,24,7,20.21,96.46,37.0,0.0,37.0,394.8,1.78,86.0,873.46,
2005,12,24,8,20.97,94.66,55.0,0.0,55.0,399.7,1.63,90.0,872.83,
2005,12,24,9,21.73,92.86,71.0,0.0,71.0,404.6,1.48,94.0,872.19,
2005,12,24,10,22.49,91.06,168.0,0.0,168.0,409.5,1.32,98.0,871.56,
2005,12,24,11,22.74,88.23,222.0,0.0,222.0,408.45,1.53,99.0,870.7,
2005,12,24,12,22.99,85.41,458.0,19.26,439.0,407.4,1.74,99.0,869.84,
2005,12,24,13,23.24,82.58,456.0,19.85,437.0,406.35,1.94,99.0,868.98,
2005,12,24,14,23.21,79.59,464.0,36.82,432.0,406.13,2.09,101.0,869.33,
2005,12,24,15,23.19,76.6,357.0,19.22,343.0,405.92,2.23,103.0,869.67,
2005,12,24,16,23.17,73.61,249.0,11.02,243.0,405.7,2.37,104.0,870.01,
2005,12,24,17,22.16,78.26,151.0,9.08,148.0,399.82,2.03,107.0,870.9,
2005,12,24,18,21.16,82.92,54.0,0.0,54.0,393.93,1.68,110.0,871.79,
2005,12,24,19,20.16,87.57,0.0,0.0,0.0,388.05,1.34,113.0,872.68,
2005,12,24,20,19.75,89.87,0.0,0.0,0.0,387.57,1.35,115.0,873.0,
2005,12,24,21,19.34,92.17,0.0,0.0,0.0,387.08,1.37,117.0,873.31,
2005,12,24,22,18.93,94.47,0.0,0.0,0.0,386.6,1.38,119.0,873.63,
2005,12,24,23,18.7,95.54,0.0,0.0,0.0,384.03,1.28,100.0,873.37,
2005,12,25,0,18.48,96.61,0.0,0.0,0.0,381.47,1.19,82.0,873.11,
2005,12,25,1,18.26,97.68,0.0,0.0,0.0,378.9,1.09,63.0,872.85,
2005,12,25,2,18.14,98.12,0.0,0.0,0.0,387.5,0.97,35.0,872.94,
2005,12,25,3,18.01,98.55,0.0,0.0,0.0,396.1,0.85,7.0,873.03,
2005,12,25,4,17.89,98.99,0.0,0.0,0.0,404.7,0.73,340.0,873.11,
2005,12,25,5,18.36,97.44,0.0,0.0,0.0,403.75,0.85,350.0,873.46,
2005,12,25,6,18.83,95.9,0.0,0.0,0.0,402.8,0.97,360.0,873.8,
2005,12,25,7,19.3,94.35,111.0,49.9,95.0,401.85,1.09,10.0,874.15,
2005,12,25,8,20.38,91.22,140.0,1.87,139.0,404.13,1.19,12.0,873.57,
2005,12,25,9,21.45,88.1,221.0,1.39,220.0,406.42,1.28,13.0,873.0,
2005,12,25,10,22.53,84.97,549.0,149.26,420.0,408.7,1.38,15.0,872.42,
2005,12,25,11,22.29,85.43,820.0,434.7,405.0,410.83,1.32,61.0,871.62,
2005,12,25,12,22.05,85.88,598.0,89.2,510.0,412.97,1.26,107.0,870.82,
2005,12,25,13,21.81,86.34,96.0,0.0,96.0,415.1,1.2,153.0,870.01,
2005,12,25,14,21.31,87.95,89.0,0.0,89.0,408.87,1.49,135.0,870.19,
2005,12,25,15,20.82,89.56,75.0,0.0,75.0,402.63,1.77,117.0,870.36,
2005,12,25,16,20.33,91.17,57.0,0.0,57.0,396.4,2.06,100.0,870.53,
2005,12,25,17,19.72,92.53,53.0,0.0,53.0,394.05,1.97,98.0,871.31,
2005,12,25,18,19.11,93.89,24.0,0.0,24.0,391.7,1.88,97.0,872.08,
2005,12,25,19,18.5,95.25,0.0,0.0,0.0,389.35,1.79,95.0,872.85,
2005,12,25,20,18.28,96.05,0.0,0.0,0.0,390.37,1.77,99.0,873.17,
2005,12,25,21,18.06,96.86,0.0,0.0,0.0,391.38,1.76,102.0,873.49,
2005,12,25,22,17.84,97.66,0.0,0.0,0.0,392.4,1.74,106.0,873.8,
2005,12,25,23,17.75,98.32,0.0,0.0,0.0,391.0,1.72,111.0,873.49,
2005,12,26,0,17.67,98.98,0.0,0.0,0.0,389.6,1.71,116.0,873.17,
2005,12,26,1,17.58,99.64,0.0,0.0,0.0,388.2,1.7,121.0,872.85,
2005,12,26,2,17.71,99.4,0.0,0.0,0.0,391.97,1.93,114.0,872.68,
2005,12,26,3,17.83,99.15,0.0,0.0,0.0,395.73,2.17,107.0,872.51,
2005,12,26,4,17.96,98.91,0.0,0.0,0.0,399.5,2.4,101.0,872.34,
2005,12,26,5,18.37,98.63,0.0,0.0,0.0,401.95,2.58,90.0,872.77,
2005,12,26,6,18.78,98.35,0.0,0.0,0.0,404.4,2.76,79.0,873.2,
2005,12,26,7,19.19,98.07,80.0,9.41,77.0,406.85,2.94,68.0,873.63,
2005,12,26,8,19.87,96.56,249.0,72.97,210.0,409.12,2.86,58.0,873.31,
2005,12,26,9,20.54,95.06,346.0,51.37,309.0,411.38,2.78,48.0,873.0,
2005,12,26,10,21.22,93.55,726.0,455.16,333.0,413.65,2.7,39.0,872.68,
2005,12,26,11,21.25,91.09,972.0,803.73,205.0,413.35,2.36,36.0,871.76,
2005,12,26,12,21.28,88.63,1094.0,997.32,110.0,413.05,2.01,34.0,870.85,
2005,12,26,13,21.32,86.17,991.0,734.66,287.0,412.75,1.67,32.0,869.93,
2005,12,26,14,21.54,81.24,772.0,392.61,430.0,407.33,1.91,43.0,870.1,
2005,12,26,15,21.77,76.32,701.0,499.26,336.0,401.92,2.15,54.0,870.27,
2005,12,26,16,22.0,71.39,593.0,719.29,199.0,396.5,2.39,66.0,870.44,
2005,12,26,17,21.08,75.74,71.0,0.0,71.0,392.75,2.15,70.0,870.96,
2005,12,26,18,20.17,80.1,150.0,784.35,69.0,389.0,1.92,75.0,871.48,
2005,12,26,19,19.26,84.45,0.0,0.0,0.0,385.25,1.68,80.0,871.99,
2005,12,26,20,18.75,87.24,0.0,0.0,0.0,378.92,1.77,82.0,872.45,
2005,12,26,21,18.25,90.03,0.0,0.0,0.0,372.58,1.85,83.0,872.91,
2005,12,26,22,17.75,92.82,0.0,0.0,0.0,366.25,1.93,85.0,873.37,
2005,12,26,23,17.5,93.97,0.0,0.0,0.0,363.95,1.83,76.0,872.85,
2005,12,27,0,17.26,95.13,0.0,0.0,0.0,361.65,1.72,66.0,872.34,
2005,12,27,1,17.01,96.28,0.0,0.0,0.0,359.35,1.61,57.0,871.82,
2005,12,27,2,17.18,96.85,0.0,0.0,0.0,366.68,1.52,49.0,871.79,
2005,12,27,3,17.34,97.41,0.0,0.0,0.0,374.02,1.42,42.0,871.76,
2005,12,27,4,17.51,97.98,0.0,0.0,0.0,381.35,1.32,35.0,871.74,
2005,12,27,5,18.18,96.46,0.0,0.0,0.0,386.48,1.59,30.0,872.28,
2005,12,27,6,18.85,94.93,0.0,0.0,0.0,391.62,1.86,25.0,872.83,
2005,12,27,7,19.52,93.41,142.0,151.43,94.0,396.75,2.12,20.0,873.37,
2005,12,27,8,20.56,90.08,136.0,0.0,136.0,395.13,2.23,20.0,872.65,
2005,12,27,9,21.6,86.75,613.0,570.23,203.0,393.52,2.34,20.0,871.94,
2005,12,27,10,22.64,83.42,748.0,510.08,308.0,391.9,2.44,20.0,871.22,
2005,12,27,11,23.32,78.3,704.0,242.15,473.0,392.67,2.38,27.0,870.01,
2005,12,27,12,24.01,73.17,592.0,85.13,508.0,393.43,2.31,34.0,868.81,
2005,12,27,13,24.7,68.05,387.0,5.21,382.0,394.2,2.25,41.0,867.6,
2005,12,27,14,24.09,69.7,848.0,556.15,363.0,394.03,2.15,47.0,867.81,
2005,12,27,15,23.49,71.35,455.0,79.19,397.0,393.87,2.06,54.0,868.01,
2005,12,27,16,22.89,73.0,248.0,9.1,243.0,393.7,1.96,61.0,868.21,
2005,12,27,17,21.9,77.48,80.0,0.0,80.0,390.2,1.81,70.0,869.18,
2005,12,27,18,20.91,81.95,75.0,38.13,71.0,386.7,1.66,80.0,870.16,
2005,12,27,19,19.92,86.43,0.0,0.0,0.0,383.2,1.5,89.0,871.13,
2005,12,27,20,19.43,88.92,0.0,0.0,0.0,382.68,1.6,81.0,871.71,
2005,12,27,21,18.95,91.42,0.0,0.0,0.0,382.17,1.7,74.0,872.28,
2005,12,27,22,18.47,93.91,0.0,0.0,0.0,381.65,1.79,66.0,872.85,
2005,12,27,23,18.23,95.1,0.0,0.0,0.0,380.28,1.55,47.0,872.45,
2005,12,28,0,17.99,96.28,0.0,0.0,0.0,378.92,1.31,29.0,872.05,
2005,12,28,1,17.75,97.47,0.0,0.0,0.0,377.55,1.08,10.0,871.65,
2005,12,28,2,17.81,97.98,0.0,0.0,0.0,379.48,0.82,1.0,871.62,
2005,12,28,3,17.88,98.48,0.0,0.0,0.0,381.42,0.56,351.0,871.59,
2005,12,28,4,17.94,98.99,0.0,0.0,0.0,383.35,0.3,342.0,871.56,
2005,12,28,5,18.71,96.41,0.0,0.0,0.0,386.73,0.76,3.0,871.91,
2005,12,28,6,19.47,93.83,0.0,0.0,0.0,390.12,1.22,24.0,872.25,
2005,12,28,7,20.24,91.25,26.0,0.0,26.0,393.5,1.68,46.0,872.6,
2005,12,28,8,21.13,89.24,38.0,0.0,38.0,394.9,1.95,44.0,872.02,
2005,12,28,9,22.03,87.24,59.0,0.0,59.0,396.3,2.23,41.0,871.45,
2005,12,28,10,22.92,85.23,112.0,0.0,112.0,397.7,2.5,39.0,870.88,
2005,12,28,11,22.89,84.17,519.0,59.77,462.0,400.37,2.21,38.0,870.07,
2005,12,28,12,22.86,83.1,750.0,245.22,508.0,403.03,1.93,37.0,869.27,
2005,12,28,13,22.84,82.04,1062.0,931.82,168.0,405.7,1.64,36.0,868.47,
2005,12,28,14,21.97,86.25,854.0,569.26,357.0,405.03,1.69,65.0,868.98,
2005,12,28,15,21.1,90.46,846.0,962.26,140.0,404.37,1.74,93.0,869.5,
2005,12,28,16,20.23,94.67,589.0,691.7,208.0,403.7,1.79,121.0,870.01,
2005,12,28,17,19.76,95.78,360.0,593.67,160.0,400.15,1.73,121.0,870.88,
2005,12,28,18,19.3,96.88,142.0,600.95,78.0,396.6,1.66,120.0,871.74,
2005,12,28,19,18.84,97.99,0.0,0.0,0.0,393.05,1.6,120.0,872.6,
2005,12,28,20,18.71,98.35,0.0,0.0,0.0,390.25,1.53,119.0,872.85,
2005,12,28,21,18.58,98.72,0.0,0.0,0.0,387.45,1.45,118.0,873.11,
2005,12,28,22,18.46,99.08,0.0,0.0,0.0,384.65,1.38,116.0,873.37,
2005,12,28,23,18.44,99.23,0.0,0.0,0.0,383.52,1.61,110.0,872.97,
2005,12,29,0,18.43,99.39,0.0,0.0,0.0,382.38,1.85,104.0,872.57,
2005,12,29,1,18.42,99.54,0.0,0.0,0.0,381.25,2.08,98.0,872.17,
2005,12,29,2,18.43,99.11,0.0,0.0,0.0,379.88,2.16,97.0,872.05,
2005,12,29,3,18.45,98.67,0.0,0.0,0.0,378.52,2.24,97.0,871.94,
2005,12,29,4,18.46,98.24,0.0,0.0,0.0,377.15,2.32,97.0,871.82,
2005,12,29,5,19.03,97.23,0.0,0.0,0.0,381.33,2.8,96.0,872.22,
2005,12,29,6,19.6,96.23,0.0,0.0,0.0,385.52,3.29,96.0,872.63,
2005,12,29,7,20.17,95.22,97.0,31.92,87.0,389.7,3.78,96.0,873.03,
2005,12,29,8,21.11,90.81,216.0,37.76,196.0,391.77,4.02,92.0,872.68,
2005,12,29,9,22.06,86.39,358.0,62.8,313.0,393.83,4.26,88.0,872.34,
2005,12,29,10,23.0,81.98,635.0,276.43,397.0,395.9,4.5,84.0,871.99,
2005,12,29,11,23.21,79.57,937.0,712.3,258.0,397.5,4.42,88.0,871.1,
2005,12,29,12,23.42,77.16,943.0,589.65,361.0,399.1,4.34,92.0,870.22,
2005,12,29,13,23.64,74.75,853.0,421.87,448.0,400.7,4.26,97.0,869.33,
2005,12,29,14,23.07,77.72,790.0,424.46,419.0,401.43,4.22,101.0,869.61,
2005,12,29,15,22.5,80.7,682.0,442.18,357.0,402.17,4.17,106.0,869.9,
2005,12,29,16,21.94,83.67,476.0,307.79,306.0,402.9,4.12,110.0,870.19,
2005,12,29,17,21.12,86.7,233.0,100.45,199.0,399.3,3.86,113.0,871.13,
2005,12,29,18,20.31,89.72,111.0,222.11,87.0,395.7,3.6,116.0,872.08,
2005,12,29,19,19.49,92.75,0.0,0.0,0.0,392.1,3.34,118.0,873.03,
2005,12,29,20,19.15,94.43,0.0,0.0,0.0,394.13,3.58,118.0,873.54,
2005,12,29,21,18.81,96.12,0.0,0.0,0.0,396.17,3.83,117.0,874.06,
2005,12,29,22,18.48,97.8,0.0,0.0,0.0,398.2,4.07,117.0,874.58,
2005,12,29,23,18.36,97.96,0.0,0.0,0.0,397.32,4.01,117.0,874.26,
2005,12,30,0,18.25,98.11,0.0,0.0,0.0,396.43,3.95,118.0,873.94,
2005,12,30,1,18.14,98.27,0.0,0.0,0.0,395.55,3.89,118.0,873.63,
2005,12,30,2,18.26,98.18,0.0,0.0,0.0,396.83,4.05,118.0,873.63,
2005,12,30,3,18.38,98.1,0.0,0.0,0.0,398.12,4.21,117.0,873.63,
2005,12,30,4,18.5,98.01,0.0,0.0,0.0,399.4,4.37,117.0,873.63,
2005,12,30,5,18.79,97.36,0.0,0.0,0.0,401.82,4.6,115.0,874.12,
2005,12,30,6,19.09,96.72,0.0,0.0,0.0,404.23,4.82,112.0,874.6,
2005,12,30,7,19.38,96.07,60.0,0.0,60.0,406.65,5.05,110.0,875.09,
2005,12,30,8,20.37,91.55,130.0,0.0,130.0,403.53,5.03,107.0,874.63,
2005,12,30,9,21.36,87.03,325.0,39.14,297.0,400.42,5.0,104.0,874.17,
2005,12,30,10,22.35,82.51,351.0,12.79,340.0,397.3,4.98,100.0,873.72,
2005,12,30,11,22.17,83.64,540.0,73.46,470.0,400.27,4.95,101.0,872.8,
2005,12,30,12,21.99,84.78,598.0,89.14,510.0,403.23,4.92,102.0,871.88,
2005,12,30,13,21.81,85.91,434.0,13.53,421.0,406.2,4.9,103.0,870.96,
2005,12,30,14,21.71,84.05,651.0,193.13,482.0,403.62,4.86,103.0,870.9,
2005,12,30,15,21.62,82.19,669.0,408.81,368.0,401.03,4.83,103.0,870.85,
2005,12,30,16,21.53,80.33,470.0,290.71,309.0,398.45,4.8,103.0,870.79,
2005,12,30,17,20.87,82.51,350.0,520.52,173.0,395.67,4.14,105.0,871.56,
2005,12,30,18,20.22,84.68,134.0,456.34,84.0,392.88,3.48,107.0,872.34,
2005,12,30,19,19.56,86.86,0.0,0.0,0.0,390.1,2.81,109.0,873.11,
2005,12,30,20,19.23,88.86,0.0,0.0,0.0,388.38,2.76,109.0,873.74,
2005,12,30,21,18.9,90.85,0.0,0.0,0.0,386.67,2.71,109.0,874.38,
2005,12,30,22,18.58,92.85,0.0,0.0,0.0,384.95,2.66,109.0,875.01,
2005,12,30,23,18.43,93.46,0.0,0.0,0.0,384.22,2.57,109.0,874.6,
2005,12,31,0,18.29,94.07,0.0,0.0,0.0,383.48,2.48,109.0,874.2,
2005,12,31,1,18.14,94.68,0.0,0.0,0.0,382.75,2.39,109.0,873.8,
2005,12,31,2,18.22,95.13,0.0,0.0,0.0,382.58,3.1,109.0,873.63,
2005,12,31,3,18.3,95.57,0.0,0.0,0.0,382.42,3.81,108.0,873.46,
2005,12,31,4,18.39,96.02,0.0,0.0,0.0,382.25,4.52,108.0,873.29,
2005,12,31,5,18.88,94.58,0.0,0.0,0.0,384.92,4.81,106.0,873.63,
2005,12,31,6,19.38,93.14,4.0,0.0,4.0,387.58,5.1,104.0,873.97,
2005,12,31,7,19.88,91.7,127.0,22.65,120.0,390.25,5.39,102.0,874.32,
2005,12,31,8,21.21,85.87,258.75,176.1,166.1,390.82,5.65,101.0,873.74,
2005,12,31,9,22.54,80.03,208.0,0.0,208.0,391.38,5.9,100.0,873.17,
2005,12,31,10,23.87,74.2,570.5,323.77,292.3,391.95,6.15,98.0,872.6,
2005,12,31,11,24.43,71.66,652.0,156.42,503.0,396.33,5.97,99.0,871.68,
2005,12,31,12,24.99,69.11,444.0,15.19,429.0,400.72,5.79,100.0,870.76,
2005,12,31,13,25.56,66.57,1057.0,964.22,130.0,405.1,5.61,100.0,869.84,
2005,12,31,14,24.93,69.48,739.0,378.87,407.0,403.72,5.32,99.0,869.96,
2005,12,31,15,24.31,72.4,532.0,216.83,372.0,402.33,5.03,98.0,870.07,
2005,12,31,16,23.69,75.31,478.0,471.52,216.0,400.95,4.74,97.0,870.19,
2005,12,31,17,22.73,78.31,234.0,239.79,152.0,395.97,4.03,99.0,870.85,
2005,12,31,18,19.81,88.66,42.0,35.91,38.0,380.67,1.59,101.0,871.51,
2005,12,31,19,19.81,88.89,0.0,0.0,0.0,381.08,1.85,102.0,872.17,
2005,12,31,20,19.8,89.11,0.0,0.0,0.0,381.5,2.11,103.0,872.83,
2005,12,31,21,19.79,89.34,0.0,0.0,0.0,381.92,2.36,104.0,873.49,
2005,12,31,22,19.78,89.56,0.0,0.0,0.0,382.34,2.62,104.0,874.15,
2005,12,31,23,19.77,89.79,0.0,0.0,0.0,382.76,2.88,105.0,874.0,
