version https://git-lfs.github.com/spec/v1
oid sha256:f871479a33b2dcd660f1b3c7c3078c622c56917b262003fe0d99d26bea153e2b
size 451741
