version https://git-lfs.github.com/spec/v1
oid sha256:215765ec0b4575beb74a8f5b51dccf04eae8f1306d2fd7e76ab88f9ad3273396
size 430030
